# OBJ_NAME=2S0921-630
#         GRID_START=6.00
#         GRID_END=8.00
#         GRID_STEP_FRACTION=0.50
#         XSPEC_FITSTAT=cstat
#         XSPEC_CONTINUUM_MODEL=tbabs*(bbodyrad + pow)*constant
#         XSPEC_LINE_MODEL=gauss
#         LINE_VELOCITY_WIDTH=500
#         INPUT_FILE=/home/simon/Downloads/tgcat/obs_1909_tgid_3678/pm_heg_abs1.pha
#         SEARCH_MODE=Sliding window
#         FIT_REGION_WIDTH=30.00
#         RUNTIME=71
#         COLUMN_NAMES=ENERGY,WAVELENGTH,NORM,NORM_SIGN,NORM_ERR_LO,NORM_ERR_HI,DELTA_FITSTAT,CONSTANT_FACTOR,CONSTANT_FACTOR_ERR_LO,CONSTANT_FACTOR_ERR_HI,FIT_ERR
6.000000000000000000e+00 2.066373137115381287e+00 -1.759952981175992371e-06 -1.000000000000000000e+00 -7.069267905459984798e-06 2.940652708878093686e-06 1.484610169579809735e-01 1.102839968091852585e+00 1.054098198910906392e+00 1.152917895622262545e+00 0.000000000000000000e+00
6.005003461427972589e+00 2.064651403172383937e+00 -3.048163416340788621e-06 -1.000000000000000000e+00 -7.797623028816534459e-06 1.842257569642782655e-06 4.162214047370156322e-01 1.105981626261461237e+00 1.056844888663176274e+00 1.156483397411072200e+00 0.000000000000000000e+00
6.010011095293655181e+00 2.062931103804642063e+00 -3.579746743751177247e-06 -1.000000000000000000e+00 -7.894911288901560560e-06 1.050625867971021281e-06 6.661757408382982248e-01 1.114324757889790352e+00 1.065363080863213519e+00 1.164702122655298044e+00 0.000000000000000000e+00
6.015022905076486737e+00 2.061212237816845594e+00 -3.478806959531724497e-06 -1.000000000000000000e+00 -7.520525048565589787e-06 9.559782071392179866e-07 6.946696677813548604e-01 1.117731927988204976e+00 1.068703029417033434e+00 1.168152015424898771e+00 0.000000000000000000e+00
6.020038894258807005e+00 2.059494804014679215e+00 -3.037305918138276216e-06 -1.000000000000000000e+00 -6.998929862393872154e-06 1.367901064590480334e-06 5.410580524865480356e-01 1.117618473049965422e+00 1.068321616179224165e+00 1.168353365362100771e+00 0.000000000000000000e+00
6.025059066325860080e+00 2.057778801204824592e+00 -2.249055697091540020e-06 -1.000000000000000000e+00 -6.249260455449292374e-06 2.182828728371955153e-06 2.981353318275807851e-01 1.110369146218436631e+00 1.061141036198242293e+00 1.161004342505143283e+00 0.000000000000000000e+00
6.030083424765796174e+00 2.056064228194956822e+00 -1.772480342000764894e-06 -1.000000000000000000e+00 -5.819218423843831727e-06 2.695688924024338573e-06 1.836762858843030699e-01 1.114708010032655627e+00 1.065711984278735480e+00 1.165125011526422449e+00 0.000000000000000000e+00
6.035111973069674285e+00 2.054351083793744426e+00 -1.340577153996308475e-06 -1.000000000000000000e+00 -5.418226933476877257e-06 3.156858602088427881e-06 1.047546633050160381e-01 1.116570784194394150e+00 1.067185334345344572e+00 1.167405525147680700e+00 0.000000000000000000e+00
6.040144714731465747e+00 2.052639366810848021e+00 -7.861433948874013204e-07 -1.000000000000000000e+00 -4.872199013617737991e-06 3.725013597878128374e-06 3.626732164718760032e-02 1.106059910018133419e+00 1.056780214857649502e+00 1.156720970542206572e+00 0.000000000000000000e+00
6.045181653248054232e+00 2.050929076056921652e+00 -9.542385181156577674e-07 -1.000000000000000000e+00 -5.032976206273384339e-06 3.554689308919704774e-06 5.323266236183599176e-02 1.112463523088366157e+00 1.063387551906905593e+00 1.162953155959906004e+00 0.000000000000000000e+00
6.050222792119239301e+00 2.049220210343609683e+00 -1.510238344145521667e-06 -1.000000000000000000e+00 -5.597867559732893528e-06 3.008530596904469086e-06 1.313209021454753156e-01 1.123901452358380348e+00 1.074226251288647793e+00 1.175049090535458474e+00 0.000000000000000000e+00
6.055268134847740846e+00 2.047512768483544576e+00 -2.211955311414072427e-06 -1.000000000000000000e+00 -6.313413478770115112e-06 2.319836753069476210e-06 2.760715016163572955e-01 1.133988636478345580e+00 1.083979189659322939e+00 1.185477831007792249e+00 0.000000000000000000e+00
6.060317684939197314e+00 2.045806749290351334e+00 -2.727377331612303138e-06 -1.000000000000000000e+00 -6.829871686326344457e-06 1.806685946824992354e-06 4.150708575661212762e-01 1.135697728986514221e+00 1.085557373470026343e+00 1.187323735060753727e+00 0.000000000000000000e+00
6.065371445902172809e+00 2.044102151578641724e+00 -3.131733786484638763e-06 -1.000000000000000000e+00 -7.203856223898600192e-06 1.378903244111173876e-06 5.479167471084451790e-01 1.137106295127216393e+00 1.086949694186628346e+00 1.188745858742675354e+00 0.000000000000000000e+00
6.070429421248155322e+00 2.042398974164015168e+00 -2.951936272547288665e-06 -1.000000000000000000e+00 -6.999535501707293257e-06 1.543876521520633047e-06 4.921408484351132984e-01 1.123483358297787893e+00 1.073553368282837317e+00 1.174896988238231188e+00 0.000000000000000000e+00
6.075491614491562942e+00 2.040697215863058300e+00 -3.212220742116886304e-06 -1.000000000000000000e+00 -7.254134673734817623e-06 1.280539137201412838e-06 5.800982043021036816e-01 1.131602506654259432e+00 1.081401349761515363e+00 1.183292731955132737e+00 0.000000000000000000e+00
6.080558029149742971e+00 2.038996875493343186e+00 -3.093941295539442371e-06 -1.000000000000000000e+00 -7.167042136970293723e-06 1.419254680667846981e-06 5.347079126356675260e-01 1.131165131812873703e+00 1.080963065202350526e+00 1.182860679923472436e+00 0.000000000000000000e+00
6.085628668742976366e+00 2.037297951873428659e+00 -2.790446638757404563e-06 -1.000000000000000000e+00 -6.866157413003615137e-06 1.709840334520993989e-06 4.395319853762060802e-01 1.127488275491492553e+00 1.077310076115442827e+00 1.179168929486563711e+00 0.000000000000000000e+00
6.090703536794479511e+00 2.035600443822857208e+00 -3.059356444627786792e-06 -1.000000000000000000e+00 -7.069826539482738771e-06 1.350598098571623486e-06 5.441765640029245787e-01 1.142503019516524443e+00 1.092015103245121743e+00 1.194494209751776337e+00 0.000000000000000000e+00
6.095782636830406886e+00 2.033904350162153651e+00 -2.902475381226452254e-06 -1.000000000000000000e+00 -6.847974928460987535e-06 1.400202395160987569e-06 5.146502170337043935e-01 1.129177807766344799e+00 1.078723090592490941e+00 1.181151865002342038e+00 0.000000000000000000e+00
6.100865972379854618e+00 2.032209669712826461e+00 -3.640689992743012903e-06 -1.000000000000000000e+00 -7.544621520242718851e-06 5.728115887743320518e-07 8.260453948758197384e-01 1.129987805496697639e+00 1.079858400823199061e+00 1.181614982258262003e+00 0.000000000000000000e+00
6.105953546974859592e+00 2.030516401297367324e+00 -5.247225212314050917e-06 -1.000000000000000000e+00 -9.350313871822233617e-06 -1.045294137788290561e-06 1.669789903430000777e+00 1.141285434414334166e+00 1.090456830670288868e+00 1.193637006474709050e+00 0.000000000000000000e+00
6.111045364150406556e+00 2.028824543739246700e+00 -7.544263091995231494e-06 -1.000000000000000000e+00 -1.197042894555422557e-05 -3.291132025524067911e-06 3.227428533290648716e+00 1.159663348069215782e+00 1.108175906295150615e+00 1.212685334189085307e+00 0.000000000000000000e+00
6.116141427444425460e+00 2.027134095862917373e+00 -9.452811464849345793e-06 -1.000000000000000000e+00 -1.348328196512063766e-05 -5.157651776134741933e-06 4.759482492853479130e+00 1.168541035316530197e+00 1.117012837106512224e+00 1.221586687941910387e+00 0.000000000000000000e+00
6.121241740397799447e+00 2.025445056493809570e+00 -9.570804316708413363e-06 -1.000000000000000000e+00 -1.339718909582612920e-05 -5.242586897303969429e-06 4.801485796124936201e+00 1.157843842132943113e+00 1.106115766760190189e+00 1.211107551913606306e+00 0.000000000000000000e+00
6.126346306554362187e+00 2.023757424458334508e+00 -8.827319592808858956e-06 -1.000000000000000000e+00 -1.267332456214628028e-05 -4.485879894115197140e-06 4.117205703465344868e+00 1.171798235357776496e+00 1.119748551479667453e+00 1.225387299944195263e+00 0.000000000000000000e+00
6.131455129460903208e+00 2.022071198583879958e+00 -6.720998248512644776e-06 -1.000000000000000000e+00 -1.066095405589266427e-05 -2.299929006060076840e-06 2.419256335240845601e+00 1.174852669234794034e+00 1.122732514218871547e+00 1.228517812680081978e+00 0.000000000000000000e+00
6.136568212667169675e+00 2.020386377698810687e+00 -3.831332125974711751e-06 -1.000000000000000000e+00 -7.931089845489779520e-06 7.303130805801621233e-07 7.900738291649247458e-01 1.164426598665504020e+00 1.112588693919140725e+00 1.217811449879439456e+00 0.000000000000000000e+00
6.141685559725869936e+00 2.018702960632467569e+00 -8.198454338070335394e-07 -1.000000000000000000e+00 -5.093635449850210992e-06 3.899876527457068090e-06 3.606154656569060535e-02 1.149066235844469430e+00 1.097500639351901786e+00 1.202187255074290251e+00 0.000000000000000000e+00
6.146807174192673529e+00 2.017020946215167587e+00 1.397827020743065113e-06 1.000000000000000000e+00 -3.027865802260955696e-06 6.262994549241738576e-06 1.030385685202190871e-01 1.151870379877158346e+00 1.100161252128518674e+00 1.205141789503335836e+00 0.000000000000000000e+00
6.151933059626216505e+00 2.015340333278202056e+00 3.410059417599751664e-06 1.000000000000000000e+00 -1.160410724164810038e-06 8.418956975665698104e-06 6.008924033617830673e-01 1.144682976885808889e+00 1.093117167291572045e+00 1.197812433486882266e+00 0.000000000000000000e+00
6.157063219588101433e+00 2.013661120653835290e+00 4.860051024166198520e-06 1.000000000000000000e+00 1.675257341454152832e-07 9.988582997873979194e-06 1.194163636390470629e+00 1.137316199609484935e+00 1.085777341380728567e+00 1.190427616394411636e+00 0.000000000000000000e+00
6.162197657642900950e+00 2.011983307175305935e+00 5.535395992585141631e-06 1.000000000000000000e+00 7.698730014975613723e-07 1.073504838869339844e-05 1.522917831135686129e+00 1.135046668339614317e+00 1.083425719040041812e+00 1.188249176595500556e+00 0.000000000000000000e+00
6.167336377358160426e+00 2.010306891676824304e+00 5.661298749452603505e-06 1.000000000000000000e+00 8.753471871143122577e-07 1.088463663823694483e-05 1.585971722062808453e+00 1.129115848341749828e+00 1.077200382690929770e+00 1.182628100513597236e+00 0.000000000000000000e+00
6.172479382304400630e+00 2.008631872993570600e+00 4.845865806658378700e-06 1.000000000000000000e+00 1.010470035666352921e-07 1.003776094985572474e-05 1.161351421120215832e+00 1.135717828388572936e+00 1.083964759404786538e+00 1.189055355672899772e+00 0.000000000000000000e+00
6.177626676055119503e+00 2.006958249961698471e+00 3.678799339393609935e-06 1.000000000000000000e+00 -1.009258285675968289e-06 8.823688100906877874e-06 6.701573227502279906e-01 1.138847847523682066e+00 1.086611232206597499e+00 1.192690587637084354e+00 0.000000000000000000e+00
6.182778262186794827e+00 2.005286021418328790e+00 2.214235333500746468e-06 1.000000000000000000e+00 -2.422735879932934298e-06 7.314281050049366010e-06 2.408331132670156194e-01 1.142387514005791971e+00 1.089920777571183441e+00 1.196467609556622902e+00 0.000000000000000000e+00
6.187934144278887771e+00 2.003615186201552323e+00 5.935527724107833595e-07 1.000000000000000000e+00 -4.008728295165209633e-06 5.665081594757698203e-06 1.697480899157710610e-02 1.147694886997855379e+00 1.095341363260630141e+00 1.201645488546490226e+00 0.000000000000000000e+00
6.193094325913842901e+00 2.001945743150427948e+00 -9.120344444802318099e-07 -1.000000000000000000e+00 -5.491969427658619205e-06 4.146306146263708109e-06 3.927768410014209621e-02 1.154316124416302936e+00 1.101331673638382247e+00 1.208923316125070535e+00 0.000000000000000000e+00
6.198258810677093500e+00 2.000277691104981770e+00 -1.932777005087585604e-06 -1.000000000000000000e+00 -6.480051831618889154e-06 3.099595769751893511e-06 1.749137660012820561e-01 1.160971344509824421e+00 1.107687732647298695e+00 1.215884762021083754e+00 0.000000000000000000e+00
6.203427602157062459e+00 1.998611028906206677e+00 -1.817090838718849489e-06 -1.000000000000000000e+00 -6.335743200683365186e-06 3.186666118904025175e-06 1.564279556971968077e-01 1.153374252259906863e+00 1.100587992385030134e+00 1.207771730066339311e+00 0.000000000000000000e+00
6.208600703945164057e+00 1.996945755396060118e+00 -1.161321235505731456e-06 -1.000000000000000000e+00 -5.664713567325598547e-06 3.827576177461571839e-06 6.512503420718473990e-02 1.149903012962853355e+00 1.096837826502817803e+00 1.204601908927937393e+00 0.000000000000000000e+00
6.213778119635809283e+00 1.995281869417466547e+00 -2.169247274283820766e-07 -1.000000000000000000e+00 -4.740085571746587556e-06 4.792462785309260476e-06 2.295377596695402644e-03 1.151719679932035723e+00 1.098535677392453280e+00 1.206542461850629522e+00 0.000000000000000000e+00
6.218959852826404955e+00 1.993619369814312314e+00 7.300889148910675691e-07 1.000000000000000000e+00 -3.868658546427766131e-06 5.806056716588988903e-06 2.580721213604419972e-02 1.161310181745431214e+00 1.107184218467437420e+00 1.217126781538185210e+00 0.000000000000000000e+00
6.224145907117359044e+00 1.991958255431448777e+00 2.128756221590370279e-06 1.000000000000000000e+00 -2.563688118831201059e-06 7.283380565103894652e-06 2.177466634470874851e-01 1.156089601815063261e+00 1.102088221399145640e+00 1.211786329464388468e+00 0.000000000000000000e+00
6.229336286112081567e+00 1.990298525114688521e+00 3.061979519001271398e-06 1.000000000000000000e+00 -1.680959719871867714e-06 8.258709737076856672e-06 4.495373398388551323e-01 1.160529411667626576e+00 1.106331690682843094e+00 1.216433594552914554e+00 0.000000000000000000e+00
6.234530993416986355e+00 1.988640177710806478e+00 3.769192602040477064e-06 1.000000000000000000e+00 -9.846466347240092847e-07 8.980947870924959201e-06 6.874471669151631659e-01 1.159327049325235226e+00 1.104762058776716627e+00 1.215622632340025433e+00 0.000000000000000000e+00
6.239730032641496393e+00 1.986983212067538140e+00 3.881117715885432323e-06 1.000000000000000000e+00 -8.607549949515689745e-07 9.091307485729582975e-06 7.318731524643453668e-01 1.163128495857972844e+00 1.108824574684740050e+00 1.219138051109325716e+00 0.000000000000000000e+00
6.244933407398043812e+00 1.985327627033580011e+00 3.358740913834535606e-06 1.000000000000000000e+00 -1.395346879735021223e-06 8.588341083817314432e-06 5.395235069793926641e-01 1.175183930725317794e+00 1.120442141812477921e+00 1.231630927547455512e+00 0.000000000000000000e+00
6.250141121302072555e+00 1.983673421458586272e+00 2.702576106833803252e-06 1.000000000000000000e+00 -2.114649733155373302e-06 7.997062586770059325e-06 3.372682736713414897e-01 1.181432112903399778e+00 1.125984347491447268e+00 1.238589827879173377e+00 0.000000000000000000e+00
6.255353177972041934e+00 1.982020594193170782e+00 2.150566741035963910e-06 1.000000000000000000e+00 -2.748321429402732116e-06 7.526156429900008358e-06 2.050221644611269767e-01 1.180437065547037090e+00 1.125204796304666965e+00 1.237372809918040772e+00 0.000000000000000000e+00
6.260569581029430175e+00 1.980369144088905076e+00 1.484793498798366967e-06 1.000000000000000000e+00 -3.454581914200916390e-06 6.901432829420352042e-06 9.520851374693961588e-02 1.188369972103535233e+00 1.132747473979658359e+00 1.245651580270650483e+00 0.000000000000000000e+00
6.265790334098732650e+00 1.978719069998317037e+00 1.192981194176903489e-06 1.000000000000000000e+00 -3.708168487589476971e-06 6.576277289598268822e-06 6.198361603736657344e-02 1.195755635464744060e+00 1.139548855832814622e+00 1.253564392783914183e+00 0.000000000000000000e+00
6.271015440807469865e+00 1.977070370774890451e+00 1.693664270462738511e-06 1.000000000000000000e+00 -3.126224623349446711e-06 7.000469934678902549e-06 1.296906302355722573e-01 1.187236129564635201e+00 1.131225717690516719e+00 1.244936932569199017e+00 0.000000000000000000e+00
6.276244904786186574e+00 1.975423045273065226e+00 2.061717679265262303e-06 1.000000000000000000e+00 -2.683238268304145287e-06 7.292125062571002371e-06 1.987860200551665457e-01 1.185857223151788098e+00 1.130019992226203085e+00 1.243392189046227836e+00 0.000000000000000000e+00
6.281478729668454442e+00 1.973777092348234952e+00 2.385472140387983884e-06 1.000000000000000000e+00 -2.333349194171945260e-06 7.585398734899057819e-06 2.705622049766560622e-01 1.180682222523993907e+00 1.124906226893833461e+00 1.238197686728273794e+00 0.000000000000000000e+00
6.286716919090875599e+00 1.972132510856748011e+00 2.705220538247755145e-06 1.000000000000000000e+00 -2.036618471831410583e-06 7.925918155904491957e-06 3.474563652997346708e-01 1.165186293686196306e+00 1.109616960071695413e+00 1.222540536757024565e+00 0.000000000000000000e+00
6.291959476693084419e+00 1.970489299655904469e+00 2.228099734587679493e-06 1.000000000000000000e+00 -2.544963547703137503e-06 7.479616472582309704e-06 2.307852849490785729e-01 1.167030638110974960e+00 1.111363339686971985e+00 1.224486906174581780e+00 0.000000000000000000e+00
6.297206406117751065e+00 1.968847457603957185e+00 1.290249460544507721e-06 1.000000000000000000e+00 -3.498768795484273570e-06 6.559751576802656003e-06 7.559847145435583116e-02 1.176120727225398843e+00 1.120043369959830892e+00 1.233982885457730383e+00 0.000000000000000000e+00
6.302457711010582386e+00 1.967206983560110700e+00 5.843835914255093823e-07 1.000000000000000000e+00 -4.188699773690783470e-06 5.847240321582116346e-06 1.538598975042759776e-02 1.174370272497658574e+00 1.118164147235844785e+00 1.232374407097067470e+00 0.000000000000000000e+00
6.307713395020327241e+00 1.965567876384518575e+00 -1.314500087019013477e-07 -1.000000000000000000e+00 -4.849445068934373168e-06 5.091219880646899145e-06 7.810200394686717118e-04 1.177095801410431797e+00 1.120848123825903819e+00 1.235126096340127599e+00 0.000000000000000000e+00
6.312973461798775610e+00 1.963930134938285832e+00 -2.913315712648693565e-07 -1.000000000000000000e+00 -4.971187637917057888e-06 4.897213094175490565e-06 3.876827641207114539e-03 1.168245896060251532e+00 1.112098174953064955e+00 1.226203503883666945e+00 0.000000000000000000e+00
6.318237915000763039e+00 1.962293758083465844e+00 -8.641821976926431158e-07 -1.000000000000000000e+00 -5.516322102828212663e-06 4.283786774248457690e-06 3.419522456246681941e-02 1.181249375422203762e+00 1.124358123783236296e+00 1.239938959887719516e+00 0.000000000000000000e+00
6.323506758284172413e+00 1.960658744683059451e+00 -9.966801595290201938e-07 -1.000000000000000000e+00 -5.615410447750653246e-06 4.110171249184675465e-06 4.591534095129645721e-02 1.183798650187109613e+00 1.127249162316478648e+00 1.242110566419292184e+00 0.000000000000000000e+00
6.328779995309938400e+00 1.959025093601015399e+00 -1.565712661039262280e-06 -1.000000000000000000e+00 -6.127910602497550904e-06 3.493432237434333750e-06 1.139946851430551078e-01 1.203962194059648105e+00 1.146868273378356839e+00 1.262583640515031025e+00 0.000000000000000000e+00
6.334057629742047446e+00 1.957392803702229900e+00 -1.714766123340573009e-06 -1.000000000000000000e+00 -6.263121468633290709e-06 3.345025592985787354e-06 1.366079619174485060e-01 1.208221363393210623e+00 1.150558620569877233e+00 1.267352877534869471e+00 0.000000000000000000e+00
6.339339665247542221e+00 1.955761873852543076e+00 -2.045791450727113486e-06 -1.000000000000000000e+00 -6.642275625451380373e-06 3.071968081877980274e-06 1.889173933041377040e-01 1.218899103221507518e+00 1.161276349252767126e+00 1.277760335701179528e+00 0.000000000000000000e+00
6.344626105496522506e+00 1.954132302918741848e+00 -2.016654967168270626e-06 -1.000000000000000000e+00 -6.745564091430392393e-06 3.229513623914211691e-06 1.754697624764389730e-01 1.221933046226520991e+00 1.163965040048659416e+00 1.281076878149574050e+00 0.000000000000000000e+00
6.349916954162148741e+00 1.952504089768555939e+00 -1.641547165309230942e-06 -1.000000000000000000e+00 -6.501900902660532012e-06 3.727074438406545414e-06 1.121579517184301267e-01 1.226903717658152981e+00 1.168244098638541839e+00 1.286681628439694691e+00 0.000000000000000000e+00
6.355212214920644698e+00 1.950877233270659206e+00 -4.954055885928203573e-07 -1.000000000000000000e+00 -5.418468205900987728e-06 4.937314246720757641e-06 1.019201736929176150e-02 1.222827781479149056e+00 1.164107361559144849e+00 1.282719182927835488e+00 0.000000000000000000e+00
6.360511891451300137e+00 1.949251732294668749e+00 1.003954702048015171e-06 1.000000000000000000e+00 -3.939460524450074015e-06 6.458506876787396783e-06 4.261862487504686214e-02 1.217051848686672821e+00 1.158564783253425157e+00 1.276843336148165253e+00 0.000000000000000000e+00
6.365815987436472589e+00 1.947627585711142251e+00 2.350197113485804707e-06 1.000000000000000000e+00 -2.620645832019993550e-06 7.830248507342951674e-06 2.367652986663273396e-01 1.217629889326404147e+00 1.159066352828890034e+00 1.277486856883404354e+00 0.000000000000000000e+00
6.371124506561590906e+00 1.946004792391578420e+00 3.464592018993353115e-06 1.000000000000000000e+00 -1.568145687969623703e-06 9.006931243074747318e-06 5.126356547245904949e-01 1.221735463091977003e+00 1.162951174234832852e+00 1.281717212525261607e+00 0.000000000000000000e+00
6.376437452515156146e+00 1.944383351208418098e+00 4.652886402832208568e-06 1.000000000000000000e+00 -4.977278202149185472e-07 1.031357474674490820e-05 9.051425036259672652e-01 1.217155308565859517e+00 1.158423971980648615e+00 1.277191073901801532e+00 0.000000000000000000e+00
6.381754828988746020e+00 1.942763261035039601e+00 5.196114227534877741e-06 1.000000000000000000e+00 -9.169498990189001831e-08 1.099684299947801131e-05 1.082273006910455138e+00 1.231236734518673659e+00 1.172049613359707365e+00 1.291673065340056104e+00 0.000000000000000000e+00
6.387076639677015777e+00 1.941144520745761159e+00 5.652192581099876986e-06 1.000000000000000000e+00 2.114891431376518649e-07 1.160082100162221199e-05 1.225206068676342852e+00 1.247173614350256088e+00 1.186924028255654795e+00 1.309024716311648406e+00 0.000000000000000000e+00
6.392402888277703532e+00 1.939527129215838475e+00 6.757804249792060903e-06 1.000000000000000000e+00 1.199640117163428299e-06 1.281906900029779222e-05 1.711381144641890728e+00 1.242920522566749009e+00 1.182637659488309456e+00 1.304740178656625726e+00 0.000000000000000000e+00
6.397733578491629380e+00 1.937911085321463833e+00 7.320698180317922616e-06 1.000000000000000000e+00 1.722527323766196500e-06 1.341850624517388997e-05 2.000701428539315430e+00 1.256121246253899093e+00 1.194850405706178398e+00 1.319179687134754975e+00 0.000000000000000000e+00
6.403068714022700725e+00 1.936296387939767438e+00 8.078352256355786075e-06 1.000000000000000000e+00 2.503875488581750582e-06 1.415325645091409326e-05 2.486878840464058271e+00 1.257393212219064527e+00 1.195675065414145033e+00 1.320942430258609468e+00 0.000000000000000000e+00
6.408408298577912277e+00 1.934683035948813856e+00 8.358484459014456472e-06 1.000000000000000000e+00 2.844958801881296936e-06 1.437366475134688525e-05 2.726554994333426407e+00 1.263864686490107747e+00 1.202604426630852874e+00 1.327004865345418061e+00 0.000000000000000000e+00
6.413752335867351384e+00 1.933071028227602239e+00 7.536828027345971151e-06 1.000000000000000000e+00 2.079517622919485530e-06 1.349843772470291480e-05 2.229204497184269940e+00 1.294660271548524033e+00 1.231919483909585056e+00 1.359439436404457080e+00 0.000000000000000000e+00
6.419100829604198033e+00 1.931460363656067436e+00 7.200841970431358454e-06 1.000000000000000000e+00 1.752402515226140287e-06 1.315328169117432753e-05 2.033492539325266080e+00 1.289756007752490774e+00 1.226556896267928076e+00 1.355032172230318022e+00 0.000000000000000000e+00
6.424453783504729287e+00 1.929851041115075327e+00 6.174077954124584323e-06 1.000000000000000000e+00 7.251219766060310488e-07 1.212686646606771012e-05 1.468464059257996723e+00 1.290418095206745885e+00 1.227551763541895991e+00 1.355337752891011105e+00 0.000000000000000000e+00
6.429811201288321953e+00 1.928243059486426159e+00 4.622897158791145175e-06 1.000000000000000000e+00 -8.280561870789258453e-07 1.058629949528488529e-05 8.033507759754172639e-01 1.293209133472705608e+00 1.229596196139022046e+00 1.358916629867848780e+00 0.000000000000000000e+00
6.435173086677453469e+00 1.926636417652850763e+00 2.169060280840215211e-06 1.000000000000000000e+00 -3.231646531477990035e-06 8.099795379137527030e-06 1.724682015424150450e-01 1.318544300518695422e+00 1.254079566068474927e+00 1.385112627491439596e+00 0.000000000000000000e+00
6.440539443397706343e+00 1.925031114498011453e+00 2.843071841501897264e-07 1.000000000000000000e+00 -5.029000261363199721e-06 6.148046095601883263e-06 2.939742867170025420e-03 1.328017423143803999e+00 1.263766014501243040e+00 1.394339709960947138e+00 0.000000000000000000e+00
6.445910275177769044e+00 1.923427148906499795e+00 -1.534527835368552663e-06 -1.000000000000000000e+00 -6.758321895805795640e-06 4.246108659242180334e-06 8.537003622566885497e-02 1.349380813067390550e+00 1.284104348240964644e+00 1.416768812615418760e+00 0.000000000000000000e+00
6.451285585749439555e+00 1.921824519763838390e+00 -2.446177358073711563e-06 -1.000000000000000000e+00 -7.601117713743585808e-06 3.263278151314934683e-06 2.181020221124896352e-01 1.357461948552989739e+00 1.291922336201871246e+00 1.425126069061256384e+00 0.000000000000000000e+00
6.456665378847628034e+00 1.920223225956476210e+00 -2.713938777402296523e-06 -1.000000000000000000e+00 -7.801247839705464468e-06 2.931403601016849435e-06 2.720854441064233242e-01 1.358405099162368401e+00 1.292993602320626323e+00 1.425935519937449047e+00 0.000000000000000000e+00
6.462049658210359482e+00 1.918623266371792813e+00 -2.500207305077811342e-06 -1.000000000000000000e+00 -7.538703675983308072e-06 3.105105780245110087e-06 2.344978702927420500e-01 1.350170703782300974e+00 1.284902481426177134e+00 1.417562179145390511e+00 0.000000000000000000e+00
6.467438427578775517e+00 1.917024639898092353e+00 -2.353023359519543638e-06 -1.000000000000000000e+00 -7.385315997004463596e-06 3.253750635765303429e-06 2.079150351705010280e-01 1.345127958624543041e+00 1.279874875226916453e+00 1.412511156468855056e+00 0.000000000000000000e+00
6.472831690697137930e+00 1.915427345424606687e+00 -2.401705820860566583e-06 -1.000000000000000000e+00 -7.485214135726517160e-06 3.264965388191782968e-06 2.119730638761012642e-01 1.345209686201063848e+00 1.279960745186680349e+00 1.412587666694331112e+00 0.000000000000000000e+00
6.478229451312831344e+00 1.913831381841492263e+00 -2.020410256662584429e-06 -1.000000000000000000e+00 -7.230843815616826853e-06 3.787571294837977116e-06 1.444951651242121216e-01 1.330804922443430405e+00 1.265627894613147175e+00 1.398121228988258302e+00 0.000000000000000000e+00
6.483631713176364109e+00 1.912236748039830792e+00 -1.477853704612267024e-06 -1.000000000000000000e+00 -6.866783278711460833e-06 4.519814871845082825e-06 7.360377619320956910e-02 1.321224917982317004e+00 1.255940301149278904e+00 1.388663682186222603e+00 0.000000000000000000e+00
6.489038480041373624e+00 1.910643442911627687e+00 -5.402777293602771380e-07 -1.000000000000000000e+00 -6.118707916425308676e-06 5.631317488140962055e-06 9.452099185764950562e-03 1.317612037598880015e+00 1.252312958566900392e+00 1.385073569878591870e+00 0.000000000000000000e+00
6.494449755664626345e+00 1.909051465349812737e+00 8.502843198545229533e-07 1.000000000000000000e+00 -4.846970709564452461e-06 7.102863054595034952e-06 2.326641104845350583e-02 1.318959391429629591e+00 1.253450796195312300e+00 1.386648767494251810e+00 0.000000000000000000e+00
6.499865543806021329e+00 1.907460814248235881e+00 2.956655995347353108e-06 1.000000000000000000e+00 -2.714503113226065236e-06 9.199571011397734442e-06 2.916003361325607557e-01 1.303542727804750667e+00 1.237963213281801256e+00 1.371336854324015642e+00 0.000000000000000000e+00
6.505285848228594681e+00 1.905871488501671207e+00 4.292208038689027317e-06 1.000000000000000000e+00 -1.293276602531998107e-06 1.045401027824484716e-05 6.427184271469030818e-01 1.304214097879454304e+00 1.239257501219831026e+00 1.371346701410599556e+00 0.000000000000000000e+00
6.510710672698518664e+00 1.904283487005811404e+00 5.497258547780518364e-06 1.000000000000000000e+00 -2.720913579948658150e-08 1.159272139270489031e-05 1.100021398056938438e+00 1.286339291502222482e+00 1.221783455332715596e+00 1.353079235503632294e+00 0.000000000000000000e+00
6.516140020985107917e+00 1.902696808657271088e+00 5.229378674162108341e-06 1.000000000000000000e+00 -2.481546997841429820e-07 1.127003759821331244e-05 1.008591810948672673e+00 1.294602809430692281e+00 1.229280838881465110e+00 1.362150196170854421e+00 0.000000000000000000e+00
6.521573896860818564e+00 1.901111452353583031e+00 4.415723965912066794e-06 1.000000000000000000e+00 -1.035436589708618368e-06 1.042788646486489916e-05 7.154912730938463028e-01 1.291801206853047779e+00 1.226908176464880373e+00 1.358895783662769086e+00 0.000000000000000000e+00
6.527012304101254436e+00 1.899527416993199491e+00 2.376285670293077127e-06 1.000000000000000000e+00 -3.060454357305443139e-06 8.369379976463153450e-06 2.021613517292735196e-01 1.304379327898659513e+00 1.238426237811812491e+00 1.372581336526788487e+00 0.000000000000000000e+00
6.532455246485166178e+00 1.897944701475490215e+00 -5.919954918525303589e-07 -1.000000000000000000e+00 -5.992398264389256592e-06 5.342995586608252879e-06 1.220612711153989949e-02 1.326926367284140484e+00 1.260059572285779472e+00 1.396061752045261839e+00 0.000000000000000000e+00
6.537902727794456581e+00 1.896363304700741548e+00 -3.578507393251306787e-06 -1.000000000000000000e+00 -8.814567182466229828e-06 2.231454030137503988e-06 4.416910335062311788e-01 1.341766684967043988e+00 1.274889643997573874e+00 1.410886967566650663e+00 0.000000000000000000e+00
6.543354751814182357e+00 1.894783225570156437e+00 -6.251231774455905984e-06 -1.000000000000000000e+00 -1.126275805383767341e-05 -6.362796944926661050e-07 1.370725229367423026e+00 1.357764440235666115e+00 1.289905407545667293e+00 1.427907358599696197e+00 0.000000000000000000e+00
6.548811322332555918e+00 1.893204462985853986e+00 -7.608437736144012920e-06 -1.000000000000000000e+00 -1.237109355719778499e-05 -2.233871155265145439e-06 2.134641730321547470e+00 1.352551548014227167e+00 1.284766328493126331e+00 1.422628157789220360e+00 0.000000000000000000e+00
6.554272443140948923e+00 1.891627015850867455e+00 -8.599585327290625933e-06 -1.000000000000000000e+00 -1.312968390305661695e-05 -3.461821183251897343e-06 2.878686089960851291e+00 1.356484907100541371e+00 1.288802717674759624e+00 1.426452209093111323e+00 0.000000000000000000e+00
6.559738118033894949e+00 1.890050883069143817e+00 -9.542222085842513447e-06 -1.000000000000000000e+00 -1.390953177745661169e-05 -4.578070962095967735e-06 3.676418004015303609e+00 1.368504260484435964e+00 1.300440423749797514e+00 1.438829166206302856e+00 0.000000000000000000e+00
6.565208350809092153e+00 1.888476063545543981e+00 -1.010763831349172208e-05 -1.000000000000000000e+00 -1.438908317995564553e-05 -5.232373331012042275e-06 4.199601949268497947e+00 1.363389863316731399e+00 1.295270676251244923e+00 1.433809067452708419e+00 0.000000000000000000e+00
6.570683145267405045e+00 1.886902556185840796e+00 -1.102410726324087311e-05 -1.000000000000000000e+00 -1.528592848979209773e-05 -6.170146255663642041e-06 4.951738832466759277e+00 1.366989382133401598e+00 1.298758350647491788e+00 1.437507038932070547e+00 0.000000000000000000e+00
6.576162505212867160e+00 1.885330359896719488e+00 -1.156740964494711691e-05 -1.000000000000000000e+00 -1.585431663492963472e-05 -6.673528804877659560e-06 5.324925081867220911e+00 1.355482496897744360e+00 1.287211440871958823e+00 1.426082158347574236e+00 0.000000000000000000e+00
6.581646434452685490e+00 1.883759473585775446e+00 -1.224798506070965595e-05 -1.000000000000000000e+00 -1.660682569758409392e-05 -7.266067393602394129e-06 5.734577400772906230e+00 1.363146425249596616e+00 1.293898183282490066e+00 1.434757730867969094e+00 0.000000000000000000e+00
6.587134936797241380e+00 1.882189896161514886e+00 -1.151382947368763348e-05 -1.000000000000000000e+00 -1.600752001981219907e-05 -6.378523658944182602e-06 4.898933775865344842e+00 1.347924280553433718e+00 1.279366030119194253e+00 1.418825341587349964e+00 0.000000000000000000e+00
6.592628016060094076e+00 1.880621626533353297e+00 -1.044034670381453772e-05 -1.000000000000000000e+00 -1.511838048608783531e-05 -5.125434655016441878e-06 3.895707802947526943e+00 1.362349428978061772e+00 1.293030939214085961e+00 1.433953371841874880e+00 0.000000000000000000e+00
6.598125676057981615e+00 1.879054663611614329e+00 -8.042164416525901093e-06 -1.000000000000000000e+00 -1.292252195413340701e-05 -2.531457126559343224e-06 2.270987620997459544e+00 1.367161987878643847e+00 1.297055217412146355e+00 1.439608298965542099e+00 0.000000000000000000e+00
6.603627920610826152e+00 1.877489006307530905e+00 -4.427418582766542815e-06 -1.000000000000000000e+00 -9.539557519071913797e-06 1.304596059510989956e-06 6.840250453844021195e-01 1.350368067509557513e+00 1.281001860746307175e+00 1.421934569152393024e+00 0.000000000000000000e+00
6.609134753541735741e+00 1.875924653533241671e+00 -4.220131658968451530e-07 -1.000000000000000000e+00 -5.788710055812995669e-06 5.547966466958278211e-06 6.184123418108811165e-03 1.325086286869189500e+00 1.255287373414445407e+00 1.396709427496586331e+00 0.000000000000000000e+00
6.614646178677005217e+00 1.874361604201792542e+00 3.207725749370958426e-06 1.000000000000000000e+00 -2.379530292742936013e-06 9.385667286778606982e-06 3.550090810110049233e-01 1.306115030812061928e+00 1.236295952612254778e+00 1.377654470728334468e+00 0.000000000000000000e+00
6.620162199846120643e+00 1.872799857227134490e+00 6.206987831100269685e-06 1.000000000000000000e+00 4.403471433243901748e-07 1.255370896201798323e-05 1.316643037947670791e+00 1.292886885855434320e+00 1.223884016976042766e+00 1.363884652851571344e+00 0.000000000000000000e+00
6.625682820881761970e+00 1.871239411524124430e+00 8.730497816402710178e-06 1.000000000000000000e+00 2.789898733377333403e-06 1.525527434478314334e-05 2.566093274985377093e+00 1.275538549239535024e+00 1.206195011963964392e+00 1.347111019447697844e+00 0.000000000000000000e+00
6.631208045619805702e+00 1.869680266008521441e+00 9.995971572737357737e-06 1.000000000000000000e+00 3.889312242601464031e-06 1.669426719071647825e-05 3.247499745690078043e+00 1.284256980848280660e+00 1.214390479827917924e+00 1.356293613655927155e+00 0.000000000000000000e+00
6.636737877899325788e+00 1.868122419596990769e+00 1.122885810129851699e-05 1.000000000000000000e+00 4.933633545127465438e-06 1.812166745626144198e-05 3.928513474175943543e+00 1.279479332968051608e+00 1.209606878431911170e+00 1.351567040099830530e+00 0.000000000000000000e+00
6.642272321562598059e+00 1.866565871207098271e+00 1.152955305892585813e-05 1.000000000000000000e+00 5.052702223137979170e-06 1.861577556892572233e-05 3.910611643355693445e+00 1.299834767919985534e+00 1.228388467710976428e+00 1.372481209200096863e+00 0.000000000000000000e+00
6.647811380455102892e+00 1.865010619757312416e+00 1.232290438378114111e-05 1.000000000000000000e+00 5.639560632158761601e-06 1.962369603147020021e-05 4.233072693091628480e+00 1.304864878849316234e+00 1.232187913684630987e+00 1.378709691324633058e+00 0.000000000000000000e+00
6.653355058425526991e+00 1.863456664167002952e+00 1.375653971454895039e-05 1.000000000000000000e+00 6.864564336720190299e-06 2.124807210331163023e-05 5.015909873823829912e+00 1.301159204042895867e+00 1.228868407821611664e+00 1.374220667123972950e+00 0.000000000000000000e+00
6.658903359325766047e+00 1.861904003356439352e+00 1.467967116536861406e-05 1.000000000000000000e+00 7.670132198627803628e-06 2.232207263164704894e-05 5.549753259723800625e+00 1.327062004588308142e+00 1.255129845357869423e+00 1.400687937752874257e+00 0.000000000000000000e+00
6.664456287010930069e+00 1.860352636246791480e+00 1.757888542220590800e-05 1.000000000000000000e+00 1.034852820294489206e-05 2.547555524733727375e-05 7.731589680058135627e+00 1.312058646024568009e+00 1.239500720360578345e+00 1.385741696570500503e+00 0.000000000000000000e+00
6.670013845339340719e+00 1.858802561760127592e+00 2.083101579099060335e-05 1.000000000000000000e+00 1.326441973486760422e-05 2.909054882490799270e-05 1.023426214882823615e+01 1.315510538419895958e+00 1.243857998869833059e+00 1.388426006790265399e+00 0.000000000000000000e+00
6.675576038172540194e+00 1.857253778819414780e+00 2.459933547163605877e-05 1.000000000000000000e+00 1.710766777251565598e-05 3.269019786360591865e-05 1.404213153074128684e+01 1.304573082729256983e+00 1.232751786648539793e+00 1.376965070880190378e+00 0.000000000000000000e+00
6.681142869375288562e+00 1.855706286348516532e+00 2.640036013250485314e-05 1.000000000000000000e+00 1.889235358783506187e-05 3.450603655583991638e-05 1.672207823196036713e+01 1.323821357621615791e+00 1.252510214660542909e+00 1.396698771258472416e+00 0.000000000000000000e+00
6.686714342815570866e+00 1.854160083272192949e+00 2.836429802778733258e-05 1.000000000000000000e+00 2.083944152903180618e-05 3.648819873009720481e-05 1.977032021442218479e+01 1.313657059476944777e+00 1.242800513524572770e+00 1.385669039688675497e+00 0.000000000000000000e+00
6.692290462364595349e+00 1.852615168516101862e+00 2.851014310159006641e-05 1.000000000000000000e+00 2.100505921072714805e-05 3.660579867444299347e-05 2.027321268008803656e+01 1.330373774941214338e+00 1.259102186325505413e+00 1.403446469334777014e+00 0.000000000000000000e+00
6.697871231896799671e+00 1.851071541006794829e+00 2.850261548626952771e-05 1.000000000000000000e+00 2.103103965692517996e-05 3.657039623503545483e-05 2.039441343192291356e+01 1.315052974545023901e+00 1.243373942667697296e+00 1.387965586638314930e+00 0.000000000000000000e+00
6.703456655289853572e+00 1.849529199671717139e+00 2.666176523954501748e-05 1.000000000000000000e+00 1.926497308590362055e-05 3.465449211867543803e-05 1.772269149681541478e+01 1.323085860086661070e+00 1.251517903126994735e+00 1.396223313294761237e+00 0.000000000000000000e+00
6.709046736424657986e+00 1.847988143439209141e+00 2.336280367179408284e-05 1.000000000000000000e+00 1.607051500263650430e-05 3.125205685904494321e-05 1.332022661070476488e+01 1.341690178331614414e+00 1.269788973094833961e+00 1.415721232968273569e+00 0.000000000000000000e+00
6.714641479185352146e+00 1.846448371238503361e+00 1.961089291365343738e-05 1.000000000000000000e+00 1.246950308791465548e-05 2.736122487038307794e-05 8.989844746494966898e+00 1.338106508494450342e+00 1.265764438056802721e+00 1.412501683780056139e+00 0.000000000000000000e+00
6.720240887459313583e+00 1.844909881999724721e+00 1.359173031329040523e-05 1.000000000000000000e+00 6.333247090131516392e-06 2.147406623198805880e-05 4.249025328411477176e+00 1.360783530280907705e+00 1.288209179999849852e+00 1.435833865024781719e+00 0.000000000000000000e+00
6.725844965137160791e+00 1.843372674653889876e+00 6.616851774716772718e-06 1.000000000000000000e+00 6.024393150899997289e-08 1.383986721683648307e-05 1.122812074837028717e+00 1.392939359950578604e+00 1.318858406175783315e+00 1.469325689781639799e+00 0.000000000000000000e+00
6.731453716112758556e+00 1.841836748132905655e+00 6.840675854066865492e-07 1.000000000000000000e+00 -6.181907712874706437e-06 7.437409406774727423e-06 9.460457744580708095e-03 1.414748695009037327e+00 1.339323266200375784e+00 1.492030390326184897e+00 0.000000000000000000e+00
6.737067144283217068e+00 1.840302101369569288e+00 -5.233737200315522969e-06 -1.000000000000000000e+00 -1.088126310700565607e-05 1.238671995326148181e-06 7.245380700558854414e-01 1.433056028953199945e+00 1.356514127300954442e+00 1.511326187846042446e+00 0.000000000000000000e+00
6.742685253548897251e+00 1.838768733297566405e+00 -9.300217824355075982e-06 -1.000000000000000000e+00 -1.427748995433620927e-05 -3.620984171890912647e-06 2.691059169564468334e+00 1.445352673182445757e+00 1.367919008015465954e+00 1.524397147500230920e+00 0.000000000000000000e+00
6.748308047813412536e+00 1.837236642851472368e+00 -1.299614933242428535e-05 -1.000000000000000000e+00 -1.847731281550118993e-05 -7.779033008423556140e-06 5.651535587462802823e+00 1.462363456135162831e+00 1.384665317087397707e+00 1.542148133317492231e+00 0.000000000000000000e+00
6.753935530983630642e+00 1.835705828966748943e+00 -1.633686741744884709e-05 -1.000000000000000000e+00 -2.154620306015417455e-05 -1.121261422824073223e-05 8.969245354591706132e+00 1.465936021883803564e+00 1.387427426994044755e+00 1.546649724024208306e+00 0.000000000000000000e+00
6.759567706969678902e+00 1.834176290579746293e+00 -1.857499149340046234e-05 -1.000000000000000000e+00 -2.277238902054839142e-05 -1.374201037420499091e-05 1.178891981559775104e+01 1.463624715775543539e+00 1.384118268231315563e+00 1.545354510143335247e+00 0.000000000000000000e+00
6.765204579684944264e+00 1.832648026627699211e+00 -1.931704497482999040e-05 -1.000000000000000000e+00 -2.347666188627753041e-05 -1.470520406170811579e-05 1.315031281117929041e+01 1.469444046612588428e+00 1.390486806344229498e+00 1.550337771239141516e+00 0.000000000000000000e+00
6.770846153046076843e+00 1.831121036048729556e+00 -1.877859235853634941e-05 -1.000000000000000000e+00 -2.314511252016980322e-05 -1.414980211509869265e-05 1.258787249210469383e+01 1.476918402696051125e+00 1.397107823536484661e+00 1.558104543875136194e+00 0.000000000000000000e+00
6.776492430972993475e+00 1.829595317781842700e+00 -1.721527523178571347e-05 -1.000000000000000000e+00 -2.195710205259415851e-05 -1.203592544203814952e-05 1.007924451202231353e+01 1.463552873278965771e+00 1.383286505975447112e+00 1.545023959356735865e+00 0.000000000000000000e+00
6.782143417388880380e+00 1.828070870766929312e+00 -1.446149180655999770e-05 -1.000000000000000000e+00 -2.035286264277883853e-05 -8.962392848312482571e-06 7.015201590221934680e+00 1.445353970337322824e+00 1.365394144472571236e+00 1.526419853571459484e+00 0.000000000000000000e+00
6.787799116220194051e+00 1.826547693944761797e+00 -1.131495496586978096e-05 -1.000000000000000000e+00 -1.671844754285975768e-05 -6.139243259955990955e-06 4.656944673303641480e+00 1.436749484479757921e+00 1.356335374527564142e+00 1.518139440233857496e+00 0.000000000000000000e+00
6.793459531396665696e+00 1.825025786256996740e+00 -9.238178545258529184e-06 -1.000000000000000000e+00 -1.395953113231279634e-05 -3.946258660235510930e-06 3.116811105188858733e+00 1.429875628919194730e+00 1.349080467705435993e+00 1.511593159890820104e+00 0.000000000000000000e+00
6.799124666851304788e+00 1.823505146646170916e+00 -7.905635257761583896e-06 -1.000000000000000000e+00 -1.281170733060346502e-05 -2.503967126936630873e-06 2.262929127598752643e+00 1.423617926656856270e+00 1.342882776529950251e+00 1.505341106934396267e+00 0.000000000000000000e+00
6.804794526520399067e+00 1.821985774055703944e+00 -7.258570920692793986e-06 -1.000000000000000000e+00 -1.247725273836144953e-05 -1.723115839678129529e-06 1.862798668872230223e+00 1.414475212514818558e+00 1.333432495587483224e+00 1.496978538223415756e+00 0.000000000000000000e+00
6.810469114343518982e+00 1.820467667429894965e+00 -7.239104687659136078e-06 -1.000000000000000000e+00 -1.271006282385619615e-05 -1.560261408044524176e-06 1.777064571846736385e+00 1.405599815609234859e+00 1.325016734008983121e+00 1.488071648617672604e+00 0.000000000000000000e+00
6.816148434263521239e+00 1.818950825713921748e+00 -7.768659569028821171e-06 -1.000000000000000000e+00 -1.320456028594355023e-05 -1.950435789172340829e-06 1.945065512917665274e+00 1.406088686791157061e+00 1.324324025531347093e+00 1.489720242233864456e+00 0.000000000000000000e+00
6.821832490226549695e+00 1.817435247853842917e+00 -8.507952588755870251e-06 -1.000000000000000000e+00 -1.374057732729685012e-05 -2.610206324964366152e-06 2.256448347217542505e+00 1.420284542349904644e+00 1.337474390425518189e+00 1.504159564275698635e+00 0.000000000000000000e+00
6.827521286182038907e+00 1.815920932796593723e+00 -8.338463607137900873e-06 -1.000000000000000000e+00 -1.351027413259392153e-05 -2.480078484743947837e-06 2.193350579653923660e+00 1.419372733096620154e+00 1.336694150670269865e+00 1.503152656821882038e+00 0.000000000000000000e+00
6.833214826082717686e+00 1.814407879489987385e+00 -7.670778724933574098e-06 -1.000000000000000000e+00 -1.275203064327057402e-05 -1.901986831122480904e-06 1.923667094809488276e+00 1.413383183515632524e+00 1.330625815977295900e+00 1.497583345057198700e+00 0.000000000000000000e+00
6.838913113884609984e+00 1.812896086882713975e+00 -7.634813501287664988e-06 -1.000000000000000000e+00 -1.263670025981849202e-05 -1.946156444705781808e-06 1.946259234259883897e+00 1.432463207374727876e+00 1.348735115078248281e+00 1.516897693340934383e+00 0.000000000000000000e+00
6.844616153547039339e+00 1.811385553924339531e+00 -7.135640035590170614e-06 -1.000000000000000000e+00 -1.215101351096328937e-05 -1.445824189074840616e-06 1.715957762887995841e+00 1.420832632048968813e+00 1.337642380008050136e+00 1.504993840728648724e+00 0.000000000000000000e+00
6.850323949032630644e+00 1.809876279565305390e+00 -6.962459175722467933e-06 -1.000000000000000000e+00 -1.203398130240206668e-05 -1.224275031802115666e-06 1.618314571857155215e+00 1.407805453294011189e+00 1.324462545876579522e+00 1.492879728146909057e+00 0.000000000000000000e+00
6.856036504307313706e+00 1.808368262756926637e+00 -6.821418059198083736e-06 -1.000000000000000000e+00 -1.196054324072484360e-05 -1.012044132934951799e-06 1.530465261050693471e+00 1.385310943620043478e+00 1.301359525231445824e+00 1.471793377502540245e+00 0.000000000000000000e+00
6.861753823340325908e+00 1.806861502451392543e+00 -7.398731058197467731e-06 -1.000000000000000000e+00 -1.254769850653713031e-05 -1.549612098316074584e-06 1.757469041880057148e+00 1.388120435394419649e+00 1.304226314857806601e+00 1.474162561348048683e+00 0.000000000000000000e+00
6.867475910104213099e+00 1.805355997601766127e+00 -7.757598124371573481e-06 -1.000000000000000000e+00 -1.298093295805690029e-05 -1.813343206944178620e-06 1.872485217429940008e+00 1.385483584351169029e+00 1.300318358178488953e+00 1.473318894943862034e+00 0.000000000000000000e+00
6.873202768574835808e+00 1.803851747161981711e+00 -7.571038037356154310e-06 -1.000000000000000000e+00 -1.288683919890251626e-05 -1.469320501908352410e-06 1.685594213812194653e+00 1.368510690299804322e+00 1.284597815320271064e+00 1.455642704084089800e+00 0.000000000000000000e+00
6.878934402731368358e+00 1.802348750086846252e+00 -7.305680914434384968e-06 -1.000000000000000000e+00 -1.281028726963873343e-05 -9.255101586905534284e-07 1.433293014519321673e+00 1.360714026265802623e+00 1.276309249919625799e+00 1.448429594964117273e+00 0.000000000000000000e+00
6.884670816556305084e+00 1.800847005332036233e+00 -6.808171291696137873e-06 -1.000000000000000000e+00 -1.271607724780010081e-05 1.400320576910027694e-07 1.074407160860971544e+00 1.357121130816620891e+00 1.272478221479996341e+00 1.445078091501509343e+00 0.000000000000000000e+00
6.890412014035459443e+00 1.799346511854099884e+00 -5.858102311076993063e-06 -1.000000000000000000e+00 -1.251303073905228152e-05 1.779973139953669288e-06 6.503224962917499852e-01 1.356065746057169896e+00 1.271903607423988225e+00 1.443500556963365433e+00 0.000000000000000000e+00
6.896157999157970231e+00 1.797847268610453630e+00 -4.133018320237599128e-06 -1.000000000000000000e+00 -1.174411839603066022e-05 3.676026879404164130e-06 2.713700023073783996e-01 1.359157424561592942e+00 1.273832641565626034e+00 1.447837295123515000e+00 0.000000000000000000e+00
6.901908775916301586e+00 1.796349274559382980e+00 -1.441678249963197035e-06 -1.000000000000000000e+00 -9.683795352444061694e-06 5.468815322453622931e-06 3.837548828471426532e-02 1.356495576163870842e+00 1.270912739597374275e+00 1.445688980837291471e+00 0.000000000000000000e+00
6.907664348306248314e+00 1.794852528660041413e+00 2.958419047259948034e-07 1.000000000000000000e+00 -7.154602423133106222e-06 7.101462591523385933e-06 2.422251008297848784e-03 1.349266384908471617e+00 1.264293120239086576e+00 1.437772759143624013e+00 0.000000000000000000e+00
6.913424720326936779e+00 1.793357029872449937e+00 1.428153640497757968e-06 1.000000000000000000e+00 -5.489084991271047970e-06 8.603502943379924837e-06 5.192088655759619087e-02 1.355225865619939629e+00 1.269381226203468049e+00 1.444637858007265185e+00 0.000000000000000000e+00
6.919189895980827565e+00 1.791862777157495312e+00 3.388865032500350900e-06 1.000000000000000000e+00 -3.517441403745099663e-06 1.101084674910739251e-05 2.670791455513494839e-01 1.346526017635962136e+00 1.260825891601471405e+00 1.435884315321604765e+00 0.000000000000000000e+00
6.924959879273719920e+00 1.790369769476931161e+00 6.170800111257211235e-06 1.000000000000000000e+00 -1.094016139814251312e-06 1.427292081274171443e-05 8.145253423515157465e-01 1.336220364629304047e+00 1.250325414141879365e+00 1.425853924702660702e+00 0.000000000000000000e+00
6.930734674214753532e+00 1.788878005793375303e+00 9.856816121031027392e-06 1.000000000000000000e+00 2.101500446352734424e-06 1.853091054218228257e-05 1.908609371910259256e+00 1.329230729950717782e+00 1.243246736725677648e+00 1.418970357583567932e+00 0.000000000000000000e+00
6.936514284816411191e+00 1.787387485070310644e+00 1.521046958205734273e-05 1.000000000000000000e+00 6.733542137855954592e-06 2.443701540857638895e-05 4.063957573768803400e+00 1.311614898367511106e+00 1.226462529737554874e+00 1.400468131145726325e+00 0.000000000000000000e+00
6.942298715094520567e+00 1.785898206272082511e+00 2.011892309078195317e-05 1.000000000000000000e+00 1.187834134062886509e-05 2.912787023178827633e-05 7.238687122393713480e+00 1.298957488442748609e+00 1.213898697767965995e+00 1.387736146185675201e+00 0.000000000000000000e+00
6.948087969068260428e+00 1.784410168363900873e+00 2.382079292947645511e-05 1.000000000000000000e+00 1.544733830380623648e-05 3.300655521611342303e-05 1.057373060207434889e+01 1.296888855318679701e+00 1.211127036377130484e+00 1.386449949884923649e+00 0.000000000000000000e+00
6.953882050760158862e+00 1.782923370311836564e+00 2.762995743604217708e-05 1.000000000000000000e+00 1.907651476274248726e-05 3.699416990377457393e-05 1.444011279750208132e+01 1.273476468939380268e+00 1.188770027055212397e+00 1.361540397821803916e+00 0.000000000000000000e+00
6.959680964196100383e+00 1.781437811082822398e+00 3.051040482409944152e-05 1.000000000000000000e+00 2.178621855220695582e-05 4.003806085172029476e-05 1.757821738089869257e+01 1.254467895508186270e+00 1.168384650504549649e+00 1.343050480094548638e+00 0.000000000000000000e+00
6.965484713405325046e+00 1.779953489644652054e+00 3.243302987356819775e-05 1.000000000000000000e+00 2.358742266902544367e-05 4.207589911698761539e-05 1.972342855406415651e+01 1.230984010273975304e+00 1.145095329891458347e+00 1.320473701126352539e+00 0.000000000000000000e+00
6.971293302420433768e+00 1.778470404965979412e+00 3.235860403649815141e-05 1.000000000000000000e+00 2.346728619893663790e-05 4.205307453232266801e-05 1.932342134232949604e+01 1.232653926844373915e+00 1.146725847476969484e+00 1.322332687440804122e+00 0.000000000000000000e+00
6.977106735277391003e+00 1.776988556016316556e+00 3.169054029609463108e-05 1.000000000000000000e+00 2.278614360381791886e-05 4.141395638382696260e-05 1.823644848213668013e+01 1.210307420023152059e+00 1.124402742099400498e+00 1.300336026880481999e+00 0.000000000000000000e+00
6.982925016015525621e+00 1.775507941766035547e+00 2.850486136013374570e-05 1.000000000000000000e+00 1.968118079173951992e-05 3.817056832755353864e-05 1.432849710760535800e+01 1.230733232817077027e+00 1.144527517486749302e+00 1.320895921848623145e+00 0.000000000000000000e+00
6.988748148677535355e+00 1.774028561186365982e+00 2.448215271540939356e-05 1.000000000000000000e+00 1.551207086355401457e-05 3.440369778228490418e-05 1.065870311597272746e+01 1.226956048267596078e+00 1.139454351278383015e+00 1.318627411012420758e+00 0.000000000000000000e+00
6.994576137309488573e+00 1.772550413249394330e+00 1.926796342418244951e-05 1.000000000000000000e+00 1.081860696225109838e-05 2.867696380826702973e-05 7.009073497648074635e+00 1.234126969377026706e+00 1.145237368511301757e+00 1.327093572719447723e+00 0.000000000000000000e+00
7.000408985960828723e+00 1.771073496928063928e+00 1.405646383035765065e-05 1.000000000000000000e+00 5.927657626220710779e-06 2.311504220033424551e-05 3.770756256044279553e+00 1.255248785730543881e+00 1.164257257442149029e+00 1.349082630214358147e+00 0.000000000000000000e+00
7.006246698684376106e+00 1.769597811196173431e+00 9.192113297697246079e-06 1.000000000000000000e+00 1.276191059983341325e-06 1.803492105775043175e-05 1.603441733446018702e+00 1.266619939594860300e+00 1.173522765799430267e+00 1.362059227292662822e+00 0.000000000000000000e+00
7.012089279536330544e+00 1.768123355028376364e+00 4.195910951118063209e-06 1.000000000000000000e+00 -3.396130204489923284e-06 1.277293791652300730e-05 3.352260807540830001e-01 1.289795673990914437e+00 1.195693014604507942e+00 1.385305008008222316e+00 0.000000000000000000e+00
7.017936732576273151e+00 1.766650127400181791e+00 7.558303248094875995e-07 1.000000000000000000e+00 -6.478527677168610611e-06 9.015390134426782745e-06 1.129625746109752527e-02 1.289017539926481382e+00 1.194036341912647403e+00 1.385379786414281167e+00 0.000000000000000000e+00
7.023789061867172556e+00 1.765178127287950538e+00 -1.295168699249784473e-06 -1.000000000000000000e+00 -8.157784893547386781e-06 6.597431511600641431e-06 3.512216059381501054e-02 1.282002649072508271e+00 1.186741309138459322e+00 1.379217322021455860e+00 0.000000000000000000e+00
7.029646271475383124e+00 1.763707353668898525e+00 -2.633689217336661754e-06 -1.000000000000000000e+00 -9.173999669972708208e-06 4.936513041779255340e-06 1.528873369616690070e-01 1.288575873793625037e+00 1.193490726924885115e+00 1.385157249745538222e+00 0.000000000000000000e+00
7.035508365470652059e+00 1.762237805521092104e+00 -2.158729547032133789e-06 -1.000000000000000000e+00 -8.574436151352873896e-06 5.269258041123769556e-06 1.075547678218526926e-01 1.255781222030901256e+00 1.161032170927222884e+00 1.353823492577336474e+00 0.000000000000000000e+00
7.041375347926120298e+00 1.760769481823449834e+00 -1.152619395675077354e-06 -1.000000000000000000e+00 -7.533092924361795814e-06 6.240658973441012322e-06 3.143471502613692792e-02 1.217473149440195357e+00 1.124449710408823355e+00 1.313610428729536705e+00 0.000000000000000000e+00
7.047247222918324283e+00 1.759302381555740702e+00 -7.361018311807658357e-07 -1.000000000000000000e+00 -7.157166854516796924e-06 6.680281230169322001e-06 1.278808777060191915e-02 1.209229513987026383e+00 1.116695046367860211e+00 1.304488959574299889e+00 0.000000000000000000e+00
7.053123994527200402e+00 1.757836503698584130e+00 5.451577607711144098e-07 1.000000000000000000e+00 -5.963395695586403130e-06 8.038501321145210475e-06 7.047085095337024541e-03 1.171824671528694406e+00 1.080258059527664072e+00 1.264975699659506514e+00 0.000000000000000000e+00
7.059005666836087656e+00 1.756371847233449524e+00 1.172174026561809835e-06 1.000000000000000000e+00 -5.350409073317391540e-06 8.662242247008737449e-06 3.289828229527813619e-02 1.156557210765822852e+00 1.066239803183669954e+00 1.249447161932647044e+00 0.000000000000000000e+00
7.064892243931729432e+00 1.754908411142653613e+00 1.811314116993614421e-06 1.000000000000000000e+00 -4.668914981212007602e-06 9.267192837651962249e-06 8.064855749059063328e-02 1.132205968577695732e+00 1.041651635407207399e+00 1.226668108876352248e+00 0.000000000000000000e+00
7.070783729904277948e+00 1.753446194409361780e+00 1.975943021133819450e-06 1.000000000000000000e+00 -4.398074063996122515e-06 9.349947348692407359e-06 9.853104525097933220e-02 1.112660833806887739e+00 1.023915027703158787e+00 1.205912138820213420e+00 0.000000000000000000e+00
7.076680128847296025e+00 1.751985196017586288e+00 9.255429837871061431e-07 1.000000000000000000e+00 -5.335339519843384219e-06 8.201458665328885571e-06 2.167712434935253896e-02 1.125638720352591493e+00 1.037062390423890257e+00 1.218296446837301650e+00 0.000000000000000000e+00
7.082581444857760644e+00 1.750525414952186498e+00 -4.942092262336390841e-07 -1.000000000000000000e+00 -6.682829781871565695e-06 6.712296208782402528e-06 6.087008861172193974e-03 1.136581242891811394e+00 1.046290744182801102e+00 1.230590223114248705e+00 0.000000000000000000e+00
7.088487682036063831e+00 1.749066850198867318e+00 -2.061597491767907989e-06 -1.000000000000000000e+00 -8.300484090127774149e-06 5.135618642755730500e-06 1.030048474637652589e-01 1.136999928099667656e+00 1.045821231811250973e+00 1.231931536033851415e+00 0.000000000000000000e+00
7.094398844486017985e+00 1.747609500744178535e+00 -4.122553452445909750e-06 -1.000000000000000000e+00 -1.028323983582105852e-05 3.052144875094946690e-06 3.974165953878667779e-01 1.146440605342311292e+00 1.054802769859651601e+00 1.241337563282924217e+00 0.000000000000000000e+00
7.100314936314857661e+00 1.746153365575515037e+00 -5.861627544994751142e-06 -1.000000000000000000e+00 -1.186245361434576140e-05 1.292874723010633482e-06 7.856464456047262956e-01 1.146353942613409727e+00 1.053824611588094928e+00 1.242158182558975810e+00 0.000000000000000000e+00
7.106235961633242226e+00 1.744698443681114597e+00 -7.297094790586684594e-06 -1.000000000000000000e+00 -1.314815562027959214e-05 -2.327032437209913980e-07 1.204669785186951003e+00 1.152594500250851750e+00 1.059905759899462119e+00 1.248169986247718022e+00 0.000000000000000000e+00
7.112161924555259418e+00 1.743244734050058975e+00 -8.271123309727723330e-06 -1.000000000000000000e+00 -1.400753973770730361e-05 -1.292091040536672014e-06 1.543120224442589006e+00 1.169256529921015142e+00 1.075176374787281564e+00 1.265008059087751269e+00 0.000000000000000000e+00
7.118092829198427118e+00 1.741792235672271039e+00 -8.829914124216627761e-06 -1.000000000000000000e+00 -1.474469436072581440e-05 -1.886172903604835209e-06 1.728451763845370692e+00 1.196515473882914238e+00 1.101225045446597495e+00 1.293362405826637307e+00 0.000000000000000000e+00
7.124028679683696907e+00 1.740340947538516092e+00 -8.325271818647747045e-06 -1.000000000000000000e+00 -1.458102374542717214e-05 -9.000779887983415272e-07 1.394286824231215860e+00 1.185985704656703721e+00 1.091400486448535601e+00 1.281923642432697630e+00 0.000000000000000000e+00
7.129969480135457616e+00 1.738890868640399878e+00 -7.744101111065294812e-06 -1.000000000000000000e+00 -1.462255529906229687e-05 1.258594179828373091e-07 1.083064515475882672e+00 1.181048645545826670e+00 1.085666500365581877e+00 1.277806319113678812e+00 0.000000000000000000e+00
7.135915234681537100e+00 1.737441997970369245e+00 -6.990897200099453804e-06 -1.000000000000000000e+00 -1.450969022300778674e-05 1.022947411851379196e-06 8.385179752472993187e-01 1.177379954302488319e+00 1.082022584821711986e+00 1.274136772685724006e+00 0.000000000000000000e+00
7.141865947453204910e+00 1.735994334521709703e+00 -7.160401637928299820e-06 -1.000000000000000000e+00 -1.471090340304010596e-05 7.445663764724720521e-07 9.049917365420725446e-01 1.205268901745589538e+00 1.109668797401050844e+00 1.302950450233346658e+00 0.000000000000000000e+00
7.147821622585176726e+00 1.734547877288545648e+00 -6.680953815411602037e-06 -1.000000000000000000e+00 -1.385557141389550135e-05 9.277302155664258034e-07 8.606806300881260086e-01 1.195556865300353655e+00 1.098171423594243690e+00 1.294437926257239857e+00 0.000000000000000000e+00
7.153782264215615250e+00 1.733102625265839913e+00 -7.023494188993331902e-06 -1.000000000000000000e+00 -1.369888603006251757e-05 2.814474469644934632e-07 1.034095670492746422e+00 1.199551351000181620e+00 1.102878187224394013e+00 1.298004661184985364e+00 0.000000000000000000e+00
7.159747876486134643e+00 1.731658577449392222e+00 -7.574214902076848229e-06 -1.000000000000000000e+00 -1.382442814637729428e-05 -6.267444710408205609e-07 1.311366335287488027e+00 1.203163739001654520e+00 1.104971141516424282e+00 1.303320108111898135e+00 0.000000000000000000e+00
7.165718463541802308e+00 1.730215732835839626e+00 -8.370094732444176953e-06 -1.000000000000000000e+00 -1.400614738979792822e-05 -1.677772178782819307e-06 1.661439951496419098e+00 1.208504910559167422e+00 1.111179961234755265e+00 1.308030636849598638e+00 0.000000000000000000e+00
7.171694029531142434e+00 1.728774090422655174e+00 -8.516410846975665128e-06 -1.000000000000000000e+00 -1.452131496144098711e-05 -2.021734812819614621e-06 1.830017958763491492e+00 1.192667681632478605e+00 1.093469559182136175e+00 1.293143033867429459e+00 0.000000000000000000e+00
7.177674578606138667e+00 1.727333649208146804e+00 -9.943232058052106900e-06 -1.000000000000000000e+00 -1.755074649179531537e-05 -3.271788154648961675e-06 2.349696879467813915e+00 1.211670596711318826e+00 1.111924294186829698e+00 1.313639681467006826e+00 0.000000000000000000e+00
7.183660114922237661e+00 1.725894408191456675e+00 -1.251609228598090161e-05 -1.000000000000000000e+00 -2.156473799477778879e-05 -4.414298025057991433e-06 2.830023697623303747e+00 1.213363058162520991e+00 1.113673680234901209e+00 1.315313779710062247e+00 0.000000000000000000e+00
7.189650642638349964e+00 1.724456366372562499e+00 -1.505604277729555689e-05 -1.000000000000000000e+00 -2.297514227125933796e-05 -5.912090394885538425e-06 3.437263586654793812e+00 1.235379546863607292e+00 1.133298761115238751e+00 1.339916833793654449e+00 0.000000000000000000e+00
7.195646165916856241e+00 1.723019522752273547e+00 -1.215108256774014711e-05 -1.000000000000000000e+00 -2.014514430587895734e-05 -4.595599956900811006e-06 2.811468047885568922e+00 1.215483773116044608e+00 1.113789854880646413e+00 1.319563724870070232e+00 0.000000000000000000e+00
7.201646688923606376e+00 1.721583876332232421e+00 -9.438429586853333694e-06 -1.000000000000000000e+00 -1.564336527914654936e-05 -2.176537053170701581e-06 1.842505142981096355e+00 1.200612792000384399e+00 1.097392771213359763e+00 1.305486254540200175e+00 0.000000000000000000e+00
7.207652215827925701e+00 1.720149426114913060e+00 -5.546486014925358558e-06 -1.000000000000000000e+00 -1.177428542600637344e-05 1.668450727306210753e-06 6.978247553957146465e-01 1.154693570180524320e+00 1.051181176517071547e+00 1.261004402979292838e+00 0.000000000000000000e+00
7.213662750802614987e+00 1.718716171103621404e+00 -3.001528291589372942e-06 -1.000000000000000000e+00 -9.261203686323790603e-06 4.120154934502677800e-06 2.195191414993189483e-01 1.141052766118787476e+00 1.038787243851586162e+00 1.247236112531181051e+00 0.000000000000000000e+00
7.219678298023954888e+00 1.717284110302493172e+00 -1.534590583864573652e-06 -1.000000000000000000e+00 -7.877689354524780222e-06 5.546009298524951617e-06 5.976353210719764775e-02 1.139127317160311570e+00 1.036217337643950964e+00 1.246146054667565561e+00 0.000000000000000000e+00
7.225698861671710382e+00 1.715853242716494531e+00 -9.280129715001922125e-07 -1.000000000000000000e+00 -7.470278847712641324e-06 6.148698615388726130e-06 2.213262094066692498e-02 1.135819637846993579e+00 1.033242731181490903e+00 1.242742489469759404e+00 0.000000000000000000e+00
7.231724445929129885e+00 1.714423567351419875e+00 -8.631564714409311712e-07 -1.000000000000000000e+00 -7.838505778034710557e-06 6.293196320570909037e-06 1.905669986072666688e-02 1.114591274230458673e+00 1.011755356489139501e+00 1.223046769333504757e+00 0.000000000000000000e+00
7.237755054982951464e+00 1.712995083213891823e+00 -2.850972036666837374e-06 -1.000000000000000000e+00 -1.101086102869413713e-05 4.314511699813510905e-06 1.983713119323340379e-01 1.144634873791577023e+00 1.038292506045457975e+00 1.254959096589084666e+00 0.000000000000000000e+00
7.243790693023404614e+00 1.711567789311361887e+00 -6.520744005013569844e-06 -1.000000000000000000e+00 -1.397911279299252223e-05 1.851975614713433050e-06 6.717791370637513637e-01 1.144709020384583553e+00 1.038466536359561543e+00 1.255198765904091740e+00 0.000000000000000000e+00
7.249831364244212040e+00 1.710141684652107807e+00 -9.414772057524550366e-06 -1.000000000000000000e+00 -1.559502968120440617e-05 -1.372244073453652492e-06 1.530946268512053621e+00 1.135351322961843934e+00 1.028421939985787903e+00 1.247193881416858385e+00 0.000000000000000000e+00
7.255877072842594977e+00 1.708716768245233997e+00 -1.230088874026014972e-05 -1.000000000000000000e+00 -1.744929192513476653e-05 -5.470316536304201519e-06 3.129613965831666178e+00 1.181131418435684255e+00 1.070729011281113419e+00 1.292367123804347928e+00 0.000000000000000000e+00
7.261927823019274086e+00 1.707293039100669763e+00 -1.330447417863967376e-05 -1.000000000000000000e+00 -1.797092802419912578e-05 -7.198634980773559019e-06 4.204276152912484577e+00 1.175738197525474815e+00 1.065862742119260353e+00 1.286546453127092038e+00 0.000000000000000000e+00
7.267983618978473004e+00 1.705870496229170197e+00 -1.342104531590719947e-05 -1.000000000000000000e+00 -1.801272790366008984e-05 -7.666850925720342216e-06 4.671346676682844645e+00 1.141528482956879031e+00 1.034772269988690541e+00 1.252554494242843264e+00 0.000000000000000000e+00
7.274044464927921894e+00 1.704449138642313732e+00 -1.393386007661021622e-05 -1.000000000000000000e+00 -1.903200643830193158e-05 -8.353837776020849913e-06 5.142065267028414155e+00 1.132869418188894084e+00 1.027195884604155562e+00 1.241860791568210720e+00 0.000000000000000000e+00
7.280110365078859225e+00 1.703028965352503699e+00 -1.458244425875203964e-05 -1.000000000000000000e+00 -2.051785614428112414e-05 -8.753009313116866084e-06 5.282020634701282802e+00 1.132176229112239696e+00 1.024873657802753524e+00 1.244337109692716270e+00 0.000000000000000000e+00
7.286181323646034436e+00 1.701609975372965211e+00 -1.481751866454804636e-05 -1.000000000000000000e+00 -2.027573842816298160e-05 -8.453480848350000389e-06 4.780685921323069465e+00 1.124168742852082348e+00 1.018293549913972251e+00 1.235248135141154835e+00 0.000000000000000000e+00
7.292257344847713263e+00 1.700192167717745617e+00 -1.386502228041450971e-05 -1.000000000000000000e+00 -2.046980783247407811e-05 -6.994884299540202511e-06 3.806196902408089500e+00 1.121073440203151028e+00 1.014159673639922543e+00 1.233438785575746932e+00 0.000000000000000000e+00
7.298338432905678630e+00 1.698775541401714717e+00 -1.192677736709980976e-05 -1.000000000000000000e+00 -1.721200989098659327e-05 -4.282607943525884635e-06 2.547845787912521587e+00 1.101573075865480478e+00 9.947509773486774565e-01 1.214864867920059766e+00 0.000000000000000000e+00
7.304424592045234199e+00 1.697360095440562322e+00 -9.795391348876533212e-06 -1.000000000000000000e+00 -1.679451349954134536e-05 -1.606142059475844434e-06 1.626977022053679889e+00 1.091110659301094854e+00 9.848858608396252601e-01 1.204163423082686313e+00 0.000000000000000000e+00
7.310515826495206149e+00 1.695945828850798032e+00 -7.000661411217072142e-06 -1.000000000000000000e+00 -1.540391856128555504e-05 8.626510359733532548e-07 8.788754494831465536e-01 1.051542473147202950e+00 9.459117199672946175e-01 1.164207158215783133e+00 0.000000000000000000e+00
7.316612140487947613e+00 1.694532740649751679e+00 -5.818261516672149021e-06 -1.000000000000000000e+00 -1.437689057828636984e-05 1.695422218003660687e-06 6.731841823945075021e-01 1.047867785955663988e+00 9.423386763185332970e-01 1.160383856092338295e+00 0.000000000000000000e+00
7.322713538259342236e+00 1.693120829855571774e+00 -4.843456210705957549e-06 -1.000000000000000000e+00 -1.260300934217574460e-05 2.540897968150521072e-06 5.073340484336057443e-01 1.021671941482125368e+00 9.187729313555920152e-01 1.130567683487275321e+00 0.000000000000000000e+00
7.328820024048804171e+00 1.691710095487224841e+00 -3.903452587221034985e-06 -1.000000000000000000e+00 -1.076184517755113036e-05 3.517846254100326693e-06 3.386542447617557627e-01 9.787723702901376388e-01 8.770354820524253192e-01 1.083518047585598110e+00 0.000000000000000000e+00
7.334931602099284298e+00 1.690300536564494527e+00 -4.107453401256070665e-06 -1.000000000000000000e+00 -1.040049658524361217e-05 3.402051198044588031e-06 3.673585884668995050e-01 9.794396817525347076e-01 8.777884072770522073e-01 1.084054903502257972e+00 0.000000000000000000e+00
7.341048276657271110e+00 1.688892152107981603e+00 -3.146954641585879348e-06 -1.000000000000000000e+00 -9.314827750520927196e-06 4.255321268093101002e-06 2.259008207889081632e-01 9.376597503452871463e-01 8.379181777181571311e-01 1.039388756940892611e+00 0.000000000000000000e+00
7.347170051972794269e+00 1.687484941139102412e+00 -3.239192968806931605e-06 -1.000000000000000000e+00 -9.447384710606840849e-06 4.028368239768384169e-06 2.464322702922032704e-01 9.376597933602967005e-01 8.384465543972052792e-01 1.039008306923975722e+00 0.000000000000000000e+00
7.353296932299427269e+00 1.686078902680089531e+00 -2.591834365615493891e-06 -1.000000000000000000e+00 -8.832042564183315846e-06 4.687039848630418563e-06 1.601580005906413362e-01 8.983143792715223563e-01 8.027047476241717661e-01 9.984369677792064302e-01 0.000000000000000000e+00
7.359428921894291875e+00 1.684674035753989330e+00 -1.307580787156073506e-06 -1.000000000000000000e+00 -7.552888659215696705e-06 6.240316611754428111e-06 3.987748861667483880e-02 8.244558005241935383e-01 7.265241931372032891e-01 9.238090214143471757e-01 0.000000000000000000e+00
7.365566025018059015e+00 1.683270339384662417e+00 -1.706550649308574860e-06 -1.000000000000000000e+00 -8.078150992979554748e-06 6.355134508434059246e-06 5.985927438670302081e-02 8.271292644100437519e-01 7.301680955259889361e-01 9.255871370146664390e-01 0.000000000000000000e+00
7.371708245934952330e+00 1.681867812596783196e+00 -1.613834165393494728e-06 -1.000000000000000000e+00 -8.429518508556152668e-06 7.491680275594145661e-06 4.322547320025194040e-02 8.189699200395533785e-01 7.200437604912768297e-01 9.187429650232512568e-01 0.000000000000000000e+00
7.377855588912752616e+00 1.680466454415837863e+00 -1.141134678372165926e-06 -1.000000000000000000e+00 -9.098798627550287895e-06 9.748314422452310007e-06 1.520609603791456266e-02 8.256207837297775409e-01 7.265490201342869048e-01 9.255737309177662908e-01 0.000000000000000000e+00
7.384008058222798709e+00 1.679066263868125519e+00 2.318665013976055505e-06 1.000000000000000000e+00 -8.518691027187049461e-06 1.376934445439162667e-05 3.749808193134640533e-02 8.100647643308357404e-01 7.083652788552305957e-01 9.120177835074444461e-01 0.000000000000000000e+00
7.390165658139991045e+00 1.677667239980756175e+00 7.355334063821878731e-06 1.000000000000000000e+00 -4.472379066538594188e-06 1.676953166869313915e-05 4.681061561698669493e-01 7.751477129008215172e-01 6.722117877389310880e-01 8.796724921116425566e-01 0.000000000000000000e+00
7.396328392942796093e+00 1.676269381781650081e+00 9.019475220851900105e-06 1.000000000000000000e+00 -9.040762006924896811e-07 1.792672739071657915e-05 9.319513289564014258e-01 7.680056957626983927e-01 6.658784707771882028e-01 8.716255243960620014e-01 0.000000000000000000e+00
7.402496266913247247e+00 1.674872688299538392e+00 9.884410468418085334e-06 1.000000000000000000e+00 8.233637293037397248e-07 1.879937984291044892e-05 1.279885004855628949e+00 7.546269458910135342e-01 6.506875821965505402e-01 8.597522552191311229e-01 0.000000000000000000e+00
7.408669284336948380e+00 1.673477158563960288e+00 9.814150895171382984e-06 1.000000000000000000e+00 7.347101280000959599e-07 1.882325973356539724e-05 1.285388973659337353e+00 7.545334274081570980e-01 6.505746744001563719e-01 8.597364291924709523e-01 0.000000000000000000e+00
7.414847449503079169e+00 1.672082791605264962e+00 9.283396148739382606e-06 1.000000000000000000e+00 7.576607868024927937e-07 1.906006598423135446e-05 1.306449778652662985e+00 7.186429637198303855e-01 6.160112428463244694e-01 8.246707074623980116e-01 0.000000000000000000e+00
7.421030766704393322e+00 1.670689586454608300e+00 7.837034146414535043e-06 1.000000000000000000e+00 -4.333097543369778318e-07 1.738314500826896542e-05 9.924134016299746008e-01 7.109927528767721050e-01 6.065011754716281844e-01 8.187869510042391497e-01 0.000000000000000000e+00
7.427219240237226572e+00 1.669297542143953983e+00 6.036613087307568333e-06 1.000000000000000000e+00 -2.134614978464069638e-06 1.508671332668019389e-05 5.622451361192162267e-01 7.182459758970527464e-01 6.133398715224830378e-01 8.266420214421237311e-01 0.000000000000000000e+00
7.433412874401496673e+00 1.667906657706072160e+00 3.994673897974581415e-06 1.000000000000000000e+00 -3.375562949207079739e-06 1.321592348658858946e-05 3.007687339661231363e-01 7.113272859248949143e-01 6.039533230413097753e-01 8.220863349669640385e-01 0.000000000000000000e+00
7.439611673500706956e+00 1.666516932174539223e+00 2.411740513268691163e-06 1.000000000000000000e+00 -4.703211841082976400e-06 1.117811737442102481e-05 1.199194602590125669e-01 7.177418398440760239e-01 6.093890461970303818e-01 8.295838487736061362e-01 0.000000000000000000e+00
7.445815641841948995e+00 1.665128364583736253e+00 2.564824826509034240e-06 1.000000000000000000e+00 -4.584152116093872880e-06 1.119387569459023862e-05 1.412584543603117027e-01 6.800667430380749057e-01 5.744406736097316113e-01 7.912878732541905880e-01 0.000000000000000000e+00
7.452024783735907043e+00 1.663740953968849468e+00 2.305327361788791617e-06 1.000000000000000000e+00 -5.006783906401479990e-06 1.092701921637114356e-05 1.135327117536917285e-01 6.809381592701028163e-01 5.747245910081643094e-01 7.933159261188252875e-01 0.000000000000000000e+00
7.458239103496859812e+00 1.662354699365868660e+00 3.405264573389346694e-06 1.000000000000000000e+00 -4.165303046781036369e-06 1.199437742653050007e-05 2.537199664892568762e-01 6.551177555772641492e-01 5.533017235489158248e-01 7.652864466190819615e-01 0.000000000000000000e+00
7.464458605442683137e+00 1.660969599811586539e+00 4.435675128323520139e-06 1.000000000000000000e+00 -3.009388109684988238e-06 1.293275639184186347e-05 4.524811958191463646e-01 6.436894322958526260e-01 5.409306319441690158e-01 7.555628250834653947e-01 0.000000000000000000e+00
7.470683293894854415e+00 1.659585654343599170e+00 5.649465970259931419e-06 1.000000000000000000e+00 -1.324109775116790750e-06 1.403389684592212824e-05 7.832787266044363150e-01 6.267305530348888931e-01 5.258808433247381675e-01 7.365176883513978590e-01 0.000000000000000000e+00
7.476913173178454386e+00 1.658202862000304201e+00 6.591340394921138688e-06 1.000000000000000000e+00 -1.193904125617806507e-07 1.477240107419931753e-05 1.133504532180566571e+00 6.120156202155189185e-01 5.089091851276140721e-01 7.226121893396862950e-01 0.000000000000000000e+00
7.483148247622170679e+00 1.656821221820899526e+00 7.138415811696663414e-06 1.000000000000000000e+00 5.641954531753705016e-07 1.520581478625618619e-05 1.390490861013759627e+00 5.997357825786147068e-01 4.966781949096025772e-01 7.081522611026048741e-01 0.000000000000000000e+00
7.489388521558299594e+00 1.655440732845385288e+00 6.837246917143251260e-06 1.000000000000000000e+00 3.465928506617397227e-07 1.478311116732186948e-05 1.312246918034034593e+00 6.071184827283570007e-01 5.020725917943158478e-01 7.182283056649917397e-01 0.000000000000000000e+00
7.495633999322752317e+00 1.654061394114560324e+00 6.692211326754995050e-06 1.000000000000000000e+00 2.325668421852553202e-07 1.455674392159352391e-05 1.244010853283228357e+00 5.879667450192174183e-01 4.805999819221661862e-01 7.003184972992433366e-01 0.000000000000000000e+00
7.501884685255054031e+00 1.652683204670022832e+00 5.385972671501576748e-06 1.000000000000000000e+00 -1.257337811816540458e-06 1.317460617717621324e-05 7.798972553801490903e-01 5.976766624205325229e-01 4.903050143186863941e-01 7.107808670378139571e-01 0.000000000000000000e+00
7.508140583698349246e+00 1.651306163554170148e+00 3.527565604905975499e-06 1.000000000000000000e+00 -3.524952240547524315e-06 1.124141118548205564e-05 3.052091038125581690e-01 6.074088420443247704e-01 4.978295973732413948e-01 7.227280815675253267e-01 0.000000000000000000e+00
7.514401698999403578e+00 1.649930269810196748e+00 6.510487386231548051e-07 1.000000000000000000e+00 -6.182036796547557168e-06 8.522290936067511771e-06 6.819914980269459193e-03 6.253856606758273484e-01 5.139745197522356257e-01 7.423424334846648875e-01 0.000000000000000000e+00
7.520668035508609073e+00 1.648555522482095359e+00 -2.034332192220379804e-06 -1.000000000000000000e+00 -8.833591938421923826e-06 5.747072549958221109e-06 9.498423598572003357e-02 6.027597430364353137e-01 4.929199545453228914e-01 7.187763507798847762e-01 0.000000000000000000e+00
7.526939597579984209e+00 1.647181920614653627e+00 -4.440783210753581267e-06 -1.000000000000000000e+00 -1.381559582328499790e-05 2.427343343747012577e-06 5.269506272868937913e-01 6.087812050625110993e-01 4.997248692055602515e-01 7.260742435987210808e-01 0.000000000000000000e+00
7.533216389571179228e+00 1.645809463253457006e+00 -3.779447752284853675e-04 -1.000000000000000000e+00 0.000000000000000000e+00 0.000000000000000000e+00 0.000000000000000000e+00 7.021580988827168524e-01 0.000000000000000000e+00 0.000000000000000000e+00 1.000000000000000000e+00
7.539498415843477019e+00 1.644438149444884756e+00 -2.457326602925305296e-05 -1.000000000000000000e+00 0.000000000000000000e+00 0.000000000000000000e+00 0.000000000000000000e+00 6.119908806399672052e-01 0.000000000000000000e+00 0.000000000000000000e+00 1.000000000000000000e+00
7.545785680761798453e+00 1.643067978236111282e+00 -3.612993803243605444e-05 -1.000000000000000000e+00 0.000000000000000000e+00 0.000000000000000000e+00 0.000000000000000000e+00 6.150255533065814850e-01 0.000000000000000000e+00 0.000000000000000000e+00 1.000000000000000000e+00
7.552078188694705041e+00 1.641698948675104575e+00 -5.106278779944628342e-05 -1.000000000000000000e+00 0.000000000000000000e+00 0.000000000000000000e+00 0.000000000000000000e+00 5.916830812573888876e-01 0.000000000000000000e+00 0.000000000000000000e+00 1.000000000000000000e+00
7.558375944014398939e+00 1.640331059810627101e+00 -5.887603336287888962e-05 -1.000000000000000000e+00 0.000000000000000000e+00 0.000000000000000000e+00 0.000000000000000000e+00 5.997420087539141464e-01 0.000000000000000000e+00 0.000000000000000000e+00 1.000000000000000000e+00
7.564678951096730941e+00 1.638964310692231585e+00 -8.321920180337432174e-05 -1.000000000000000000e+00 0.000000000000000000e+00 0.000000000000000000e+00 0.000000000000000000e+00 5.893277401449252828e-01 0.000000000000000000e+00 0.000000000000000000e+00 1.000000000000000000e+00
7.570987214321198699e+00 1.637598700370265004e+00 -1.354282744372835995e-04 -1.000000000000000000e+00 0.000000000000000000e+00 0.000000000000000000e+00 0.000000000000000000e+00 6.246492634670069988e-01 0.000000000000000000e+00 0.000000000000000000e+00 1.000000000000000000e+00
7.577300738070952946e+00 1.636234227895864146e+00 -2.245743016439055544e-04 -1.000000000000000000e+00 0.000000000000000000e+00 0.000000000000000000e+00 0.000000000000000000e+00 6.878660783882718510e-01 0.000000000000000000e+00 0.000000000000000000e+00 1.000000000000000000e+00
7.583619526732800153e+00 1.634870892320956948e+00 -7.631792912327033237e-04 -1.000000000000000000e+00 0.000000000000000000e+00 0.000000000000000000e+00 0.000000000000000000e+00 6.973244226245602917e-01 0.000000000000000000e+00 0.000000000000000000e+00 1.000000000000000000e+00
7.589943584697204315e+00 1.633508692698261822e+00 -5.960724603320110161e-04 -1.000000000000000000e+00 0.000000000000000000e+00 0.000000000000000000e+00 0.000000000000000000e+00 6.992336416332121107e-01 0.000000000000000000e+00 0.000000000000000000e+00 1.000000000000000000e+00
7.596272916358290495e+00 1.632147628081284996e+00 -3.840313546865458771e-04 -1.000000000000000000e+00 0.000000000000000000e+00 0.000000000000000000e+00 0.000000000000000000e+00 6.445129221528174135e-01 0.000000000000000000e+00 0.000000000000000000e+00 1.000000000000000000e+00
7.602607526113848380e+00 1.630787697524322288e+00 -4.314258793276340193e-04 -1.000000000000000000e+00 0.000000000000000000e+00 0.000000000000000000e+00 0.000000000000000000e+00 6.593699911858402762e-01 0.000000000000000000e+00 0.000000000000000000e+00 1.000000000000000000e+00
7.608947418365335835e+00 1.629428900082457776e+00 -3.567160220941898992e-04 -1.000000000000000000e+00 0.000000000000000000e+00 0.000000000000000000e+00 0.000000000000000000e+00 4.943062691246200568e-01 0.000000000000000000e+00 0.000000000000000000e+00 1.000000000000000000e+00
7.615292597517878903e+00 1.628071234811562906e+00 -3.129673416384174669e-04 -1.000000000000000000e+00 0.000000000000000000e+00 0.000000000000000000e+00 0.000000000000000000e+00 4.577382927347007913e-01 0.000000000000000000e+00 0.000000000000000000e+00 1.000000000000000000e+00
7.621643067980279795e+00 1.626714700768294497e+00 1.047969121921038634e-07 1.000000000000000000e+00 0.000000000000000000e+00 0.000000000000000000e+00 0.000000000000000000e+00 4.165934601247534563e-01 0.000000000000000000e+00 0.000000000000000000e+00 1.000000000000000000e+00
7.627998834165015118e+00 1.625359297010096737e+00 2.786828948528845996e-06 1.000000000000000000e+00 0.000000000000000000e+00 0.000000000000000000e+00 0.000000000000000000e+00 4.043408492921344299e-01 0.000000000000000000e+00 0.000000000000000000e+00 1.000000000000000000e+00
7.634359900488242090e+00 1.624005022595198744e+00 4.184511401579583651e-06 1.000000000000000000e+00 -2.267590750673435039e-06 1.207977833405146013e-05 5.359414179019381663e-01 3.787852007605516658e-01 2.725813927812926751e-01 4.944611619710538308e-01 0.000000000000000000e+00
7.640726271369800315e+00 1.622651876582614117e+00 5.612760822152733002e-06 1.000000000000000000e+00 -9.921492347946582276e-07 1.437679213329451451e-05 8.145472839400298426e-01 3.575895757107414030e-01 2.394105209528556710e-01 4.727409793709855812e-01 0.000000000000000000e+00
7.647097951233216229e+00 1.621299858032140939e+00 6.332252245761923723e-06 1.000000000000000000e+00 -9.547533158541428400e-07 1.540595104861538199e-05 8.415577898809658564e-01 3.575326509367039995e-01 2.395924003601163088e-01 4.724492474343757187e-01 0.000000000000000000e+00
7.653474944505703093e+00 1.619948966004359558e+00 6.808922304936793617e-06 1.000000000000000000e+00 -1.742364606248184225e-06 1.619179970947872717e-05 7.398396651564951298e-01 3.409042652176635380e-01 2.003848200692641968e-01 4.580345764309394219e-01 0.000000000000000000e+00
7.659857255618167216e+00 1.618599199560634805e+00 -1.505860598220854884e-04 -1.000000000000000000e+00 0.000000000000000000e+00 0.000000000000000000e+00 0.000000000000000000e+00 3.632365715699368836e-01 0.000000000000000000e+00 0.000000000000000000e+00 1.000000000000000000e+00
7.666244889005210617e+00 1.617250557763112662e+00 -2.158666375462488414e-03 -1.000000000000000000e+00 0.000000000000000000e+00 0.000000000000000000e+00 0.000000000000000000e+00 5.476688873154962334e-01 0.000000000000000000e+00 0.000000000000000000e+00 1.000000000000000000e+00
7.672637849105131913e+00 1.615903039674720043e+00 -1.768725634217831189e-02 -1.000000000000000000e+00 0.000000000000000000e+00 0.000000000000000000e+00 0.000000000000000000e+00 6.628224777669498025e-01 0.000000000000000000e+00 0.000000000000000000e+00 1.000000000000000000e+00
7.679036140359931650e+00 1.614556644359165460e+00 -2.220770070074347749e-02 -1.000000000000000000e+00 0.000000000000000000e+00 0.000000000000000000e+00 0.000000000000000000e+00 6.816719014280028244e-01 0.000000000000000000e+00 0.000000000000000000e+00 1.000000000000000000e+00
7.685439767215314077e+00 1.613211370880937023e+00 -2.290306943896764161e-02 -1.000000000000000000e+00 0.000000000000000000e+00 0.000000000000000000e+00 0.000000000000000000e+00 6.594878228612712778e-01 0.000000000000000000e+00 0.000000000000000000e+00 1.000000000000000000e+00
7.691848734120691589e+00 1.611867218305303329e+00 -2.461865550677764733e-02 -1.000000000000000000e+00 0.000000000000000000e+00 0.000000000000000000e+00 0.000000000000000000e+00 6.303759968693036786e-01 0.000000000000000000e+00 0.000000000000000000e+00 1.000000000000000000e+00
7.698263045529186499e+00 1.610524185698310351e+00 -4.542820263389611007e-02 -1.000000000000000000e+00 0.000000000000000000e+00 0.000000000000000000e+00 0.000000000000000000e+00 8.325361450226657078e-01 0.000000000000000000e+00 0.000000000000000000e+00 1.000000000000000000e+00
7.704682705897634598e+00 1.609182272126782998e+00 -4.758474239800247751e-02 -1.000000000000000000e+00 0.000000000000000000e+00 0.000000000000000000e+00 0.000000000000000000e+00 7.901619230610786859e-01 0.000000000000000000e+00 0.000000000000000000e+00 1.000000000000000000e+00
7.711107719686588702e+00 1.607841476658323998e+00 -5.159199493088516275e-02 -1.000000000000000000e+00 0.000000000000000000e+00 0.000000000000000000e+00 0.000000000000000000e+00 7.245846442668472109e-01 0.000000000000000000e+00 0.000000000000000000e+00 1.000000000000000000e+00
7.717538091360320429e+00 1.606501798361312572e+00 -5.541959009618504378e-02 -1.000000000000000000e+00 0.000000000000000000e+00 0.000000000000000000e+00 0.000000000000000000e+00 7.764606804005502738e-01 0.000000000000000000e+00 0.000000000000000000e+00 1.000000000000000000e+00
7.723973825386825531e+00 1.605163236304904206e+00 -6.515353090691017313e-02 -1.000000000000000000e+00 0.000000000000000000e+00 0.000000000000000000e+00 0.000000000000000000e+00 7.954343090409337069e-01 0.000000000000000000e+00 0.000000000000000000e+00 1.000000000000000000e+00
7.730414926237823892e+00 1.603825789559029547e+00 -9.910122234158946242e+01 -1.000000000000000000e+00 0.000000000000000000e+00 -9.869003315522856212e+01 6.629584627577035280e+04 4.696852707085812426e+02 0.000000000000000000e+00 5.391989813059910830e+02 0.000000000000000000e+00
7.736861398388765743e+00 1.602489457194395728e+00 -9.862196426866633170e-02 -1.000000000000000000e+00 0.000000000000000000e+00 0.000000000000000000e+00 0.000000000000000000e+00 1.741560560024395299e+00 0.000000000000000000e+00 0.000000000000000000e+00 1.000000000000000000e+00
7.743313246318833443e+00 1.601154238282482378e+00 -9.859820011002857143e+01 -1.000000000000000000e+00 0.000000000000000000e+00 -9.495328014691607166e+01 3.972455835733932327e+04 2.862548582036628204e+02 0.000000000000000000e+00 3.466548357708250023e+02 0.000000000000000000e+00
7.749770474510944140e+00 1.599820131895543396e+00 -9.885513430421548264e+01 -1.000000000000000000e+00 0.000000000000000000e+00 -9.883283924604303650e+01 4.481902802031184547e+04 3.191085866243550981e+02 0.000000000000000000e+00 3.701030656445160503e+02 0.000000000000000000e+00
7.756233087451753327e+00 1.598487137106606282e+00 -9.900029195832993878e+01 -1.000000000000000000e+00 0.000000000000000000e+00 -1.657308306290005362e+00 4.649553437078478601e+04 3.387767773675944341e+02 0.000000000000000000e+00 4.444147285346496119e+02 0.000000000000000000e+00
7.762701089631657503e+00 1.597155252989470364e+00 -9.909465503501778016e+01 -1.000000000000000000e+00 0.000000000000000000e+00 8.229686425326789845e+00 4.859495053229919722e+04 3.501109651432050782e+02 0.000000000000000000e+00 3.517805896131624763e+02 0.000000000000000000e+00
7.769174485544799502e+00 1.595824478618706577e+00 -9.861516966554295038e+01 -1.000000000000000000e+00 -8.582552614459231677e+01 0.000000000000000000e+00 7.346445267919619801e+04 5.402453131267797062e+02 6.042453131267797062e+02 0.000000000000000000e+00 0.000000000000000000e+00
7.775653279689067610e+00 1.594494813069657235e+00 -2.381451189124701370e-02 -1.000000000000000000e+00 0.000000000000000000e+00 0.000000000000000000e+00 0.000000000000000000e+00 5.675950553653851260e-01 0.000000000000000000e+00 0.000000000000000000e+00 1.000000000000000000e+00
7.782137476566102663e+00 1.593166255418435151e+00 -2.576020233461798897e-02 -1.000000000000000000e+00 0.000000000000000000e+00 0.000000000000000000e+00 0.000000000000000000e+00 5.978457866089225137e-01 0.000000000000000000e+00 0.000000000000000000e+00 1.000000000000000000e+00
7.788627080681298942e+00 1.591838804741922297e+00 -1.716084143154439801e+00 -1.000000000000000000e+00 0.000000000000000000e+00 0.000000000000000000e+00 0.000000000000000000e+00 1.328636827048698699e+01 0.000000000000000000e+00 0.000000000000000000e+00 1.000000000000000000e+00
7.795122096543806833e+00 1.590512460117771143e+00 -9.848427000195735559e+01 -1.000000000000000000e+00 0.000000000000000000e+00 -9.559072243692384063e+01 5.468621425215274212e+04 4.130847483236289008e+02 0.000000000000000000e+00 5.459573076600557897e+02 0.000000000000000000e+00
7.801622528666539047e+00 1.589187220624400876e+00 -9.922449390863334884e+01 -1.000000000000000000e+00 0.000000000000000000e+00 -9.696371833970053444e+01 6.920379028930267668e+04 5.283893951804402604e+02 0.000000000000000000e+00 5.990299132242279256e+02 0.000000000000000000e+00
7.808128381566169729e+00 1.587863085341000069e+00 -9.932333312564240657e+01 -1.000000000000000000e+00 0.000000000000000000e+00 9.199531806742324136e+01 4.263227318026137073e+04 3.265126911816190614e+02 0.000000000000000000e+00 3.789913531113535896e+02 0.000000000000000000e+00
7.814639659763139790e+00 1.586540053347523793e+00 -9.934842228793128527e+01 -1.000000000000000000e+00 0.000000000000000000e+00 -9.929094500638545640e+01 4.914070333899313118e+04 3.807421660803827308e+02 0.000000000000000000e+00 5.870903398198946661e+02 0.000000000000000000e+00
7.821156367781661345e+00 1.585218123724693617e+00 -9.936340252763176295e+01 -1.000000000000000000e+00 0.000000000000000000e+00 0.000000000000000000e+00 0.000000000000000000e+00 6.432509019043877743e+02 0.000000000000000000e+00 0.000000000000000000e+00 1.000000000000000000e+00
7.827678510149716828e+00 1.583897295553998275e+00 -9.936007463590424038e+01 -1.000000000000000000e+00 0.000000000000000000e+00 -9.504171735216390005e+01 6.515052282390162873e+04 5.103249218675880456e+02 0.000000000000000000e+00 5.778172325705895673e+02 0.000000000000000000e+00
7.834206091399066985e+00 1.582577567917689887e+00 0.000000000000000000e+00 1.000000000000000000e+00 0.000000000000000000e+00 0.000000000000000000e+00 0.000000000000000000e+00 0.000000000000000000e+00 0.000000000000000000e+00 0.000000000000000000e+00 1.000000000000000000e+00
7.840739116065250869e+00 1.581258939898786631e+00 0.000000000000000000e+00 1.000000000000000000e+00 0.000000000000000000e+00 0.000000000000000000e+00 0.000000000000000000e+00 0.000000000000000000e+00 0.000000000000000000e+00 0.000000000000000000e+00 1.000000000000000000e+00
7.847277588687588512e+00 1.579941410581070071e+00 0.000000000000000000e+00 1.000000000000000000e+00 0.000000000000000000e+00 0.000000000000000000e+00 0.000000000000000000e+00 0.000000000000000000e+00 0.000000000000000000e+00 0.000000000000000000e+00 1.000000000000000000e+00
7.853821513809187138e+00 1.578624979049085830e+00 0.000000000000000000e+00 1.000000000000000000e+00 0.000000000000000000e+00 0.000000000000000000e+00 0.000000000000000000e+00 0.000000000000000000e+00 0.000000000000000000e+00 0.000000000000000000e+00 1.000000000000000000e+00
7.860370895976941163e+00 1.577309644388141585e+00 -2.550179705248366568e-01 -1.000000000000000000e+00 0.000000000000000000e+00 -1.960636376410105353e-01 2.440084930923510456e+02 2.806218993400119821e+00 0.000000000000000000e+00 0.000000000000000000e+00 0.000000000000000000e+00
7.866925739741537527e+00 1.575995405684307737e+00 0.000000000000000000e+00 1.000000000000000000e+00 0.000000000000000000e+00 0.000000000000000000e+00 0.000000000000000000e+00 0.000000000000000000e+00 0.000000000000000000e+00 0.000000000000000000e+00 1.000000000000000000e+00
7.873486049657457464e+00 1.574682262024415857e+00 0.000000000000000000e+00 1.000000000000000000e+00 0.000000000000000000e+00 0.000000000000000000e+00 0.000000000000000000e+00 0.000000000000000000e+00 0.000000000000000000e+00 0.000000000000000000e+00 1.000000000000000000e+00
7.880051830282980951e+00 1.573370212496058462e+00 0.000000000000000000e+00 1.000000000000000000e+00 0.000000000000000000e+00 0.000000000000000000e+00 0.000000000000000000e+00 0.000000000000000000e+00 0.000000000000000000e+00 0.000000000000000000e+00 1.000000000000000000e+00
7.886623086180188480e+00 1.572059256187587906e+00 0.000000000000000000e+00 1.000000000000000000e+00 0.000000000000000000e+00 0.000000000000000000e+00 0.000000000000000000e+00 0.000000000000000000e+00 0.000000000000000000e+00 0.000000000000000000e+00 1.000000000000000000e+00
7.893199821914964609e+00 1.570749392188117488e+00 0.000000000000000000e+00 1.000000000000000000e+00 0.000000000000000000e+00 0.000000000000000000e+00 0.000000000000000000e+00 0.000000000000000000e+00 0.000000000000000000e+00 0.000000000000000000e+00 1.000000000000000000e+00
7.899782042057002407e+00 1.569440619587517682e+00 0.000000000000000000e+00 1.000000000000000000e+00 0.000000000000000000e+00 0.000000000000000000e+00 0.000000000000000000e+00 0.000000000000000000e+00 0.000000000000000000e+00 0.000000000000000000e+00 1.000000000000000000e+00
7.906369751179806116e+00 1.568132937476418354e+00 0.000000000000000000e+00 1.000000000000000000e+00 0.000000000000000000e+00 0.000000000000000000e+00 0.000000000000000000e+00 0.000000000000000000e+00 0.000000000000000000e+00 0.000000000000000000e+00 1.000000000000000000e+00
7.912962953860692039e+00 1.566826344946206540e+00 0.000000000000000000e+00 1.000000000000000000e+00 0.000000000000000000e+00 0.000000000000000000e+00 0.000000000000000000e+00 0.000000000000000000e+00 0.000000000000000000e+00 0.000000000000000000e+00 1.000000000000000000e+00
7.919561654680794760e+00 1.565520841089027337e+00 -9.931911980695437592e+01 -1.000000000000000000e+00 0.000000000000000000e+00 -9.921705092758605815e+01 7.359943299322552048e+04 6.458090713384715400e+02 0.000000000000000000e+00 6.484893470010975989e+02 0.000000000000000000e+00
7.926165858225068916e+00 1.564216424997781019e+00 -9.920748151586870733e+01 -1.000000000000000000e+00 0.000000000000000000e+00 -9.889983566094579714e+01 7.249499002606616705e+04 6.361454701426985139e+02 0.000000000000000000e+00 6.427668948280175982e+02 0.000000000000000000e+00
7.932775569082291867e+00 1.562913095766124583e+00 -9.920978827703285674e+01 -1.000000000000000000e+00 0.000000000000000000e+00 -9.909657310761076587e+01 7.407052981649771391e+04 6.580076829792050148e+02 0.000000000000000000e+00 6.653132368225111577e+02 0.000000000000000000e+00
7.939390791845069018e+00 1.561610852488469980e+00 -9.770365296522298593e+01 -1.000000000000000000e+00 0.000000000000000000e+00 -9.539980105581264525e+01 6.914014550037867593e+03 6.272284217056898115e+01 0.000000000000000000e+00 4.973825369357434170e+02 0.000000000000000000e+00
7.946011531109834714e+00 1.560309694259983226e+00 -9.902637963629638307e+01 -1.000000000000000000e+00 0.000000000000000000e+00 -9.837018911662111975e+01 6.613005557061101717e+04 5.948337879041073393e+02 0.000000000000000000e+00 6.686492928645571965e+02 0.000000000000000000e+00
7.952637791476856677e+00 1.559009620176584621e+00 -9.879899033015806253e+01 -1.000000000000000000e+00 0.000000000000000000e+00 -9.869035941586051308e+01 3.580062515507853823e+04 3.308223766520146683e+02 0.000000000000000000e+00 6.225412691241735956e+02 0.000000000000000000e+00
7.959269577550237784e+00 1.557710629334948083e+00 -9.601750503981466522e+01 -1.000000000000000000e+00 0.000000000000000000e+00 -8.873338901159968373e+00 5.421640007566866188e+03 5.054544627057600792e+01 0.000000000000000000e+00 6.099027143247876666e+02 0.000000000000000000e+00
7.965906893937922284e+00 1.556412720832499597e+00 -9.903610403934712281e+01 -1.000000000000000000e+00 0.000000000000000000e+00 -8.948523156551374313e+01 7.356625380708659941e+04 6.860185638110992841e+02 0.000000000000000000e+00 7.018259899680023182e+02 0.000000000000000000e+00
7.972549745251694908e+00 1.555115893767417656e+00 -9.702627563856290749e+01 -1.000000000000000000e+00 0.000000000000000000e+00 -8.208988673991299834e+01 3.464972344753788639e+04 3.198364213459344114e+02 0.000000000000000000e+00 3.863189694608722675e+02 0.000000000000000000e+00
7.979198136107187977e+00 1.553820147238631932e+00 -9.920079822795584334e+01 -1.000000000000000000e+00 0.000000000000000000e+00 -9.920051571204946583e+01 6.307875754073352437e+04 5.952860676367631640e+02 0.000000000000000000e+00 7.124601472771768158e+02 0.000000000000000000e+00
7.985852071123881402e+00 1.552525480345822828e+00 -9.827096266626418242e+01 -1.000000000000000000e+00 -6.054081993319641697e+00 0.000000000000000000e+00 6.136408584548166255e+04 5.716706888995379359e+02 6.356706888995379359e+02 0.000000000000000000e+00 0.000000000000000000e+00
7.992511554925108008e+00 1.551231892189421036e+00 -9.824255517933804072e+01 -1.000000000000000000e+00 0.000000000000000000e+00 -9.685879696836317976e+01 5.736851010483247956e+04 5.476903952015633195e+02 0.000000000000000000e+00 6.144031883313182334e+02 0.000000000000000000e+00
7.999176592138056208e+00 1.549939381870606869e+00 -9.866478617914764015e+01 -1.000000000000000000e+00 0.000000000000000000e+00 -9.866409137009968333e+01 4.429255215045742079e+04 4.177943539975959766e+02 0.000000000000000000e+00 6.375434098867942794e+02 0.000000000000000000e+00
