# OBJ_NAME=4U 0513-40
#         GRID_START=6.00
#         GRID_END=8.00
#         GRID_STEP_FRACTION=0.50
#         XSPEC_FITSTAT=cstat
#         XSPEC_CONTINUUM_MODEL=tbabs*(bbodyrad + pow)*constant
#         XSPEC_LINE_MODEL=gauss
#         LINE_VELOCITY_WIDTH=500
#         INPUT_FILE=/home/simon/Downloads/tgcat/obs_18833_tgid_5221/pm_heg_abs1.pha
#         SEARCH_MODE=Sliding window
#         FIT_REGION_WIDTH=30.00
#         RUNTIME=87
#         COLUMN_NAMES=ENERGY,WAVELENGTH,NORM,NORM_SIGN,NORM_ERR_LO,NORM_ERR_HI,DELTA_FITSTAT,CONSTANT_FACTOR,CONSTANT_FACTOR_ERR_LO,CONSTANT_FACTOR_ERR_HI,FIT_ERR
6.000000000000000000e+00 2.066373137115381287e+00 5.364604015257105112e-06 1.000000000000000000e+00 0.000000000000000000e+00 0.000000000000000000e+00 0.000000000000000000e+00 2.528063591289880654e-11 0.000000000000000000e+00 0.000000000000000000e+00 1.000000000000000000e+00
6.005003461427972589e+00 2.064651403172383937e+00 4.964338893659665451e-06 1.000000000000000000e+00 0.000000000000000000e+00 0.000000000000000000e+00 0.000000000000000000e+00 0.000000000000000000e+00 0.000000000000000000e+00 0.000000000000000000e+00 1.000000000000000000e+00
6.010011095293655181e+00 2.062931103804642063e+00 -1.352662617087045772e-06 -1.000000000000000000e+00 0.000000000000000000e+00 0.000000000000000000e+00 0.000000000000000000e+00 7.380336464908948106e-07 0.000000000000000000e+00 0.000000000000000000e+00 1.000000000000000000e+00
6.015022905076486737e+00 2.061212237816845594e+00 -9.879999503211487344e-01 -1.000000000000000000e+00 0.000000000000000000e+00 0.000000000000000000e+00 0.000000000000000000e+00 6.597907250549928103e-07 0.000000000000000000e+00 0.000000000000000000e+00 1.000000000000000000e+00
6.020038894258807005e+00 2.059494804014679215e+00 -5.940274696665954470e-04 -1.000000000000000000e+00 0.000000000000000000e+00 0.000000000000000000e+00 0.000000000000000000e+00 5.722810487311347227e-01 0.000000000000000000e+00 0.000000000000000000e+00 1.000000000000000000e+00
6.025059066325860080e+00 2.057778801204824592e+00 -1.711665617014981227e-03 -1.000000000000000000e+00 0.000000000000000000e+00 0.000000000000000000e+00 0.000000000000000000e+00 7.414246796755907809e-01 0.000000000000000000e+00 0.000000000000000000e+00 1.000000000000000000e+00
6.030083424765796174e+00 2.056064228194956822e+00 -2.168283320546508569e-04 -1.000000000000000000e+00 0.000000000000000000e+00 0.000000000000000000e+00 0.000000000000000000e+00 8.352889841102494051e-02 0.000000000000000000e+00 0.000000000000000000e+00 1.000000000000000000e+00
6.035111973069674285e+00 2.054351083793744426e+00 -9.043737595578365748e-03 -1.000000000000000000e+00 0.000000000000000000e+00 0.000000000000000000e+00 0.000000000000000000e+00 2.135821048494682906e+00 0.000000000000000000e+00 0.000000000000000000e+00 1.000000000000000000e+00
6.040144714731465747e+00 2.052639366810848021e+00 -7.709735774490723836e-04 -1.000000000000000000e+00 0.000000000000000000e+00 0.000000000000000000e+00 0.000000000000000000e+00 2.797931973221184365e-01 0.000000000000000000e+00 0.000000000000000000e+00 1.000000000000000000e+00
6.045181653248054232e+00 2.050929076056921652e+00 -2.719059396812915658e-03 -1.000000000000000000e+00 0.000000000000000000e+00 0.000000000000000000e+00 0.000000000000000000e+00 6.165965512999520559e-01 0.000000000000000000e+00 0.000000000000000000e+00 1.000000000000000000e+00
6.050222792119239301e+00 2.049220210343609683e+00 -1.575529596908542204e-02 -1.000000000000000000e+00 0.000000000000000000e+00 0.000000000000000000e+00 0.000000000000000000e+00 1.970149276589359122e+00 0.000000000000000000e+00 0.000000000000000000e+00 1.000000000000000000e+00
6.055268134847740846e+00 2.047512768483544576e+00 -1.731078734137938419e-02 -1.000000000000000000e+00 0.000000000000000000e+00 0.000000000000000000e+00 0.000000000000000000e+00 2.122988823554218474e+00 0.000000000000000000e+00 0.000000000000000000e+00 1.000000000000000000e+00
6.060317684939197314e+00 2.045806749290351334e+00 -3.168971717607123317e-02 -1.000000000000000000e+00 0.000000000000000000e+00 0.000000000000000000e+00 0.000000000000000000e+00 2.926246689869726580e+00 0.000000000000000000e+00 0.000000000000000000e+00 1.000000000000000000e+00
6.065371445902172809e+00 2.044102151578641724e+00 -5.993654975605358093e-01 -1.000000000000000000e+00 0.000000000000000000e+00 0.000000000000000000e+00 0.000000000000000000e+00 6.467083612600494469e+00 0.000000000000000000e+00 0.000000000000000000e+00 1.000000000000000000e+00
6.070429421248155322e+00 2.042398974164015168e+00 -4.192604881558410490e-01 -1.000000000000000000e+00 0.000000000000000000e+00 0.000000000000000000e+00 0.000000000000000000e+00 5.086786844869061852e+00 0.000000000000000000e+00 0.000000000000000000e+00 1.000000000000000000e+00
6.075491614491562942e+00 2.040697215863058300e+00 -7.624565873996858034e-02 -1.000000000000000000e+00 0.000000000000000000e+00 0.000000000000000000e+00 0.000000000000000000e+00 3.035491724949371140e+00 0.000000000000000000e+00 0.000000000000000000e+00 1.000000000000000000e+00
6.080558029149742971e+00 2.038996875493343186e+00 -2.796418311664453094e-01 -1.000000000000000000e+00 0.000000000000000000e+00 0.000000000000000000e+00 0.000000000000000000e+00 3.307071434445206570e+00 0.000000000000000000e+00 0.000000000000000000e+00 1.000000000000000000e+00
6.085628668742976366e+00 2.037297951873428659e+00 -3.733496591420019106e-01 -1.000000000000000000e+00 0.000000000000000000e+00 0.000000000000000000e+00 0.000000000000000000e+00 4.110501766096340326e+00 0.000000000000000000e+00 0.000000000000000000e+00 1.000000000000000000e+00
6.090703536794479511e+00 2.035600443822857208e+00 -6.164865714094350801e-01 -1.000000000000000000e+00 0.000000000000000000e+00 0.000000000000000000e+00 0.000000000000000000e+00 6.890077988430848066e+00 0.000000000000000000e+00 0.000000000000000000e+00 1.000000000000000000e+00
6.095782636830406886e+00 2.033904350162153651e+00 -1.208317452556241900e+00 -1.000000000000000000e+00 0.000000000000000000e+00 0.000000000000000000e+00 0.000000000000000000e+00 1.163575602325762581e+01 0.000000000000000000e+00 0.000000000000000000e+00 1.000000000000000000e+00
6.100865972379854618e+00 2.032209669712826461e+00 -5.472316593888163494e-01 -1.000000000000000000e+00 0.000000000000000000e+00 0.000000000000000000e+00 0.000000000000000000e+00 6.491332027242325609e+00 0.000000000000000000e+00 0.000000000000000000e+00 1.000000000000000000e+00
6.105953546974859592e+00 2.030516401297367324e+00 -1.925470617263730089e-01 -1.000000000000000000e+00 0.000000000000000000e+00 0.000000000000000000e+00 0.000000000000000000e+00 1.641575187514538348e+00 0.000000000000000000e+00 0.000000000000000000e+00 1.000000000000000000e+00
6.111045364150406556e+00 2.028824543739246700e+00 -1.754038040242498209e+00 -1.000000000000000000e+00 0.000000000000000000e+00 0.000000000000000000e+00 0.000000000000000000e+00 1.179824092113059741e+01 0.000000000000000000e+00 0.000000000000000000e+00 1.000000000000000000e+00
6.116141427444425460e+00 2.027134095862917373e+00 -1.312993384098435579e+00 -1.000000000000000000e+00 0.000000000000000000e+00 0.000000000000000000e+00 0.000000000000000000e+00 9.031261177324498846e+00 0.000000000000000000e+00 0.000000000000000000e+00 1.000000000000000000e+00
6.121241740397799447e+00 2.025445056493809570e+00 -3.523111810676272437e+00 -1.000000000000000000e+00 0.000000000000000000e+00 0.000000000000000000e+00 0.000000000000000000e+00 2.229873064676899475e+01 0.000000000000000000e+00 0.000000000000000000e+00 1.000000000000000000e+00
6.126346306554362187e+00 2.023757424458334508e+00 -9.085058644112015358e+00 -1.000000000000000000e+00 0.000000000000000000e+00 0.000000000000000000e+00 0.000000000000000000e+00 5.334914577872544328e+01 0.000000000000000000e+00 0.000000000000000000e+00 1.000000000000000000e+00
6.131455129460903208e+00 2.022071198583879958e+00 -2.132595368197776509e+00 -1.000000000000000000e+00 0.000000000000000000e+00 0.000000000000000000e+00 0.000000000000000000e+00 1.200072320419542038e+01 0.000000000000000000e+00 0.000000000000000000e+00 1.000000000000000000e+00
6.136568212667169675e+00 2.020386377698810687e+00 -9.759520908892410418e+00 -1.000000000000000000e+00 0.000000000000000000e+00 0.000000000000000000e+00 0.000000000000000000e+00 5.244412911231948016e+01 0.000000000000000000e+00 0.000000000000000000e+00 1.000000000000000000e+00
6.141685559725869936e+00 2.018702960632467569e+00 -9.061643605494978715e+01 -1.000000000000000000e+00 0.000000000000000000e+00 -7.689812727674979698e+00 1.745988209607837780e+04 4.575395902050552763e+02 0.000000000000000000e+00 4.740778688522934772e+02 0.000000000000000000e+00
6.146807174192673529e+00 2.017020946215167587e+00 -9.277700605661857480e+01 -1.000000000000000000e+00 0.000000000000000000e+00 1.487604430250470955e-01 1.641030187704042328e+04 4.335855040117110093e+02 0.000000000000000000e+00 4.636022753872702538e+02 0.000000000000000000e+00
6.151933059626216505e+00 2.015340333278202056e+00 -9.514555286352488395e+01 -1.000000000000000000e+00 0.000000000000000000e+00 -9.404568184281167476e+01 1.825353143016196191e+04 4.811342929340671617e+02 0.000000000000000000e+00 5.085517799322873316e+02 0.000000000000000000e+00
6.157063219588101433e+00 2.013661120653835290e+00 -2.375497942269877871e+00 -1.000000000000000000e+00 0.000000000000000000e+00 -9.471718414035261713e-01 1.366163663233124907e+02 7.343566361249393992e+00 0.000000000000000000e+00 4.956639090476434717e+02 0.000000000000000000e+00
6.162197657642900950e+00 2.011983307175305935e+00 -8.572559998136978265e+01 -1.000000000000000000e+00 0.000000000000000000e+00 0.000000000000000000e+00 0.000000000000000000e+00 4.632470296942015011e+02 0.000000000000000000e+00 0.000000000000000000e+00 1.000000000000000000e+00
6.167336377358160426e+00 2.010306891676824304e+00 -1.599429953280959160e-02 -1.000000000000000000e+00 0.000000000000000000e+00 0.000000000000000000e+00 0.000000000000000000e+00 6.794034856703067005e-03 0.000000000000000000e+00 0.000000000000000000e+00 1.000000000000000000e+00
6.172479382304400630e+00 2.008631872993570600e+00 -4.950715937315815296e+01 -1.000000000000000000e+00 0.000000000000000000e+00 -1.923555957660656901e+00 9.176105426954954964e+03 2.510360841053719128e+02 0.000000000000000000e+00 3.049726025801466562e+02 0.000000000000000000e+00
6.177626676055119503e+00 2.006958249961698471e+00 -9.766314222528515643e+01 -1.000000000000000000e+00 0.000000000000000000e+00 -8.437919642794169306e+01 1.515393874630777464e+04 4.154318480405904666e+02 0.000000000000000000e+00 4.685099632167010668e+02 0.000000000000000000e+00
6.182778262186794827e+00 2.005286021418328790e+00 -9.838894909793530985e+01 -1.000000000000000000e+00 0.000000000000000000e+00 -2.865449125761529103e+00 1.653159576863946859e+04 4.558018627481409908e+02 0.000000000000000000e+00 4.862704475341006400e+02 0.000000000000000000e+00
6.187934144278887771e+00 2.003615186201552323e+00 -2.503864668952736849e+00 -1.000000000000000000e+00 0.000000000000000000e+00 0.000000000000000000e+00 0.000000000000000000e+00 1.910783884926113174e+01 0.000000000000000000e+00 0.000000000000000000e+00 1.000000000000000000e+00
6.193094325913842901e+00 2.001945743150427948e+00 -6.997520368891821718e+00 -1.000000000000000000e+00 0.000000000000000000e+00 0.000000000000000000e+00 0.000000000000000000e+00 4.218539341664963160e+01 0.000000000000000000e+00 0.000000000000000000e+00 1.000000000000000000e+00
6.198258810677093500e+00 2.000277691104981770e+00 -9.860112410103343450e+01 -1.000000000000000000e+00 0.000000000000000000e+00 0.000000000000000000e+00 0.000000000000000000e+00 5.459502469348135492e+02 0.000000000000000000e+00 0.000000000000000000e+00 1.000000000000000000e+00
6.203427602157062459e+00 1.998611028906206677e+00 -7.040829963137824166e+00 -1.000000000000000000e+00 0.000000000000000000e+00 0.000000000000000000e+00 0.000000000000000000e+00 3.851094864959010522e+01 0.000000000000000000e+00 0.000000000000000000e+00 1.000000000000000000e+00
6.208600703945164057e+00 1.996945755396060118e+00 -9.797201137136546834e+01 -1.000000000000000000e+00 0.000000000000000000e+00 -9.318091965025926982e+01 1.782564624600068055e+04 5.004597228548915950e+02 0.000000000000000000e+00 5.344328569431115739e+02 0.000000000000000000e+00
6.213778119635809283e+00 1.995281869417466547e+00 3.157906380620764246e-05 1.000000000000000000e+00 0.000000000000000000e+00 0.000000000000000000e+00 0.000000000000000000e+00 1.228971270138764799e-04 0.000000000000000000e+00 0.000000000000000000e+00 1.000000000000000000e+00
6.218959852826404955e+00 1.993619369814312314e+00 2.958016495262697130e-05 1.000000000000000000e+00 0.000000000000000000e+00 0.000000000000000000e+00 0.000000000000000000e+00 6.588840661019747941e-04 0.000000000000000000e+00 0.000000000000000000e+00 1.000000000000000000e+00
6.224145907117359044e+00 1.991958255431448777e+00 2.926207853652365083e-05 1.000000000000000000e+00 0.000000000000000000e+00 0.000000000000000000e+00 0.000000000000000000e+00 6.502847478437100235e-04 0.000000000000000000e+00 0.000000000000000000e+00 1.000000000000000000e+00
6.229336286112081567e+00 1.990298525114688521e+00 -1.967716883580353238e-02 -1.000000000000000000e+00 0.000000000000000000e+00 0.000000000000000000e+00 0.000000000000000000e+00 2.759424098387707608e-03 0.000000000000000000e+00 0.000000000000000000e+00 1.000000000000000000e+00
6.234530993416986355e+00 1.988640177710806478e+00 -9.934786236481110677e+01 -1.000000000000000000e+00 0.000000000000000000e+00 -4.582269990442826213e+01 1.884257633335207356e+04 5.478859915568340284e+02 0.000000000000000000e+00 5.668851904983056329e+02 0.000000000000000000e+00
6.239730032641496393e+00 1.986983212067538140e+00 -9.936291601558134801e+01 -1.000000000000000000e+00 -9.761628083080493923e+01 0.000000000000000000e+00 1.823582279972306787e+04 5.255747272084327051e+02 5.415747272084327051e+02 0.000000000000000000e+00 0.000000000000000000e+00
6.244933407398043812e+00 1.985327627033580011e+00 -9.501017578462376889e+01 -1.000000000000000000e+00 0.000000000000000000e+00 0.000000000000000000e+00 0.000000000000000000e+00 5.347985719421541262e+02 0.000000000000000000e+00 0.000000000000000000e+00 1.000000000000000000e+00
6.250141121302072555e+00 1.983673421458586272e+00 -9.934540328130717057e+01 -1.000000000000000000e+00 0.000000000000000000e+00 -9.934466692060395587e+01 1.547880542255009277e+04 4.580667058800247560e+02 0.000000000000000000e+00 4.810870275369858291e+02 0.000000000000000000e+00
6.255353177972041934e+00 1.982020594193170782e+00 -9.999999403704634915e+01 -1.000000000000000000e+00 0.000000000000000000e+00 0.000000000000000000e+00 0.000000000000000000e+00 4.886417389418890034e-01 0.000000000000000000e+00 0.000000000000000000e+00 1.000000000000000000e+00
6.260569581029430175e+00 1.980369144088905076e+00 4.858766749538287434e-05 1.000000000000000000e+00 0.000000000000000000e+00 0.000000000000000000e+00 0.000000000000000000e+00 6.499468930993911953e-04 0.000000000000000000e+00 0.000000000000000000e+00 1.000000000000000000e+00
6.265790334098732650e+00 1.978719069998317037e+00 4.373113790496003974e-05 1.000000000000000000e+00 0.000000000000000000e+00 0.000000000000000000e+00 0.000000000000000000e+00 4.216905774990089097e-04 0.000000000000000000e+00 0.000000000000000000e+00 1.000000000000000000e+00
6.271015440807469865e+00 1.977070370774890451e+00 6.310035315963368721e-05 1.000000000000000000e+00 0.000000000000000000e+00 0.000000000000000000e+00 0.000000000000000000e+00 1.012416952225091615e-04 0.000000000000000000e+00 0.000000000000000000e+00 1.000000000000000000e+00
6.276244904786186574e+00 1.975423045273065226e+00 -1.793975976791505056e-05 -1.000000000000000000e+00 0.000000000000000000e+00 0.000000000000000000e+00 0.000000000000000000e+00 5.151966020425161193e-05 0.000000000000000000e+00 0.000000000000000000e+00 1.000000000000000000e+00
6.281478729668454442e+00 1.973777092348234952e+00 -9.936257434201571925e+01 -1.000000000000000000e+00 0.000000000000000000e+00 -7.173457075363810986e+01 1.803041653192622107e+04 5.477461303484004702e+02 0.000000000000000000e+00 5.785500668121813987e+02 0.000000000000000000e+00
6.286716919090875599e+00 1.972132510856748011e+00 -5.242990690618654526e+00 -1.000000000000000000e+00 0.000000000000000000e+00 0.000000000000000000e+00 0.000000000000000000e+00 3.114871935212472565e+01 0.000000000000000000e+00 0.000000000000000000e+00 1.000000000000000000e+00
6.291959476693084419e+00 1.970489299655904469e+00 -9.936220851929249420e+01 -1.000000000000000000e+00 0.000000000000000000e+00 0.000000000000000000e+00 0.000000000000000000e+00 5.755175532012394797e+02 0.000000000000000000e+00 0.000000000000000000e+00 1.000000000000000000e+00
6.297206406117751065e+00 1.968847457603957185e+00 -9.928568058261130602e+01 -1.000000000000000000e+00 -9.286115269705135233e+01 0.000000000000000000e+00 1.825972723441057315e+04 5.630250851971105703e+02 5.790250851971105703e+02 0.000000000000000000e+00 0.000000000000000000e+00
6.302457711010582386e+00 1.967206983560110700e+00 -4.101217876620916192e-01 -1.000000000000000000e+00 0.000000000000000000e+00 0.000000000000000000e+00 0.000000000000000000e+00 7.613540972873478196e-03 0.000000000000000000e+00 0.000000000000000000e+00 1.000000000000000000e+00
6.307713395020327241e+00 1.965567876384518575e+00 3.057329246053139900e-05 1.000000000000000000e+00 0.000000000000000000e+00 0.000000000000000000e+00 0.000000000000000000e+00 3.922353582139090572e-05 0.000000000000000000e+00 0.000000000000000000e+00 1.000000000000000000e+00
6.312973461798775610e+00 1.963930134938285832e+00 2.801892685968811905e-05 1.000000000000000000e+00 0.000000000000000000e+00 0.000000000000000000e+00 0.000000000000000000e+00 6.357174367053127525e-05 0.000000000000000000e+00 0.000000000000000000e+00 1.000000000000000000e+00
6.318237915000763039e+00 1.962293758083465844e+00 3.025090542824964191e-05 1.000000000000000000e+00 0.000000000000000000e+00 0.000000000000000000e+00 0.000000000000000000e+00 4.133810270466008446e-04 0.000000000000000000e+00 0.000000000000000000e+00 1.000000000000000000e+00
6.323506758284172413e+00 1.960658744683059451e+00 4.488972682517018253e-05 1.000000000000000000e+00 0.000000000000000000e+00 0.000000000000000000e+00 0.000000000000000000e+00 1.119431691137638408e-04 0.000000000000000000e+00 0.000000000000000000e+00 1.000000000000000000e+00
6.328779995309938400e+00 1.959025093601015399e+00 0.000000000000000000e+00 1.000000000000000000e+00 0.000000000000000000e+00 0.000000000000000000e+00 0.000000000000000000e+00 0.000000000000000000e+00 0.000000000000000000e+00 0.000000000000000000e+00 1.000000000000000000e+00
6.334057629742047446e+00 1.957392803702229900e+00 0.000000000000000000e+00 1.000000000000000000e+00 0.000000000000000000e+00 0.000000000000000000e+00 0.000000000000000000e+00 0.000000000000000000e+00 0.000000000000000000e+00 0.000000000000000000e+00 1.000000000000000000e+00
6.339339665247542221e+00 1.955761873852543076e+00 0.000000000000000000e+00 1.000000000000000000e+00 0.000000000000000000e+00 0.000000000000000000e+00 0.000000000000000000e+00 0.000000000000000000e+00 0.000000000000000000e+00 0.000000000000000000e+00 1.000000000000000000e+00
6.344626105496522506e+00 1.954132302918741848e+00 0.000000000000000000e+00 1.000000000000000000e+00 0.000000000000000000e+00 0.000000000000000000e+00 0.000000000000000000e+00 0.000000000000000000e+00 0.000000000000000000e+00 0.000000000000000000e+00 1.000000000000000000e+00
6.349916954162148741e+00 1.952504089768555939e+00 0.000000000000000000e+00 1.000000000000000000e+00 0.000000000000000000e+00 0.000000000000000000e+00 0.000000000000000000e+00 0.000000000000000000e+00 0.000000000000000000e+00 0.000000000000000000e+00 1.000000000000000000e+00
6.355212214920644698e+00 1.950877233270659206e+00 0.000000000000000000e+00 1.000000000000000000e+00 0.000000000000000000e+00 0.000000000000000000e+00 0.000000000000000000e+00 0.000000000000000000e+00 0.000000000000000000e+00 0.000000000000000000e+00 1.000000000000000000e+00
6.360511891451300137e+00 1.949251732294668749e+00 0.000000000000000000e+00 1.000000000000000000e+00 0.000000000000000000e+00 0.000000000000000000e+00 0.000000000000000000e+00 0.000000000000000000e+00 0.000000000000000000e+00 0.000000000000000000e+00 1.000000000000000000e+00
6.365815987436472589e+00 1.947627585711142251e+00 0.000000000000000000e+00 1.000000000000000000e+00 0.000000000000000000e+00 0.000000000000000000e+00 0.000000000000000000e+00 0.000000000000000000e+00 0.000000000000000000e+00 0.000000000000000000e+00 1.000000000000000000e+00
6.371124506561590906e+00 1.946004792391578420e+00 0.000000000000000000e+00 1.000000000000000000e+00 0.000000000000000000e+00 0.000000000000000000e+00 0.000000000000000000e+00 0.000000000000000000e+00 0.000000000000000000e+00 0.000000000000000000e+00 1.000000000000000000e+00
6.376437452515156146e+00 1.944383351208418098e+00 0.000000000000000000e+00 1.000000000000000000e+00 0.000000000000000000e+00 0.000000000000000000e+00 0.000000000000000000e+00 0.000000000000000000e+00 0.000000000000000000e+00 0.000000000000000000e+00 1.000000000000000000e+00
6.381754828988746020e+00 1.942763261035039601e+00 0.000000000000000000e+00 1.000000000000000000e+00 0.000000000000000000e+00 0.000000000000000000e+00 0.000000000000000000e+00 0.000000000000000000e+00 0.000000000000000000e+00 0.000000000000000000e+00 1.000000000000000000e+00
6.387076639677015777e+00 1.941144520745761159e+00 0.000000000000000000e+00 1.000000000000000000e+00 0.000000000000000000e+00 0.000000000000000000e+00 0.000000000000000000e+00 0.000000000000000000e+00 0.000000000000000000e+00 0.000000000000000000e+00 1.000000000000000000e+00
6.392402888277703532e+00 1.939527129215838475e+00 0.000000000000000000e+00 1.000000000000000000e+00 0.000000000000000000e+00 0.000000000000000000e+00 0.000000000000000000e+00 0.000000000000000000e+00 0.000000000000000000e+00 0.000000000000000000e+00 1.000000000000000000e+00
6.397733578491629380e+00 1.937911085321463833e+00 0.000000000000000000e+00 1.000000000000000000e+00 0.000000000000000000e+00 0.000000000000000000e+00 0.000000000000000000e+00 0.000000000000000000e+00 0.000000000000000000e+00 0.000000000000000000e+00 1.000000000000000000e+00
6.403068714022700725e+00 1.936296387939767438e+00 0.000000000000000000e+00 1.000000000000000000e+00 0.000000000000000000e+00 0.000000000000000000e+00 0.000000000000000000e+00 0.000000000000000000e+00 0.000000000000000000e+00 0.000000000000000000e+00 1.000000000000000000e+00
6.408408298577912277e+00 1.934683035948813856e+00 0.000000000000000000e+00 1.000000000000000000e+00 0.000000000000000000e+00 0.000000000000000000e+00 0.000000000000000000e+00 0.000000000000000000e+00 0.000000000000000000e+00 0.000000000000000000e+00 1.000000000000000000e+00
6.413752335867351384e+00 1.933071028227602239e+00 0.000000000000000000e+00 1.000000000000000000e+00 0.000000000000000000e+00 0.000000000000000000e+00 0.000000000000000000e+00 0.000000000000000000e+00 0.000000000000000000e+00 0.000000000000000000e+00 1.000000000000000000e+00
6.419100829604198033e+00 1.931460363656067436e+00 0.000000000000000000e+00 1.000000000000000000e+00 0.000000000000000000e+00 0.000000000000000000e+00 0.000000000000000000e+00 0.000000000000000000e+00 0.000000000000000000e+00 0.000000000000000000e+00 1.000000000000000000e+00
6.424453783504729287e+00 1.929851041115075327e+00 0.000000000000000000e+00 1.000000000000000000e+00 0.000000000000000000e+00 0.000000000000000000e+00 0.000000000000000000e+00 0.000000000000000000e+00 0.000000000000000000e+00 0.000000000000000000e+00 1.000000000000000000e+00
6.429811201288321953e+00 1.928243059486426159e+00 0.000000000000000000e+00 1.000000000000000000e+00 0.000000000000000000e+00 0.000000000000000000e+00 0.000000000000000000e+00 0.000000000000000000e+00 0.000000000000000000e+00 0.000000000000000000e+00 1.000000000000000000e+00
6.435173086677453469e+00 1.926636417652850763e+00 0.000000000000000000e+00 1.000000000000000000e+00 0.000000000000000000e+00 0.000000000000000000e+00 0.000000000000000000e+00 0.000000000000000000e+00 0.000000000000000000e+00 0.000000000000000000e+00 1.000000000000000000e+00
6.440539443397706343e+00 1.925031114498011453e+00 0.000000000000000000e+00 1.000000000000000000e+00 0.000000000000000000e+00 0.000000000000000000e+00 0.000000000000000000e+00 0.000000000000000000e+00 0.000000000000000000e+00 0.000000000000000000e+00 1.000000000000000000e+00
6.445910275177769044e+00 1.923427148906499795e+00 0.000000000000000000e+00 1.000000000000000000e+00 0.000000000000000000e+00 0.000000000000000000e+00 0.000000000000000000e+00 0.000000000000000000e+00 0.000000000000000000e+00 0.000000000000000000e+00 1.000000000000000000e+00
6.451285585749439555e+00 1.921824519763838390e+00 0.000000000000000000e+00 1.000000000000000000e+00 0.000000000000000000e+00 0.000000000000000000e+00 0.000000000000000000e+00 0.000000000000000000e+00 0.000000000000000000e+00 0.000000000000000000e+00 1.000000000000000000e+00
6.456665378847628034e+00 1.920223225956476210e+00 0.000000000000000000e+00 1.000000000000000000e+00 0.000000000000000000e+00 0.000000000000000000e+00 0.000000000000000000e+00 0.000000000000000000e+00 0.000000000000000000e+00 0.000000000000000000e+00 1.000000000000000000e+00
6.462049658210359482e+00 1.918623266371792813e+00 0.000000000000000000e+00 1.000000000000000000e+00 0.000000000000000000e+00 0.000000000000000000e+00 0.000000000000000000e+00 0.000000000000000000e+00 0.000000000000000000e+00 0.000000000000000000e+00 1.000000000000000000e+00
6.467438427578775517e+00 1.917024639898092353e+00 0.000000000000000000e+00 1.000000000000000000e+00 0.000000000000000000e+00 0.000000000000000000e+00 0.000000000000000000e+00 0.000000000000000000e+00 0.000000000000000000e+00 0.000000000000000000e+00 1.000000000000000000e+00
6.472831690697137930e+00 1.915427345424606687e+00 0.000000000000000000e+00 1.000000000000000000e+00 0.000000000000000000e+00 0.000000000000000000e+00 0.000000000000000000e+00 0.000000000000000000e+00 0.000000000000000000e+00 0.000000000000000000e+00 1.000000000000000000e+00
6.478229451312831344e+00 1.913831381841492263e+00 0.000000000000000000e+00 1.000000000000000000e+00 0.000000000000000000e+00 0.000000000000000000e+00 0.000000000000000000e+00 0.000000000000000000e+00 0.000000000000000000e+00 0.000000000000000000e+00 1.000000000000000000e+00
6.483631713176364109e+00 1.912236748039830792e+00 -9.935652534187072149e+01 -1.000000000000000000e+00 0.000000000000000000e+00 0.000000000000000000e+00 0.000000000000000000e+00 7.010599869008001406e+02 0.000000000000000000e+00 0.000000000000000000e+00 1.000000000000000000e+00
6.489038480041373624e+00 1.910643442911627687e+00 -9.936340066374073388e+01 -1.000000000000000000e+00 0.000000000000000000e+00 0.000000000000000000e+00 0.000000000000000000e+00 6.776609693574945368e+02 0.000000000000000000e+00 0.000000000000000000e+00 1.000000000000000000e+00
6.494449755664626345e+00 1.909051465349812737e+00 -9.935507756183740469e+01 -1.000000000000000000e+00 0.000000000000000000e+00 -9.818796384613781925e+01 9.890530553828641132e+03 3.880880195716694061e+02 0.000000000000000000e+00 6.453905140270144329e+02 0.000000000000000000e+00
6.499865543806021329e+00 1.907460814248235881e+00 -9.936273070202798863e+01 -1.000000000000000000e+00 0.000000000000000000e+00 0.000000000000000000e+00 0.000000000000000000e+00 7.139500635448514458e+02 0.000000000000000000e+00 0.000000000000000000e+00 1.000000000000000000e+00
6.505285848228594681e+00 1.905871488501671207e+00 -9.935453001430757070e+01 -1.000000000000000000e+00 0.000000000000000000e+00 -9.841049729027054127e+01 1.165924588912868239e+04 4.598944342813034609e+02 0.000000000000000000e+00 6.737021761939697626e+02 0.000000000000000000e+00
6.510710672698518664e+00 1.904283487005811404e+00 -9.936028017802911450e+01 -1.000000000000000000e+00 0.000000000000000000e+00 -9.886273579987779669e+01 1.259720546215104514e+04 5.002585470869503297e+02 0.000000000000000000e+00 5.563509011681188667e+02 0.000000000000000000e+00
6.516140020985107917e+00 1.902696808657271088e+00 -9.936185314937365831e+01 -1.000000000000000000e+00 0.000000000000000000e+00 1.812570081842807213e+01 1.320432174279814353e+04 5.333577838273986345e+02 0.000000000000000000e+00 6.737033498220131378e+02 0.000000000000000000e+00
6.521573896860818564e+00 1.901111452353583031e+00 -9.935840937590562305e+01 -1.000000000000000000e+00 0.000000000000000000e+00 -9.902717613107685679e+01 1.381297317976662453e+04 5.522175969401113207e+02 0.000000000000000000e+00 5.676327730278576382e+02 0.000000000000000000e+00
6.527012304101254436e+00 1.899527416993199491e+00 -9.936339979114102050e+01 -1.000000000000000000e+00 0.000000000000000000e+00 0.000000000000000000e+00 0.000000000000000000e+00 7.190475858907163911e+02 0.000000000000000000e+00 0.000000000000000000e+00 1.000000000000000000e+00
6.532455246485166178e+00 1.897944701475490215e+00 -9.935587584797552552e+01 -1.000000000000000000e+00 0.000000000000000000e+00 -9.796180648008849801e+01 1.326485951699949874e+04 5.449052484685636273e+02 0.000000000000000000e+00 6.527522925616286784e+02 0.000000000000000000e+00
6.537902727794456581e+00 1.896363304700741548e+00 -9.936328533513183459e+01 -1.000000000000000000e+00 0.000000000000000000e+00 -9.932676736526396155e+01 1.281191316102628298e+04 5.219052062872851820e+02 0.000000000000000000e+00 6.001937203147513173e+02 0.000000000000000000e+00
6.543354751814182357e+00 1.894783225570156437e+00 -9.936292102443476892e+01 -1.000000000000000000e+00 0.000000000000000000e+00 0.000000000000000000e+00 0.000000000000000000e+00 7.216303199526532808e+02 0.000000000000000000e+00 0.000000000000000000e+00 1.000000000000000000e+00
6.548811322332555918e+00 1.893204462985853986e+00 -9.931465772588228447e+01 -1.000000000000000000e+00 0.000000000000000000e+00 -8.195689181469295193e+01 1.062652977195299536e+04 4.469829294141093214e+02 0.000000000000000000e+00 5.562329700192115070e+02 0.000000000000000000e+00
6.554272443140948923e+00 1.891627015850867455e+00 -9.935965554049496973e+01 -1.000000000000000000e+00 -9.703170758268596785e+01 0.000000000000000000e+00 9.383639883232606735e+03 3.961297042581550159e+02 6.521297042581550159e+02 0.000000000000000000e+00 0.000000000000000000e+00
6.559738118033894949e+00 1.890050883069143817e+00 -9.930636538904418842e+01 -1.000000000000000000e+00 0.000000000000000000e+00 -9.930422457434430328e+01 7.890267095803958000e+03 3.371794866197976717e+02 0.000000000000000000e+00 5.995728002868370368e+02 0.000000000000000000e+00
6.565208350809092153e+00 1.888476063545543981e+00 -9.921211220662296171e+01 -1.000000000000000000e+00 0.000000000000000000e+00 -9.921159804036321361e+01 6.315110412699074004e+03 2.745421053586878770e+02 0.000000000000000000e+00 5.362609812536740037e+02 0.000000000000000000e+00
6.570683145267405045e+00 1.886902556185840796e+00 -9.884702183666327358e+01 -1.000000000000000000e+00 0.000000000000000000e+00 -9.863307711979771852e+01 4.821768003358515671e+03 2.120573342324978228e+02 0.000000000000000000e+00 4.929811404600927744e+02 0.000000000000000000e+00
6.576162505212867160e+00 1.885330359896719488e+00 -9.814341276028035566e+01 -1.000000000000000000e+00 0.000000000000000000e+00 -9.473217681923208033e+01 3.451741512281350424e+03 1.559878149871489939e+02 0.000000000000000000e+00 7.834795725569583738e+02 0.000000000000000000e+00
6.581646434452685490e+00 1.883759473585775446e+00 -9.662965011697454543e+01 -1.000000000000000000e+00 0.000000000000000000e+00 -5.858946312476021490e+00 2.343612474870042661e+03 1.104172733283609347e+02 0.000000000000000000e+00 1.265830227979655092e+03 0.000000000000000000e+00
6.587134936797241380e+00 1.882189896161514886e+00 -9.276229748489069493e+01 -1.000000000000000000e+00 0.000000000000000000e+00 -7.424251917257615574e+00 1.631328180358957070e+03 7.852458994464826958e+01 0.000000000000000000e+00 4.896608036730123104e+02 0.000000000000000000e+00
6.592628016060094076e+00 1.880621626533353297e+00 -4.639586053564254797e+00 -1.000000000000000000e+00 0.000000000000000000e+00 0.000000000000000000e+00 0.000000000000000000e+00 4.146610150422272767e+01 0.000000000000000000e+00 0.000000000000000000e+00 1.000000000000000000e+00
6.598125676057981615e+00 1.879054663611614329e+00 -7.989372069300372914e+00 -1.000000000000000000e+00 0.000000000000000000e+00 0.000000000000000000e+00 0.000000000000000000e+00 6.502072543802967175e+01 0.000000000000000000e+00 0.000000000000000000e+00 1.000000000000000000e+00
6.603627920610826152e+00 1.877489006307530905e+00 -8.606798770290956213e+01 -1.000000000000000000e+00 0.000000000000000000e+00 0.000000000000000000e+00 0.000000000000000000e+00 6.442445508487770667e+02 0.000000000000000000e+00 0.000000000000000000e+00 1.000000000000000000e+00
6.609134753541735741e+00 1.875924653533241671e+00 -9.482073160679802015e+01 -1.000000000000000000e+00 0.000000000000000000e+00 2.789108748676067862e+01 1.621263747854442590e+04 7.228549361386599230e+02 0.000000000000000000e+00 7.624335646259401074e+02 0.000000000000000000e+00
6.614646178677005217e+00 1.874361604201792542e+00 -9.291175285127066275e+01 -1.000000000000000000e+00 0.000000000000000000e+00 5.399353938665143460e+00 1.549513540167629253e+04 6.978292735434648648e+02 0.000000000000000000e+00 7.052316790594733220e+02 0.000000000000000000e+00
6.620162199846120643e+00 1.872799857227134490e+00 -7.984474177976774456e+01 -1.000000000000000000e+00 -1.218435098234185165e+00 0.000000000000000000e+00 1.158535388450888604e+04 5.196668161811081745e+02 6.476668161811081745e+02 0.000000000000000000e+00 0.000000000000000000e+00
6.625682820881761970e+00 1.871239411524124430e+00 -1.231493203156991401e+00 -1.000000000000000000e+00 0.000000000000000000e+00 0.000000000000000000e+00 0.000000000000000000e+00 1.179832171094692761e+01 0.000000000000000000e+00 0.000000000000000000e+00 1.000000000000000000e+00
6.631208045619805702e+00 1.869680266008521441e+00 -1.136196517433959663e+00 -1.000000000000000000e+00 0.000000000000000000e+00 0.000000000000000000e+00 0.000000000000000000e+00 1.158027887867754480e+01 0.000000000000000000e+00 0.000000000000000000e+00 1.000000000000000000e+00
6.636737877899325788e+00 1.868122419596990769e+00 -6.001749206396925773e-01 -1.000000000000000000e+00 0.000000000000000000e+00 0.000000000000000000e+00 0.000000000000000000e+00 6.355031368222822330e+00 0.000000000000000000e+00 0.000000000000000000e+00 1.000000000000000000e+00
6.642272321562598059e+00 1.866565871207098271e+00 -8.373313795052821362e-01 -1.000000000000000000e+00 0.000000000000000000e+00 0.000000000000000000e+00 0.000000000000000000e+00 7.337139481664653573e+00 0.000000000000000000e+00 0.000000000000000000e+00 1.000000000000000000e+00
6.647811380455102892e+00 1.865010619757312416e+00 -3.245953478306195628e+00 -1.000000000000000000e+00 0.000000000000000000e+00 0.000000000000000000e+00 0.000000000000000000e+00 3.028270296966975650e+01 0.000000000000000000e+00 0.000000000000000000e+00 1.000000000000000000e+00
6.653355058425526991e+00 1.863456664167002952e+00 -3.555376971148323517e-01 -1.000000000000000000e+00 0.000000000000000000e+00 0.000000000000000000e+00 0.000000000000000000e+00 3.066592868564044227e+00 0.000000000000000000e+00 0.000000000000000000e+00 1.000000000000000000e+00
6.658903359325766047e+00 1.861904003356439352e+00 -3.830309015943567652e-01 -1.000000000000000000e+00 0.000000000000000000e+00 6.464553270381423467e-03 7.995482703221746590e+00 8.589806038399470101e-01 0.000000000000000000e+00 4.372368575015618148e+02 0.000000000000000000e+00
6.664456287010930069e+00 1.860352636246791480e+00 -1.611470040772771117e+00 -1.000000000000000000e+00 0.000000000000000000e+00 0.000000000000000000e+00 0.000000000000000000e+00 1.312523923620104860e+01 0.000000000000000000e+00 0.000000000000000000e+00 1.000000000000000000e+00
6.670013845339340719e+00 1.858802561760127592e+00 4.371961281578588842e-05 1.000000000000000000e+00 0.000000000000000000e+00 8.209776592603092909e-05 1.341659795279852574e-01 1.570851500816400998e-04 0.000000000000000000e+00 1.118567705565157444e-01 0.000000000000000000e+00
6.675576038172540194e+00 1.857253778819414780e+00 4.993632838627106769e-05 1.000000000000000000e+00 0.000000000000000000e+00 0.000000000000000000e+00 0.000000000000000000e+00 5.690057068821142383e-09 0.000000000000000000e+00 0.000000000000000000e+00 1.000000000000000000e+00
6.681142869375288562e+00 1.855706286348516532e+00 5.498081928064787956e-05 1.000000000000000000e+00 0.000000000000000000e+00 0.000000000000000000e+00 0.000000000000000000e+00 3.789240818543248049e-13 0.000000000000000000e+00 0.000000000000000000e+00 1.000000000000000000e+00
6.686714342815570866e+00 1.854160083272192949e+00 5.948063952451886527e-05 1.000000000000000000e+00 0.000000000000000000e+00 0.000000000000000000e+00 0.000000000000000000e+00 2.027572859023007729e-05 0.000000000000000000e+00 0.000000000000000000e+00 1.000000000000000000e+00
6.692290462364595349e+00 1.852615168516101862e+00 5.930074506065916950e-05 1.000000000000000000e+00 0.000000000000000000e+00 0.000000000000000000e+00 0.000000000000000000e+00 2.078193197009241458e-10 0.000000000000000000e+00 0.000000000000000000e+00 1.000000000000000000e+00
6.697871231896799671e+00 1.851071541006794829e+00 6.282659837907931632e-05 1.000000000000000000e+00 0.000000000000000000e+00 0.000000000000000000e+00 0.000000000000000000e+00 9.065498090610029909e-05 0.000000000000000000e+00 0.000000000000000000e+00 1.000000000000000000e+00
6.703456655289853572e+00 1.849529199671717139e+00 6.425683119621926418e-05 1.000000000000000000e+00 0.000000000000000000e+00 0.000000000000000000e+00 0.000000000000000000e+00 5.014093329161416442e-10 0.000000000000000000e+00 0.000000000000000000e+00 1.000000000000000000e+00
6.709046736424657986e+00 1.847988143439209141e+00 6.106645948962183528e-05 1.000000000000000000e+00 0.000000000000000000e+00 0.000000000000000000e+00 0.000000000000000000e+00 9.862112519646436570e-09 0.000000000000000000e+00 0.000000000000000000e+00 1.000000000000000000e+00
6.714641479185352146e+00 1.846448371238503361e+00 5.565775002416987934e-05 1.000000000000000000e+00 0.000000000000000000e+00 0.000000000000000000e+00 0.000000000000000000e+00 1.979002023115656521e-04 0.000000000000000000e+00 0.000000000000000000e+00 1.000000000000000000e+00
6.720240887459313583e+00 1.844909881999724721e+00 4.919677178659632348e-05 1.000000000000000000e+00 0.000000000000000000e+00 0.000000000000000000e+00 0.000000000000000000e+00 8.002183057057818290e-12 0.000000000000000000e+00 0.000000000000000000e+00 1.000000000000000000e+00
6.725844965137160791e+00 1.843372674653889876e+00 3.615069989302158122e-05 1.000000000000000000e+00 0.000000000000000000e+00 0.000000000000000000e+00 0.000000000000000000e+00 3.235239621258086286e-06 0.000000000000000000e+00 0.000000000000000000e+00 1.000000000000000000e+00
6.731453716112758556e+00 1.841836748132905655e+00 -1.677437185308479220e-04 -1.000000000000000000e+00 0.000000000000000000e+00 7.270375369848889940e-05 2.764547879856138479e-03 4.403485522022322022e-04 0.000000000000000000e+00 1.450494727777227233e+01 0.000000000000000000e+00
6.737067144283217068e+00 1.840302101369569288e+00 -1.432972711357460643e-04 -1.000000000000000000e+00 0.000000000000000000e+00 0.000000000000000000e+00 0.000000000000000000e+00 8.542190064898946976e-15 0.000000000000000000e+00 0.000000000000000000e+00 1.000000000000000000e+00
6.742685253548897251e+00 1.838768733297566405e+00 -1.038476814336712872e-04 -1.000000000000000000e+00 0.000000000000000000e+00 7.310973486719835079e-05 6.499674345313621870e-03 1.064488938994412326e-03 0.000000000000000000e+00 7.351259223495798523e-01 0.000000000000000000e+00
6.748308047813412536e+00 1.837236642851472368e+00 3.749357683540110862e-05 1.000000000000000000e+00 0.000000000000000000e+00 8.034416270276799484e-05 -8.737582124496157121e-04 3.246642208547465534e-04 0.000000000000000000e+00 1.513705789379438393e-01 0.000000000000000000e+00
6.753935530983630642e+00 1.835705828966748943e+00 3.660782574264861207e-05 1.000000000000000000e+00 0.000000000000000000e+00 0.000000000000000000e+00 0.000000000000000000e+00 1.365463864947380864e-05 0.000000000000000000e+00 0.000000000000000000e+00 1.000000000000000000e+00
6.759567706969678902e+00 1.834176290579746293e+00 3.960027485084308086e-05 1.000000000000000000e+00 0.000000000000000000e+00 8.326353422390538007e-05 3.778274764991280676e-01 9.006443364221871374e-09 0.000000000000000000e+00 1.551287855173666408e-01 0.000000000000000000e+00
6.765204579684944264e+00 1.832648026627699211e+00 3.556941449913328369e-05 1.000000000000000000e+00 0.000000000000000000e+00 0.000000000000000000e+00 0.000000000000000000e+00 9.105572899506127464e-23 0.000000000000000000e+00 0.000000000000000000e+00 1.000000000000000000e+00
6.770846153046076843e+00 1.831121036048729556e+00 4.694505428056362404e-05 1.000000000000000000e+00 0.000000000000000000e+00 0.000000000000000000e+00 0.000000000000000000e+00 1.081494456303896017e-09 0.000000000000000000e+00 0.000000000000000000e+00 1.000000000000000000e+00
6.776492430972993475e+00 1.829595317781842700e+00 1.989270295235531999e-05 1.000000000000000000e+00 0.000000000000000000e+00 0.000000000000000000e+00 0.000000000000000000e+00 6.833320136080343081e-12 0.000000000000000000e+00 0.000000000000000000e+00 1.000000000000000000e+00
6.782143417388880380e+00 1.828070870766929312e+00 1.839735557508217207e-05 1.000000000000000000e+00 0.000000000000000000e+00 0.000000000000000000e+00 0.000000000000000000e+00 1.682016681630929232e-13 0.000000000000000000e+00 0.000000000000000000e+00 1.000000000000000000e+00
6.787799116220194051e+00 1.826547693944761797e+00 1.938977888068315906e-05 1.000000000000000000e+00 0.000000000000000000e+00 0.000000000000000000e+00 0.000000000000000000e+00 3.835184069966969694e-07 0.000000000000000000e+00 0.000000000000000000e+00 1.000000000000000000e+00
6.793459531396665696e+00 1.825025786256996740e+00 2.287882570331911032e-05 1.000000000000000000e+00 0.000000000000000000e+00 0.000000000000000000e+00 0.000000000000000000e+00 1.182892727368253306e-04 0.000000000000000000e+00 0.000000000000000000e+00 1.000000000000000000e+00
6.799124666851304788e+00 1.823505146646170916e+00 3.037790235461073108e-05 1.000000000000000000e+00 0.000000000000000000e+00 0.000000000000000000e+00 0.000000000000000000e+00 1.348722184844686818e-04 0.000000000000000000e+00 0.000000000000000000e+00 1.000000000000000000e+00
6.804794526520399067e+00 1.821985774055703944e+00 3.664865564402517459e-05 1.000000000000000000e+00 0.000000000000000000e+00 0.000000000000000000e+00 0.000000000000000000e+00 2.348583341554501432e-05 0.000000000000000000e+00 0.000000000000000000e+00 1.000000000000000000e+00
6.810469114343518982e+00 1.820467667429894965e+00 3.987052548878507738e-05 1.000000000000000000e+00 0.000000000000000000e+00 0.000000000000000000e+00 0.000000000000000000e+00 1.068767785480722815e-10 0.000000000000000000e+00 0.000000000000000000e+00 1.000000000000000000e+00
6.816148434263521239e+00 1.818950825713921748e+00 3.567651107413600284e-05 1.000000000000000000e+00 0.000000000000000000e+00 0.000000000000000000e+00 0.000000000000000000e+00 1.651328258249733562e-13 0.000000000000000000e+00 0.000000000000000000e+00 1.000000000000000000e+00
6.821832490226549695e+00 1.817435247853842917e+00 7.408684667716162407e-07 1.000000000000000000e+00 0.000000000000000000e+00 5.919917245015914693e-05 -3.385802356497435994e-03 1.455248545461923057e-23 0.000000000000000000e+00 3.026884770531741986e-01 0.000000000000000000e+00
6.827521286182038907e+00 1.815920932796593723e+00 -1.814626280697800951e-04 -1.000000000000000000e+00 0.000000000000000000e+00 3.648648821490696752e-05 9.958309696287415136e-04 3.031849930474772191e-04 0.000000000000000000e+00 2.995191396674924400e-01 0.000000000000000000e+00
6.833214826082717686e+00 1.814407879489987385e+00 -3.218489931019081866e-03 -1.000000000000000000e+00 0.000000000000000000e+00 -8.097889496270936280e-04 1.261526861778605735e-01 3.263827358741473728e-02 0.000000000000000000e+00 7.043710162727615520e-01 0.000000000000000000e+00
6.838913113884609984e+00 1.812896086882713975e+00 -4.826757045667075252e-03 -1.000000000000000000e+00 0.000000000000000000e+00 -1.965058011951482768e-03 1.955445200600536282e-03 5.383512447589980723e-04 0.000000000000000000e+00 6.647217209962084095e-01 0.000000000000000000e+00
6.844616153547039339e+00 1.811385553924339531e+00 -5.560244258141311055e-03 -1.000000000000000000e+00 0.000000000000000000e+00 -1.323034731853121350e-03 1.059295117251224383e-03 3.182113912982092140e-04 0.000000000000000000e+00 1.315084186423448376e+00 0.000000000000000000e+00
6.850323949032630644e+00 1.809876279565305390e+00 -1.180116363334180948e-02 -1.000000000000000000e+00 0.000000000000000000e+00 -7.203907424332643521e-03 8.826041264669015618e-04 2.907613152170118384e-04 0.000000000000000000e+00 3.952531103315167105e+00 0.000000000000000000e+00
6.856036504307313706e+00 1.808368262756926637e+00 -6.782140418722504283e-02 -1.000000000000000000e+00 0.000000000000000000e+00 -6.590068665187442942e-02 2.093435997377341096e+00 5.321128039257659870e-01 0.000000000000000000e+00 6.203849751651270026e+02 0.000000000000000000e+00
6.861753823340325908e+00 1.806861502451392543e+00 -2.262440390956810612e-02 -1.000000000000000000e+00 0.000000000000000000e+00 -1.061545404337611853e-02 7.913873456380926541e-01 1.985289510264498514e-01 0.000000000000000000e+00 5.153089915404259500e+02 0.000000000000000000e+00
6.867475910104213099e+00 1.805355997601766127e+00 -2.362620667421636705e-02 -1.000000000000000000e+00 0.000000000000000000e+00 -1.607221539489859380e-02 3.353814020033780707e-01 9.259070710076186539e-02 0.000000000000000000e+00 5.411985440795373279e+02 0.000000000000000000e+00
6.873202768574835808e+00 1.803851747161981711e+00 -2.270619796435326132e-02 -1.000000000000000000e+00 0.000000000000000000e+00 -2.226903942861906474e-02 2.498371643168582068e-01 7.182607358720137503e-02 0.000000000000000000e+00 5.185943967713541269e+02 0.000000000000000000e+00
6.878934402731368358e+00 1.802348750086846252e+00 -1.628573837058605589e-02 -1.000000000000000000e+00 0.000000000000000000e+00 -7.467448075553285644e-03 1.001339281732995801e-01 3.197076938260875328e-02 0.000000000000000000e+00 8.663513462016787798e+02 0.000000000000000000e+00
6.884670816556305084e+00 1.800847005332036233e+00 -1.391757893000281944e-02 -1.000000000000000000e+00 0.000000000000000000e+00 -7.721492397268838424e-03 2.695959371754383938e-01 1.001625811564605673e-01 0.000000000000000000e+00 2.196760763106106129e+00 0.000000000000000000e+00
6.890412014035459443e+00 1.799346511854099884e+00 -7.725379719222480283e-03 -1.000000000000000000e+00 0.000000000000000000e+00 -4.093060540098062555e-03 4.159431190331019934e-03 1.570056065037435736e-03 0.000000000000000000e+00 1.055422199347622714e+00 0.000000000000000000e+00
6.896157999157970231e+00 1.797847268610453630e+00 -2.841318404101434835e-03 -1.000000000000000000e+00 0.000000000000000000e+00 8.202993410412647013e-06 4.426116635272592248e-03 1.876151025297023104e-03 0.000000000000000000e+00 9.293051628932498254e-01 0.000000000000000000e+00
6.901908775916301586e+00 1.796349274559382980e+00 -1.878112947729382093e-03 -1.000000000000000000e+00 0.000000000000000000e+00 2.921193335418052588e-05 5.792548523267271321e-03 2.630581029007365845e-03 0.000000000000000000e+00 1.174018590430879971e+00 0.000000000000000000e+00
6.907664348306248314e+00 1.794852528660041413e+00 -1.829249551877566889e-03 -1.000000000000000000e+00 0.000000000000000000e+00 9.191744306511579962e-06 4.402211294276980880e-03 2.022353486456185401e-03 0.000000000000000000e+00 9.276996198891965806e-01 0.000000000000000000e+00
6.913424720326936779e+00 1.793357029872449937e+00 -9.452051009923015043e-04 -1.000000000000000000e+00 0.000000000000000000e+00 -7.247264572208048095e-06 3.965816621196438518e-03 1.997361892899278402e-03 0.000000000000000000e+00 1.419677230929231149e+00 0.000000000000000000e+00
6.919189895980827565e+00 1.791862777157495312e+00 -1.421960026963769541e-04 -1.000000000000000000e+00 0.000000000000000000e+00 1.252033236750826678e-05 2.125987230009229734e-03 1.119410149456711917e-03 0.000000000000000000e+00 1.390079960643487267e+00 0.000000000000000000e+00
6.924959879273719920e+00 1.790369769476931161e+00 -2.445540572952657033e-06 -1.000000000000000000e+00 0.000000000000000000e+00 1.532698363507202321e-05 0.000000000000000000e+00 2.530499463276033657e-05 0.000000000000000000e+00 1.658962098930657936e+00 0.000000000000000000e+00
6.930734674214753532e+00 1.788878005793375303e+00 -1.813013056409975780e-06 -1.000000000000000000e+00 0.000000000000000000e+00 1.826406145505913710e-05 0.000000000000000000e+00 3.042191061839313026e-06 0.000000000000000000e+00 1.131766420967037723e+00 0.000000000000000000e+00
6.936514284816411191e+00 1.787387485070310644e+00 -2.477702654100626353e-05 -1.000000000000000000e+00 0.000000000000000000e+00 0.000000000000000000e+00 0.000000000000000000e+00 2.228946452235924561e-10 0.000000000000000000e+00 0.000000000000000000e+00 1.000000000000000000e+00
6.942298715094520567e+00 1.785898206272082511e+00 -1.679444231968992398e-05 -1.000000000000000000e+00 0.000000000000000000e+00 0.000000000000000000e+00 0.000000000000000000e+00 3.041997989913628776e-04 0.000000000000000000e+00 0.000000000000000000e+00 1.000000000000000000e+00
6.948087969068260428e+00 1.784410168363900873e+00 -2.366651983771866105e-05 -1.000000000000000000e+00 0.000000000000000000e+00 0.000000000000000000e+00 0.000000000000000000e+00 1.462689999192846307e-16 0.000000000000000000e+00 0.000000000000000000e+00 1.000000000000000000e+00
6.953882050760158862e+00 1.782923370311836564e+00 -1.301942774054469858e-06 -1.000000000000000000e+00 0.000000000000000000e+00 2.168243469613757572e-05 0.000000000000000000e+00 9.444549699596878419e-08 0.000000000000000000e+00 5.334128610348668476e-01 0.000000000000000000e+00
6.959680964196100383e+00 1.781437811082822398e+00 -1.867003543519984543e-06 -1.000000000000000000e+00 0.000000000000000000e+00 2.122977290240534907e-05 0.000000000000000000e+00 1.568756951924286935e-05 0.000000000000000000e+00 1.785351264631595436e+00 0.000000000000000000e+00
6.965484713405325046e+00 1.779953489644652054e+00 -6.464459454602387671e-05 -1.000000000000000000e+00 0.000000000000000000e+00 0.000000000000000000e+00 0.000000000000000000e+00 1.762832589149956886e-03 0.000000000000000000e+00 0.000000000000000000e+00 1.000000000000000000e+00
6.971293302420433768e+00 1.778470404965979412e+00 -9.941305765162513752e-05 -1.000000000000000000e+00 0.000000000000000000e+00 2.500204258428406941e-05 5.126762678474960921e-02 2.743139505081999135e-02 0.000000000000000000e+00 3.877944412466516777e+00 0.000000000000000000e+00
6.977106735277391003e+00 1.776988556016316556e+00 -1.199570388956555395e-04 -1.000000000000000000e+00 0.000000000000000000e+00 3.728248688978573174e-05 1.214908294855376880e-06 7.296759889508611942e-05 0.000000000000000000e+00 1.911573744356507509e+00 0.000000000000000000e+00
6.982925016015525621e+00 1.775507941766035547e+00 -3.830687257693594049e-06 -1.000000000000000000e+00 0.000000000000000000e+00 0.000000000000000000e+00 0.000000000000000000e+00 2.250671469524422041e-05 0.000000000000000000e+00 0.000000000000000000e+00 1.000000000000000000e+00
6.988748148677535355e+00 1.774028561186365982e+00 4.455288816308291129e-05 1.000000000000000000e+00 0.000000000000000000e+00 0.000000000000000000e+00 0.000000000000000000e+00 1.638736808311625734e-06 0.000000000000000000e+00 0.000000000000000000e+00 1.000000000000000000e+00
6.994576137309488573e+00 1.772550413249394330e+00 5.771683168760349201e-05 1.000000000000000000e+00 0.000000000000000000e+00 0.000000000000000000e+00 0.000000000000000000e+00 7.700080805122403794e-06 0.000000000000000000e+00 0.000000000000000000e+00 1.000000000000000000e+00
7.000408985960828723e+00 1.771073496928063928e+00 6.307439846871109722e-05 1.000000000000000000e+00 0.000000000000000000e+00 0.000000000000000000e+00 0.000000000000000000e+00 2.467186039558050435e-07 0.000000000000000000e+00 0.000000000000000000e+00 1.000000000000000000e+00
7.006246698684376106e+00 1.769597811196173431e+00 6.431086612834689925e-05 1.000000000000000000e+00 0.000000000000000000e+00 0.000000000000000000e+00 0.000000000000000000e+00 2.666517368150600670e-08 0.000000000000000000e+00 0.000000000000000000e+00 1.000000000000000000e+00
7.012089279536330544e+00 1.768123355028376364e+00 6.456280981783533112e-05 1.000000000000000000e+00 0.000000000000000000e+00 0.000000000000000000e+00 0.000000000000000000e+00 1.765241018841797314e-07 0.000000000000000000e+00 0.000000000000000000e+00 1.000000000000000000e+00
7.017936732576273151e+00 1.766650127400181791e+00 6.294373611360843323e-05 1.000000000000000000e+00 0.000000000000000000e+00 0.000000000000000000e+00 0.000000000000000000e+00 6.275471249338627350e-05 0.000000000000000000e+00 0.000000000000000000e+00 1.000000000000000000e+00
7.023789061867172556e+00 1.765178127287950538e+00 5.750155766689928950e-05 1.000000000000000000e+00 0.000000000000000000e+00 0.000000000000000000e+00 0.000000000000000000e+00 3.012145411392237253e-06 0.000000000000000000e+00 0.000000000000000000e+00 1.000000000000000000e+00
7.029646271475383124e+00 1.763707353668898525e+00 -3.529994844450035345e-03 -1.000000000000000000e+00 0.000000000000000000e+00 0.000000000000000000e+00 0.000000000000000000e+00 5.222519134482570546e-01 0.000000000000000000e+00 0.000000000000000000e+00 1.000000000000000000e+00
7.035508365470652059e+00 1.762237805521092104e+00 -1.186512587731005687e-02 -1.000000000000000000e+00 0.000000000000000000e+00 0.000000000000000000e+00 0.000000000000000000e+00 5.533249197558915977e-01 0.000000000000000000e+00 0.000000000000000000e+00 1.000000000000000000e+00
7.041375347926120298e+00 1.760769481823449834e+00 -1.904780717030996884e-01 -1.000000000000000000e+00 0.000000000000000000e+00 0.000000000000000000e+00 0.000000000000000000e+00 6.412915657513359236e+00 0.000000000000000000e+00 0.000000000000000000e+00 1.000000000000000000e+00
7.047247222918324283e+00 1.759302381555740702e+00 -2.854332121709306919e-02 -1.000000000000000000e+00 0.000000000000000000e+00 0.000000000000000000e+00 0.000000000000000000e+00 1.420774079374913068e+00 0.000000000000000000e+00 0.000000000000000000e+00 1.000000000000000000e+00
7.053123994527200402e+00 1.757836503698584130e+00 -4.837419739985893835e-02 -1.000000000000000000e+00 0.000000000000000000e+00 0.000000000000000000e+00 0.000000000000000000e+00 1.775041644208865232e+00 0.000000000000000000e+00 0.000000000000000000e+00 1.000000000000000000e+00
7.059005666836087656e+00 1.756371847233449524e+00 -7.446217681166364399e-02 -1.000000000000000000e+00 0.000000000000000000e+00 0.000000000000000000e+00 0.000000000000000000e+00 2.169339071524682971e+00 0.000000000000000000e+00 0.000000000000000000e+00 1.000000000000000000e+00
7.064892243931729432e+00 1.754908411142653613e+00 -2.221509486685797063e-01 -1.000000000000000000e+00 0.000000000000000000e+00 0.000000000000000000e+00 0.000000000000000000e+00 1.763121863186571492e+00 0.000000000000000000e+00 0.000000000000000000e+00 1.000000000000000000e+00
7.070783729904277948e+00 1.753446194409361780e+00 -4.687477543683716164e+00 -1.000000000000000000e+00 0.000000000000000000e+00 0.000000000000000000e+00 0.000000000000000000e+00 5.867830359058057610e+01 0.000000000000000000e+00 0.000000000000000000e+00 1.000000000000000000e+00
7.076680128847296025e+00 1.751985196017586288e+00 -1.329366291637892328e-01 -1.000000000000000000e+00 0.000000000000000000e+00 0.000000000000000000e+00 0.000000000000000000e+00 2.896015072026205228e+00 0.000000000000000000e+00 0.000000000000000000e+00 1.000000000000000000e+00
7.082581444857760644e+00 1.750525414952186498e+00 -6.927845741955753756e-01 -1.000000000000000000e+00 0.000000000000000000e+00 -4.997238676234927457e-01 3.220785326528390158e+01 7.170581999814348961e+00 0.000000000000000000e+00 4.627187452716640905e+02 0.000000000000000000e+00
7.088487682036063831e+00 1.749066850198867318e+00 -1.267911579954519863e-01 -1.000000000000000000e+00 0.000000000000000000e+00 0.000000000000000000e+00 0.000000000000000000e+00 3.566873326271722711e+00 0.000000000000000000e+00 0.000000000000000000e+00 1.000000000000000000e+00
7.094398844486017985e+00 1.747609500744178535e+00 -7.382341689036076016e-02 -1.000000000000000000e+00 0.000000000000000000e+00 0.000000000000000000e+00 0.000000000000000000e+00 2.073515289791923788e+00 0.000000000000000000e+00 0.000000000000000000e+00 1.000000000000000000e+00
7.100314936314857661e+00 1.746153365575515037e+00 -5.668669433467711238e-01 -1.000000000000000000e+00 0.000000000000000000e+00 0.000000000000000000e+00 0.000000000000000000e+00 1.278601662477690937e+01 0.000000000000000000e+00 0.000000000000000000e+00 1.000000000000000000e+00
7.106235961633242226e+00 1.744698443681114597e+00 -2.885818304280661148e-02 -1.000000000000000000e+00 0.000000000000000000e+00 0.000000000000000000e+00 0.000000000000000000e+00 9.991715726588391577e-01 0.000000000000000000e+00 0.000000000000000000e+00 1.000000000000000000e+00
7.112161924555259418e+00 1.743244734050058975e+00 -9.357284582957387306e-06 -1.000000000000000000e+00 0.000000000000000000e+00 0.000000000000000000e+00 0.000000000000000000e+00 3.237782338454758498e-04 0.000000000000000000e+00 0.000000000000000000e+00 1.000000000000000000e+00
7.118092829198427118e+00 1.741792235672271039e+00 -3.962958054601295466e-02 -1.000000000000000000e+00 0.000000000000000000e+00 0.000000000000000000e+00 0.000000000000000000e+00 8.626889187650518265e-01 0.000000000000000000e+00 0.000000000000000000e+00 1.000000000000000000e+00
7.124028679683696907e+00 1.740340947538516092e+00 -8.240993812497661442e-02 -1.000000000000000000e+00 0.000000000000000000e+00 0.000000000000000000e+00 0.000000000000000000e+00 1.392450920728278696e+00 0.000000000000000000e+00 0.000000000000000000e+00 1.000000000000000000e+00
7.129969480135457616e+00 1.738890868640399878e+00 -9.647245252275263283e+01 -1.000000000000000000e+00 0.000000000000000000e+00 -9.382155850583878021e+00 1.130476655100565404e+04 1.029583341415360110e+03 0.000000000000000000e+00 1.034458704045704735e+03 0.000000000000000000e+00
7.135915234681537100e+00 1.737441997970369245e+00 -9.691144688540525465e+01 -1.000000000000000000e+00 0.000000000000000000e+00 -9.622851608639679455e+01 1.049849339185641657e+04 9.575419421533991908e+02 0.000000000000000000e+00 9.976614649363763192e+02 0.000000000000000000e+00
7.141865947453204910e+00 1.735994334521709703e+00 -4.277188370730271139e+00 -1.000000000000000000e+00 0.000000000000000000e+00 0.000000000000000000e+00 0.000000000000000000e+00 5.452421377910786049e+01 0.000000000000000000e+00 0.000000000000000000e+00 1.000000000000000000e+00
7.147821622585176726e+00 1.734547877288545648e+00 -9.805769924472211585e+01 -1.000000000000000000e+00 0.000000000000000000e+00 -6.286407259360352384e+00 1.105374766353662199e+04 1.043358520830106272e+03 0.000000000000000000e+00 1.224109603814669754e+03 0.000000000000000000e+00
7.153782264215615250e+00 1.733102625265839913e+00 -9.842492399470782516e+01 -1.000000000000000000e+00 0.000000000000000000e+00 -9.427894833804657537e+00 1.220505905606206761e+04 1.141340894753996508e+03 0.000000000000000000e+00 1.180493177245161405e+03 0.000000000000000000e+00
7.159747876486134643e+00 1.731658577449392222e+00 -4.553268053619817124e+00 -1.000000000000000000e+00 0.000000000000000000e+00 0.000000000000000000e+00 0.000000000000000000e+00 6.183623398353822864e+01 0.000000000000000000e+00 0.000000000000000000e+00 1.000000000000000000e+00
7.165718463541802308e+00 1.730215732835839626e+00 -9.690719644642521757e+01 -1.000000000000000000e+00 -3.489125148832833645e+00 0.000000000000000000e+00 1.079447990337830106e+03 1.155391266392033458e+02 1.139539126639203459e+03 0.000000000000000000e+00 0.000000000000000000e+00
7.171694029531142434e+00 1.728774090422655174e+00 -9.746874669431176130e+01 -1.000000000000000000e+00 0.000000000000000000e+00 -9.709944227598806776e+01 1.107948791729711047e+03 1.202254981059843715e+02 0.000000000000000000e+00 1.407593691565247354e+03 0.000000000000000000e+00
7.177674578606138667e+00 1.727333649208146804e+00 -9.763324865815665987e+01 -1.000000000000000000e+00 0.000000000000000000e+00 -9.653466375194557969e+00 1.044723819506770042e+03 1.148560263972516111e+02 0.000000000000000000e+00 6.298474740569122332e+02 0.000000000000000000e+00
7.183660114922237661e+00 1.725894408191456675e+00 -9.752216426535143512e+01 -1.000000000000000000e+00 -6.634940552886902765e+00 0.000000000000000000e+00 9.235211115650034799e+02 1.018671493671470643e+02 1.125867149367147022e+03 0.000000000000000000e+00 0.000000000000000000e+00
7.189650642638349964e+00 1.724456366372562499e+00 -9.931459237724916989e+01 -1.000000000000000000e+00 0.000000000000000000e+00 1.010523840577093324e-01 1.225199070441424738e+04 1.220898745665702563e+03 0.000000000000000000e+00 1.241005600043660934e+03 0.000000000000000000e+00
7.195646165916856241e+00 1.723019522752273547e+00 -9.932558907928996916e+01 -1.000000000000000000e+00 0.000000000000000000e+00 -9.875949348560199326e+01 1.165125795306700456e+04 1.152358846465311672e+03 0.000000000000000000e+00 1.196131681538442081e+03 0.000000000000000000e+00
7.201646688923606376e+00 1.721583876332232421e+00 -9.799074660268851744e+01 -1.000000000000000000e+00 0.000000000000000000e+00 -9.211995706970508024e+01 8.280041503716441866e+02 9.603614319085139073e+01 0.000000000000000000e+00 8.821229830251797921e+02 0.000000000000000000e+00
7.207652215827925701e+00 1.720149426114913060e+00 -9.872729795729790681e+01 -1.000000000000000000e+00 0.000000000000000000e+00 1.490237515612584218e+00 1.146040909541529800e+03 1.306891501851610826e+02 0.000000000000000000e+00 9.879121995484293848e+02 0.000000000000000000e+00
7.213662750802614987e+00 1.718716171103621404e+00 -9.919229827318434900e+01 -1.000000000000000000e+00 -9.570928823045194633e+01 0.000000000000000000e+00 1.652839614510251977e+03 1.830331310652143770e+02 1.207033131065214320e+03 0.000000000000000000e+00 0.000000000000000000e+00
7.219678298023954888e+00 1.717284110302493172e+00 -9.933703192629288026e+01 -1.000000000000000000e+00 0.000000000000000000e+00 -4.795311024261559396e+01 2.208787708129413204e+03 2.426418298799646891e+02 0.000000000000000000e+00 1.152647480616560642e+03 0.000000000000000000e+00
7.225698861671710382e+00 1.715853242716494531e+00 -9.936248368143925802e+01 -1.000000000000000000e+00 0.000000000000000000e+00 -9.824915853657421394e+01 2.737834891123646685e+03 2.974492275707059434e+02 0.000000000000000000e+00 1.170239909204913602e+03 0.000000000000000000e+00
7.231724445929129885e+00 1.714423567351419875e+00 -9.935445754349412084e+01 -1.000000000000000000e+00 0.000000000000000000e+00 9.518382727688361911e+00 3.068166221399073493e+03 3.366130359917499391e+02 0.000000000000000000e+00 9.033393158401473784e+02 0.000000000000000000e+00
7.237755054982951464e+00 1.712995083213891823e+00 -9.931946131537804945e+01 -1.000000000000000000e+00 0.000000000000000000e+00 -9.788020219847423675e+01 3.165599478236118557e+03 3.551015242175508888e+02 0.000000000000000000e+00 8.210728012250569918e+02 0.000000000000000000e+00
7.243790693023404614e+00 1.711567789311361887e+00 -9.935814848361739848e+01 -1.000000000000000000e+00 0.000000000000000000e+00 -9.929379220478391233e+01 3.187793312475624589e+03 3.544691267008933551e+02 0.000000000000000000e+00 9.646589958591075629e+02 0.000000000000000000e+00
7.249831364244212040e+00 1.710141684652107807e+00 -9.933337395908729661e+01 -1.000000000000000000e+00 0.000000000000000000e+00 -5.179834895368671255e+00 3.028476482615061286e+03 3.426969728010544713e+02 0.000000000000000000e+00 1.690518653719048871e+03 0.000000000000000000e+00
7.255877072842594977e+00 1.708716768245233997e+00 -9.933574559995844311e+01 -1.000000000000000000e+00 -9.673846619018605963e+01 0.000000000000000000e+00 2.828475016609491377e+03 3.288027223508020143e+02 8.408027223508020143e+02 0.000000000000000000e+00 0.000000000000000000e+00
7.261927823019274086e+00 1.707293039100669763e+00 -9.934953259206810117e+01 -1.000000000000000000e+00 -9.702713548792023346e+01 0.000000000000000000e+00 2.765863318637824250e+03 3.200985005946304227e+02 8.320985005946304227e+02 0.000000000000000000e+00 0.000000000000000000e+00
7.267983618978473004e+00 1.705870496229170197e+00 -9.935898077362561764e+01 -1.000000000000000000e+00 0.000000000000000000e+00 4.052392816942074205e-01 2.708187220918089224e+03 3.213556928079083264e+02 0.000000000000000000e+00 1.001822402558148838e+03 0.000000000000000000e+00
7.274044464927921894e+00 1.704449138642313732e+00 -9.935985576974965738e+01 -1.000000000000000000e+00 0.000000000000000000e+00 -9.855129444310522047e+01 2.847369183788312512e+03 3.342095992766504082e+02 0.000000000000000000e+00 4.675383744297912472e+02 0.000000000000000000e+00
7.280110365078859225e+00 1.703028965352503699e+00 -9.935878919163593537e+01 -1.000000000000000000e+00 0.000000000000000000e+00 3.267114178136409919e-01 3.013556897464731719e+03 3.613206384930078912e+02 0.000000000000000000e+00 9.145194288120533201e+02 0.000000000000000000e+00
7.286181323646034436e+00 1.701609975372965211e+00 -9.932104746996832034e+01 -1.000000000000000000e+00 0.000000000000000000e+00 -9.917987747627000772e+01 3.423433832481342961e+03 4.046982472579759360e+02 0.000000000000000000e+00 1.064963952208157934e+03 0.000000000000000000e+00
7.292257344847713263e+00 1.700192167717745617e+00 -9.935902670676105686e+01 -1.000000000000000000e+00 0.000000000000000000e+00 -9.927923246254884759e+01 3.876466303450316900e+03 4.670074538986643233e+02 0.000000000000000000e+00 5.685702028489802160e+02 0.000000000000000000e+00
7.298338432905678630e+00 1.698775541401714717e+00 -9.934827536097974132e+01 -1.000000000000000000e+00 0.000000000000000000e+00 -9.903221523205421306e+01 4.492416161934141201e+03 5.468422033776919307e+02 0.000000000000000000e+00 1.386326356170094641e+03 0.000000000000000000e+00
7.304424592045234199e+00 1.697360095440562322e+00 -9.933996422366813306e+01 -1.000000000000000000e+00 -9.707920641659222838e+01 0.000000000000000000e+00 5.276321438874378146e+03 6.387643963706292425e+02 1.150764396370629129e+03 0.000000000000000000e+00 0.000000000000000000e+00
7.310515826495206149e+00 1.695945828850798032e+00 0.000000000000000000e+00 1.000000000000000000e+00 0.000000000000000000e+00 0.000000000000000000e+00 0.000000000000000000e+00 0.000000000000000000e+00 0.000000000000000000e+00 0.000000000000000000e+00 1.000000000000000000e+00
7.316612140487947613e+00 1.694532740649751679e+00 0.000000000000000000e+00 1.000000000000000000e+00 0.000000000000000000e+00 0.000000000000000000e+00 0.000000000000000000e+00 0.000000000000000000e+00 0.000000000000000000e+00 0.000000000000000000e+00 1.000000000000000000e+00
7.322713538259342236e+00 1.693120829855571774e+00 0.000000000000000000e+00 1.000000000000000000e+00 0.000000000000000000e+00 0.000000000000000000e+00 0.000000000000000000e+00 0.000000000000000000e+00 0.000000000000000000e+00 0.000000000000000000e+00 1.000000000000000000e+00
7.328820024048804171e+00 1.691710095487224841e+00 0.000000000000000000e+00 1.000000000000000000e+00 0.000000000000000000e+00 0.000000000000000000e+00 0.000000000000000000e+00 0.000000000000000000e+00 0.000000000000000000e+00 0.000000000000000000e+00 1.000000000000000000e+00
7.334931602099284298e+00 1.690300536564494527e+00 0.000000000000000000e+00 1.000000000000000000e+00 0.000000000000000000e+00 0.000000000000000000e+00 0.000000000000000000e+00 0.000000000000000000e+00 0.000000000000000000e+00 0.000000000000000000e+00 1.000000000000000000e+00
7.341048276657271110e+00 1.688892152107981603e+00 0.000000000000000000e+00 1.000000000000000000e+00 0.000000000000000000e+00 0.000000000000000000e+00 0.000000000000000000e+00 0.000000000000000000e+00 0.000000000000000000e+00 0.000000000000000000e+00 1.000000000000000000e+00
7.347170051972794269e+00 1.687484941139102412e+00 0.000000000000000000e+00 1.000000000000000000e+00 0.000000000000000000e+00 0.000000000000000000e+00 0.000000000000000000e+00 0.000000000000000000e+00 0.000000000000000000e+00 0.000000000000000000e+00 1.000000000000000000e+00
7.353296932299427269e+00 1.686078902680089531e+00 0.000000000000000000e+00 1.000000000000000000e+00 0.000000000000000000e+00 0.000000000000000000e+00 0.000000000000000000e+00 0.000000000000000000e+00 0.000000000000000000e+00 0.000000000000000000e+00 1.000000000000000000e+00
7.359428921894291875e+00 1.684674035753989330e+00 0.000000000000000000e+00 1.000000000000000000e+00 0.000000000000000000e+00 0.000000000000000000e+00 0.000000000000000000e+00 0.000000000000000000e+00 0.000000000000000000e+00 0.000000000000000000e+00 1.000000000000000000e+00
7.365566025018059015e+00 1.683270339384662417e+00 0.000000000000000000e+00 1.000000000000000000e+00 0.000000000000000000e+00 0.000000000000000000e+00 0.000000000000000000e+00 0.000000000000000000e+00 0.000000000000000000e+00 0.000000000000000000e+00 1.000000000000000000e+00
7.371708245934952330e+00 1.681867812596783196e+00 0.000000000000000000e+00 1.000000000000000000e+00 0.000000000000000000e+00 0.000000000000000000e+00 0.000000000000000000e+00 0.000000000000000000e+00 0.000000000000000000e+00 0.000000000000000000e+00 1.000000000000000000e+00
7.377855588912752616e+00 1.680466454415837863e+00 0.000000000000000000e+00 1.000000000000000000e+00 0.000000000000000000e+00 0.000000000000000000e+00 0.000000000000000000e+00 0.000000000000000000e+00 0.000000000000000000e+00 0.000000000000000000e+00 1.000000000000000000e+00
7.384008058222798709e+00 1.679066263868125519e+00 0.000000000000000000e+00 1.000000000000000000e+00 0.000000000000000000e+00 0.000000000000000000e+00 0.000000000000000000e+00 0.000000000000000000e+00 0.000000000000000000e+00 0.000000000000000000e+00 1.000000000000000000e+00
7.390165658139991045e+00 1.677667239980756175e+00 0.000000000000000000e+00 1.000000000000000000e+00 0.000000000000000000e+00 0.000000000000000000e+00 0.000000000000000000e+00 0.000000000000000000e+00 0.000000000000000000e+00 0.000000000000000000e+00 1.000000000000000000e+00
7.396328392942796093e+00 1.676269381781650081e+00 0.000000000000000000e+00 1.000000000000000000e+00 0.000000000000000000e+00 0.000000000000000000e+00 0.000000000000000000e+00 0.000000000000000000e+00 0.000000000000000000e+00 0.000000000000000000e+00 1.000000000000000000e+00
7.402496266913247247e+00 1.674872688299538392e+00 0.000000000000000000e+00 1.000000000000000000e+00 0.000000000000000000e+00 0.000000000000000000e+00 0.000000000000000000e+00 0.000000000000000000e+00 0.000000000000000000e+00 0.000000000000000000e+00 1.000000000000000000e+00
7.408669284336948380e+00 1.673477158563960288e+00 0.000000000000000000e+00 1.000000000000000000e+00 0.000000000000000000e+00 0.000000000000000000e+00 0.000000000000000000e+00 0.000000000000000000e+00 0.000000000000000000e+00 0.000000000000000000e+00 1.000000000000000000e+00
7.414847449503079169e+00 1.672082791605264962e+00 0.000000000000000000e+00 1.000000000000000000e+00 0.000000000000000000e+00 0.000000000000000000e+00 0.000000000000000000e+00 0.000000000000000000e+00 0.000000000000000000e+00 0.000000000000000000e+00 1.000000000000000000e+00
7.421030766704393322e+00 1.670689586454608300e+00 0.000000000000000000e+00 1.000000000000000000e+00 0.000000000000000000e+00 0.000000000000000000e+00 0.000000000000000000e+00 0.000000000000000000e+00 0.000000000000000000e+00 0.000000000000000000e+00 1.000000000000000000e+00
7.427219240237226572e+00 1.669297542143953983e+00 0.000000000000000000e+00 1.000000000000000000e+00 0.000000000000000000e+00 0.000000000000000000e+00 0.000000000000000000e+00 0.000000000000000000e+00 0.000000000000000000e+00 0.000000000000000000e+00 1.000000000000000000e+00
7.433412874401496673e+00 1.667906657706072160e+00 0.000000000000000000e+00 1.000000000000000000e+00 0.000000000000000000e+00 0.000000000000000000e+00 0.000000000000000000e+00 0.000000000000000000e+00 0.000000000000000000e+00 0.000000000000000000e+00 1.000000000000000000e+00
7.439611673500706956e+00 1.666516932174539223e+00 0.000000000000000000e+00 1.000000000000000000e+00 0.000000000000000000e+00 0.000000000000000000e+00 0.000000000000000000e+00 0.000000000000000000e+00 0.000000000000000000e+00 0.000000000000000000e+00 1.000000000000000000e+00
7.445815641841948995e+00 1.665128364583736253e+00 0.000000000000000000e+00 1.000000000000000000e+00 0.000000000000000000e+00 0.000000000000000000e+00 0.000000000000000000e+00 0.000000000000000000e+00 0.000000000000000000e+00 0.000000000000000000e+00 1.000000000000000000e+00
7.452024783735907043e+00 1.663740953968849468e+00 0.000000000000000000e+00 1.000000000000000000e+00 0.000000000000000000e+00 0.000000000000000000e+00 0.000000000000000000e+00 0.000000000000000000e+00 0.000000000000000000e+00 0.000000000000000000e+00 1.000000000000000000e+00
7.458239103496859812e+00 1.662354699365868660e+00 0.000000000000000000e+00 1.000000000000000000e+00 0.000000000000000000e+00 0.000000000000000000e+00 0.000000000000000000e+00 0.000000000000000000e+00 0.000000000000000000e+00 0.000000000000000000e+00 1.000000000000000000e+00
7.464458605442683137e+00 1.660969599811586539e+00 0.000000000000000000e+00 1.000000000000000000e+00 0.000000000000000000e+00 0.000000000000000000e+00 0.000000000000000000e+00 0.000000000000000000e+00 0.000000000000000000e+00 0.000000000000000000e+00 1.000000000000000000e+00
7.470683293894854415e+00 1.659585654343599170e+00 0.000000000000000000e+00 1.000000000000000000e+00 0.000000000000000000e+00 0.000000000000000000e+00 0.000000000000000000e+00 0.000000000000000000e+00 0.000000000000000000e+00 0.000000000000000000e+00 1.000000000000000000e+00
7.476913173178454386e+00 1.658202862000304201e+00 0.000000000000000000e+00 1.000000000000000000e+00 0.000000000000000000e+00 0.000000000000000000e+00 0.000000000000000000e+00 0.000000000000000000e+00 0.000000000000000000e+00 0.000000000000000000e+00 1.000000000000000000e+00
7.483148247622170679e+00 1.656821221820899526e+00 0.000000000000000000e+00 1.000000000000000000e+00 0.000000000000000000e+00 0.000000000000000000e+00 0.000000000000000000e+00 0.000000000000000000e+00 0.000000000000000000e+00 0.000000000000000000e+00 1.000000000000000000e+00
7.489388521558299594e+00 1.655440732845385288e+00 0.000000000000000000e+00 1.000000000000000000e+00 0.000000000000000000e+00 0.000000000000000000e+00 0.000000000000000000e+00 0.000000000000000000e+00 0.000000000000000000e+00 0.000000000000000000e+00 1.000000000000000000e+00
7.495633999322752317e+00 1.654061394114560324e+00 0.000000000000000000e+00 1.000000000000000000e+00 0.000000000000000000e+00 0.000000000000000000e+00 0.000000000000000000e+00 0.000000000000000000e+00 0.000000000000000000e+00 0.000000000000000000e+00 1.000000000000000000e+00
7.501884685255054031e+00 1.652683204670022832e+00 0.000000000000000000e+00 1.000000000000000000e+00 0.000000000000000000e+00 0.000000000000000000e+00 0.000000000000000000e+00 0.000000000000000000e+00 0.000000000000000000e+00 0.000000000000000000e+00 1.000000000000000000e+00
7.508140583698349246e+00 1.651306163554170148e+00 0.000000000000000000e+00 1.000000000000000000e+00 0.000000000000000000e+00 0.000000000000000000e+00 0.000000000000000000e+00 0.000000000000000000e+00 0.000000000000000000e+00 0.000000000000000000e+00 1.000000000000000000e+00
7.514401698999403578e+00 1.649930269810196748e+00 0.000000000000000000e+00 1.000000000000000000e+00 0.000000000000000000e+00 0.000000000000000000e+00 0.000000000000000000e+00 0.000000000000000000e+00 0.000000000000000000e+00 0.000000000000000000e+00 1.000000000000000000e+00
7.520668035508609073e+00 1.648555522482095359e+00 0.000000000000000000e+00 1.000000000000000000e+00 0.000000000000000000e+00 0.000000000000000000e+00 0.000000000000000000e+00 0.000000000000000000e+00 0.000000000000000000e+00 0.000000000000000000e+00 1.000000000000000000e+00
7.526939597579984209e+00 1.647181920614653627e+00 0.000000000000000000e+00 1.000000000000000000e+00 0.000000000000000000e+00 0.000000000000000000e+00 0.000000000000000000e+00 0.000000000000000000e+00 0.000000000000000000e+00 0.000000000000000000e+00 1.000000000000000000e+00
7.533216389571179228e+00 1.645809463253457006e+00 0.000000000000000000e+00 1.000000000000000000e+00 0.000000000000000000e+00 0.000000000000000000e+00 0.000000000000000000e+00 0.000000000000000000e+00 0.000000000000000000e+00 0.000000000000000000e+00 1.000000000000000000e+00
7.539498415843477019e+00 1.644438149444884756e+00 0.000000000000000000e+00 1.000000000000000000e+00 0.000000000000000000e+00 0.000000000000000000e+00 0.000000000000000000e+00 0.000000000000000000e+00 0.000000000000000000e+00 0.000000000000000000e+00 1.000000000000000000e+00
7.545785680761798453e+00 1.643067978236111282e+00 0.000000000000000000e+00 1.000000000000000000e+00 0.000000000000000000e+00 0.000000000000000000e+00 0.000000000000000000e+00 0.000000000000000000e+00 0.000000000000000000e+00 0.000000000000000000e+00 1.000000000000000000e+00
7.552078188694705041e+00 1.641698948675104575e+00 0.000000000000000000e+00 1.000000000000000000e+00 0.000000000000000000e+00 0.000000000000000000e+00 0.000000000000000000e+00 0.000000000000000000e+00 0.000000000000000000e+00 0.000000000000000000e+00 1.000000000000000000e+00
7.558375944014398939e+00 1.640331059810627101e+00 0.000000000000000000e+00 1.000000000000000000e+00 0.000000000000000000e+00 0.000000000000000000e+00 0.000000000000000000e+00 0.000000000000000000e+00 0.000000000000000000e+00 0.000000000000000000e+00 1.000000000000000000e+00
7.564678951096730941e+00 1.638964310692231585e+00 0.000000000000000000e+00 1.000000000000000000e+00 0.000000000000000000e+00 0.000000000000000000e+00 0.000000000000000000e+00 0.000000000000000000e+00 0.000000000000000000e+00 0.000000000000000000e+00 1.000000000000000000e+00
7.570987214321198699e+00 1.637598700370265004e+00 0.000000000000000000e+00 1.000000000000000000e+00 0.000000000000000000e+00 0.000000000000000000e+00 0.000000000000000000e+00 0.000000000000000000e+00 0.000000000000000000e+00 0.000000000000000000e+00 1.000000000000000000e+00
7.577300738070952946e+00 1.636234227895864146e+00 0.000000000000000000e+00 1.000000000000000000e+00 0.000000000000000000e+00 0.000000000000000000e+00 0.000000000000000000e+00 0.000000000000000000e+00 0.000000000000000000e+00 0.000000000000000000e+00 1.000000000000000000e+00
7.583619526732800153e+00 1.634870892320956948e+00 0.000000000000000000e+00 1.000000000000000000e+00 0.000000000000000000e+00 0.000000000000000000e+00 0.000000000000000000e+00 0.000000000000000000e+00 0.000000000000000000e+00 0.000000000000000000e+00 1.000000000000000000e+00
7.589943584697204315e+00 1.633508692698261822e+00 0.000000000000000000e+00 1.000000000000000000e+00 0.000000000000000000e+00 0.000000000000000000e+00 0.000000000000000000e+00 0.000000000000000000e+00 0.000000000000000000e+00 0.000000000000000000e+00 1.000000000000000000e+00
7.596272916358290495e+00 1.632147628081284996e+00 0.000000000000000000e+00 1.000000000000000000e+00 0.000000000000000000e+00 0.000000000000000000e+00 0.000000000000000000e+00 0.000000000000000000e+00 0.000000000000000000e+00 0.000000000000000000e+00 1.000000000000000000e+00
7.602607526113848380e+00 1.630787697524322288e+00 0.000000000000000000e+00 1.000000000000000000e+00 0.000000000000000000e+00 0.000000000000000000e+00 0.000000000000000000e+00 0.000000000000000000e+00 0.000000000000000000e+00 0.000000000000000000e+00 1.000000000000000000e+00
7.608947418365335835e+00 1.629428900082457776e+00 0.000000000000000000e+00 1.000000000000000000e+00 0.000000000000000000e+00 0.000000000000000000e+00 0.000000000000000000e+00 0.000000000000000000e+00 0.000000000000000000e+00 0.000000000000000000e+00 1.000000000000000000e+00
7.615292597517878903e+00 1.628071234811562906e+00 0.000000000000000000e+00 1.000000000000000000e+00 0.000000000000000000e+00 0.000000000000000000e+00 0.000000000000000000e+00 0.000000000000000000e+00 0.000000000000000000e+00 0.000000000000000000e+00 1.000000000000000000e+00
7.621643067980279795e+00 1.626714700768294497e+00 0.000000000000000000e+00 1.000000000000000000e+00 0.000000000000000000e+00 0.000000000000000000e+00 0.000000000000000000e+00 0.000000000000000000e+00 0.000000000000000000e+00 0.000000000000000000e+00 1.000000000000000000e+00
7.627998834165015118e+00 1.625359297010096737e+00 0.000000000000000000e+00 1.000000000000000000e+00 0.000000000000000000e+00 0.000000000000000000e+00 0.000000000000000000e+00 0.000000000000000000e+00 0.000000000000000000e+00 0.000000000000000000e+00 1.000000000000000000e+00
7.634359900488242090e+00 1.624005022595198744e+00 0.000000000000000000e+00 1.000000000000000000e+00 0.000000000000000000e+00 0.000000000000000000e+00 0.000000000000000000e+00 0.000000000000000000e+00 0.000000000000000000e+00 0.000000000000000000e+00 1.000000000000000000e+00
7.640726271369800315e+00 1.622651876582614117e+00 0.000000000000000000e+00 1.000000000000000000e+00 0.000000000000000000e+00 0.000000000000000000e+00 0.000000000000000000e+00 0.000000000000000000e+00 0.000000000000000000e+00 0.000000000000000000e+00 1.000000000000000000e+00
7.647097951233216229e+00 1.621299858032140939e+00 0.000000000000000000e+00 1.000000000000000000e+00 0.000000000000000000e+00 0.000000000000000000e+00 0.000000000000000000e+00 0.000000000000000000e+00 0.000000000000000000e+00 0.000000000000000000e+00 1.000000000000000000e+00
7.653474944505703093e+00 1.619948966004359558e+00 0.000000000000000000e+00 1.000000000000000000e+00 0.000000000000000000e+00 0.000000000000000000e+00 0.000000000000000000e+00 0.000000000000000000e+00 0.000000000000000000e+00 0.000000000000000000e+00 1.000000000000000000e+00
7.659857255618167216e+00 1.618599199560634805e+00 0.000000000000000000e+00 1.000000000000000000e+00 0.000000000000000000e+00 0.000000000000000000e+00 0.000000000000000000e+00 0.000000000000000000e+00 0.000000000000000000e+00 0.000000000000000000e+00 1.000000000000000000e+00
7.666244889005210617e+00 1.617250557763112662e+00 0.000000000000000000e+00 1.000000000000000000e+00 0.000000000000000000e+00 0.000000000000000000e+00 0.000000000000000000e+00 0.000000000000000000e+00 0.000000000000000000e+00 0.000000000000000000e+00 1.000000000000000000e+00
7.672637849105131913e+00 1.615903039674720043e+00 0.000000000000000000e+00 1.000000000000000000e+00 0.000000000000000000e+00 0.000000000000000000e+00 0.000000000000000000e+00 0.000000000000000000e+00 0.000000000000000000e+00 0.000000000000000000e+00 1.000000000000000000e+00
7.679036140359931650e+00 1.614556644359165460e+00 0.000000000000000000e+00 1.000000000000000000e+00 0.000000000000000000e+00 0.000000000000000000e+00 0.000000000000000000e+00 0.000000000000000000e+00 0.000000000000000000e+00 0.000000000000000000e+00 1.000000000000000000e+00
7.685439767215314077e+00 1.613211370880937023e+00 0.000000000000000000e+00 1.000000000000000000e+00 0.000000000000000000e+00 0.000000000000000000e+00 0.000000000000000000e+00 0.000000000000000000e+00 0.000000000000000000e+00 0.000000000000000000e+00 1.000000000000000000e+00
7.691848734120691589e+00 1.611867218305303329e+00 0.000000000000000000e+00 1.000000000000000000e+00 0.000000000000000000e+00 0.000000000000000000e+00 0.000000000000000000e+00 0.000000000000000000e+00 0.000000000000000000e+00 0.000000000000000000e+00 1.000000000000000000e+00
7.698263045529186499e+00 1.610524185698310351e+00 0.000000000000000000e+00 1.000000000000000000e+00 0.000000000000000000e+00 0.000000000000000000e+00 0.000000000000000000e+00 0.000000000000000000e+00 0.000000000000000000e+00 0.000000000000000000e+00 1.000000000000000000e+00
7.704682705897634598e+00 1.609182272126782998e+00 0.000000000000000000e+00 1.000000000000000000e+00 0.000000000000000000e+00 0.000000000000000000e+00 0.000000000000000000e+00 0.000000000000000000e+00 0.000000000000000000e+00 0.000000000000000000e+00 1.000000000000000000e+00
7.711107719686588702e+00 1.607841476658323998e+00 0.000000000000000000e+00 1.000000000000000000e+00 0.000000000000000000e+00 0.000000000000000000e+00 0.000000000000000000e+00 0.000000000000000000e+00 0.000000000000000000e+00 0.000000000000000000e+00 1.000000000000000000e+00
7.717538091360320429e+00 1.606501798361312572e+00 0.000000000000000000e+00 1.000000000000000000e+00 0.000000000000000000e+00 0.000000000000000000e+00 0.000000000000000000e+00 0.000000000000000000e+00 0.000000000000000000e+00 0.000000000000000000e+00 1.000000000000000000e+00
7.723973825386825531e+00 1.605163236304904206e+00 0.000000000000000000e+00 1.000000000000000000e+00 0.000000000000000000e+00 0.000000000000000000e+00 0.000000000000000000e+00 0.000000000000000000e+00 0.000000000000000000e+00 0.000000000000000000e+00 1.000000000000000000e+00
7.730414926237823892e+00 1.603825789559029547e+00 0.000000000000000000e+00 1.000000000000000000e+00 0.000000000000000000e+00 0.000000000000000000e+00 0.000000000000000000e+00 0.000000000000000000e+00 0.000000000000000000e+00 0.000000000000000000e+00 1.000000000000000000e+00
7.736861398388765743e+00 1.602489457194395728e+00 0.000000000000000000e+00 1.000000000000000000e+00 0.000000000000000000e+00 0.000000000000000000e+00 0.000000000000000000e+00 0.000000000000000000e+00 0.000000000000000000e+00 0.000000000000000000e+00 1.000000000000000000e+00
7.743313246318833443e+00 1.601154238282482378e+00 0.000000000000000000e+00 1.000000000000000000e+00 0.000000000000000000e+00 0.000000000000000000e+00 0.000000000000000000e+00 0.000000000000000000e+00 0.000000000000000000e+00 0.000000000000000000e+00 1.000000000000000000e+00
7.749770474510944140e+00 1.599820131895543396e+00 0.000000000000000000e+00 1.000000000000000000e+00 0.000000000000000000e+00 0.000000000000000000e+00 0.000000000000000000e+00 0.000000000000000000e+00 0.000000000000000000e+00 0.000000000000000000e+00 1.000000000000000000e+00
7.756233087451753327e+00 1.598487137106606282e+00 0.000000000000000000e+00 1.000000000000000000e+00 0.000000000000000000e+00 0.000000000000000000e+00 0.000000000000000000e+00 0.000000000000000000e+00 0.000000000000000000e+00 0.000000000000000000e+00 1.000000000000000000e+00
7.762701089631657503e+00 1.597155252989470364e+00 0.000000000000000000e+00 1.000000000000000000e+00 0.000000000000000000e+00 0.000000000000000000e+00 0.000000000000000000e+00 0.000000000000000000e+00 0.000000000000000000e+00 0.000000000000000000e+00 1.000000000000000000e+00
7.769174485544799502e+00 1.595824478618706577e+00 0.000000000000000000e+00 1.000000000000000000e+00 0.000000000000000000e+00 0.000000000000000000e+00 0.000000000000000000e+00 0.000000000000000000e+00 0.000000000000000000e+00 0.000000000000000000e+00 1.000000000000000000e+00
7.775653279689067610e+00 1.594494813069657235e+00 0.000000000000000000e+00 1.000000000000000000e+00 0.000000000000000000e+00 0.000000000000000000e+00 0.000000000000000000e+00 0.000000000000000000e+00 0.000000000000000000e+00 0.000000000000000000e+00 1.000000000000000000e+00
7.782137476566102663e+00 1.593166255418435151e+00 0.000000000000000000e+00 1.000000000000000000e+00 0.000000000000000000e+00 0.000000000000000000e+00 0.000000000000000000e+00 0.000000000000000000e+00 0.000000000000000000e+00 0.000000000000000000e+00 1.000000000000000000e+00
7.788627080681298942e+00 1.591838804741922297e+00 0.000000000000000000e+00 1.000000000000000000e+00 0.000000000000000000e+00 0.000000000000000000e+00 0.000000000000000000e+00 0.000000000000000000e+00 0.000000000000000000e+00 0.000000000000000000e+00 1.000000000000000000e+00
7.795122096543806833e+00 1.590512460117771143e+00 0.000000000000000000e+00 1.000000000000000000e+00 0.000000000000000000e+00 0.000000000000000000e+00 0.000000000000000000e+00 0.000000000000000000e+00 0.000000000000000000e+00 0.000000000000000000e+00 1.000000000000000000e+00
7.801622528666539047e+00 1.589187220624400876e+00 0.000000000000000000e+00 1.000000000000000000e+00 0.000000000000000000e+00 0.000000000000000000e+00 0.000000000000000000e+00 0.000000000000000000e+00 0.000000000000000000e+00 0.000000000000000000e+00 1.000000000000000000e+00
7.808128381566169729e+00 1.587863085341000069e+00 0.000000000000000000e+00 1.000000000000000000e+00 0.000000000000000000e+00 0.000000000000000000e+00 0.000000000000000000e+00 0.000000000000000000e+00 0.000000000000000000e+00 0.000000000000000000e+00 1.000000000000000000e+00
7.814639659763139790e+00 1.586540053347523793e+00 0.000000000000000000e+00 1.000000000000000000e+00 0.000000000000000000e+00 0.000000000000000000e+00 0.000000000000000000e+00 0.000000000000000000e+00 0.000000000000000000e+00 0.000000000000000000e+00 1.000000000000000000e+00
7.821156367781661345e+00 1.585218123724693617e+00 0.000000000000000000e+00 1.000000000000000000e+00 0.000000000000000000e+00 0.000000000000000000e+00 0.000000000000000000e+00 0.000000000000000000e+00 0.000000000000000000e+00 0.000000000000000000e+00 1.000000000000000000e+00
7.827678510149716828e+00 1.583897295553998275e+00 0.000000000000000000e+00 1.000000000000000000e+00 0.000000000000000000e+00 0.000000000000000000e+00 0.000000000000000000e+00 0.000000000000000000e+00 0.000000000000000000e+00 0.000000000000000000e+00 1.000000000000000000e+00
7.834206091399066985e+00 1.582577567917689887e+00 0.000000000000000000e+00 1.000000000000000000e+00 0.000000000000000000e+00 0.000000000000000000e+00 0.000000000000000000e+00 0.000000000000000000e+00 0.000000000000000000e+00 0.000000000000000000e+00 1.000000000000000000e+00
7.840739116065250869e+00 1.581258939898786631e+00 0.000000000000000000e+00 1.000000000000000000e+00 0.000000000000000000e+00 0.000000000000000000e+00 0.000000000000000000e+00 0.000000000000000000e+00 0.000000000000000000e+00 0.000000000000000000e+00 1.000000000000000000e+00
7.847277588687588512e+00 1.579941410581070071e+00 0.000000000000000000e+00 1.000000000000000000e+00 0.000000000000000000e+00 0.000000000000000000e+00 0.000000000000000000e+00 0.000000000000000000e+00 0.000000000000000000e+00 0.000000000000000000e+00 1.000000000000000000e+00
7.853821513809187138e+00 1.578624979049085830e+00 0.000000000000000000e+00 1.000000000000000000e+00 0.000000000000000000e+00 0.000000000000000000e+00 0.000000000000000000e+00 0.000000000000000000e+00 0.000000000000000000e+00 0.000000000000000000e+00 1.000000000000000000e+00
7.860370895976941163e+00 1.577309644388141585e+00 0.000000000000000000e+00 1.000000000000000000e+00 0.000000000000000000e+00 0.000000000000000000e+00 0.000000000000000000e+00 0.000000000000000000e+00 0.000000000000000000e+00 0.000000000000000000e+00 1.000000000000000000e+00
7.866925739741537527e+00 1.575995405684307737e+00 0.000000000000000000e+00 1.000000000000000000e+00 0.000000000000000000e+00 0.000000000000000000e+00 0.000000000000000000e+00 0.000000000000000000e+00 0.000000000000000000e+00 0.000000000000000000e+00 1.000000000000000000e+00
7.873486049657457464e+00 1.574682262024415857e+00 0.000000000000000000e+00 1.000000000000000000e+00 0.000000000000000000e+00 0.000000000000000000e+00 0.000000000000000000e+00 0.000000000000000000e+00 0.000000000000000000e+00 0.000000000000000000e+00 1.000000000000000000e+00
7.880051830282980951e+00 1.573370212496058462e+00 0.000000000000000000e+00 1.000000000000000000e+00 0.000000000000000000e+00 0.000000000000000000e+00 0.000000000000000000e+00 0.000000000000000000e+00 0.000000000000000000e+00 0.000000000000000000e+00 1.000000000000000000e+00
7.886623086180188480e+00 1.572059256187587906e+00 0.000000000000000000e+00 1.000000000000000000e+00 0.000000000000000000e+00 0.000000000000000000e+00 0.000000000000000000e+00 0.000000000000000000e+00 0.000000000000000000e+00 0.000000000000000000e+00 1.000000000000000000e+00
7.893199821914964609e+00 1.570749392188117488e+00 0.000000000000000000e+00 1.000000000000000000e+00 0.000000000000000000e+00 0.000000000000000000e+00 0.000000000000000000e+00 0.000000000000000000e+00 0.000000000000000000e+00 0.000000000000000000e+00 1.000000000000000000e+00
7.899782042057002407e+00 1.569440619587517682e+00 0.000000000000000000e+00 1.000000000000000000e+00 0.000000000000000000e+00 0.000000000000000000e+00 0.000000000000000000e+00 0.000000000000000000e+00 0.000000000000000000e+00 0.000000000000000000e+00 1.000000000000000000e+00
7.906369751179806116e+00 1.568132937476418354e+00 0.000000000000000000e+00 1.000000000000000000e+00 0.000000000000000000e+00 0.000000000000000000e+00 0.000000000000000000e+00 0.000000000000000000e+00 0.000000000000000000e+00 0.000000000000000000e+00 1.000000000000000000e+00
7.912962953860692039e+00 1.566826344946206540e+00 0.000000000000000000e+00 1.000000000000000000e+00 0.000000000000000000e+00 0.000000000000000000e+00 0.000000000000000000e+00 0.000000000000000000e+00 0.000000000000000000e+00 0.000000000000000000e+00 1.000000000000000000e+00
7.919561654680794760e+00 1.565520841089027337e+00 0.000000000000000000e+00 1.000000000000000000e+00 0.000000000000000000e+00 0.000000000000000000e+00 0.000000000000000000e+00 0.000000000000000000e+00 0.000000000000000000e+00 0.000000000000000000e+00 1.000000000000000000e+00
7.926165858225068916e+00 1.564216424997781019e+00 0.000000000000000000e+00 1.000000000000000000e+00 0.000000000000000000e+00 0.000000000000000000e+00 0.000000000000000000e+00 0.000000000000000000e+00 0.000000000000000000e+00 0.000000000000000000e+00 1.000000000000000000e+00
7.932775569082291867e+00 1.562913095766124583e+00 0.000000000000000000e+00 1.000000000000000000e+00 0.000000000000000000e+00 0.000000000000000000e+00 0.000000000000000000e+00 0.000000000000000000e+00 0.000000000000000000e+00 0.000000000000000000e+00 1.000000000000000000e+00
7.939390791845069018e+00 1.561610852488469980e+00 0.000000000000000000e+00 1.000000000000000000e+00 0.000000000000000000e+00 0.000000000000000000e+00 0.000000000000000000e+00 0.000000000000000000e+00 0.000000000000000000e+00 0.000000000000000000e+00 1.000000000000000000e+00
7.946011531109834714e+00 1.560309694259983226e+00 0.000000000000000000e+00 1.000000000000000000e+00 0.000000000000000000e+00 0.000000000000000000e+00 0.000000000000000000e+00 0.000000000000000000e+00 0.000000000000000000e+00 0.000000000000000000e+00 1.000000000000000000e+00
7.952637791476856677e+00 1.559009620176584621e+00 0.000000000000000000e+00 1.000000000000000000e+00 0.000000000000000000e+00 0.000000000000000000e+00 0.000000000000000000e+00 0.000000000000000000e+00 0.000000000000000000e+00 0.000000000000000000e+00 1.000000000000000000e+00
7.959269577550237784e+00 1.557710629334948083e+00 0.000000000000000000e+00 1.000000000000000000e+00 0.000000000000000000e+00 0.000000000000000000e+00 0.000000000000000000e+00 0.000000000000000000e+00 0.000000000000000000e+00 0.000000000000000000e+00 1.000000000000000000e+00
7.965906893937922284e+00 1.556412720832499597e+00 0.000000000000000000e+00 1.000000000000000000e+00 0.000000000000000000e+00 0.000000000000000000e+00 0.000000000000000000e+00 0.000000000000000000e+00 0.000000000000000000e+00 0.000000000000000000e+00 1.000000000000000000e+00
7.972549745251694908e+00 1.555115893767417656e+00 0.000000000000000000e+00 1.000000000000000000e+00 0.000000000000000000e+00 0.000000000000000000e+00 0.000000000000000000e+00 0.000000000000000000e+00 0.000000000000000000e+00 0.000000000000000000e+00 1.000000000000000000e+00
7.979198136107187977e+00 1.553820147238631932e+00 0.000000000000000000e+00 1.000000000000000000e+00 0.000000000000000000e+00 0.000000000000000000e+00 0.000000000000000000e+00 0.000000000000000000e+00 0.000000000000000000e+00 0.000000000000000000e+00 1.000000000000000000e+00
7.985852071123881402e+00 1.552525480345822828e+00 0.000000000000000000e+00 1.000000000000000000e+00 0.000000000000000000e+00 0.000000000000000000e+00 0.000000000000000000e+00 0.000000000000000000e+00 0.000000000000000000e+00 0.000000000000000000e+00 1.000000000000000000e+00
7.992511554925108008e+00 1.551231892189421036e+00 0.000000000000000000e+00 1.000000000000000000e+00 0.000000000000000000e+00 0.000000000000000000e+00 0.000000000000000000e+00 0.000000000000000000e+00 0.000000000000000000e+00 0.000000000000000000e+00 1.000000000000000000e+00
7.999176592138056208e+00 1.549939381870606869e+00 0.000000000000000000e+00 1.000000000000000000e+00 0.000000000000000000e+00 0.000000000000000000e+00 0.000000000000000000e+00 0.000000000000000000e+00 0.000000000000000000e+00 0.000000000000000000e+00 1.000000000000000000e+00
