# OBJ_NAME=4U 0614+091
#         GRID_START=6.00
#         GRID_END=8.00
#         GRID_STEP_FRACTION=0.50
#         XSPEC_FITSTAT=cstat
#         XSPEC_CONTINUUM_MODEL=tbabs*(bbodyrad + pow)*constant
#         XSPEC_LINE_MODEL=gauss
#         LINE_VELOCITY_WIDTH=500
#         INPUT_FILE=/home/simon/Downloads/tgcat/obs_10857_tgid_4251/pm_heg_abs1.pha
#         SEARCH_MODE=Sliding window
#         FIT_REGION_WIDTH=30.00
#         RUNTIME=69
#         COLUMN_NAMES=ENERGY,WAVELENGTH,NORM,NORM_SIGN,NORM_ERR_LO,NORM_ERR_HI,DELTA_FITSTAT,CONSTANT_FACTOR,CONSTANT_FACTOR_ERR_LO,CONSTANT_FACTOR_ERR_HI,FIT_ERR
6.000000000000000000e+00 2.066373137115381287e+00 -3.529093519658528000e-06 -1.000000000000000000e+00 -2.867874362603051270e-05 2.215523870209511510e-05 2.134074401305952051e-02 1.070978829086991935e+00 1.060455876667721675e+00 1.081602867640458099e+00 0.000000000000000000e+00
6.005003461427972589e+00 2.064651403172383937e+00 4.503102030634904750e-07 1.000000000000000000e+00 -2.473934002916778100e-05 2.617568006180897273e-05 3.478440626167866867e-04 1.072053131835387196e+00 1.061445351281750327e+00 1.082763642465324638e+00 0.000000000000000000e+00
6.010011095293655181e+00 2.062931103804642063e+00 4.470753515411098626e-06 1.000000000000000000e+00 -2.070653285361693765e-05 3.018561611065577596e-05 3.436107855299042058e-02 1.071672822616841714e+00 1.061131964293563490e+00 1.082315014859389191e+00 0.000000000000000000e+00
6.015022905076486737e+00 2.061212237816845594e+00 4.664540264054802531e-06 1.000000000000000000e+00 -2.052528179450749518e-05 3.039250735600720229e-05 3.736795936742964841e-02 1.073810877917256157e+00 1.063239515768938048e+00 1.084484143156642988e+00 0.000000000000000000e+00
6.020038894258807005e+00 2.059494804014679215e+00 2.602755643545611633e-06 1.000000000000000000e+00 -2.262990381053880021e-05 2.837349119262683628e-05 1.159114228789803747e-02 1.075862615431551594e+00 1.065197730174383350e+00 1.086630973038634318e+00 0.000000000000000000e+00
6.025059066325860080e+00 2.057778801204824592e+00 -1.396117074135435656e-06 -1.000000000000000000e+00 -2.664720581984030120e-05 2.439484305110463163e-05 3.320206633333100399e-03 1.077729425156382037e+00 1.067031277203608131e+00 1.088531461177877357e+00 0.000000000000000000e+00
6.030083424765796174e+00 2.056064228194956822e+00 -6.916851887506243075e-06 -1.000000000000000000e+00 -3.213531551876866736e-05 1.884563068835744872e-05 8.120236504706213054e-02 1.079872650748552099e+00 1.069225943570936366e+00 1.090622052257967933e+00 0.000000000000000000e+00
6.035111973069674285e+00 2.054351083793744426e+00 -1.082816065162648296e-05 -1.000000000000000000e+00 -3.603698231773340687e-05 1.492685506594497719e-05 1.987513135154586053e-01 1.079370637954366829e+00 1.068642105727442226e+00 1.090203470278685138e+00 0.000000000000000000e+00
6.040144714731465747e+00 2.052639366810848021e+00 -1.688797784429307892e-05 -1.000000000000000000e+00 -4.204413863658300039e-05 8.813962050400222218e-06 4.829335191936792171e-01 1.082224146964746447e+00 1.071460155510781220e+00 1.093092919687058684e+00 0.000000000000000000e+00
6.045181653248054232e+00 2.050929076056921652e+00 -2.028091273138542857e-05 -1.000000000000000000e+00 -4.535206232269179571e-05 5.337169490806446923e-06 6.977876483366713956e-01 1.082579683052549813e+00 1.071878507619723697e+00 1.093384423096593228e+00 0.000000000000000000e+00
6.050222792119239301e+00 2.049220210343609683e+00 -2.154877412042870664e-05 -1.000000000000000000e+00 -4.657692333605829653e-05 4.030507221724643921e-06 7.900416313601681395e-01 1.081280038918682296e+00 1.070503051054797039e+00 1.092162023004284999e+00 0.000000000000000000e+00
6.055268134847740846e+00 2.047512768483544576e+00 -2.290713291524348777e-05 -1.000000000000000000e+00 -4.793432723071337049e-05 2.675132116652738888e-06 8.916704944464868277e-01 1.081323328509695925e+00 1.070523754296188068e+00 1.092228380355778183e+00 0.000000000000000000e+00
6.060317684939197314e+00 2.045806749290351334e+00 -2.253103364101061956e-05 -1.000000000000000000e+00 -4.764699578959497836e-05 3.139123048357329220e-06 8.576358110328214934e-01 1.080622992182722841e+00 1.069800519734622757e+00 1.091551406046687323e+00 0.000000000000000000e+00
6.065371445902172809e+00 2.044102151578641724e+00 -2.086815819842721857e-05 -1.000000000000000000e+00 -4.608286389127353670e-05 4.897946202852964542e-06 7.313933955500715456e-01 1.080394341453599472e+00 1.069572415069705906e+00 1.091322266025043675e+00 0.000000000000000000e+00
6.070429421248155322e+00 2.042398974164015168e+00 -1.834184866977500182e-05 -1.000000000000000000e+00 -4.358760549539247376e-05 7.455489146185004950e-06 5.647685146449248350e-01 1.081272961972784108e+00 1.070425428748024155e+00 1.092226975078472995e+00 0.000000000000000000e+00
6.075491614491562942e+00 2.040697215863058300e+00 -1.339224268801948782e-05 -1.000000000000000000e+00 -3.861256952291206859e-05 1.238295701479506916e-05 3.026850216568277574e-01 1.080079304649864458e+00 1.069219069969038705e+00 1.091046376093992576e+00 0.000000000000000000e+00
6.080558029149742971e+00 2.038996875493343186e+00 -9.357793961019962887e-06 -1.000000000000000000e+00 -3.456733653222255638e-05 1.640944176313275966e-05 1.482601730221517755e-01 1.079536857067879163e+00 1.068684763544544225e+00 1.090495717090536276e+00 0.000000000000000000e+00
6.085628668742976366e+00 2.037297951873428659e+00 -7.419836656601509092e-06 -1.000000000000000000e+00 -3.270706345156894725e-05 1.842488764326168039e-05 9.282912737202764220e-02 1.080001786207775538e+00 1.069123642943183183e+00 1.090987181254033267e+00 0.000000000000000000e+00
6.090703536794479511e+00 2.035600443822857208e+00 -6.172727595439619883e-06 -1.000000000000000000e+00 -3.160085007368890604e-05 1.981085750616725104e-05 6.368261731165603123e-02 1.079417649044146943e+00 1.068513854608265312e+00 1.090429318063688591e+00 0.000000000000000000e+00
6.095782636830406886e+00 2.033904350162153651e+00 -5.602195461872593718e-06 -1.000000000000000000e+00 -3.115506272875747995e-05 2.050589592825635208e-05 5.208080952004934261e-02 1.078542623820142099e+00 1.067552428750018212e+00 1.089642380628461860e+00 0.000000000000000000e+00
6.100865972379854618e+00 2.032209669712826461e+00 -5.868487987352748094e-06 -1.000000000000000000e+00 -3.141349778872211341e-05 2.023634512067266856e-05 5.707368874837470685e-02 1.078547134935077922e+00 1.067621693202969846e+00 1.089580810675881972e+00 0.000000000000000000e+00
6.105953546974859592e+00 2.030516401297367324e+00 -7.097179763685276722e-06 -1.000000000000000000e+00 -3.260205030979187248e-05 1.897149505933171964e-05 8.369054135056330779e-02 1.080037832604723080e+00 1.069020289343935115e+00 1.091165242118614875e+00 0.000000000000000000e+00
6.111045364150406556e+00 2.028824543739246700e+00 -6.715514493351225883e-06 -1.000000000000000000e+00 -3.218257318023458292e-05 1.931720695241514367e-05 7.514768325532372728e-02 1.079315092057994141e+00 1.068279068669241605e+00 1.090461366599614568e+00 0.000000000000000000e+00
6.116141427444425460e+00 2.027134095862917373e+00 -7.152500802607180183e-06 -1.000000000000000000e+00 -3.260531815832196420e-05 1.886660530479509595e-05 8.517191392385825566e-02 1.079149522772666403e+00 1.068179689436753677e+00 1.090228554246290171e+00 0.000000000000000000e+00
6.121241740397799447e+00 2.025445056493809570e+00 -9.177711744785794647e-06 -1.000000000000000000e+00 -3.467521062361295428e-05 1.688462485488495275e-05 1.397186677239119490e-01 1.080253196536739901e+00 1.069188803337520088e+00 1.091428390000296567e+00 0.000000000000000000e+00
6.126346306554362187e+00 2.023757424458334508e+00 -1.184872001924857329e-05 -1.000000000000000000e+00 -3.734764139780645564e-05 1.421370069572182840e-05 2.323688968007218136e-01 1.081232758731645704e+00 1.070138156558165576e+00 1.092438826852922817e+00 0.000000000000000000e+00
6.131455129460903208e+00 2.022071198583879958e+00 -1.638228759960550093e-05 -1.000000000000000000e+00 -4.180457138616479080e-05 9.604940954263770558e-06 4.449001167930077827e-01 1.083633368189407475e+00 1.072503873772398419e+00 1.094874762176684335e+00 0.000000000000000000e+00
6.136568212667169675e+00 2.020386377698810687e+00 -2.056347705904507532e-05 -1.000000000000000000e+00 -4.585668840469682260e-05 5.299627436841921149e-06 7.044595334343455306e-01 1.084196342166636517e+00 1.073069526655847650e+00 1.095434952051419719e+00 0.000000000000000000e+00
6.141685559725869936e+00 2.018702960632467569e+00 -2.732164568827520439e-05 -1.000000000000000000e+00 -5.250732118656666585e-05 -1.561645786025025030e-06 1.245760017256088759e+00 1.086758120742576272e+00 1.075594479486593702e+00 1.098033952232775778e+00 0.000000000000000000e+00
6.146807174192673529e+00 2.017020946215167587e+00 -3.355161012995678188e-05 -1.000000000000000000e+00 -5.871725148647640585e-05 -7.809642014219703290e-06 1.871898802649823779e+00 1.087527223872261084e+00 1.076331737936911503e+00 1.098835514473742503e+00 0.000000000000000000e+00
6.151933059626216505e+00 2.015340333278202056e+00 -3.944536076190135614e-05 -1.000000000000000000e+00 -6.465230225451913302e-05 -1.366037637106502211e-05 2.566740909739266385e+00 1.088320207800274497e+00 1.077117784407984669e+00 1.099635329853348775e+00 0.000000000000000000e+00
6.157063219588101433e+00 2.013661120653835290e+00 -4.352623472531167315e-05 -1.000000000000000000e+00 -6.879148384031434334e-05 -1.768052920394535453e-05 3.102335846876641767e+00 1.089399128883770107e+00 1.078161180578647071e+00 1.100750420428738385e+00 0.000000000000000000e+00
6.162197657642900950e+00 2.011983307175305935e+00 -4.360660166648308334e-05 -1.000000000000000000e+00 -6.890175031959203090e-05 -1.772985870766677046e-05 3.106874087245401483e+00 1.089572464739274382e+00 1.078306986018506830e+00 1.100951709437327564e+00 0.000000000000000000e+00
6.167336377358160426e+00 2.010306891676824304e+00 -4.117688002266498286e-05 -1.000000000000000000e+00 -6.646926935794750333e-05 -1.530387471094223699e-05 2.778562760912393514e+00 1.090913491627800935e+00 1.079553396858063952e+00 1.102389224848414173e+00 0.000000000000000000e+00
6.172479382304400630e+00 2.008631872993570600e+00 -3.571580521027984735e-05 -1.000000000000000000e+00 -6.095023952188122868e-05 -9.899908434057485336e-06 2.104022708032459832e+00 1.090803124985809003e+00 1.079517437311574124e+00 1.102203037324305024e+00 0.000000000000000000e+00
6.177626676055119503e+00 2.006958249961698471e+00 -3.090080169851933692e-05 -1.000000000000000000e+00 -5.614281013704208522e-05 -5.076465039787758784e-06 1.581230957152314431e+00 1.091447879621637140e+00 1.080071987844847037e+00 1.102939736108881963e+00 0.000000000000000000e+00
6.182778262186794827e+00 2.005286021418328790e+00 -2.770986878901965687e-05 -1.000000000000000000e+00 -5.301922745618594762e-05 -1.817743633779008333e-06 1.268510526019326790e+00 1.091923796707948258e+00 1.080519769865766033e+00 1.103444306255194851e+00 0.000000000000000000e+00
6.187934144278887771e+00 2.003615186201552323e+00 -2.835110498483474313e-05 -1.000000000000000000e+00 -5.376431170648492580e-05 -2.354608167658653621e-06 1.315314048199098806e+00 1.094499839688157117e+00 1.083147632732861965e+00 1.105967349988588699e+00 0.000000000000000000e+00
6.193094325913842901e+00 2.001945743150427948e+00 -2.808381095553430794e-05 -1.000000000000000000e+00 -5.366527333191325067e-05 -1.917553448104513465e-06 1.277270036498833861e+00 1.093358310685801804e+00 1.081914194025556775e+00 1.104919718798511141e+00 0.000000000000000000e+00
6.198258810677093500e+00 2.000277691104981770e+00 -3.217825437067862348e-05 -1.000000000000000000e+00 -5.785399971726214239e-05 -5.913730184229943222e-06 1.659684493416392570e+00 1.097587080950038541e+00 1.086090751544311228e+00 1.109201298862520613e+00 0.000000000000000000e+00
6.203427602157062459e+00 1.998611028906206677e+00 -3.239077646257174250e-05 -1.000000000000000000e+00 -5.810935091026766294e-05 -6.078363200586927369e-06 1.673202174111253271e+00 1.097724742997466585e+00 1.086294509575229217e+00 1.109271461090566069e+00 0.000000000000000000e+00
6.208600703945164057e+00 1.996945755396060118e+00 -2.920205206820451069e-05 -1.000000000000000000e+00 -5.500264582215434002e-05 -2.804784122911616268e-06 1.357035542472111445e+00 1.095687779941322715e+00 1.084174171655601038e+00 1.107319595933862422e+00 0.000000000000000000e+00
6.213778119635809283e+00 1.995281869417466547e+00 -2.513944810424852564e-05 -1.000000000000000000e+00 -5.103052623514105890e-05 1.349635455750136756e-06 1.002616959417842679e+00 1.095380407703668180e+00 1.083840559829161165e+00 1.107039034054716709e+00 0.000000000000000000e+00
6.218959852826404955e+00 1.993619369814312314e+00 -1.932745718408492494e-05 -1.000000000000000000e+00 -4.535219137846000404e-05 7.295551936487111924e-06 5.899101914729953933e-01 1.095539388063989428e+00 1.083969320710252093e+00 1.107228795670824884e+00 0.000000000000000000e+00
6.224145907117359044e+00 1.991958255431448777e+00 -1.068153938731103725e-05 -1.000000000000000000e+00 -3.687116749954054363e-05 1.610679841863364129e-05 1.793042721773190351e-01 1.094333681410214698e+00 1.082770084669054889e+00 1.106016716894305585e+00 0.000000000000000000e+00
6.229336286112081567e+00 1.990298525114688521e+00 -8.854353898879036325e-07 -1.000000000000000000e+00 -2.725774484567442020e-05 2.608564581560913234e-05 1.226307377805824217e-03 1.093484041746100477e+00 1.081894485020513219e+00 1.105193614487351539e+00 0.000000000000000000e+00
6.234530993416986355e+00 1.988640177710806478e+00 1.074063484260520768e-05 1.000000000000000000e+00 -1.582837173423693047e-05 3.790780332481242702e-05 1.798834516788190285e-01 1.091169594912965168e+00 1.079494950168053524e+00 1.102966263694541649e+00 0.000000000000000000e+00
6.239730032641496393e+00 1.986983212067538140e+00 2.156415877039879103e-05 1.000000000000000000e+00 -5.139109371823378559e-06 4.886607513934322975e-05 7.234290978781530157e-01 1.089799593966571223e+00 1.078202219457561783e+00 1.101517648154722417e+00 0.000000000000000000e+00
6.244933407398043812e+00 1.985327627033580011e+00 3.250660730204832767e-05 1.000000000000000000e+00 5.657006519432865007e-06 5.995528557134794539e-05 1.641678464319397790e+00 1.086828802667099358e+00 1.075218214684740659e+00 1.098560801517829422e+00 0.000000000000000000e+00
6.250141121302072555e+00 1.983673421458586272e+00 3.990107983153597711e-05 1.000000000000000000e+00 1.290751835291633227e-05 6.749421549607083175e-05 2.466012424069646158e+00 1.086183954315736333e+00 1.074479337335602525e+00 1.098011754889867131e+00 0.000000000000000000e+00
6.255353177972041934e+00 1.982020594193170782e+00 4.398832352382703130e-05 1.000000000000000000e+00 1.689833904886290871e-05 7.167931331948747731e-05 2.981860808836216847e+00 1.086919421491655102e+00 1.075279532811538763e+00 1.098681139064414225e+00 0.000000000000000000e+00
6.260569581029430175e+00 1.980369144088905076e+00 4.780552289393582644e-05 1.000000000000000000e+00 2.059214814906983683e-05 7.562120701291605925e-05 3.503249304347590964e+00 1.084863497634823259e+00 1.073201722084586418e+00 1.096647718104845737e+00 0.000000000000000000e+00
6.265790334098732650e+00 1.978719069998317037e+00 4.696192795255031037e-05 1.000000000000000000e+00 1.964052676650258122e-05 7.488730376841939789e-05 3.357334414188315463e+00 1.086591556658579982e+00 1.074820025086132613e+00 1.098487671667079058e+00 0.000000000000000000e+00
6.271015440807469865e+00 1.977070370774890451e+00 4.508183350406033126e-05 1.000000000000000000e+00 1.768723777059843919e-05 7.308405121300693254e-05 3.074320173331003048e+00 1.088276843968023933e+00 1.076463317901115158e+00 1.100215575085662811e+00 0.000000000000000000e+00
6.276244904786186574e+00 1.975423045273065226e+00 4.431763983079031532e-05 1.000000000000000000e+00 1.686237651097942614e-05 7.238447721318645126e-05 2.956086094824698307e+00 1.088399924853359124e+00 1.076585139999641116e+00 1.100339780980365223e+00 0.000000000000000000e+00
6.281478729668454442e+00 1.973777092348234952e+00 4.211765809720843860e-05 1.000000000000000000e+00 1.461044336077882612e-05 7.023865907787215366e-05 2.655784945362384519e+00 1.091670167334654939e+00 1.079806268009012804e+00 1.103659932360137264e+00 0.000000000000000000e+00
6.286716919090875599e+00 1.972132510856748011e+00 4.313837373549307344e-05 1.000000000000000000e+00 1.557497638060585242e-05 7.131669348362438654e-05 2.777738186028628320e+00 1.092558818501066398e+00 1.080659102124360782e+00 1.104584967025638020e+00 0.000000000000000000e+00
6.291959476693084419e+00 1.970489299655904469e+00 4.659364823267048269e-05 1.000000000000000000e+00 1.899178955732169563e-05 7.481114295466134549e-05 3.239151203540146184e+00 1.092080174019101513e+00 1.080186148208681196e+00 1.104100446019173010e+00 0.000000000000000000e+00
6.297206406117751065e+00 1.968847457603957185e+00 4.939812571681410566e-05 1.000000000000000000e+00 2.178046259338128958e-05 7.763131398810462999e-05 3.644126587870331946e+00 1.093494543956657017e+00 1.081565069333324525e+00 1.105551041680431279e+00 0.000000000000000000e+00
6.302457711010582386e+00 1.967206983560110700e+00 5.324716668687465759e-05 1.000000000000000000e+00 2.563134035857804810e-05 8.147747155848197951e-05 4.246843366534335473e+00 1.092929091794218266e+00 1.080975389073895565e+00 1.105010388569566349e+00 0.000000000000000000e+00
6.307713395020327241e+00 1.965567876384518575e+00 5.510024347457939648e-05 1.000000000000000000e+00 2.752201385640432732e-05 8.329253844148305189e-05 4.562923029992930424e+00 1.092683368069831351e+00 1.080737320392115564e+00 1.104757109847763985e+00 0.000000000000000000e+00
6.312973461798775610e+00 1.963930134938285832e+00 5.379852302625650983e-05 1.000000000000000000e+00 2.627209360552795986e-05 8.194036388343211240e-05 4.360857770221841179e+00 1.092838545424248187e+00 1.080863400802236418e+00 1.104941905771275934e+00 0.000000000000000000e+00
6.318237915000763039e+00 1.962293758083465844e+00 4.813189029859222433e-05 1.000000000000000000e+00 2.065250475920022509e-05 7.622923875605163661e-05 3.490302320492148169e+00 1.094382843979625042e+00 1.082298741698977995e+00 1.106597188334878634e+00 0.000000000000000000e+00
6.323506758284172413e+00 1.960658744683059451e+00 3.938403150319246432e-05 1.000000000000000000e+00 1.198376032677592179e-05 6.740618244093613573e-05 2.329881259459895659e+00 1.095909169975966657e+00 1.083888533704065349e+00 1.108058570862746173e+00 0.000000000000000000e+00
6.328779995309938400e+00 1.959025093601015399e+00 2.828881380476621138e-05 1.000000000000000000e+00 9.354166565352458771e-07 5.626753261339689002e-05 1.195563869444214333e+00 1.097804248923527126e+00 1.085739096749511967e+00 1.109998906481611369e+00 0.000000000000000000e+00
6.334057629742047446e+00 1.957392803702229900e+00 1.783952218144273897e-05 1.000000000000000000e+00 -9.483596617178682489e-06 4.579146361609642325e-05 4.731754061090782670e-01 1.098144632259626663e+00 1.085971342123599248e+00 1.110449521137086171e+00 0.000000000000000000e+00
6.339339665247542221e+00 1.955761873852543076e+00 6.198434316975122318e-06 1.000000000000000000e+00 -2.101185278160522883e-05 3.404181640142500768e-05 5.692890269440908924e-02 1.101902285957204519e+00 1.089780860814175689e+00 1.114153792888458394e+00 0.000000000000000000e+00
6.344626105496522506e+00 1.954132302918741848e+00 -3.785677907095059999e-06 -1.000000000000000000e+00 -3.087598361870793251e-05 2.394038088034739070e-05 2.122918411035357167e-02 1.107068775549253870e+00 1.094889665553801406e+00 1.119378709252414783e+00 0.000000000000000000e+00
6.349916954162148741e+00 1.952504089768555939e+00 -8.090497070746685421e-06 -1.000000000000000000e+00 -3.508982784942380064e-05 1.954629536050038604e-05 9.730223073222532548e-02 1.108772116986407319e+00 1.096483918892342757e+00 1.121193173618087568e+00 0.000000000000000000e+00
6.355212214920644698e+00 1.950877233270659206e+00 -7.285605674742628731e-06 -1.000000000000000000e+00 -3.422201734295808904e-05 2.028945683468843047e-05 7.928021770493387521e-02 1.107099575532739300e+00 1.094791411453135854e+00 1.119541298557584108e+00 0.000000000000000000e+00
6.360511891451300137e+00 1.949251732294668749e+00 -5.868797288943110987e-06 -1.000000000000000000e+00 -3.277628332038832180e-05 2.167710501159878455e-05 5.156722150354653422e-02 1.106890166410263054e+00 1.094589245912946707e+00 1.119324652796541031e+00 0.000000000000000000e+00
6.365815987436472589e+00 1.947627585711142251e+00 -4.808843877824287831e-06 -1.000000000000000000e+00 -3.172873617955131853e-05 2.274889657620650946e-05 3.461700720939120401e-02 1.107997956595392797e+00 1.095660472152406362e+00 1.120469661008277384e+00 0.000000000000000000e+00
6.371124506561590906e+00 1.946004792391578420e+00 -1.413777007729026057e-06 -1.000000000000000000e+00 -2.838028725564571526e-05 2.619166577023685034e-05 2.991120145679815323e-03 1.105424619071104120e+00 1.093068918775493836e+00 1.117915248387606919e+00 0.000000000000000000e+00
6.376437452515156146e+00 1.944383351208418098e+00 -4.811744163928042152e-07 -1.000000000000000000e+00 -2.748985655157456918e-05 2.716885448637275326e-05 3.455373619658530515e-04 1.105287971424447679e+00 1.092935567977797895e+00 1.117775341029694003e+00 0.000000000000000000e+00
6.381754828988746020e+00 1.942763261035039601e+00 -3.213082471866497486e-07 -1.000000000000000000e+00 -2.739972129635475664e-05 2.740069615993398196e-05 1.533841510479305725e-04 1.105216018729397343e+00 1.092828465051867370e+00 1.117739080392327722e+00 0.000000000000000000e+00
6.387076639677015777e+00 1.941144520745761159e+00 -3.302060129406185975e-06 -1.000000000000000000e+00 -3.045217427145647363e-05 2.449373591958163229e-05 1.607629457666348571e-02 1.109143195099255186e+00 1.096697858436736395e+00 1.121724870240093708e+00 0.000000000000000000e+00
6.392402888277703532e+00 1.939527129215838475e+00 -3.093115729764574996e-06 -1.000000000000000000e+00 -3.032784253209049795e-05 2.478993371787020252e-05 1.402176447118108626e-02 1.109111335365990936e+00 1.096665942063743682e+00 1.121693041851893780e+00 0.000000000000000000e+00
6.397733578491629380e+00 1.937911085321463833e+00 -3.282063169884747093e-06 -1.000000000000000000e+00 -3.058971386953417262e-05 2.467595779782575532e-05 1.570653779677400053e-02 1.111070374778446279e+00 1.098578667782894369e+00 1.123699180756946525e+00 0.000000000000000000e+00
6.403068714022700725e+00 1.936296387939767438e+00 2.548297505881389210e-07 1.000000000000000000e+00 -2.713382356435692155e-05 2.829466836325290628e-05 9.458440683829394402e-05 1.109590449208189611e+00 1.096998791504429027e+00 1.122321582724616462e+00 0.000000000000000000e+00
6.408408298577912277e+00 1.934683035948813856e+00 4.773061276782524416e-06 1.000000000000000000e+00 -2.262572725628373977e-05 3.282393811402468177e-05 3.321448053679887380e-02 1.108021556922748507e+00 1.095516898624338875e+00 1.120663986600518580e+00 0.000000000000000000e+00
6.413752335867351384e+00 1.933071028227602239e+00 7.057982711983238051e-06 1.000000000000000000e+00 -2.033811197572930136e-05 3.510549439943203519e-05 7.275584109152077872e-02 1.109637700451062470e+00 1.097093299103267139e+00 1.122320726440710015e+00 0.000000000000000000e+00
6.419100829604198033e+00 1.931460363656067436e+00 6.848574307973401826e-06 1.000000000000000000e+00 -2.053564976064336010e-05 3.488348834095903134e-05 6.859749978832496708e-02 1.113247457068340385e+00 1.100578688146861106e+00 1.126057119867176937e+00 0.000000000000000000e+00
6.424453783504729287e+00 1.929851041115075327e+00 7.306227645913768811e-06 1.000000000000000000e+00 -2.004009711084990745e-05 3.530593186060640800e-05 7.816050365752857942e-02 1.113042485256231506e+00 1.100453546750144174e+00 1.125770763932832264e+00 0.000000000000000000e+00
6.429811201288321953e+00 1.928243059486426159e+00 5.976430970143177764e-06 1.000000000000000000e+00 -2.141117506769798771e-05 3.402143129285468639e-05 5.215901486420193578e-02 1.112160092213541507e+00 1.099465308505742200e+00 1.124996537125291907e+00 0.000000000000000000e+00
6.435173086677453469e+00 1.926636417652850763e+00 -2.503399156046489237e-07 -1.000000000000000000e+00 -2.770884144310589969e-05 2.787069203975983033e-05 9.064023950600130775e-05 1.116038157815636866e+00 1.103280518292621304e+00 1.128938183283466845e+00 0.000000000000000000e+00
6.440539443397706343e+00 1.925031114498011453e+00 -2.758507044505404304e-06 -1.000000000000000000e+00 -3.035401919206471034e-05 2.550443893270458351e-05 1.086728779108625531e-02 1.114698586872498565e+00 1.102016055409048789e+00 1.127521903840639883e+00 0.000000000000000000e+00
6.445910275177769044e+00 1.923427148906499795e+00 -3.699025492113855425e-06 -1.000000000000000000e+00 -3.150201135721620400e-05 2.477335599227884608e-05 1.929361359520953556e-02 1.114347625721403556e+00 1.101546821324826952e+00 1.127291684353902923e+00 0.000000000000000000e+00
6.451285585749439555e+00 1.921824519763838390e+00 -2.224939985966741323e-06 -1.000000000000000000e+00 -3.016934949260275086e-05 2.639015388595046042e-05 6.924918866701545994e-03 1.116356053995543496e+00 1.103504294815578879e+00 1.129352054583408371e+00 0.000000000000000000e+00
6.456665378847628034e+00 1.920223225956476210e+00 6.139133081462608158e-06 1.000000000000000000e+00 -2.187373177296874391e-05 3.482388946719952837e-05 5.280063144977020784e-02 1.115105748462849489e+00 1.102266408644048346e+00 1.128089219432984347e+00 0.000000000000000000e+00
6.462049658210359482e+00 1.918623266371792813e+00 1.470069053811419603e-05 1.000000000000000000e+00 -1.331750685889979640e-05 4.339063291270525322e-05 3.045702993653947033e-01 1.117987437644861748e+00 1.105102710503740981e+00 1.131017065914745823e+00 0.000000000000000000e+00
6.467438427578775517e+00 1.917024639898092353e+00 2.773769295160889381e-05 1.000000000000000000e+00 -3.143158164400745793e-07 5.646079168243097460e-05 1.093085845497938635e+00 1.115500389560381667e+00 1.102600460616943279e+00 1.128545974651114614e+00 0.000000000000000000e+00
6.472831690697137930e+00 1.915427345424606687e+00 3.846369289048421329e-05 1.000000000000000000e+00 1.033078361377569922e-05 6.726741171504224508e-05 2.107399121678071197e+00 1.113900823301415599e+00 1.101016725566299703e+00 1.126930457491780002e+00 0.000000000000000000e+00
6.478229451312831344e+00 1.913831381841492263e+00 4.518537488810560023e-05 1.000000000000000000e+00 1.688700834638447572e-05 7.415525479698919598e-05 2.892346323606545866e+00 1.113655128477462508e+00 1.100732569323086496e+00 1.126724037748017881e+00 0.000000000000000000e+00
6.483631713176364109e+00 1.912236748039830792e+00 4.889854267221771468e-05 1.000000000000000000e+00 2.037627706191231182e-05 7.809354719317979109e-05 3.348405578738720578e+00 1.112939413452651127e+00 1.099975686518787743e+00 1.126050728235207243e+00 0.000000000000000000e+00
6.489038480041373624e+00 1.910643442911627687e+00 4.943221692069022888e-05 1.000000000000000000e+00 2.070768279786691209e-05 7.883103824040708853e-05 3.377148638391929580e+00 1.112880417768081776e+00 1.099911180855100534e+00 1.125997155834949970e+00 0.000000000000000000e+00
6.494449755664626345e+00 1.909051465349812737e+00 4.635265810391890054e-05 1.000000000000000000e+00 1.751695221109491568e-05 7.586464224084294968e-05 2.941047895059043071e+00 1.115557687769975326e+00 1.102530090635472027e+00 1.128733768998096298e+00 0.000000000000000000e+00
6.499865543806021329e+00 1.907460814248235881e+00 4.253450092027114698e-05 1.000000000000000000e+00 1.370224210040255972e-05 7.204617436445217877e-05 2.472212945410817042e+00 1.118283850970711812e+00 1.105125857671352296e+00 1.131592773390845519e+00 0.000000000000000000e+00
6.505285848228594681e+00 1.905871488501671207e+00 3.983414501238503294e-05 1.000000000000000000e+00 1.114472415808029614e-05 6.920840368098774486e-05 2.179611507992333941e+00 1.119021530040314572e+00 1.105945216353586780e+00 1.132246880594585559e+00 0.000000000000000000e+00
6.510710672698518664e+00 1.904283487005811404e+00 3.957283683931861853e-05 1.000000000000000000e+00 1.099947396863118937e-05 6.883489245407587603e-05 2.167327795710008331e+00 1.115489826177255006e+00 1.102400150266142020e+00 1.128729260778713606e+00 0.000000000000000000e+00
6.516140020985107917e+00 1.902696808657271088e+00 3.435314644961626310e-05 1.000000000000000000e+00 5.852002176384436382e-06 6.354374218900266384e-05 1.635719471018120430e+00 1.117504546174167945e+00 1.104290748426340674e+00 1.130870780332744019e+00 0.000000000000000000e+00
6.521573896860818564e+00 1.901111452353583031e+00 2.920348332724480203e-05 1.000000000000000000e+00 7.501473855128192308e-07 5.834679654746487582e-05 1.178925199083408870e+00 1.117446265673400996e+00 1.104311871248933929e+00 1.130731452223100675e+00 0.000000000000000000e+00
6.527012304101254436e+00 1.899527416993199491e+00 2.100129058239788687e-05 1.000000000000000000e+00 -7.453591861500759210e-06 5.014707790566045139e-05 6.063338174194825569e-01 1.120089602511082916e+00 1.106820720499121391e+00 1.133511998329878034e+00 0.000000000000000000e+00
6.532455246485166178e+00 1.897944701475490215e+00 1.170178317431147993e-05 1.000000000000000000e+00 -1.670094533133483113e-05 4.079986791178048306e-05 1.874533710913794948e-01 1.123750556984383753e+00 1.110419069570322659e+00 1.137236309363375719e+00 0.000000000000000000e+00
6.537902727794456581e+00 1.896363304700741548e+00 4.518519901519691244e-06 1.000000000000000000e+00 -2.378075419144459296e-05 3.352045595893066393e-05 2.792028635298038353e-02 1.125355360614380684e+00 1.112095858970513440e+00 1.138767387764782368e+00 0.000000000000000000e+00
6.543354751814182357e+00 1.894783225570156437e+00 -1.039666495015417571e-06 -1.000000000000000000e+00 -2.929598125491637142e-05 2.792371676323079945e-05 1.477028943412506123e-03 1.126884557171330403e+00 1.113499398601237811e+00 1.140424728649418240e+00 0.000000000000000000e+00
6.548811322332555918e+00 1.893204462985853986e+00 -5.084312355963091493e-06 -1.000000000000000000e+00 -3.332495859833913612e-05 2.386369205775425509e-05 3.524024661589919560e-02 1.129221147436095141e+00 1.115781862128574886e+00 1.142816454952056970e+00 0.000000000000000000e+00
6.554272443140948923e+00 1.891627015850867455e+00 -5.366297819073974358e-06 -1.000000000000000000e+00 -3.361739562346924704e-05 2.359026573195291418e-05 3.920090714220236805e-02 1.129262068935804830e+00 1.115826169013516056e+00 1.142854145502490981e+00 0.000000000000000000e+00
6.559738118033894949e+00 1.890050883069143817e+00 -3.094468118342975443e-06 -1.000000000000000000e+00 -3.134746324066903299e-05 2.586446739732738636e-05 1.305776354428189734e-02 1.128192885230016707e+00 1.114724438615272817e+00 1.141818381570339769e+00 0.000000000000000000e+00
6.565208350809092153e+00 1.888476063545543981e+00 -2.757858132095894771e-07 -1.000000000000000000e+00 -2.849623221811667010e-05 2.865391929485689760e-05 1.041610669290093938e-04 1.127618317734871978e+00 1.114116307934772010e+00 1.141278133338023082e+00 0.000000000000000000e+00
6.570683145267405045e+00 1.886902556185840796e+00 2.109245190540059194e-06 1.000000000000000000e+00 -2.606985304688914253e-05 3.099954428692274855e-05 6.115202213464954184e-03 1.127250957397186948e+00 1.113759312430531612e+00 1.140900463454004088e+00 0.000000000000000000e+00
6.576162505212867160e+00 1.885330359896719488e+00 3.286677305567723791e-06 1.000000000000000000e+00 -2.488799005329347215e-05 3.217119202021016480e-05 1.486631632471357989e-02 1.126634702004680300e+00 1.113106915367260585e+00 1.140321291528159309e+00 0.000000000000000000e+00
6.581646434452685490e+00 1.883759473585775446e+00 2.277287758492933417e-06 1.000000000000000000e+00 -2.592542345732860290e-05 3.118918910639868780e-05 7.126723153533021105e-03 1.126249612024727398e+00 1.112601589177603545e+00 1.140059268205741105e+00 0.000000000000000000e+00
6.587134936797241380e+00 1.882189896161514886e+00 -2.226911241438554937e-06 -1.000000000000000000e+00 -3.040704362117969565e-05 2.666801258958199477e-05 6.786440970472540357e-03 1.128052014501284672e+00 1.114474960020014338e+00 1.141788813424174265e+00 0.000000000000000000e+00
6.592628016060094076e+00 1.880621626533353297e+00 -7.194318693527836873e-06 -1.000000000000000000e+00 -3.540938266022142071e-05 2.174335394260902522e-05 7.037715273176559094e-02 1.128724188798252426e+00 1.115096142936390589e+00 1.142513002619250040e+00 0.000000000000000000e+00
6.598125676057981615e+00 1.879054663611614329e+00 -1.222008891073940207e-05 -1.000000000000000000e+00 -4.054577543802845763e-05 1.683341896497175116e-05 2.010349339541335212e-01 1.129831493294562339e+00 1.116066724961623846e+00 1.143759940200761660e+00 0.000000000000000000e+00
6.603627920610826152e+00 1.877489006307530905e+00 -1.620415170576362926e-05 -1.000000000000000000e+00 -4.464071876948210403e-05 1.296333981997764264e-05 3.492570615524925870e-01 1.132480950619554561e+00 1.118776691727080497e+00 1.146347005529467999e+00 0.000000000000000000e+00
6.609134753541735741e+00 1.875924653533241671e+00 -1.377311535966147325e-05 -1.000000000000000000e+00 -4.238508191432737354e-05 1.557092313438115353e-05 2.504024602087895346e-01 1.131294261985291483e+00 1.117467471483278185e+00 1.145285785287050828e+00 0.000000000000000000e+00
6.614646178677005217e+00 1.874361604201792542e+00 -6.536347259215559732e-06 -1.000000000000000000e+00 -3.525098196202023108e-05 2.291129239090801937e-05 5.636207342317334223e-02 1.129339883745638984e+00 1.115481411373101306e+00 1.143364382326857109e+00 0.000000000000000000e+00
6.620162199846120643e+00 1.872799857227134490e+00 3.629518743654863252e-06 1.000000000000000000e+00 -2.508167377001736445e-05 3.307186692046154016e-05 1.749044720787651386e-02 1.127433992289683440e+00 1.113679072363965794e+00 1.141352877035729518e+00 0.000000000000000000e+00
6.625682820881761970e+00 1.871239411524124430e+00 1.327153300499557011e-05 1.000000000000000000e+00 -1.541057480437665604e-05 4.267928983555428849e-05 2.363296989396417302e-01 1.126618490368781034e+00 1.112755254526453852e+00 1.140648528715225485e+00 0.000000000000000000e+00
6.631208045619805702e+00 1.869680266008521441e+00 2.065988907525719863e-05 1.000000000000000000e+00 -7.939151812081998982e-06 4.998235272610222931e-05 5.791061780306705487e-01 1.124858790740963066e+00 1.110971809748793504e+00 1.138913475053402680e+00 0.000000000000000000e+00
6.636737877899325788e+00 1.868122419596990769e+00 2.172598547048481036e-05 1.000000000000000000e+00 -6.784173979740703989e-06 5.096222459646870611e-05 6.440892008877625585e-01 1.124702155452460550e+00 1.110826453049355234e+00 1.138745392110761534e+00 0.000000000000000000e+00
6.642272321562598059e+00 1.866565871207098271e+00 1.673052936824319752e-05 1.000000000000000000e+00 -1.176016374940545283e-05 4.595286314919079008e-05 3.808821409966895999e-01 1.124289525527677247e+00 1.110369425778721331e+00 1.138378346439216759e+00 0.000000000000000000e+00
6.647811380455102892e+00 1.865010619757312416e+00 5.586759742284567810e-06 1.000000000000000000e+00 -2.295318711934399815e-05 3.486417666604213028e-05 4.196188167887271447e-02 1.124655083458054428e+00 1.110675300380560504e+00 1.138804845824086032e+00 0.000000000000000000e+00
6.653355058425526991e+00 1.863456664167002952e+00 -1.045996705067741494e-05 -1.000000000000000000e+00 -3.905876195565257585e-05 1.888252695908173711e-05 1.445752020307509156e-01 1.127190419171221425e+00 1.113183773544322852e+00 1.141367004081812020e+00 0.000000000000000000e+00
6.658903359325766047e+00 1.861904003356439352e+00 -2.545556973680343634e-05 -1.000000000000000000e+00 -5.407578735304488347e-05 3.916909129866479245e-06 8.448711558930597221e-01 1.128401391328402781e+00 1.114327940581260057e+00 1.142646164082390392e+00 0.000000000000000000e+00
6.664456287010930069e+00 1.860352636246791480e+00 -3.744958000283416546e-05 -1.000000000000000000e+00 -6.599558012070636318e-05 -8.141216436264891754e-06 1.820449972670644456e+00 1.131252777554223821e+00 1.117027393441704319e+00 1.145652413879670650e+00 0.000000000000000000e+00
6.670013845339340719e+00 1.858802561760127592e+00 -4.116336377674261447e-05 -1.000000000000000000e+00 -6.953776690499521927e-05 -1.201855486128375271e-05 2.210395393549219989e+00 1.131641766185144560e+00 1.117506445224656142e+00 1.145949025622551076e+00 0.000000000000000000e+00
6.675576038172540194e+00 1.857253778819414780e+00 -3.804653840007488389e-05 -1.000000000000000000e+00 -6.635205382345455457e-05 -8.971094457067875369e-06 1.903173494711012381e+00 1.131637710202253233e+00 1.117379122975653338e+00 1.146071346601206908e+00 0.000000000000000000e+00
6.681142869375288562e+00 1.855706286348516532e+00 -3.284328089833846105e-05 -1.000000000000000000e+00 -6.115222346663493991e-05 -3.768538597228962046e-06 1.423689725396030781e+00 1.135732598231231627e+00 1.121409142820654514e+00 1.150232341462493535e+00 0.000000000000000000e+00
6.686714342815570866e+00 1.854160083272192949e+00 -2.077468175229987189e-05 -1.000000000000000000e+00 -4.919926568431951658e-05 8.413510086507512871e-06 5.702878436092078118e-01 1.133422484411623632e+00 1.119204350744807952e+00 1.147814945462355851e+00 0.000000000000000000e+00
6.692290462364595349e+00 1.852615168516101862e+00 -8.114479614600282021e-06 -1.000000000000000000e+00 -3.678798959170905892e-05 2.132033729860238465e-05 8.668846722886769385e-02 1.131118961216900365e+00 1.116782779688873628e+00 1.145632622821661339e+00 0.000000000000000000e+00
6.697871231896799671e+00 1.851071541006794829e+00 2.190536311540164913e-06 1.000000000000000000e+00 -2.673724473037253509e-05 3.187725549700651321e-05 6.271475751191246673e-03 1.131118785717689645e+00 1.116731230730636737e+00 1.145685169341110088e+00 0.000000000000000000e+00
6.703456655289853572e+00 1.849529199671717139e+00 1.172457914077948681e-05 1.000000000000000000e+00 -1.742201720218305457e-05 4.162888053995154273e-05 1.785157132156882653e-01 1.129581176593394298e+00 1.115204561746608425e+00 1.144136672703423896e+00 0.000000000000000000e+00
6.709046736424657986e+00 1.847988143439209141e+00 1.711945617085568051e-05 1.000000000000000000e+00 -1.217678033745136032e-05 4.717542109217662553e-05 3.786821881568300796e-01 1.130658926018069277e+00 1.116224729085175227e+00 1.145273265487152914e+00 0.000000000000000000e+00
6.714641479185352146e+00 1.846448371238503361e+00 2.073145857935601244e-05 1.000000000000000000e+00 -8.657769124487756882e-06 5.088529939574923887e-05 5.537431920196809187e-01 1.130439863570306569e+00 1.115956530788186463e+00 1.145104449358867127e+00 0.000000000000000000e+00
6.720240887459313583e+00 1.844909881999724721e+00 2.184806810116868438e-05 1.000000000000000000e+00 -7.604682706867008481e-06 5.207118889342275062e-05 6.127022913718747077e-01 1.130270021557918003e+00 1.115790279547729469e+00 1.144930851746011724e+00 0.000000000000000000e+00
6.725844965137160791e+00 1.843372674653889876e+00 1.999835018902834625e-05 1.000000000000000000e+00 -9.549690307715387840e-06 5.032181422286215590e-05 5.095570333018031306e-01 1.131781252089012701e+00 1.117237088195793815e+00 1.146507964969944560e+00 0.000000000000000000e+00
6.731453716112758556e+00 1.841836748132905655e+00 1.802369828730764591e-05 1.000000000000000000e+00 -1.164731290194901271e-05 4.847449145355352252e-05 4.098601735026647930e-01 1.132112242835288107e+00 1.117562927316679167e+00 1.146843989021129051e+00 0.000000000000000000e+00
6.737067144283217068e+00 1.840302101369569288e+00 1.646549177543569730e-05 1.000000000000000000e+00 -1.333256269361539668e-05 4.704388629217486756e-05 3.390480515405158712e-01 1.131953472532202687e+00 1.117347875306034410e+00 1.146743053974257798e+00 0.000000000000000000e+00
6.742685253548897251e+00 1.838768733297566405e+00 1.540844941986518608e-05 1.000000000000000000e+00 -1.442172069325002879e-05 4.601674604882640302e-05 2.961072394989230361e-01 1.132035303809481697e+00 1.117376860515445935e+00 1.146879068982956662e+00 0.000000000000000000e+00
6.748308047813412536e+00 1.837236642851472368e+00 1.467840036188281742e-05 1.000000000000000000e+00 -1.501717374553154444e-05 4.515228110479129029e-05 2.705146514925331758e-01 1.132162878066439449e+00 1.117516031623586814e+00 1.146994908560102555e+00 0.000000000000000000e+00
6.753935530983630642e+00 1.835705828966748943e+00 1.246906329791452276e-05 1.000000000000000000e+00 -1.697837398290240159e-05 4.269875421532906280e-05 1.977694918089696330e-01 1.133276589339768048e+00 1.118584138801406391e+00 1.148155248508073045e+00 0.000000000000000000e+00
6.759567706969678902e+00 1.834176290579746293e+00 8.130928668894010840e-06 1.000000000000000000e+00 -2.107669354101365705e-05 3.812549754110025033e-05 8.511019717298040632e-02 1.134117190336838998e+00 1.119292398780701969e+00 1.149131386520643394e+00 0.000000000000000000e+00
6.765204579684944264e+00 1.832648026627699211e+00 1.556432339289489851e-07 1.000000000000000000e+00 -2.885796602737038653e-05 2.996125666417954060e-05 3.129136925394959690e-05 1.135352123169985017e+00 1.120613213672732034e+00 1.150278235640799007e+00 0.000000000000000000e+00
6.770846153046076843e+00 1.831121036048729556e+00 -1.093615433910612144e-05 -1.000000000000000000e+00 -3.993751458351144285e-05 1.885996214350250087e-05 1.533477431671599334e-01 1.135987939666446289e+00 1.121098430096487464e+00 1.151068316600563302e+00 0.000000000000000000e+00
6.776492430972993475e+00 1.829595317781842700e+00 -2.543551347372456458e-05 -1.000000000000000000e+00 -5.446814392050230026e-05 4.395493606976538765e-06 8.181018715150401022e-01 1.138269349235774719e+00 1.123298750474075458e+00 1.153432336383821033e+00 0.000000000000000000e+00
6.782143417388880380e+00 1.828070870766929312e+00 -4.051078253380194135e-05 -1.000000000000000000e+00 -6.948475844255282185e-05 -1.073217831050515331e-05 2.052433295696772575e+00 1.141507866013850236e+00 1.126597878106232686e+00 1.156608285927660296e+00 0.000000000000000000e+00
6.787799116220194051e+00 1.826547693944761797e+00 -5.327517596765295231e-05 -1.000000000000000000e+00 -8.209536228276245696e-05 -2.364328194666288270e-05 3.546297588341502660e+00 1.145497558235924140e+00 1.130420870697697255e+00 1.160767972473075504e+00 0.000000000000000000e+00
6.793459531396665696e+00 1.825025786256996740e+00 -6.405302241315953581e-05 -1.000000000000000000e+00 -9.257139686148013952e-05 -3.471442572032922154e-05 5.164671660354116511e+00 1.153105999342531440e+00 1.137936171955258535e+00 1.168470783139793134e+00 0.000000000000000000e+00
6.799124666851304788e+00 1.823505146646170916e+00 -6.623628615475059159e-05 -1.000000000000000000e+00 -9.450811824744275900e-05 -3.713774334177400577e-05 5.584843704927038743e+00 1.153428629325391253e+00 1.138273111250615699e+00 1.168778601483724255e+00 0.000000000000000000e+00
6.804794526520399067e+00 1.821985774055703944e+00 -6.739888767102713142e-05 -1.000000000000000000e+00 -9.559837068662812318e-05 -3.837167139109586532e-05 5.799835090629414935e+00 1.155809588689529654e+00 1.140586827404661330e+00 1.171228276739617158e+00 0.000000000000000000e+00
6.810469114343518982e+00 1.820467667429894965e+00 -6.659712678742452574e-05 -1.000000000000000000e+00 -9.488509818323312005e-05 -3.748327627797863745e-05 5.627327003592881738e+00 1.157147054502869699e+00 1.142004339919798550e+00 1.172483725269573451e+00 0.000000000000000000e+00
6.816148434263521239e+00 1.818950825713921748e+00 -6.255962833606593912e-05 -1.000000000000000000e+00 -9.109443648326028063e-05 -3.320232263381506845e-05 4.918681263968579742e+00 1.155270816960845881e+00 1.139987525400952606e+00 1.170751860569998026e+00 0.000000000000000000e+00
6.821832490226549695e+00 1.817435247853842917e+00 -5.492386634514003873e-05 -1.000000000000000000e+00 -8.366427527853847990e-05 -2.535995646090102569e-05 3.771095807805508571e+00 1.150084268178700686e+00 1.134770688282586093e+00 1.165597174669303682e+00 0.000000000000000000e+00
6.827521286182038907e+00 1.815920932796593723e+00 -4.867566784309828464e-05 -1.000000000000000000e+00 -7.749535680288652825e-05 -1.902851974105708869e-05 2.960414495639739130e+00 1.149012401893175328e+00 1.133712442060953229e+00 1.164511595721792414e+00 0.000000000000000000e+00
6.833214826082717686e+00 1.814407879489987385e+00 -4.022843250854633357e-05 -1.000000000000000000e+00 -6.909172815439517117e-05 -1.053472957739155045e-05 2.031294878687205596e+00 1.144971504209305158e+00 1.129643883489884537e+00 1.160499835337868380e+00 0.000000000000000000e+00
6.838913113884609984e+00 1.812896086882713975e+00 -3.509718911230504568e-05 -1.000000000000000000e+00 -6.401198403184829577e-05 -5.350752007114878580e-06 1.549686218828369988e+00 1.144723408417350097e+00 1.129252959289498870e+00 1.160398389896630578e+00 0.000000000000000000e+00
6.844616153547039339e+00 1.811385553924339531e+00 -3.321267050766611300e-05 -1.000000000000000000e+00 -6.217499223054426033e-05 -3.415328899995573780e-06 1.382876916534812040e+00 1.146856748250388636e+00 1.131466598559426107e+00 1.162448862902206947e+00 0.000000000000000000e+00
6.850323949032630644e+00 1.809876279565305390e+00 -3.257197681056195169e-05 -1.000000000000000000e+00 -6.169974463097684006e-05 -2.605176266796033245e-06 1.317417831504556602e+00 1.148010277082924580e+00 1.132545617632633173e+00 1.163678628218587141e+00 0.000000000000000000e+00
6.856036504307313706e+00 1.808368262756926637e+00 -2.970968570588412584e-05 -1.000000000000000000e+00 -5.911555343680479263e-05 5.399611265281366171e-07 1.082222858428394829e+00 1.144010676121939074e+00 1.128410071560913330e+00 1.159819013975564861e+00 0.000000000000000000e+00
6.861753823340325908e+00 1.806861502451392543e+00 -2.924002511878286877e-05 -1.000000000000000000e+00 -5.888350565019490437e-05 1.253665978412672331e-06 1.031914234861687873e+00 1.144526713171881926e+00 1.129004809152410527e+00 1.160254104244709872e+00 0.000000000000000000e+00
6.867475910104213099e+00 1.805355997601766127e+00 -2.584127900522968505e-05 -1.000000000000000000e+00 -5.576783661407825650e-05 4.939956762479323020e-06 7.958644477646572568e-01 1.143892689875611435e+00 1.128213923293277077e+00 1.159781100158183920e+00 0.000000000000000000e+00
6.873202768574835808e+00 1.803851747161981711e+00 -1.923714298312619920e-05 -1.000000000000000000e+00 -4.934486029770066592e-05 1.173006238981190859e-05 4.378586217161739569e-01 1.143380149705937932e+00 1.127795287933955892e+00 1.159172314282312932e+00 0.000000000000000000e+00
6.878934402731368358e+00 1.802348750086846252e+00 -9.156156230177102243e-06 -1.000000000000000000e+00 -3.945521525270456400e-05 2.200278216683975054e-05 9.902150154937316984e-02 1.142363268898227258e+00 1.126634469435152441e+00 1.158303420594652744e+00 0.000000000000000000e+00
6.884670816556305084e+00 1.800847005332036233e+00 2.214558272649411456e-06 1.000000000000000000e+00 -2.821935393682093433e-05 3.350659888020879839e-05 5.800835375225688040e-03 1.142124415635985768e+00 1.126338107173485925e+00 1.158123754242252001e+00 0.000000000000000000e+00
6.890412014035459443e+00 1.799346511854099884e+00 1.681027402597668735e-05 1.000000000000000000e+00 -1.372876173190065431e-05 4.820599436241704879e-05 3.356619416402395473e-01 1.136505921502514171e+00 1.120856211764734933e+00 1.152366224254623095e+00 0.000000000000000000e+00
6.896157999157970231e+00 1.797847268610453630e+00 2.760640360283188018e-05 1.000000000000000000e+00 -3.071945862984200510e-06 5.914035461131507025e-05 9.070761981800359308e-01 1.133316917164947979e+00 1.117540069730274643e+00 1.149308393562393116e+00 0.000000000000000000e+00
6.901908775916301586e+00 1.796349274559382980e+00 3.198290285047998560e-05 1.000000000000000000e+00 1.194878097764601231e-06 6.362947247411358147e-05 1.213903143443374688e+00 1.134552169637526253e+00 1.118699733661529416e+00 1.150621128748324118e+00 0.000000000000000000e+00
6.907664348306248314e+00 1.794852528660041413e+00 3.316407536438015837e-05 1.000000000000000000e+00 2.256722353302411104e-06 6.493590745914936953e-05 1.296316361854437105e+00 1.134370360830471602e+00 1.118519947579902807e+00 1.150437257334120167e+00 0.000000000000000000e+00
6.913424720326936779e+00 1.793357029872449937e+00 2.970551454698003709e-05 1.000000000000000000e+00 -1.343314779558044629e-06 6.162406057150732815e-05 1.028612987775971988e+00 1.135635092693905168e+00 1.119697679631486587e+00 1.151790997154125140e+00 0.000000000000000000e+00
6.919189895980827565e+00 1.791862777157495312e+00 2.380332084876466306e-05 1.000000000000000000e+00 -7.351626341655957344e-06 5.583291607543626890e-05 6.527224826142656866e-01 1.136667626289026511e+00 1.120717973647789911e+00 1.152835697995869602e+00 0.000000000000000000e+00
6.924959879273719920e+00 1.790369769476931161e+00 1.858010167401367887e-05 1.000000000000000000e+00 -1.264493544675272926e-05 5.068592332247426395e-05 3.945457988510412406e-01 1.135157096351197881e+00 1.119138632205157080e+00 1.151396107790797263e+00 0.000000000000000000e+00
6.930734674214753532e+00 1.788878005793375303e+00 1.133022093661388129e-05 1.000000000000000000e+00 -1.986472510458264109e-05 4.341503315615481370e-05 1.460829481816716680e-01 1.137795345893313437e+00 1.121684807993266642e+00 1.154128216485760694e+00 0.000000000000000000e+00
6.936514284816411191e+00 1.787387485070310644e+00 7.212259814925684705e-06 1.000000000000000000e+00 -2.390415477680010058e-05 3.922809135080494969e-05 5.919523143441551838e-02 1.138513472675902971e+00 1.122405085245744116e+00 1.154843899172381283e+00 0.000000000000000000e+00
6.942298715094520567e+00 1.785898206272082511e+00 6.074092729492117874e-06 1.000000000000000000e+00 -2.501609182092726438e-05 3.806838002205659724e-05 4.201137524768228104e-02 1.138306023265393430e+00 1.122129913717026861e+00 1.154706059181921818e+00 0.000000000000000000e+00
6.948087969068260428e+00 1.784410168363900873e+00 7.030931046687918718e-06 1.000000000000000000e+00 -2.412101236367587386e-05 3.908663052679489750e-05 5.620876300801569414e-02 1.138434821683916853e+00 1.122095379671064874e+00 1.155002762855350085e+00 0.000000000000000000e+00
6.953882050760158862e+00 1.782923370311836564e+00 9.021184929901520020e-06 1.000000000000000000e+00 -2.218610094698692881e-05 4.113268445735703531e-05 9.219888426532918402e-02 1.139995292625341605e+00 1.123741196420435795e+00 1.156475317263211622e+00 0.000000000000000000e+00
6.959680964196100383e+00 1.781437811082822398e+00 1.099751449924133359e-05 1.000000000000000000e+00 -2.033787767932866800e-05 4.323729290485376589e-05 1.363758379474546700e-01 1.143821828604241864e+00 1.127376321186772890e+00 1.160497723101880041e+00 0.000000000000000000e+00
6.965484713405325046e+00 1.779953489644652054e+00 1.638213180586995312e-05 1.000000000000000000e+00 -1.508432031508535534e-05 4.875432948634971756e-05 3.017360388202092736e-01 1.143671104782578274e+00 1.127151933933445926e+00 1.160422759346237509e+00 0.000000000000000000e+00
6.971293302420433768e+00 1.778470404965979412e+00 2.256312924574183920e-05 1.000000000000000000e+00 -9.014824550029676620e-06 5.504792272874854220e-05 5.712095559886307683e-01 1.142589507444575103e+00 1.126084152549150286e+00 1.159327337101477395e+00 0.000000000000000000e+00
6.977106735277391003e+00 1.776988556016316556e+00 2.756263759061352667e-05 1.000000000000000000e+00 -4.130674612109063880e-06 6.016421467715287385e-05 8.503800546541810945e-01 1.142713860995230979e+00 1.126133384902660239e+00 1.159529000869270465e+00 0.000000000000000000e+00
6.982925016015525621e+00 1.775507941766035547e+00 3.249663175598579046e-05 1.000000000000000000e+00 7.191628565270355195e-07 6.518750039687299692e-05 1.178967629222483993e+00 1.141561036629906711e+00 1.125086302408151884e+00 1.158267821521012486e+00 0.000000000000000000e+00
6.988748148677535355e+00 1.774028561186365982e+00 3.805497253573815182e-05 1.000000000000000000e+00 6.110821122287644100e-06 7.091640559740860182e-05 1.611416756167884046e+00 1.137652003722434690e+00 1.121035187600532224e+00 1.154505445455911827e+00 0.000000000000000000e+00
6.994576137309488573e+00 1.772550413249394330e+00 4.533011506076301564e-05 1.000000000000000000e+00 1.321044766613054184e-05 7.836910363587593076e-05 2.279349989177916314e+00 1.129200863171569091e+00 1.112562896952395519e+00 1.146077804201588890e+00 0.000000000000000000e+00
7.000408985960828723e+00 1.771073496928063928e+00 4.604124115630579622e-05 1.000000000000000000e+00 1.383046960036116873e-05 7.917211782034872631e-05 2.338509499602011488e+00 1.129107475148948048e+00 1.112473393132605848e+00 1.145980611632970048e+00 0.000000000000000000e+00
7.006246698684376106e+00 1.769597811196173431e+00 4.288588679001978691e-05 1.000000000000000000e+00 1.065257835678623560e-05 7.604151577009750167e-05 2.020579536425373135e+00 1.133030666901250205e+00 1.116293041759527815e+00 1.150009625804013780e+00 0.000000000000000000e+00
7.012089279536330544e+00 1.768123355028376364e+00 4.050608767173190239e-05 1.000000000000000000e+00 8.337240657564018041e-06 7.360325392186687016e-05 1.803775609557249027e+00 1.133488798920137208e+00 1.116758004246514391e+00 1.150460605033101213e+00 0.000000000000000000e+00
7.017936732576273151e+00 1.766650127400181791e+00 3.212152100882145322e-05 1.000000000000000000e+00 9.092298262564562717e-08 6.508632986485689883e-05 1.134628757118079534e+00 1.140798605039608615e+00 1.123944603103105289e+00 1.157895704093826250e+00 0.000000000000000000e+00
7.023789061867172556e+00 1.765178127287950538e+00 2.209214543063911393e-05 1.000000000000000000e+00 -9.792335762505398469e-06 5.491587045282130480e-05 5.363501468728486543e-01 1.147930221580379495e+00 1.130950159765155449e+00 1.165155509578966964e+00 0.000000000000000000e+00
7.029646271475383124e+00 1.763707353668898525e+00 1.389645940551229132e-05 1.000000000000000000e+00 -1.788352092690569152e-05 4.662203014181803915e-05 2.117775206577761082e-01 1.149412459073990478e+00 1.132427762360159962e+00 1.166641987465068198e+00 0.000000000000000000e+00
7.035508365470652059e+00 1.762237805521092104e+00 2.606510184842445037e-06 1.000000000000000000e+00 -2.912243126744404862e-05 3.528852223273428899e-05 7.399437365364747166e-03 1.153930294159532854e+00 1.136827650457816974e+00 1.171280206479489383e+00 0.000000000000000000e+00
7.041375347926120298e+00 1.760769481823449834e+00 -7.716068342031683533e-06 -1.000000000000000000e+00 -3.946220230517571352e-05 2.499083062673486334e-05 6.429022897127367742e-02 1.156732647346075504e+00 1.139423609883949862e+00 1.174294269180734540e+00 0.000000000000000000e+00
7.047247222918324283e+00 1.759302381555740702e+00 -1.472685109893957282e-05 -1.000000000000000000e+00 -4.645527495182281969e-05 1.797090351187375249e-05 2.325412547238698835e-01 1.156496974798909561e+00 1.139286080539989809e+00 1.173957477107436143e+00 0.000000000000000000e+00
7.053123994527200402e+00 1.757836503698584130e+00 -1.832506863868009551e-05 -1.000000000000000000e+00 -5.008732839594667668e-05 1.441161044524381070e-05 3.587678361729871312e-01 1.155407853618322545e+00 1.138021469957250620e+00 1.173048994961462643e+00 0.000000000000000000e+00
7.059005666836087656e+00 1.756371847233449524e+00 -1.662750836686340493e-05 -1.000000000000000000e+00 -4.835694276079141292e-05 1.608392701834799823e-05 2.956921718754159656e-01 1.151844580275641849e+00 1.134590045408180536e+00 1.169351129603784623e+00 0.000000000000000000e+00
7.064892243931729432e+00 1.754908411142653613e+00 -1.481438022774156077e-05 -1.000000000000000000e+00 -4.657966722646392850e-05 1.793863968604257001e-05 2.347900414249011192e-01 1.154000983060155860e+00 1.136555231948820355e+00 1.171703533233969141e+00 0.000000000000000000e+00
7.070783729904277948e+00 1.753446194409361780e+00 -4.103710287631806885e-06 -1.000000000000000000e+00 -3.603954820819371625e-05 2.882338884802655387e-05 1.801921164062036951e-02 1.146979524737501421e+00 1.129502137058286726e+00 1.164716323077148896e+00 0.000000000000000000e+00
7.076680128847296025e+00 1.751985196017586288e+00 5.537358051681798946e-06 1.000000000000000000e+00 -2.663327564459030042e-05 3.869931884575585182e-05 3.258360422208284035e-02 1.145540722516993126e+00 1.128174836514621360e+00 1.163163033437114802e+00 0.000000000000000000e+00
7.082581444857760644e+00 1.750525414952186498e+00 1.686056817820965204e-05 1.000000000000000000e+00 -1.569640805072246696e-05 5.040473426067553647e-05 2.989586111160349446e-01 1.144361762025494667e+00 1.126815757310504651e+00 1.162169786262413185e+00 0.000000000000000000e+00
7.088487682036063831e+00 1.749066850198867318e+00 3.218097982135046607e-05 1.000000000000000000e+00 -7.666115631929762463e-07 6.611281842333266499e-05 1.080136431516784512e+00 1.138712423894006731e+00 1.121116225583699055e+00 1.156573652860558798e+00 0.000000000000000000e+00
7.094398844486017985e+00 1.747609500744178535e+00 4.561575410191056446e-05 1.000000000000000000e+00 1.239239998587611877e-05 7.982257010205892698e-05 2.159229852961722429e+00 1.136273429168119131e+00 1.118702400065309188e+00 1.154109322583054764e+00 0.000000000000000000e+00
7.100314936314857661e+00 1.746153365575515037e+00 5.553385123953047490e-05 1.000000000000000000e+00 2.214571640424393045e-05 8.990577339957963612e-05 3.196666048945800753e+00 1.137436497888388187e+00 1.119775585232352100e+00 1.155364951022066711e+00 0.000000000000000000e+00
7.106235961633242226e+00 1.744698443681114597e+00 6.449850758632036504e-05 1.000000000000000000e+00 3.105241281886363385e-05 9.893105675591628342e-05 4.325891514004808869e+00 1.135834713225529313e+00 1.118201455293445390e+00 1.153735185360044380e+00 0.000000000000000000e+00
7.112161924555259418e+00 1.743244734050058975e+00 7.054821388262027637e-05 1.000000000000000000e+00 3.707090193387292714e-05 1.050160611722995651e-04 5.194778210569204191e+00 1.132694086416617729e+00 1.115002052514560749e+00 1.150655916841807347e+00 0.000000000000000000e+00
7.118092829198427118e+00 1.741792235672271039e+00 7.355510774005241735e-05 1.000000000000000000e+00 4.001533448449601119e-05 1.080919120244842874e-04 5.652745259560035151e+00 1.127345792726374363e+00 1.109506661237793734e+00 1.145369216418663072e+00 0.000000000000000000e+00
7.124028679683696907e+00 1.740340947538516092e+00 6.908493859857755398e-05 1.000000000000000000e+00 3.552589534860099474e-05 1.036520918864685162e-04 4.953995416296592680e+00 1.127385366195398309e+00 1.109646269824520637e+00 1.145396632395418779e+00 0.000000000000000000e+00
7.129969480135457616e+00 1.738890868640399878e+00 6.256177160593692668e-05 1.000000000000000000e+00 2.888162347693939150e-05 9.726088816757046899e-05 4.016578914936914657e+00 1.125720717411222482e+00 1.107888848184727992e+00 1.143736651914552649e+00 0.000000000000000000e+00
7.135915234681537100e+00 1.737441997970369245e+00 5.236654029185316094e-05 1.000000000000000000e+00 1.858651851571049905e-05 8.717446222241811223e-05 2.772878628612886587e+00 1.127657294427595769e+00 1.109801089222990367e+00 1.145697538831471407e+00 0.000000000000000000e+00
7.141865947453204910e+00 1.735994334521709703e+00 4.228501526151035706e-05 1.000000000000000000e+00 8.445162941715599037e-06 7.715761447327852728e-05 1.787473189565986331e+00 1.130402323904372341e+00 1.112420727231654194e+00 1.148570274813498271e+00 0.000000000000000000e+00
7.147821622585176726e+00 1.734547877288545648e+00 3.207950457852944679e-05 1.000000000000000000e+00 -1.689106705015866331e-06 6.688518118126533796e-05 1.024930964059407756e+00 1.137236242496955096e+00 1.119006605136576127e+00 1.155656272185541900e+00 0.000000000000000000e+00
7.153782264215615250e+00 1.733102625265839913e+00 3.029921463965364156e-05 1.000000000000000000e+00 -3.234301833921808886e-06 6.487967363186903594e-05 9.224844386784099015e-01 1.136022809070105000e+00 1.117923886251704246e+00 1.154309571979534654e+00 0.000000000000000000e+00
7.159747876486134643e+00 1.731658577449392222e+00 3.006465830344909470e-05 1.000000000000000000e+00 -3.243284856880612776e-06 6.442613067209611874e-05 9.201292327453955977e-01 1.136557170784862736e+00 1.118278034575509894e+00 1.155027967678740275e+00 0.000000000000000000e+00
7.165718463541802308e+00 1.730215732835839626e+00 3.258522384412207169e-05 1.000000000000000000e+00 -5.108595006759336643e-07 6.673701565110341425e-05 1.093267781404748007e+00 1.134250974940483436e+00 1.116116803083855080e+00 1.152574348716274066e+00 0.000000000000000000e+00
7.171694029531142434e+00 1.728774090422655174e+00 3.306146841513406715e-05 1.000000000000000000e+00 1.781549027771937421e-08 6.715666089115667988e-05 1.130078263566616670e+00 1.133925039874774221e+00 1.115609712765911921e+00 1.152433552879371881e+00 0.000000000000000000e+00
7.177674578606138667e+00 1.727333649208146804e+00 2.940499421478876902e-05 1.000000000000000000e+00 -3.627017638889383738e-06 6.348846026444630614e-05 8.909700097555344200e-01 1.136616640497041253e+00 1.118190329640658121e+00 1.155238373095363924e+00 0.000000000000000000e+00
7.183660114922237661e+00 1.725894408191456675e+00 2.444516784635090013e-05 1.000000000000000000e+00 -8.567536883690101237e-06 5.852087237223601560e-05 6.118544840448834066e-01 1.136222949338704380e+00 1.117912216117187940e+00 1.154726721320846083e+00 0.000000000000000000e+00
7.189650642638349964e+00 1.724456366372562499e+00 1.364678761527197551e-05 1.000000000000000000e+00 -1.938231757434821898e-05 4.775811914451446428e-05 1.886322011074241800e-01 1.140334242110967899e+00 1.121794413001851121e+00 1.159071223444079424e+00 0.000000000000000000e+00
7.195646165916856241e+00 1.723019522752273547e+00 1.532510635336238070e-06 1.000000000000000000e+00 -3.147805748695645811e-05 3.565164016586806398e-05 2.346109893068160090e-03 1.142691921158829782e+00 1.124242566589407577e+00 1.161336064919680666e+00 0.000000000000000000e+00
7.201646688923606376e+00 1.721583876332232421e+00 -1.167616938352563616e-05 -1.000000000000000000e+00 -4.479554473377290774e-05 2.257321937441843714e-05 1.337043158648896224e-01 1.145251464003083308e+00 1.126575582813297949e+00 1.164126077185846153e+00 0.000000000000000000e+00
7.207652215827925701e+00 1.720149426114913060e+00 -2.294254254442052422e-05 -1.000000000000000000e+00 -5.622598741239204212e-05 1.148540101578645416e-05 5.059070376860574925e-01 1.146099577387167390e+00 1.127307034298439037e+00 1.165093114872938873e+00 0.000000000000000000e+00
7.213662750802614987e+00 1.718716171103621404e+00 -3.156654148176399078e-05 -1.000000000000000000e+00 -6.497279478416183795e-05 2.994843394103286534e-06 9.419788698881603750e-01 1.147635835928452197e+00 1.128834662049574389e+00 1.166637953495267777e+00 0.000000000000000000e+00
7.219678298023954888e+00 1.717284110302493172e+00 -3.320555945437118071e-05 -1.000000000000000000e+00 -6.667147919674792813e-05 1.428947597363112608e-06 1.036349650560303814e+00 1.145578177678533871e+00 1.126695417209865768e+00 1.164663911002274288e+00 0.000000000000000000e+00
7.225698861671710382e+00 1.715853242716494531e+00 -3.072995866028406021e-05 -1.000000000000000000e+00 -6.413945973949574417e-05 3.864849421050982337e-06 8.897776429087755901e-01 1.145080094309562257e+00 1.126223178638748879e+00 1.164139620261703367e+00 0.000000000000000000e+00
7.231724445929129885e+00 1.714423567351419875e+00 -2.511452787910096280e-05 -1.000000000000000000e+00 -5.853332197455109599e-05 9.498529454815299810e-06 5.965122482080005284e-01 1.145939862013255706e+00 1.126986495705870173e+00 1.165097881881504538e+00 0.000000000000000000e+00
7.237755054982951464e+00 1.712995083213891823e+00 -1.722386552413295987e-05 -1.000000000000000000e+00 -5.082078221904750128e-05 1.756430386376075909e-05 2.802955553549253409e-01 1.147027207093064050e+00 1.127859268523377478e+00 1.166404256875725354e+00 0.000000000000000000e+00
7.243790693023404614e+00 1.711567789311361887e+00 -7.911512762123155946e-06 -1.000000000000000000e+00 -4.175290867566223057e-05 2.711337578008775782e-05 5.878073379471970838e-02 1.147638523385104969e+00 1.128576647619510487e+00 1.166907506232059077e+00 0.000000000000000000e+00
7.249831364244212040e+00 1.710141684652107807e+00 4.822571922356216107e-06 1.000000000000000000e+00 -2.936777526301940215e-05 4.018774623126450499e-05 2.171744863375124623e-02 1.142879638955938360e+00 1.123743103522478970e+00 1.162225727746287074e+00 0.000000000000000000e+00
7.255877072842594977e+00 1.708716768245233997e+00 1.656481875853176375e-05 1.000000000000000000e+00 -1.792626353898629901e-05 5.222610579615189321e-05 2.554134292057597122e-01 1.138816165782163825e+00 1.119493905882828599e+00 1.158352815936963154e+00 0.000000000000000000e+00
7.261927823019274086e+00 1.707293039100669763e+00 2.743780124021290889e-05 1.000000000000000000e+00 -7.187398890612822403e-06 6.323583240279288028e-05 7.016087062354188220e-01 1.133821255190201605e+00 1.114653169163501545e+00 1.153201283517940823e+00 0.000000000000000000e+00
7.267983618978473004e+00 1.705870496229170197e+00 3.575411351991513782e-05 1.000000000000000000e+00 1.013370759232606075e-06 7.166983443660518839e-05 1.195389554052425751e+00 1.129407238022625437e+00 1.110061896493919065e+00 1.148969371787845528e+00 0.000000000000000000e+00
7.274044464927921894e+00 1.704449138642313732e+00 3.834030970053817292e-05 1.000000000000000000e+00 3.614120393349833516e-06 7.424535977218314634e-05 1.376300831460113727e+00 1.129932732952752206e+00 1.110697324660136154e+00 1.149382271207764372e+00 0.000000000000000000e+00
7.280110365078859225e+00 1.703028965352503699e+00 4.084978340236297429e-05 1.000000000000000000e+00 6.056480663243369721e-06 7.682406002470172960e-05 1.563637859153786280e+00 1.125373268139885807e+00 1.105956077818842864e+00 1.145009688208725951e+00 0.000000000000000000e+00
7.286181323646034436e+00 1.701609975372965211e+00 3.861729968777527380e-05 1.000000000000000000e+00 3.833917115098771009e-06 7.458951826430605062e-05 1.393107640104744860e+00 1.123829386177017442e+00 1.104532557232354550e+00 1.143343085730938791e+00 0.000000000000000000e+00
7.292257344847713263e+00 1.700192167717745617e+00 3.139298371551879272e-05 1.000000000000000000e+00 -3.438014011663313252e-06 6.742404846507487281e-05 9.137081537003410858e-01 1.126868960588636392e+00 1.107318778509870150e+00 1.146640652473648991e+00 0.000000000000000000e+00
7.298338432905678630e+00 1.698775541401714717e+00 2.645337286554846399e-05 1.000000000000000000e+00 -8.470470831353582266e-06 6.259329695548514671e-05 6.432937401446991998e-01 1.124353594402637047e+00 1.104695497800555648e+00 1.144235885912884942e+00 0.000000000000000000e+00
7.304424592045234199e+00 1.697360095440562322e+00 1.992061366194153283e-05 1.000000000000000000e+00 -1.510717100606286597e-05 5.617802161712067403e-05 3.603646233947017663e-01 1.125626268565264265e+00 1.105951232471348078e+00 1.145525448321014661e+00 0.000000000000000000e+00
7.310515826495206149e+00 1.695945828850798032e+00 1.571603684202483288e-05 1.000000000000000000e+00 -1.948594290397554431e-05 5.215183566101005833e-05 2.215422563815394597e-01 1.127027691753262229e+00 1.107211328274494422e+00 1.147071080765108109e+00 0.000000000000000000e+00
7.316612140487947613e+00 1.694532740649751679e+00 1.608881255235166926e-05 1.000000000000000000e+00 -1.924859923806820629e-05 5.266001115669333377e-05 2.304198820533542857e-01 1.126971117624624208e+00 1.107158430712902097e+00 1.147010891438643654e+00 0.000000000000000000e+00
7.322713538259342236e+00 1.693120829855571774e+00 2.037617612388470869e-05 1.000000000000000000e+00 -1.503338737662342713e-05 5.701988046728517117e-05 3.696655736834486561e-01 1.126843214558056472e+00 1.106917679521722375e+00 1.146998760046187282e+00 0.000000000000000000e+00
7.328820024048804171e+00 1.691710095487224841e+00 2.902451269844242543e-05 1.000000000000000000e+00 -6.370577267469091352e-06 6.565478086440254936e-05 7.564899270589364733e-01 1.123819826706099034e+00 1.103817112905757236e+00 1.144054862970971254e+00 0.000000000000000000e+00
7.334931602099284298e+00 1.690300536564494527e+00 3.708795617515477284e-05 1.000000000000000000e+00 1.804511852575601714e-06 7.360523531693477224e-05 1.249616200084517459e+00 1.122292874388923334e+00 1.102334876640635120e+00 1.142483054714794166e+00 0.000000000000000000e+00
7.341048276657271110e+00 1.688892152107981603e+00 4.805496749710348709e-05 1.000000000000000000e+00 1.283086345763855712e-05 8.450951949920190308e-05 2.127230970410863620e+00 1.111972108408353144e+00 1.092000988827065200e+00 1.132177855603593075e+00 0.000000000000000000e+00
7.347170051972794269e+00 1.687484941139102412e+00 4.885502722083885641e-05 1.000000000000000000e+00 1.375252155462454798e-05 8.518839949935212252e-05 2.211482000001836923e+00 1.111868188962942705e+00 1.091919817060093001e+00 1.132051139271667894e+00 0.000000000000000000e+00
7.353296932299427269e+00 1.686078902680089531e+00 4.522032040633469429e-05 1.000000000000000000e+00 1.017155212188540313e-05 8.150637309927307686e-05 1.894347607678000145e+00 1.110227837253248806e+00 1.090172093018156207e+00 1.130520979962639228e+00 0.000000000000000000e+00
7.359428921894291875e+00 1.684674035753989330e+00 3.757549615611784397e-05 1.000000000000000000e+00 2.504847556994898921e-06 7.389588142088930243e-05 1.299671187002687134e+00 1.106192857523512485e+00 1.085927423119182000e+00 1.126701375485891887e+00 0.000000000000000000e+00
7.365566025018059015e+00 1.683270339384662417e+00 2.432610917769342316e-05 1.000000000000000000e+00 -1.071722586070627964e-05 6.063832414652023774e-05 5.377855794548622725e-01 1.104369100099775514e+00 1.084220034807821254e+00 1.124758570347515807e+00 0.000000000000000000e+00
7.371708245934952330e+00 1.681867812596783196e+00 5.513724759277617551e-06 1.000000000000000000e+00 -2.953475175796671778e-05 4.184849742931232301e-05 2.717503992369074695e-02 1.108213246976894828e+00 1.087771198282406315e+00 1.128901510685391241e+00 0.000000000000000000e+00
7.377855588912752616e+00 1.680466454415837863e+00 -1.110695961590461537e-05 -1.000000000000000000e+00 -4.602858268105761288e-05 2.511925315190221311e-05 1.090135593228609423e-01 1.109442347292211473e+00 1.089093758885951280e+00 1.130034467289829481e+00 0.000000000000000000e+00
7.384008058222798709e+00 1.679066263868125519e+00 -2.355155469061023527e-05 -1.000000000000000000e+00 -5.829979160821474111e-05 1.251285045193936549e-05 4.893016264500147372e-01 1.109805354338698757e+00 1.089209758600125477e+00 1.130650179188372961e+00 0.000000000000000000e+00
7.390165658139991045e+00 1.677667239980756175e+00 -2.472838663304751554e-05 -1.000000000000000000e+00 -5.921383883666621545e-05 1.108273357467660296e-05 5.462559175549159818e-01 1.100193263948538558e+00 1.079564627675238642e+00 1.121074165559178937e+00 0.000000000000000000e+00
7.396328392942796093e+00 1.676269381781650081e+00 -2.691939873853637811e-05 -1.000000000000000000e+00 -6.101132279594056020e-05 8.503885429048277058e-06 6.576586664974399810e-01 1.100601740272326046e+00 1.080004813682915454e+00 1.121450420512319912e+00 0.000000000000000000e+00
7.402496266913247247e+00 1.674872688299538392e+00 -1.981796829078904485e-05 -1.000000000000000000e+00 -5.368833630796862057e-05 1.538312231969633510e-05 3.632776356721620914e-01 1.089964570778050756e+00 1.069357544125734361e+00 1.110826320511667964e+00 0.000000000000000000e+00
7.408669284336948380e+00 1.673477158563960288e+00 -1.796832970734120675e-05 -1.000000000000000000e+00 -5.166931323514808842e-05 1.706001318939117466e-05 3.014021393220502887e-01 1.089574820117600318e+00 1.068998256633613364e+00 1.110405833533306907e+00 0.000000000000000000e+00
7.414847449503079169e+00 1.672082791605264962e+00 -1.179931622106494638e-05 -1.000000000000000000e+00 -4.554221438217599124e-05 2.326952749608822901e-05 1.306285465102519083e-01 1.079415209654523311e+00 1.058805032670706581e+00 1.100283306827239516e+00 0.000000000000000000e+00
7.421030766704393322e+00 1.670689586454608300e+00 -1.249356412193441952e-05 -1.000000000000000000e+00 -4.630764524173040960e-05 2.264950875154701370e-05 1.458519838718927986e-01 1.077738779804615188e+00 1.057006876403664863e+00 1.098732149920916612e+00 0.000000000000000000e+00
7.427219240237226572e+00 1.669297542143953983e+00 -1.690360893444550782e-05 -1.000000000000000000e+00 -5.075056940079951428e-05 1.828099973496165944e-05 2.649636246560760355e-01 1.078607503086262964e+00 1.057871486181269027e+00 1.099604836297032984e+00 0.000000000000000000e+00
7.433412874401496673e+00 1.667906657706072160e+00 -2.091255188000945060e-05 -1.000000000000000000e+00 -5.478440824643009263e-05 1.430658009940959747e-05 4.034984335568481129e-01 1.075419529166500299e+00 1.054570990670297581e+00 1.096532945261686987e+00 0.000000000000000000e+00
7.439611673500706956e+00 1.666516932174539223e+00 -2.869053196999385110e-05 -1.000000000000000000e+00 -6.244291619473240891e-05 6.421288325219126300e-06 7.567581597453454378e-01 1.076953584886238602e+00 1.056099566126205147e+00 1.098072255134341590e+00 0.000000000000000000e+00
7.445815641841948995e+00 1.665128364583736253e+00 -3.009353886575121976e-05 -1.000000000000000000e+00 -6.374199431574632791e-05 4.929267845954156044e-06 8.361752887890645525e-01 1.066448181638928405e+00 1.045555673323058432e+00 1.087608898683237291e+00 0.000000000000000000e+00
7.452024783735907043e+00 1.663740953968849468e+00 -3.816475076276741352e-05 -1.000000000000000000e+00 -7.158478017735427730e-05 -3.353705369827990020e-06 1.346265537994042916e+00 1.068030067387331306e+00 1.047137943535630056e+00 1.089189793220344926e+00 0.000000000000000000e+00
7.458239103496859812e+00 1.662354699365868660e+00 -4.055424327206956075e-05 -1.000000000000000000e+00 -7.386875754453886295e-05 -5.835884303512802026e-06 1.524738997180378419e+00 1.060201928278858174e+00 1.039248176868206919e+00 1.081426734658025746e+00 0.000000000000000000e+00
7.464458605442683137e+00 1.660969599811586539e+00 -4.610393883844084303e-05 -1.000000000000000000e+00 -7.936765872635124456e-05 -1.143040693020162287e-05 1.966364087544775430e+00 1.059320911836209467e+00 1.038119407956672013e+00 1.080800194540121550e+00 0.000000000000000000e+00
7.470683293894854415e+00 1.659585654343599170e+00 -4.878817972277578626e-05 -1.000000000000000000e+00 -8.199412212721261394e-05 -1.416439355108520926e-05 2.196820454042722304e+00 1.055283165058916506e+00 1.034242483569537630e+00 1.076598566235893673e+00 0.000000000000000000e+00
7.476913173178454386e+00 1.658202862000304201e+00 -5.030040530224910174e-05 -1.000000000000000000e+00 -8.353650778586981082e-05 -1.563759266283587399e-05 2.330283812308124425e+00 1.051922507065133905e+00 1.030659894370735463e+00 1.073466633477083487e+00 0.000000000000000000e+00
7.483148247622170679e+00 1.656821221820899526e+00 -4.669051091998159000e-05 -1.000000000000000000e+00 -7.993700886192447671e-05 -1.200182704827604453e-05 2.009392730364396584e+00 1.042607175385792617e+00 1.021559124102890737e+00 1.063933208546807618e+00 0.000000000000000000e+00
7.489388521558299594e+00 1.655440732845385288e+00 -4.152478597454407238e-05 -1.000000000000000000e+00 -7.492350830037267269e-05 -6.670447448771829840e-06 1.588060672851696609e+00 1.033874696481716038e+00 1.012653246709561472e+00 1.055380925744203724e+00 0.000000000000000000e+00
7.495633999322752317e+00 1.654061394114560324e+00 -2.985243426908809858e-05 -1.000000000000000000e+00 -6.353705542842103373e-05 5.296499664920002796e-06 8.203435736089090824e-01 1.016874836447665631e+00 9.956729722719712683e-01 1.038365541839682216e+00 0.000000000000000000e+00
7.501884685255054031e+00 1.652683204670022832e+00 -2.532975621938559464e-05 -1.000000000000000000e+00 -5.924117741882391279e-05 1.004750063758421178e-05 5.859613354127191087e-01 1.015907927706793501e+00 9.947223511377913940e-01 1.037382544966911402e+00 0.000000000000000000e+00
7.508140583698349246e+00 1.651306163554170148e+00 -1.152493308502355347e-05 -1.000000000000000000e+00 -4.578252043709806304e-05 2.419832910509821608e-05 1.211711792472556226e-01 1.001383730263122551e+00 9.801944109818808704e-01 1.022866374040211523e+00 0.000000000000000000e+00
7.514401698999403578e+00 1.649930269810196748e+00 -4.036945583374677526e-06 -1.000000000000000000e+00 -3.847408249729923234e-05 3.187050168157532225e-05 1.482876512895359156e-02 9.998268468647378837e-01 9.786682722457293870e-01 1.021278611676920134e+00 0.000000000000000000e+00
7.520668035508609073e+00 1.648555522482095359e+00 9.205677045449346178e-06 1.000000000000000000e+00 -2.546431296743792408e-05 4.535651512167197948e-05 7.737005482348990881e-02 9.882563469895770947e-01 9.670743717441823151e-01 1.009735341050250312e+00 0.000000000000000000e+00
7.526939597579984209e+00 1.647181920614653627e+00 2.036966968614599578e-05 1.000000000000000000e+00 -1.449481997260827949e-05 5.673077203397537151e-05 3.789307354707602826e-01 9.791220370917279592e-01 9.581586083129336462e-01 1.000378997204761200e+00 0.000000000000000000e+00
7.533216389571179228e+00 1.645809463253457006e+00 2.514856980726412386e-05 1.000000000000000000e+00 -1.001759507953444228e-05 6.182064344705776211e-05 5.723650931028316791e-01 9.794497425355708220e-01 9.582187916133445560e-01 1.000981451154453250e+00 0.000000000000000000e+00
7.539498415843477019e+00 1.644438149444884756e+00 4.006517958705902663e-05 1.000000000000000000e+00 4.395257705737095136e-06 7.724520000423388774e-05 1.442345060636512244e+00 9.601579668929232092e-01 9.389620419566737652e-01 9.816591949262001293e-01 0.000000000000000000e+00
7.545785680761798453e+00 1.643067978236111282e+00 4.374740669106481710e-05 1.000000000000000000e+00 7.718376374513305071e-06 8.128348084798131979e-05 1.693050191825875572e+00 9.594406851629292410e-01 9.382483964705665702e-01 9.809387211243639770e-01 0.000000000000000000e+00
7.552078188694705041e+00 1.641698948675104575e+00 5.452467315937717325e-05 1.000000000000000000e+00 1.814606814383102398e-05 9.240981682032337725e-05 2.618024427122577436e+00 9.455175843532540592e-01 9.243123361719041142e-01 9.670337664147501400e-01 0.000000000000000000e+00
7.558375944014398939e+00 1.640331059810627101e+00 5.670241862587059524e-05 1.000000000000000000e+00 2.029654663198165342e-05 9.462431834168826342e-05 2.830230447115184234e+00 9.451287010733729899e-01 9.239446704453058157e-01 9.666231350710572379e-01 0.000000000000000000e+00
7.564678951096730941e+00 1.638964310692231585e+00 6.563963022007188847e-05 1.000000000000000000e+00 2.924518956124082470e-05 1.035716092244156543e-04 3.840060740710953269e+00 9.310444094266913106e-01 9.098713433787762872e-01 9.525317988052900420e-01 0.000000000000000000e+00
7.570987214321198699e+00 1.637598700370265004e+00 6.486518690210392457e-05 1.000000000000000000e+00 2.862344947874552405e-05 1.026677622977134759e-04 3.772319393535667587e+00 9.312889221344459179e-01 9.101383583512397957e-01 9.527529184002522245e-01 0.000000000000000000e+00
7.577300738070952946e+00 1.636234227895864146e+00 7.085917490222374692e-05 1.000000000000000000e+00 3.452308854080306792e-05 1.087692048275138248e-04 4.519809262471085276e+00 9.169809935113335531e-01 8.958349165950985071e-01 9.384450587650460252e-01 0.000000000000000000e+00
7.583619526732800153e+00 1.634870892320956948e+00 7.111974344557498058e-05 1.000000000000000000e+00 3.458091751362568107e-05 1.092312529177780819e-04 4.516218479897929683e+00 9.102823489375457822e-01 8.889385376289972163e-01 9.319524884660754793e-01 0.000000000000000000e+00
7.589943584697204315e+00 1.633508692698261822e+00 6.923722458039800797e-05 1.000000000000000000e+00 3.253516372031348299e-05 1.075113502268582510e-04 4.226734945230020912e+00 9.052048260011383851e-01 8.840239587342567651e-01 9.267092733122899162e-01 0.000000000000000000e+00
7.596272916358290495e+00 1.632147628081284996e+00 6.146080804332624485e-05 1.000000000000000000e+00 2.466266653789527343e-05 9.984113601413828812e-05 3.289437266973664009e+00 9.088684621434454103e-01 8.873745980423635160e-01 9.306940545744684101e-01 0.000000000000000000e+00
7.602607526113848380e+00 1.630787697524322288e+00 5.997839372594811945e-05 1.000000000000000000e+00 2.323605807995157317e-05 9.833726347974479408e-05 3.132010293928772171e+00 9.016490022571466145e-01 8.803558039747038100e-01 9.232698017197825680e-01 0.000000000000000000e+00
7.608947418365335835e+00 1.629428900082457776e+00 5.601301425127853647e-05 1.000000000000000000e+00 1.935227052025985953e-05 9.432420129320299919e-05 2.735402093738684925e+00 9.001493384634368100e-01 8.786192958013179233e-01 9.220142911708751887e-01 0.000000000000000000e+00
7.615292597517878903e+00 1.628071234811562906e+00 5.588882131728823202e-05 1.000000000000000000e+00 1.927809273386128081e-05 9.416707724177693416e-05 2.724582357855240389e+00 8.946452009182851439e-01 8.732997200348086020e-01 9.163219405926680272e-01 0.000000000000000000e+00
7.621643067980279795e+00 1.626714700768294497e+00 5.918057115295205408e-05 1.000000000000000000e+00 2.240467669157132565e-05 9.761199875203316854e-05 3.047256932951484032e+00 8.862737871568009407e-01 8.647596828541823655e-01 9.081278380864039601e-01 0.000000000000000000e+00
7.627998834165015118e+00 1.625359297010096737e+00 6.605253115870845799e-05 1.000000000000000000e+00 2.911958588940455458e-05 1.046208670856400619e-04 3.800140472819862225e+00 8.740492186417881948e-01 8.525211391190338217e-01 8.959233447703143227e-01 0.000000000000000000e+00
7.634359900488242090e+00 1.624005022595198744e+00 6.604201363992526469e-05 1.000000000000000000e+00 2.924500555805149154e-05 1.044693518857399395e-04 3.817483830226308328e+00 8.741523009113677523e-01 8.526544579293556803e-01 8.959959685951656150e-01 0.000000000000000000e+00
7.640726271369800315e+00 1.622651876582614117e+00 7.261481244563417175e-05 1.000000000000000000e+00 3.605473077273774364e-05 1.108190387206174079e-04 4.716035479505364947e+00 8.608160031333247364e-01 8.393457897612273122e-01 8.826365430417039137e-01 0.000000000000000000e+00
7.647097951233216229e+00 1.621299858032140939e+00 6.862751156307669495e-05 1.000000000000000000e+00 3.256805579607310836e-05 1.063512283880708781e-04 4.296823557915786296e+00 8.617756003277455834e-01 8.403426241422561338e-01 8.835576069080615103e-01 0.000000000000000000e+00
7.653474944505703093e+00 1.619948966004359558e+00 6.880890118819937796e-05 1.000000000000000000e+00 3.312437369981380004e-05 1.061717625866480277e-04 4.415869065664935533e+00 8.489941463323664728e-01 8.275782681788064199e-01 8.707637705885842294e-01 0.000000000000000000e+00
7.659857255618167216e+00 1.618599199560634805e+00 5.656000962850737647e-05 1.000000000000000000e+00 2.127883352303153592e-05 9.352646968828395163e-05 2.996686576234594668e+00 8.517113950199137751e-01 8.302842632860955030e-01 8.734919414924120495e-01 0.000000000000000000e+00
7.666244889005210617e+00 1.617250557763112662e+00 5.042432213258105740e-05 1.000000000000000000e+00 1.528131619780337847e-05 8.725991680746951376e-05 2.387111236284397364e+00 8.354911176110957349e-01 8.140858078654548136e-01 8.572557777894063147e-01 0.000000000000000000e+00
7.672637849105131913e+00 1.615903039674720043e+00 3.434905439090462129e-05 1.000000000000000000e+00 -6.151892227587658956e-07 7.101477218003275995e-05 1.098354092571241836e+00 8.309750712572777642e-01 8.093307201290836916e-01 8.529886298816237167e-01 0.000000000000000000e+00
7.679036140359931650e+00 1.614556644359165460e+00 1.363259749400906341e-05 1.000000000000000000e+00 -2.089979529409195249e-05 4.988558534099027842e-05 1.719727185945885140e-01 8.307392181474104742e-01 8.092000246031858524e-01 8.526441950033518680e-01 0.000000000000000000e+00
7.685439767215314077e+00 1.613211370880937023e+00 -4.388467316923061797e-06 -1.000000000000000000e+00 -3.831437134787709649e-05 3.128172101676127750e-05 1.799865618977491977e-02 8.255841268678342226e-01 8.038339027585078567e-01 8.477091474563646090e-01 0.000000000000000000e+00
7.691848734120691589e+00 1.611867218305303329e+00 -2.228342347001076979e-05 -1.000000000000000000e+00 -5.517948457840645527e-05 1.239322021133276529e-05 4.759854188515078022e-01 8.237547859301400655e-01 8.021775701514104462e-01 8.457021610792122557e-01 0.000000000000000000e+00
7.698263045529186499e+00 1.610524185698310351e+00 -3.636931883663659375e-05 -1.000000000000000000e+00 -6.817633258443411988e-05 -2.768545045403373683e-06 1.316610476572918742e+00 8.198725327992024692e-01 7.981127256378247603e-01 8.420111227454351033e-01 0.000000000000000000e+00
7.704682705897634598e+00 1.609182272126782998e+00 -4.862701039808858637e-05 -1.000000000000000000e+00 -7.929920849106400016e-05 -1.616297815679451356e-05 2.448439830560346309e+00 8.157775844682414457e-01 7.942345799523402583e-01 8.376948226437492817e-01 0.000000000000000000e+00
7.711107719686588702e+00 1.607841476658323998e+00 -6.331948627335861051e-05 -1.000000000000000000e+00 -9.300366884398359249e-05 -3.184483104937658820e-05 4.282498283235270264e+00 8.168858802290033250e-01 7.950904741732164327e-01 8.390645870147988017e-01 0.000000000000000000e+00
7.717538091360320429e+00 1.606501798361312572e+00 -7.097322941443544634e-05 -1.000000000000000000e+00 -9.988880954397562719e-05 -4.024066076572250031e-05 5.538276687135351040e+00 8.011744895490392482e-01 7.794309093366489360e-01 8.233070015663443986e-01 0.000000000000000000e+00
7.723973825386825531e+00 1.605163236304904206e+00 -8.670691297354913001e-05 -1.000000000000000000e+00 -1.149318456547504638e-04 -5.664460447642493047e-05 8.331567593945976569e+00 7.978504534350105981e-01 7.762712733814255417e-01 8.198144210747939642e-01 0.000000000000000000e+00
7.730414926237823892e+00 1.603825789559029547e+00 -1.014408030872589704e-04 -1.000000000000000000e+00 -1.292790998684756516e-04 -7.175412662799398363e-05 1.138056636400801835e+01 7.896106239582805220e-01 7.678420915680421732e-01 8.117745101228609483e-01 0.000000000000000000e+00
7.736861398388765743e+00 1.602489457194395728e+00 -1.177483765916643451e-04 -1.000000000000000000e+00 -1.450717122475029272e-04 -8.853482718009967429e-05 1.525458301056511345e+01 7.863991347836005730e-01 7.647800363485853792e-01 8.084094599749146459e-01 0.000000000000000000e+00
7.743313246318833443e+00 1.601154238282482378e+00 -1.241685418473149221e-04 -1.000000000000000000e+00 -1.510070264729708282e-04 -9.540465590188325871e-05 1.719764112571277792e+01 7.721398798253080731e-01 7.504387248473942673e-01 7.942423440608744611e-01 0.000000000000000000e+00
7.749770474510944140e+00 1.599820131895543396e+00 -1.293138397965715712e-04 -1.000000000000000000e+00 -1.554324243988197967e-04 -1.012918628116753943e-04 1.917392584518881904e+01 7.681659768243986885e-01 7.466675883179509920e-01 7.900614524460307653e-01 0.000000000000000000e+00
7.756233087451753327e+00 1.598487137106606282e+00 -1.246092273568880624e-04 -1.000000000000000000e+00 -1.499919945758302025e-04 -9.735735012945859852e-05 1.873252818626588123e+01 7.556002588289525423e-01 7.340518162826300541e-01 7.775557550717626665e-01 0.000000000000000000e+00
7.762701089631657503e+00 1.597155252989470364e+00 -1.211077045255013786e-04 -1.000000000000000000e+00 -1.479248759369707045e-04 -9.464221833922226450e-05 1.860691035550075867e+01 7.492791192004003564e-01 7.279933299128348301e-01 7.709662573324751467e-01 0.000000000000000000e+00
7.769174485544799502e+00 1.595824478618706577e+00 -1.196649332153595062e-04 -1.000000000000000000e+00 -1.473098476929008544e-04 -9.372121975086831938e-05 1.875150976249108226e+01 7.423398516416755966e-01 7.209031392768648905e-01 7.641879496767423063e-01 0.000000000000000000e+00
7.775653279689067610e+00 1.594494813069657235e+00 -1.219484969407842501e-04 -1.000000000000000000e+00 -1.472370387273844313e-04 -9.616797928602870875e-05 1.958364712822015008e+01 7.340020611034898668e-01 7.125138652626433755e-01 7.559087946738034525e-01 0.000000000000000000e+00
7.782137476566102663e+00 1.593166255418435151e+00 -1.328331347103964364e-04 -1.000000000000000000e+00 -1.566355605834357035e-04 -1.071524717465513346e-04 2.277068120199987789e+01 7.362167697922901155e-01 7.146845640471081174e-01 7.581680853081707028e-01 0.000000000000000000e+00
7.788627080681298942e+00 1.591838804741922297e+00 -1.380346281452257077e-04 -1.000000000000000000e+00 -1.618298350791052566e-04 -1.123413031639798149e-04 2.433864953190828828e+01 7.227876117737526140e-01 7.012550799734186269e-01 7.447464772144084533e-01 0.000000000000000000e+00
7.795122096543806833e+00 1.590512460117771143e+00 -1.480396895818281459e-04 -1.000000000000000000e+00 -1.713673326169602208e-04 -1.227779978204015751e-04 2.796281542044903290e+01 7.247540631235046549e-01 7.032066597169607247e-01 7.467270968940121767e-01 0.000000000000000000e+00
7.801622528666539047e+00 1.589187220624400876e+00 -1.444344872639312502e-04 -1.000000000000000000e+00 -1.671058323803110469e-04 -1.198108218751145753e-04 2.765874447855924245e+01 7.060800083243720104e-01 6.846733927454500268e-01 7.279183010481722338e-01 0.000000000000000000e+00
7.808128381566169729e+00 1.587863085341000069e+00 -1.470708647143750142e-04 -1.000000000000000000e+00 -1.688500342779149634e-04 -1.233300837526158180e-04 2.971925351204833987e+01 7.063955089686621003e-01 6.850379770083299125e-01 7.281831460737917538e-01 0.000000000000000000e+00
7.814639659763139790e+00 1.586540053347523793e+00 -1.440272391394821917e-04 -1.000000000000000000e+00 -1.652660285819394000e-04 -1.207918029583602052e-04 2.941360088097144398e+01 6.911033088408117253e-01 6.698295830039928678e-01 7.128132019765318628e-01 0.000000000000000000e+00
7.821156367781661345e+00 1.585218123724693617e+00 -1.467323547136440949e-04 -1.000000000000000000e+00 -1.680073710357208846e-04 -1.234811250069546497e-04 3.043025513782043845e+01 6.817819549858474826e-01 6.603263889032240375e-01 7.036619613895102043e-01 0.000000000000000000e+00
7.827678510149716828e+00 1.583897295553998275e+00 -5.514818821837642318e-04 -1.000000000000000000e+00 0.000000000000000000e+00 0.000000000000000000e+00 0.000000000000000000e+00 7.283499289479512528e-01 0.000000000000000000e+00 0.000000000000000000e+00 1.000000000000000000e+00
7.834206091399066985e+00 1.582577567917689887e+00 -7.121452135853764557e-04 -1.000000000000000000e+00 0.000000000000000000e+00 0.000000000000000000e+00 0.000000000000000000e+00 6.914716343853216651e-01 0.000000000000000000e+00 0.000000000000000000e+00 1.000000000000000000e+00
7.840739116065250869e+00 1.581258939898786631e+00 -5.299955792748669084e-04 -1.000000000000000000e+00 0.000000000000000000e+00 0.000000000000000000e+00 0.000000000000000000e+00 7.227437986290391470e-01 0.000000000000000000e+00 0.000000000000000000e+00 1.000000000000000000e+00
7.847277588687588512e+00 1.579941410581070071e+00 -1.401756081240478687e-04 -1.000000000000000000e+00 -1.647466786897429532e-04 -1.177484884134836189e-04 2.958008105371862939e+01 6.495442056224961513e-01 6.278598271092554750e-01 6.717288850305317416e-01 0.000000000000000000e+00
7.853821513809187138e+00 1.578624979049085830e+00 -1.369251344164602836e-04 -1.000000000000000000e+00 -1.650581216660573466e-04 -1.148174789628408194e-04 2.896075394186050289e+01 6.426558339002078624e-01 6.212349655929787495e-01 6.645672199995910079e-01 0.000000000000000000e+00
7.860370895976941163e+00 1.577309644388141585e+00 -1.365174624744006613e-04 -1.000000000000000000e+00 -1.599818754307952501e-04 -1.144455103911505735e-04 2.888012218054853975e+01 6.332847078707599664e-01 6.117085186021913312e-01 6.553540005752932496e-01 0.000000000000000000e+00
7.866925739741537527e+00 1.575995405684307737e+00 -1.412596995191651105e-04 -1.000000000000000000e+00 -1.613402103268656755e-04 -1.191978771998414960e-04 3.050093963887468362e+01 6.303965335450421037e-01 6.089788073280629765e-01 6.523015376635022955e-01 0.000000000000000000e+00
7.873486049657457464e+00 1.574682262024415857e+00 -1.446691377975419250e-04 -1.000000000000000000e+00 -1.645556892525126347e-04 -1.227285735443286020e-04 3.183467512178259540e+01 6.247545453603415844e-01 6.031249575645115657e-01 6.468845359348193158e-01 0.000000000000000000e+00
7.880051830282980951e+00 1.573370212496058462e+00 -1.470477594112675433e-04 -1.000000000000000000e+00 -1.665000002088995565e-04 -1.254801920731605971e-04 3.310570992781833866e+01 6.214260256850401287e-01 5.999912556703317357e-01 6.433545150591772899e-01 0.000000000000000000e+00
7.886623086180188480e+00 1.572059256187587906e+00 -1.441590677584310410e-04 -1.000000000000000000e+00 -1.633576889986865157e-04 -1.228574137592820781e-04 3.255233004806268582e+01 6.110533444126111657e-01 5.895173196288578943e-01 6.330971901427451254e-01 0.000000000000000000e+00
7.893199821914964609e+00 1.570749392188117488e+00 -1.371084692603856652e-04 -1.000000000000000000e+00 -1.560409771433377100e-04 -1.160979973851664375e-04 3.052594352002137157e+01 5.942517156481980090e-01 5.728382974358009472e-01 6.161699363896367965e-01 0.000000000000000000e+00
7.899782042057002407e+00 1.569440619587517682e+00 -1.370160842634664342e-04 -1.000000000000000000e+00 -1.574610231545893458e-04 -1.163495686013417987e-04 3.110782026337989237e+01 5.938905042849554894e-01 5.725188292235787735e-01 6.157632036146446497e-01 0.000000000000000000e+00
7.906369751179806116e+00 1.568132937476418354e+00 -6.471404563555310969e-04 -1.000000000000000000e+00 -7.308606042654971829e-04 -5.708834760569827908e-04 -7.567697350500850462e+00 6.085706932299479455e-01 5.875112425384052539e-01 6.298881118093638820e-01 0.000000000000000000e+00
7.912962953860692039e+00 1.566826344946206540e+00 -9.505590673328185919e-04 -1.000000000000000000e+00 0.000000000000000000e+00 0.000000000000000000e+00 0.000000000000000000e+00 6.302645660967488572e-01 0.000000000000000000e+00 0.000000000000000000e+00 1.000000000000000000e+00
7.919561654680794760e+00 1.565520841089027337e+00 -6.415092089927743263e-04 -1.000000000000000000e+00 0.000000000000000000e+00 0.000000000000000000e+00 0.000000000000000000e+00 6.051655235783927056e-01 0.000000000000000000e+00 0.000000000000000000e+00 1.000000000000000000e+00
7.926165858225068916e+00 1.564216424997781019e+00 -1.187017778106817540e-03 -1.000000000000000000e+00 0.000000000000000000e+00 0.000000000000000000e+00 0.000000000000000000e+00 6.149650016062658819e-01 0.000000000000000000e+00 0.000000000000000000e+00 1.000000000000000000e+00
7.932775569082291867e+00 1.562913095766124583e+00 -1.217737616712912061e-03 -1.000000000000000000e+00 0.000000000000000000e+00 0.000000000000000000e+00 0.000000000000000000e+00 5.848680177582880058e-01 0.000000000000000000e+00 0.000000000000000000e+00 1.000000000000000000e+00
7.939390791845069018e+00 1.561610852488469980e+00 -1.449850176734772574e-03 -1.000000000000000000e+00 0.000000000000000000e+00 0.000000000000000000e+00 0.000000000000000000e+00 5.762366962740977927e-01 0.000000000000000000e+00 0.000000000000000000e+00 1.000000000000000000e+00
7.946011531109834714e+00 1.560309694259983226e+00 -1.400160904268715149e-03 -1.000000000000000000e+00 -1.624883215163668059e-03 -1.122758626961978170e-03 -7.073811827117026496e+00 5.663717955656570879e-01 5.380187918095975519e-01 5.848194900330782042e-01 0.000000000000000000e+00
7.952637791476856677e+00 1.559009620176584621e+00 -1.446362354162238897e-03 -1.000000000000000000e+00 0.000000000000000000e+00 0.000000000000000000e+00 0.000000000000000000e+00 5.528713094772068626e-01 0.000000000000000000e+00 0.000000000000000000e+00 1.000000000000000000e+00
7.959269577550237784e+00 1.557710629334948083e+00 -1.426034966368613672e-03 -1.000000000000000000e+00 0.000000000000000000e+00 0.000000000000000000e+00 0.000000000000000000e+00 5.717357032774360581e-01 0.000000000000000000e+00 0.000000000000000000e+00 1.000000000000000000e+00
7.965906893937922284e+00 1.556412720832499597e+00 -8.486146570783693931e-04 -1.000000000000000000e+00 0.000000000000000000e+00 0.000000000000000000e+00 0.000000000000000000e+00 5.256232488385282897e-01 0.000000000000000000e+00 0.000000000000000000e+00 1.000000000000000000e+00
7.972549745251694908e+00 1.555115893767417656e+00 -6.782336188504793075e-04 -1.000000000000000000e+00 0.000000000000000000e+00 0.000000000000000000e+00 0.000000000000000000e+00 5.234902620847691201e-01 0.000000000000000000e+00 0.000000000000000000e+00 1.000000000000000000e+00
7.979198136107187977e+00 1.553820147238631932e+00 -7.864889953813876747e-04 -1.000000000000000000e+00 0.000000000000000000e+00 0.000000000000000000e+00 0.000000000000000000e+00 4.947661858970983650e-01 0.000000000000000000e+00 0.000000000000000000e+00 1.000000000000000000e+00
7.985852071123881402e+00 1.552525480345822828e+00 -1.150219193761192488e-03 -1.000000000000000000e+00 0.000000000000000000e+00 0.000000000000000000e+00 0.000000000000000000e+00 4.963327737098640613e-01 0.000000000000000000e+00 0.000000000000000000e+00 1.000000000000000000e+00
7.992511554925108008e+00 1.551231892189421036e+00 -7.781556522424953578e-04 -1.000000000000000000e+00 0.000000000000000000e+00 0.000000000000000000e+00 0.000000000000000000e+00 4.633873580971130113e-01 0.000000000000000000e+00 0.000000000000000000e+00 1.000000000000000000e+00
7.999176592138056208e+00 1.549939381870606869e+00 -8.232101239537431038e-04 -1.000000000000000000e+00 0.000000000000000000e+00 0.000000000000000000e+00 0.000000000000000000e+00 4.583613661236733972e-01 0.000000000000000000e+00 0.000000000000000000e+00 1.000000000000000000e+00
