# OBJ_NAME=4U 0513-40
#         GRID_START=6.00
#         GRID_END=8.00
#         GRID_STEP_FRACTION=0.50
#         XSPEC_FITSTAT=cstat
#         XSPEC_CONTINUUM_MODEL=tbabs*(bbodyrad + pow)*constant
#         XSPEC_LINE_MODEL=gauss
#         LINE_VELOCITY_WIDTH=500
#         INPUT_FILE=/home/simon/Downloads/tgcat/obs_17449_tgid_5224/pm_heg_abs1.pha
#         SEARCH_MODE=Sliding window
#         FIT_REGION_WIDTH=30.00
#         RUNTIME=73
#         COLUMN_NAMES=ENERGY,WAVELENGTH,NORM,NORM_SIGN,NORM_ERR_LO,NORM_ERR_HI,DELTA_FITSTAT,CONSTANT_FACTOR,CONSTANT_FACTOR_ERR_LO,CONSTANT_FACTOR_ERR_HI,FIT_ERR
6.000000000000000000e+00 2.066373137115381287e+00 -8.674179235802227504e-06 -1.000000000000000000e+00 -1.591471380182043341e-05 -1.857024187419600570e-07 1.151383945245100904e+00 1.155698538638343154e+00 1.077384650248651043e+00 1.234859007476141635e+00 0.000000000000000000e+00
6.005003461427972589e+00 2.064651403172383937e+00 -9.110779247899225292e-06 -1.000000000000000000e+00 -1.618488812115844623e-05 -7.932249077577253047e-07 1.306800547056880646e+00 1.155783243873041100e+00 1.076882976457842922e+00 1.235503551457155069e+00 0.000000000000000000e+00
6.010011095293655181e+00 2.062931103804642063e+00 -1.023004553524847457e-05 -1.000000000000000000e+00 -1.707312756898584228e-05 -2.122392338236667940e-06 1.681279226480071998e+00 1.165760011886410430e+00 1.087530243566297239e+00 1.244669260312944115e+00 0.000000000000000000e+00
6.015022905076486737e+00 2.061212237816845594e+00 -1.235627117391820331e-05 -1.000000000000000000e+00 -1.916903424916409127e-05 -4.424840908549140063e-06 2.424516755892469178e+00 1.191580353658264979e+00 1.113468221617095466e+00 1.270324239285737677e+00 0.000000000000000000e+00
6.020038894258807005e+00 2.059494804014679215e+00 -1.443301540128755921e-05 -1.000000000000000000e+00 -2.138638088886157993e-05 -6.445088754515384817e-06 3.151801741797726208e+00 1.201286040135855382e+00 1.122870643965978354e+00 1.280717946007837726e+00 0.000000000000000000e+00
6.025059066325860080e+00 2.057778801204824592e+00 -1.723473703085771254e-05 -1.000000000000000000e+00 -2.435092354169873254e-05 -8.824879882578247863e-06 4.021988579084293747e+00 1.227698013102172192e+00 1.149112201758482499e+00 1.308640987608892470e+00 0.000000000000000000e+00
6.030083424765796174e+00 2.056064228194956822e+00 -1.935853954102818459e-05 -1.000000000000000000e+00 -2.699487339708224313e-05 -9.789825852973750800e-06 4.109521109794158633e+00 1.239388164865761643e+00 1.161259264754219256e+00 1.320274553080256208e+00 0.000000000000000000e+00
6.035111973069674285e+00 2.054351083793744426e+00 -1.773960398555260250e-05 -1.000000000000000000e+00 -2.622752416179655223e-05 -6.838549142397430829e-06 2.947259825845932824e+00 1.232543979258136080e+00 1.153807263579768039e+00 1.313803675065855270e+00 0.000000000000000000e+00
6.040144714731465747e+00 2.052639366810848021e+00 -1.122855844861696481e-05 -1.000000000000000000e+00 -2.112832444026414589e-05 -7.016753209832136479e-07 1.270921224369857327e+00 1.205621515693508838e+00 1.125945679974942548e+00 1.286079870841114969e+00 0.000000000000000000e+00
6.045181653248054232e+00 2.050929076056921652e+00 -5.588705744466440756e-06 -1.000000000000000000e+00 -1.499591447296997030e-05 3.191058005243788633e-06 4.677719619536020446e-01 1.191460980377273104e+00 1.112481158648347179e+00 1.270908175616354052e+00 0.000000000000000000e+00
6.050222792119239301e+00 2.049220210343609683e+00 -3.473564434102553694e-06 -1.000000000000000000e+00 -1.168261520519934895e-05 5.469688079647512614e-06 1.796984975613327151e-01 1.184639182010381653e+00 1.104787217322298565e+00 1.264809588109192973e+00 0.000000000000000000e+00
6.055268134847740846e+00 2.047512768483544576e+00 -2.067905223458558361e-06 -1.000000000000000000e+00 -1.013942879606897699e-05 7.198685642510592740e-06 6.113310658039949885e-02 1.166674603167286106e+00 1.085692984451112064e+00 1.247496195405397135e+00 0.000000000000000000e+00
6.060317684939197314e+00 2.045806749290351334e+00 -1.307095043707392435e-06 -1.000000000000000000e+00 -9.694647059165453518e-06 8.348548328867292029e-06 2.310266627586088362e-02 1.144828905277626596e+00 1.062169120293571911e+00 1.226869607997909783e+00 0.000000000000000000e+00
6.065371445902172809e+00 2.044102151578641724e+00 -1.821750934246552621e-06 -1.000000000000000000e+00 -1.038786678111657522e-05 8.015913267633403339e-06 4.303571516118154250e-02 1.146350421664898755e+00 1.063512054225478565e+00 1.228527125654048646e+00 0.000000000000000000e+00
6.070429421248155322e+00 2.042398974164015168e+00 -2.199880643041325129e-06 -1.000000000000000000e+00 -1.065761979344304434e-05 7.565936100302611771e-06 6.356445950807199097e-02 1.143146605521479620e+00 1.059994635179630107e+00 1.225653540052946022e+00 0.000000000000000000e+00
6.075491614491562942e+00 2.040697215863058300e+00 -3.094306332471066634e-06 -1.000000000000000000e+00 -1.119583935244089764e-05 6.342067913128304936e-06 1.314183625816980339e-01 1.157309171867543895e+00 1.074752821598643493e+00 1.239257102046767978e+00 0.000000000000000000e+00
6.080558029149742971e+00 2.038996875493343186e+00 -3.583910408602569246e-06 -1.000000000000000000e+00 -1.144431771911749899e-05 5.625312331583836202e-06 1.839614649822323145e-01 1.158692180966622631e+00 1.076437235956734018e+00 1.240418922614793917e+00 0.000000000000000000e+00
6.085628668742976366e+00 2.037297951873428659e+00 -5.042730688921579846e-06 -1.000000000000000000e+00 -1.286782348660071124e-05 4.006200024866528206e-06 3.636871059573536513e-01 1.179223971228260170e+00 1.098169080875525783e+00 1.260805798828744662e+00 0.000000000000000000e+00
6.090703536794479511e+00 2.035600443822857208e+00 -5.771397117525123947e-06 -1.000000000000000000e+00 -1.400504341257975857e-05 3.393866049127111485e-06 4.616998759866532964e-01 1.166994365033270364e+00 1.084538407271577354e+00 1.249164121424166218e+00 0.000000000000000000e+00
6.095782636830406886e+00 2.033904350162153651e+00 -7.672953921746237811e-06 -1.000000000000000000e+00 -1.616336039847579009e-05 1.668659601831319741e-06 7.634300845814294689e-01 1.185759247056174859e+00 1.103378365393975935e+00 1.268838648337505370e+00 0.000000000000000000e+00
6.100865972379854618e+00 2.032209669712826461e+00 -8.401465550158043345e-06 -1.000000000000000000e+00 -1.656386808136602377e-05 1.088744738059968796e-06 8.762173205190180170e-01 1.189851293293202827e+00 1.108170043977410035e+00 1.272654629154265749e+00 0.000000000000000000e+00
6.105953546974859592e+00 2.030516401297367324e+00 -7.175270746828999736e-06 -1.000000000000000000e+00 -1.532246458809767149e-05 2.428321130441002091e-06 6.390314923935420666e-01 1.173830091073461146e+00 1.090989423554700188e+00 1.256937718543216231e+00 0.000000000000000000e+00
6.111045364150406556e+00 2.028824543739246700e+00 -6.482454133371804834e-06 -1.000000000000000000e+00 -1.468401776853120783e-05 3.303241751237997124e-06 5.047427341279728807e-01 1.198025488978133879e+00 1.115320663789709288e+00 1.282051326958140391e+00 0.000000000000000000e+00
6.116141427444425460e+00 2.027134095862917373e+00 -4.637853291908321884e-06 -1.000000000000000000e+00 -1.337872737557678222e-05 5.637980979455400265e-06 2.323075044805875677e-01 1.205474821069812741e+00 1.122838361077453717e+00 1.289203437116955842e+00 0.000000000000000000e+00
6.121241740397799447e+00 2.025445056493809570e+00 -1.056644410425697081e-06 -1.000000000000000000e+00 -1.107389926053225373e-05 9.485337520988351286e-06 9.882275665603401649e-03 1.189858475622186385e+00 1.105838226880310859e+00 1.274410008337064193e+00 0.000000000000000000e+00
6.126346306554362187e+00 2.023757424458334508e+00 2.916284210355407862e-06 1.000000000000000000e+00 -7.500083409205865264e-06 1.338534900423286362e-05 1.013471798303839932e-01 1.170275901178179589e+00 1.083838742726101367e+00 1.256179612979883897e+00 0.000000000000000000e+00
6.131455129460903208e+00 2.022071198583879958e+00 5.740464313102579040e-06 1.000000000000000000e+00 -4.122872959823020204e-06 1.637559970996348057e-05 4.006522175484974468e-01 1.162798586675639623e+00 1.075751591073104363e+00 1.249133487395621245e+00 0.000000000000000000e+00
6.136568212667169675e+00 2.020386377698810687e+00 7.937314547475795927e-06 1.000000000000000000e+00 -1.649572827769688732e-06 1.872222225442080144e-05 7.695896985537444834e-01 1.156078315634222031e+00 1.068722110208750964e+00 1.242467217926168654e+00 0.000000000000000000e+00
6.141685559725869936e+00 2.018702960632467569e+00 8.845858977245553192e-06 1.000000000000000000e+00 -7.332284943809338492e-07 1.974565987541578214e-05 9.471067830643846719e-01 1.165910420225742428e+00 1.078817294722399733e+00 1.252326702840655503e+00 0.000000000000000000e+00
6.146807174192673529e+00 2.017020946215167587e+00 1.041847175274190461e-05 1.000000000000000000e+00 6.699580622866072125e-07 2.151020461581411536e-05 1.288182460924105044e+00 1.139269581745218307e+00 1.052279269219752011e+00 1.226551596516771925e+00 0.000000000000000000e+00
6.151933059626216505e+00 2.015340333278202056e+00 1.031815467435411341e-05 1.000000000000000000e+00 4.457633211517089667e-07 2.152196879859185203e-05 1.231989753710436730e+00 1.139686086090530237e+00 1.052603409065150375e+00 1.227073695883377669e+00 0.000000000000000000e+00
6.157063219588101433e+00 2.013661120653835290e+00 9.898583428174440507e-06 1.000000000000000000e+00 -1.037043183414781055e-08 2.113531745988811978e-05 1.119854424277392013e+00 1.130421616612667934e+00 1.042716648450878081e+00 1.218315008902737695e+00 0.000000000000000000e+00
6.162197657642900950e+00 2.011983307175305935e+00 9.001649911129798299e-06 1.000000000000000000e+00 -8.472467290136547131e-07 2.013670057956290372e-05 9.330402047315686787e-01 1.117388627197194895e+00 1.029134613568286394e+00 1.206197720749598190e+00 0.000000000000000000e+00
6.167336377358160426e+00 2.010306891676824304e+00 6.765396821667368644e-06 1.000000000000000000e+00 -2.693644166701717930e-06 1.764005027353844553e-05 5.547719486523874366e-01 1.126187610528493366e+00 1.036516788987316806e+00 1.215905267752315444e+00 0.000000000000000000e+00
6.172479382304400630e+00 2.008631872993570600e+00 4.289030958558288521e-06 1.000000000000000000e+00 -4.882581728542756112e-06 1.480681809293238193e-05 2.301499136901270504e-01 1.138578375161075629e+00 1.049708520099071007e+00 1.227404506087684144e+00 0.000000000000000000e+00
6.177626676055119503e+00 2.006958249961698471e+00 2.719996114850201158e-06 1.000000000000000000e+00 -6.577781212550391817e-06 1.311677571108300162e-05 9.340133349378731964e-02 1.122523359482076488e+00 1.034254459954676575e+00 1.211805487308268425e+00 0.000000000000000000e+00
6.182778262186794827e+00 2.005286021418328790e+00 4.445176639397163566e-07 1.000000000000000000e+00 -9.116497098899214560e-06 1.083608423844273999e-05 2.417227847701042265e-03 1.124673126131861212e+00 1.035701708824027900e+00 1.214475572865726383e+00 0.000000000000000000e+00
6.187934144278887771e+00 2.003615186201552323e+00 -1.482884760171852195e-06 -1.000000000000000000e+00 -1.094988588892524249e-05 8.949072769236751011e-06 2.600420684511561831e-02 1.123594552275514635e+00 1.034991278679835203e+00 1.213149362137420750e+00 0.000000000000000000e+00
6.193094325913842901e+00 2.001945743150427948e+00 -3.676811412911721694e-06 -1.000000000000000000e+00 -1.275666119212039051e-05 6.575670912340864625e-06 1.596990634629236183e-01 1.151020706837387886e+00 1.062156733814535459e+00 1.241097385602094816e+00 0.000000000000000000e+00
6.198258810677093500e+00 2.000277691104981770e+00 -4.395947255365963677e-06 -1.000000000000000000e+00 -1.348395600760969788e-05 5.599254857867830939e-06 2.369212510301252905e-01 1.172598834219166219e+00 1.084134175269707567e+00 1.262334745603530095e+00 0.000000000000000000e+00
6.203427602157062459e+00 1.998611028906206677e+00 -3.293051480927814518e-06 -1.000000000000000000e+00 -1.216264810734494691e-05 6.612195105374405835e-06 1.370373022964344045e-01 1.167764801793368834e+00 1.080020220082960059e+00 1.256888970752081836e+00 0.000000000000000000e+00
6.208600703945164057e+00 1.996945755396060118e+00 -1.683337423272231472e-06 -1.000000000000000000e+00 -1.031216186365055557e-05 8.303372817741940675e-06 3.603460471778419105e-02 1.160096551168258605e+00 1.071428564218136037e+00 1.250143394102157357e+00 0.000000000000000000e+00
6.213778119635809283e+00 1.995281869417466547e+00 4.124357752727913869e-07 1.000000000000000000e+00 -8.354244702007331222e-06 1.058818547286548083e-05 2.164129133888081924e-03 1.142505693472107620e+00 1.053013488635596406e+00 1.232934438388363585e+00 0.000000000000000000e+00
6.218959852826404955e+00 1.993619369814312314e+00 2.280305410754634717e-06 1.000000000000000000e+00 -6.623324770881768535e-06 1.260735614525006386e-05 6.605756169514620524e-02 1.127795637799700046e+00 1.039284752622243957e+00 1.216967007843651194e+00 0.000000000000000000e+00
6.224145907117359044e+00 1.991958255431448777e+00 3.424370564191327099e-06 1.000000000000000000e+00 -5.590928328500510465e-06 1.385482886896887271e-05 1.483308223164243600e-01 1.124111309363718059e+00 1.035634462608406636e+00 1.213335736536838461e+00 0.000000000000000000e+00
6.229336286112081567e+00 1.990298525114688521e+00 4.505476454432943768e-06 1.000000000000000000e+00 -4.606094294312698822e-06 1.499791734281287933e-05 2.576605993238558767e-01 1.108916216330464444e+00 1.020406082027943695e+00 1.199051873892625020e+00 0.000000000000000000e+00
6.234530993416986355e+00 1.988640177710806478e+00 3.880426737015449929e-06 1.000000000000000000e+00 -5.174451908209388029e-06 1.432953114653104380e-05 1.906928763460200571e-01 1.125610705360033714e+00 1.035991299176900693e+00 1.215937360754065777e+00 0.000000000000000000e+00
6.239730032641496393e+00 1.986983212067538140e+00 3.383171048688969051e-06 1.000000000000000000e+00 -5.552122670307816888e-06 1.371639289609894122e-05 1.472559891559512835e-01 1.120615535211586078e+00 1.031711759055509159e+00 1.210454292818255784e+00 0.000000000000000000e+00
6.244933407398043812e+00 1.985327627033580011e+00 1.392539147456243951e-06 1.000000000000000000e+00 -7.301679394775265869e-06 1.150116650435434663e-05 2.526999971699694925e-02 1.140936185976510586e+00 1.052245061507892210e+00 1.230855287698269906e+00 0.000000000000000000e+00
6.250141121302072555e+00 1.983673421458586272e+00 -4.506991405340853318e-07 -1.000000000000000000e+00 -8.916420085219510066e-06 9.463643915576306465e-06 2.688677928333049749e-03 1.142337763638907822e+00 1.052779766323800992e+00 1.233127753269723792e+00 0.000000000000000000e+00
6.255353177972041934e+00 1.982020594193170782e+00 -2.607996955782373336e-06 -1.000000000000000000e+00 -1.088091218653029284e-05 7.169565180013725575e-06 8.968169222559652098e-02 1.142909426879064716e+00 1.053738053478565861e+00 1.233211225338915140e+00 0.000000000000000000e+00
6.260569581029430175e+00 1.980369144088905076e+00 -5.402868161361970628e-06 -1.000000000000000000e+00 -1.362344019613553924e-05 4.375246624459682016e-06 3.690906138161267336e-01 1.159516873969002493e+00 1.069959345781698046e+00 1.250587354787849215e+00 0.000000000000000000e+00
6.265790334098732650e+00 1.978719069998317037e+00 -7.448236583130831375e-06 -1.000000000000000000e+00 -1.587153177124986852e-05 2.571922340980375450e-06 6.485103063042885196e-01 1.167626275229587840e+00 1.076416471449701540e+00 1.260229380003940802e+00 0.000000000000000000e+00
6.271015440807469865e+00 1.977070370774890451e+00 -8.004533172311676601e-06 -1.000000000000000000e+00 -1.693094923028898481e-05 2.572657859584627724e-06 6.746747931333487713e-01 1.176504214553000693e+00 1.084536406791292595e+00 1.270065097109442931e+00 0.000000000000000000e+00
6.276244904786186574e+00 1.975423045273065226e+00 -5.004137337316414554e-06 -1.000000000000000000e+00 -1.511712488936590938e-05 6.137943155247902912e-06 2.374877455248167735e-01 1.166342397117769991e+00 1.075144841047489086e+00 1.259937523265590276e+00 0.000000000000000000e+00
6.281478729668454442e+00 1.973777092348234952e+00 6.439682540526554140e-07 1.000000000000000000e+00 -9.787352033812366905e-06 1.176711009783199732e-05 4.497868713428943011e-03 1.157793458151474164e+00 1.068046056144170253e+00 1.251176991685789330e+00 0.000000000000000000e+00
6.286716919090875599e+00 1.972132510856748011e+00 7.340642336919903102e-06 1.000000000000000000e+00 -2.555736197277256604e-06 1.862059324166527959e-05 6.142279582051912712e-01 1.124960224504225392e+00 1.036561190184410508e+00 1.217759274105113310e+00 0.000000000000000000e+00
6.291959476693084419e+00 1.970489299655904469e+00 1.272240450267272201e-05 1.000000000000000000e+00 2.764664477767259142e-06 2.412687735273121240e-05 1.916650876440726847e+00 1.107619191912862844e+00 1.019975995120791401e+00 1.199422553276830339e+00 0.000000000000000000e+00
6.297206406117751065e+00 1.968847457603957185e+00 1.692690461274831283e-05 1.000000000000000000e+00 6.828490647727080787e-06 2.843872177902699626e-05 3.481781817840172266e+00 1.088518470214383305e+00 1.000896645708019950e+00 1.179643459658187732e+00 0.000000000000000000e+00
6.302457711010582386e+00 1.967206983560110700e+00 1.919400785267130543e-05 1.000000000000000000e+00 8.992586678746046554e-06 3.079339473654460002e-05 4.513604393746518895e+00 1.082358057512007754e+00 9.945070578403180095e-01 1.173432218717397779e+00 0.000000000000000000e+00
6.307713395020327241e+00 1.965567876384518575e+00 1.970559611526377479e-05 1.000000000000000000e+00 9.426344555875614182e-06 3.138349802982123469e-05 4.713301214756370427e+00 1.080898465777084372e+00 9.930232418639995950e-01 1.171920172097077772e+00 0.000000000000000000e+00
6.312973461798775610e+00 1.963930134938285832e+00 1.835198102251136881e-05 1.000000000000000000e+00 8.026216322493439083e-06 3.009128808254509023e-05 3.988393218835867060e+00 1.086509704708531032e+00 9.981733607299813071e-01 1.178287124820921905e+00 0.000000000000000000e+00
6.318237915000763039e+00 1.962293758083465844e+00 1.503134893656377839e-05 1.000000000000000000e+00 4.720917352793194084e-06 2.678868447753317354e-05 2.582217850470655662e+00 1.104247136301415244e+00 1.014711273593423169e+00 1.197984913977074406e+00 0.000000000000000000e+00
6.323506758284172413e+00 1.960658744683059451e+00 1.053820570751027024e-05 1.000000000000000000e+00 3.020356464269687203e-07 2.226184605414627965e-05 1.221878813948748643e+00 1.119983079943227766e+00 1.030448029547795574e+00 1.213992477084161248e+00 0.000000000000000000e+00
6.328779995309938400e+00 1.959025093601015399e+00 4.732078547758648635e-06 1.000000000000000000e+00 -5.510382875468266528e-06 1.628617062533551534e-05 2.367946655003976275e-01 1.152623294072696591e+00 1.060346447174028928e+00 1.248674253136696111e+00 0.000000000000000000e+00
6.334057629742047446e+00 1.957392803702229900e+00 -1.858704446908761554e-07 -1.000000000000000000e+00 -1.023822605804544242e-05 1.114543991924264499e-05 3.584685347988170179e-04 1.170233668116827497e+00 1.075983927285729669e+00 1.267089330087806776e+00 0.000000000000000000e+00
6.339339665247542221e+00 1.955761873852543076e+00 -3.997710433394245461e-06 -1.000000000000000000e+00 -1.340076362075543337e-05 7.011306624940912570e-06 1.673024016803736913e-01 1.196643944468250176e+00 1.100705382595507542e+00 1.291989492822142704e+00 0.000000000000000000e+00
6.344626105496522506e+00 1.954132302918741848e+00 -4.857549035249837209e-06 -1.000000000000000000e+00 -1.381438239438598922e-05 5.809917656188373082e-06 2.574853069070428546e-01 1.200916010944859114e+00 1.105135104600467155e+00 1.296169794865629665e+00 0.000000000000000000e+00
6.349916954162148741e+00 1.952504089768555939e+00 -4.614811530586868849e-06 -1.000000000000000000e+00 -1.337047220576434560e-05 5.774914869866252139e-06 2.418579524895534405e-01 1.221179071324027143e+00 1.126573424961150316e+00 1.317285942543950039e+00 0.000000000000000000e+00
6.355212214920644698e+00 1.950877233270659206e+00 -2.818756341824416252e-06 -1.000000000000000000e+00 -1.158732226613745067e-05 7.531453395488950873e-06 9.273641985818414923e-02 1.223538232088479338e+00 1.129172958158166873e+00 1.319713230904826506e+00 0.000000000000000000e+00
6.360511891451300137e+00 1.949251732294668749e+00 -3.550691694846078437e-07 -1.000000000000000000e+00 -9.281354004474024410e-06 1.016550421338380699e-05 1.466649653835361278e-03 1.215959637487442846e+00 1.121786004294915040e+00 1.311525218916926860e+00 0.000000000000000000e+00
6.365815987436472589e+00 1.947627585711142251e+00 2.826315498913043542e-06 1.000000000000000000e+00 -6.596567920646090652e-06 1.397568494852749306e-05 8.763212226730843213e-02 1.194245666583962251e+00 1.098593189165674389e+00 1.289626719161140134e+00 0.000000000000000000e+00
6.371124506561590906e+00 1.946004792391578420e+00 6.568151018161407259e-06 1.000000000000000000e+00 -3.788973617010182995e-06 1.875066597748005723e-05 4.161558458026490825e-01 1.179885954637134748e+00 1.084723705840439534e+00 1.275762441369611366e+00 0.000000000000000000e+00
6.376437452515156146e+00 1.944383351208418098e+00 1.203962388617276797e-05 1.000000000000000000e+00 2.270975094845613759e-07 2.450458956651668801e-05 1.152872041643689727e+00 1.167535943844232538e+00 1.072915045591861904e+00 1.263594776998224756e+00 0.000000000000000000e+00
6.381754828988746020e+00 1.942763261035039601e+00 1.714446241386420215e-05 1.000000000000000000e+00 5.541841025592552153e-06 3.019402525436496406e-05 2.446441635571417805e+00 1.154504889747100416e+00 1.059522474436972672e+00 1.250892710144741793e+00 0.000000000000000000e+00
6.387076639677015777e+00 1.941144520745761159e+00 2.176334206555146682e-05 1.000000000000000000e+00 9.855550573204460504e-06 3.491520871514462775e-05 3.956386824615783837e+00 1.158115585001266101e+00 1.063527275923451754e+00 1.254162154662484152e+00 0.000000000000000000e+00
6.392402888277703532e+00 1.939527129215838475e+00 2.547993329273818481e-05 1.000000000000000000e+00 1.375400793236715948e-05 3.871207806956699694e-05 5.767658731542937289e+00 1.146076944846586843e+00 1.051363852791332043e+00 1.241915510457059169e+00 0.000000000000000000e+00
6.397733578491629380e+00 1.937911085321463833e+00 2.778757411340013428e-05 1.000000000000000000e+00 1.606419316296386912e-05 4.101971650006622249e-05 7.170138574583134528e+00 1.139787686072099682e+00 1.044631635479661869e+00 1.235708650342723924e+00 0.000000000000000000e+00
6.403068714022700725e+00 1.936296387939767438e+00 2.877820746548049585e-05 1.000000000000000000e+00 1.706749348618599483e-05 4.199221663178760928e-05 7.858358920439478368e+00 1.136421838412722263e+00 1.040159992866563021e+00 1.233109590703330705e+00 0.000000000000000000e+00
6.408408298577912277e+00 1.934683035948813856e+00 2.834025983242815264e-05 1.000000000000000000e+00 1.666376487830624337e-05 4.152025598141585575e-05 7.586748215822588293e+00 1.138628241459644030e+00 1.043051413260800642e+00 1.234743700173989600e+00 0.000000000000000000e+00
6.413752335867351384e+00 1.933071028227602239e+00 2.666748470673955914e-05 1.000000000000000000e+00 1.500414514072824156e-05 3.984449776656767640e-05 6.518608081299802848e+00 1.138572746261088620e+00 1.042335671522176321e+00 1.235210362268439610e+00 0.000000000000000000e+00
6.419100829604198033e+00 1.931460363656067436e+00 2.259145728035943300e-05 1.000000000000000000e+00 1.090345051431346544e-05 3.569763939783964076e-05 4.452761764270029232e+00 1.166206995630644672e+00 1.069776098737725389e+00 1.263733406410501248e+00 0.000000000000000000e+00
6.424453783504729287e+00 1.929851041115075327e+00 1.792534474460969244e-05 1.000000000000000000e+00 6.371091986723385851e-06 3.105573318939020249e-05 2.714677749694374143e+00 1.166447806993964553e+00 1.069852053616675569e+00 1.264104727359315117e+00 0.000000000000000000e+00
6.429811201288321953e+00 1.928243059486426159e+00 1.164949830731953208e-05 1.000000000000000000e+00 -1.827980308500196083e-07 2.427182401770065342e-05 1.065141679804000319e+00 1.199316702022326764e+00 1.101756027136023386e+00 1.297281570761745551e+00 0.000000000000000000e+00
6.435173086677453469e+00 1.926636417652850763e+00 5.558490449174175166e-06 1.000000000000000000e+00 -5.062690999084110263e-06 1.810466900876175778e-05 2.783383817855309417e-01 1.208699154049410307e+00 1.111015309339385082e+00 1.307727332055882430e+00 0.000000000000000000e+00
6.440539443397706343e+00 1.925031114498011453e+00 1.492445845728008581e-06 1.000000000000000000e+00 -8.278617212342136085e-06 1.302923638306247722e-05 2.239799065286263158e-02 1.213442986924597067e+00 1.115611641621032213e+00 1.312348227009437762e+00 0.000000000000000000e+00
6.445910275177769044e+00 1.923427148906499795e+00 -1.423825959795997165e-06 -1.000000000000000000e+00 -1.063300017375706723e-05 9.468724510648413722e-06 2.192471617530600270e-02 1.222748136374857575e+00 1.123737915064853210e+00 1.323172655493042527e+00 0.000000000000000000e+00
6.451285585749439555e+00 1.921824519763838390e+00 -3.383851750300958858e-06 -1.000000000000000000e+00 -1.216345311740314508e-05 7.064416460676867907e-06 1.306666068151827176e-01 1.230690083054462036e+00 1.131443440579075865e+00 1.331842930267918002e+00 0.000000000000000000e+00
6.456665378847628034e+00 1.920223225956476210e+00 -4.616340320412967419e-06 -1.000000000000000000e+00 -1.312237771302960451e-05 5.530760959858848203e-06 2.509151328580117024e-01 1.234818660218266473e+00 1.135704706989607349e+00 1.336113680515760072e+00 0.000000000000000000e+00
6.462049658210359482e+00 1.918623266371792813e+00 -4.967722929416413627e-06 -1.000000000000000000e+00 -1.364582432152255272e-05 5.155868826318112799e-06 2.913885716789792468e-01 1.223460669638479548e+00 1.124885284409155028e+00 1.324826056622712800e+00 0.000000000000000000e+00
6.467438427578775517e+00 1.917024639898092353e+00 -5.656921520237630993e-06 -1.000000000000000000e+00 -1.466767129485663198e-05 4.567249467306536198e-06 3.666315082336808473e-01 1.234541518719863173e+00 1.135241973208824362e+00 1.336954168452762604e+00 0.000000000000000000e+00
6.472831690697137930e+00 1.915427345424606687e+00 -5.321647665068556740e-06 -1.000000000000000000e+00 -1.503494722409297884e-05 5.060339534112998548e-06 3.186299207593492611e-01 1.233425703943860974e+00 1.134004974540993249e+00 1.335923273598672356e+00 0.000000000000000000e+00
6.478229451312831344e+00 1.913831381841492263e+00 -3.524789615716402923e-06 -1.000000000000000000e+00 -1.425108926279347085e-05 6.892286146921505348e-06 1.434416441371269002e-01 1.208736815444909851e+00 1.108295400627115734e+00 1.310685685459101357e+00 0.000000000000000000e+00
6.483631713176364109e+00 1.912236748039830792e+00 -2.659183635733192907e-06 -1.000000000000000000e+00 -1.342346229922675244e-05 7.659823541726948739e-06 8.422940511103149674e-02 1.219014278363542259e+00 1.117988922209002034e+00 1.322538194722961746e+00 0.000000000000000000e+00
6.489038480041373624e+00 1.910643442911627687e+00 -1.565582788538536053e-06 -1.000000000000000000e+00 -1.163171025265355482e-05 8.632356158823531304e-06 3.002385551941699759e-02 1.215274827192666551e+00 1.113838637728453484e+00 1.318397407001915767e+00 0.000000000000000000e+00
6.494449755664626345e+00 1.909051465349812737e+00 -1.144983274966314818e-06 -1.000000000000000000e+00 -1.066948014367418121e-05 8.990688979913547159e-06 1.629203973476478495e-02 1.215376169576625198e+00 1.113659644783973057e+00 1.318810434940200338e+00 0.000000000000000000e+00
6.499865543806021329e+00 1.907460814248235881e+00 -9.861392317908277363e-07 -1.000000000000000000e+00 -1.049615432170738282e-05 9.134114977212767840e-06 1.231067636885541106e-02 1.198737220058601061e+00 1.095266593411083234e+00 1.303057160415561633e+00 0.000000000000000000e+00
6.505285848228594681e+00 1.905871488501671207e+00 -2.395098118213525891e-06 -1.000000000000000000e+00 -1.265769714192622255e-05 7.541592193526064936e-06 7.344934517757906178e-02 1.205757251542011188e+00 1.103416758616703630e+00 1.309386975943167331e+00 0.000000000000000000e+00
6.510710672698518664e+00 1.904283487005811404e+00 -5.705186586828240958e-06 -1.000000000000000000e+00 -1.675403964439929413e-05 5.397034721774433132e-06 2.647933503363191221e-01 1.200813757324212805e+00 1.097424076277508931e+00 1.305095957904775616e+00 0.000000000000000000e+00
6.516140020985107917e+00 1.902696808657271088e+00 -1.349919018049425624e-05 -1.000000000000000000e+00 -2.431931102288315021e-05 -5.073373686412702447e-07 1.207166473061931811e+00 1.241834553207961545e+00 1.138503730747457476e+00 1.348775206232477597e+00 0.000000000000000000e+00
6.521573896860818564e+00 1.901111452353583031e+00 -1.866022791803865723e-05 -1.000000000000000000e+00 -2.738749438863629911e-05 -7.058781684650030153e-06 2.551758037761111098e+00 1.257243790798222127e+00 1.154931898138974011e+00 1.363899928176387499e+00 0.000000000000000000e+00
6.527012304101254436e+00 1.899527416993199491e+00 -1.938052435128259234e-05 -1.000000000000000000e+00 -2.712062802209365072e-05 -9.799803010162473074e-06 3.569329864757527560e+00 1.270714488421226029e+00 1.167812749084800705e+00 1.378550623812737186e+00 0.000000000000000000e+00
6.532455246485166178e+00 1.897944701475490215e+00 -1.832913202036540079e-05 -1.000000000000000000e+00 0.000000000000000000e+00 0.000000000000000000e+00 0.000000000000000000e+00 1.257598043488809658e+00 0.000000000000000000e+00 0.000000000000000000e+00 1.000000000000000000e+00
6.537902727794456581e+00 1.896363304700741548e+00 -1.733812587929567086e-05 -1.000000000000000000e+00 -2.380978505419592854e-05 -8.887606764067466824e-06 3.749058698675447943e+00 1.252195864432659844e+00 1.149093144792258325e+00 1.359491173932101615e+00 0.000000000000000000e+00
6.543354751814182357e+00 1.894783225570156437e+00 -1.670487987378491672e-05 -1.000000000000000000e+00 -2.340622814452966163e-05 -8.307078104190057075e-06 3.626153095536963633e+00 1.268048027516091247e+00 1.164199513474458048e+00 1.376334769134681224e+00 0.000000000000000000e+00
6.548811322332555918e+00 1.893204462985853986e+00 -1.502604507301132581e-05 -1.000000000000000000e+00 -2.265307927587399008e-05 -6.586747284689958281e-06 3.000337264055332298e+00 1.255757825933546901e+00 1.152031843061508409e+00 1.363861043195007561e+00 0.000000000000000000e+00
6.554272443140948923e+00 1.891627015850867455e+00 -1.356535498962724722e-05 -1.000000000000000000e+00 -2.208283368606287541e-05 -5.016164699983119264e-06 2.478846487260575771e+00 1.250552588982160707e+00 1.146899875122393775e+00 1.358314444263305498e+00 0.000000000000000000e+00
6.559738118033894949e+00 1.890050883069143817e+00 -1.326297723544348741e-05 -1.000000000000000000e+00 -2.202246406004798455e-05 -4.262855799189485239e-06 2.233136179584427339e+00 1.258316449378315660e+00 1.154415816115929250e+00 1.366743755677237715e+00 0.000000000000000000e+00
6.565208350809092153e+00 1.888476063545543981e+00 -1.426009273455066561e-05 -1.000000000000000000e+00 -2.281059628567910417e-05 -4.265498565057177955e-06 2.197089877065344865e+00 1.259612140369138711e+00 1.155269314184442120e+00 1.368484204783316560e+00 0.000000000000000000e+00
6.570683145267405045e+00 1.886902556185840796e+00 -1.700571899863979804e-05 -1.000000000000000000e+00 -2.576652352918793441e-05 -5.652528291254834005e-06 2.523785749981527715e+00 1.263905673490158366e+00 1.159187343714281004e+00 1.373186561669517358e+00 0.000000000000000000e+00
6.576162505212867160e+00 1.885330359896719488e+00 -2.098423003615763102e-05 -1.000000000000000000e+00 -3.106767903903932495e-05 -8.629043057840995833e-06 3.202017571960652731e+00 1.274340275485156937e+00 1.168274638017183564e+00 1.385144625235975147e+00 0.000000000000000000e+00
6.581646434452685490e+00 1.883759473585775446e+00 -2.155734560683121619e-05 -1.000000000000000000e+00 -2.985028406606557888e-05 -9.752019755747114990e-06 3.529107983626623479e+00 1.277274297864443131e+00 1.169375608650863319e+00 1.389432065142016892e+00 0.000000000000000000e+00
6.587134936797241380e+00 1.882189896161514886e+00 -1.806228418066696184e-05 -1.000000000000000000e+00 -2.596590917347387173e-05 -7.383615760225593159e-06 3.003862418102393406e+00 1.257407926516738605e+00 1.149844413598832826e+00 1.368690204990492765e+00 0.000000000000000000e+00
6.592628016060094076e+00 1.880621626533353297e+00 -1.513403648630991228e-05 -1.000000000000000000e+00 -2.303206534127963062e-05 -5.475729254859012076e-06 2.469319519403995855e+00 1.265720874480019686e+00 1.156068312708115053e+00 1.379749367940719340e+00 0.000000000000000000e+00
6.598125676057981615e+00 1.879054663611614329e+00 -1.251305416417320623e-05 -1.000000000000000000e+00 -2.059085582711365280e-05 -2.442935833856437351e-06 1.638724881977793757e+00 1.271153238554216802e+00 1.160702422238690801e+00 1.386604295184091562e+00 0.000000000000000000e+00
6.603627920610826152e+00 1.877489006307530905e+00 -8.819639507962528927e-06 -1.000000000000000000e+00 -1.752222239276463066e-05 1.964854778951687775e-06 7.573822823514291258e-01 1.271669429806446816e+00 1.161306792589832826e+00 1.387630475683929498e+00 0.000000000000000000e+00
6.609134753541735741e+00 1.875924653533241671e+00 -4.306299094248426356e-06 -1.000000000000000000e+00 -1.426689243407418571e-05 6.787185557733737228e-06 1.742536934890352995e-01 1.274282843780738306e+00 1.163369840879106887e+00 1.390832419082957960e+00 0.000000000000000000e+00
6.614646178677005217e+00 1.874361604201792542e+00 -5.796347647926765463e-07 -1.000000000000000000e+00 -1.110415759308233937e-05 1.039549269976239373e-05 3.655947975403250894e-03 1.290521927744131325e+00 1.179382696112700746e+00 1.408071091498177330e+00 0.000000000000000000e+00
6.620162199846120643e+00 1.872799857227134490e+00 2.119049766770704543e-06 1.000000000000000000e+00 -8.147898520039780989e-06 1.320433392788083960e-05 4.971781080855919299e-02 1.295435228182531207e+00 1.183722655502985832e+00 1.413684649138682081e+00 0.000000000000000000e+00
6.625682820881761970e+00 1.871239411524124430e+00 4.174047006871311264e-06 1.000000000000000000e+00 -5.843308861602296629e-06 1.534709781318119347e-05 1.955885752714578985e-01 1.277311548859244805e+00 1.164982296157961228e+00 1.396001389271416482e+00 0.000000000000000000e+00
6.631208045619805702e+00 1.869680266008521441e+00 4.651232128537158765e-06 1.000000000000000000e+00 -5.502810785405979200e-06 1.598651878107181442e-05 2.391837150949811530e-01 1.270431834933634763e+00 1.156088493586753030e+00 1.391183672537072757e+00 0.000000000000000000e+00
6.636737877899325788e+00 1.868122419596990769e+00 3.708066080236813794e-06 1.000000000000000000e+00 -6.922082603574538075e-06 1.528043752336974355e-05 1.450238601915287973e-01 1.274232049734303596e+00 1.159449533254269138e+00 1.395518146526576242e+00 0.000000000000000000e+00
6.642272321562598059e+00 1.866565871207098271e+00 3.080078358192657653e-06 1.000000000000000000e+00 -8.435747833873687119e-06 1.495532923528403646e-05 9.483155648183583253e-02 1.240062630110195352e+00 1.124523746983337569e+00 1.361057108357656809e+00 0.000000000000000000e+00
6.647811380455102892e+00 1.865010619757312416e+00 1.765522986781669561e-06 1.000000000000000000e+00 -1.014873762241621444e-05 1.387693699182709475e-05 2.954453717276805946e-02 1.217042013952366997e+00 1.100125912508140624e+00 1.338304957893975633e+00 0.000000000000000000e+00
6.653355058425526991e+00 1.863456664167002952e+00 -3.504248856382238899e-07 -1.000000000000000000e+00 -1.158844430356227420e-05 1.174756804661539601e-05 1.136400800533010624e-03 1.225489858336644033e+00 1.108347673270999367e+00 1.347321174403141919e+00 0.000000000000000000e+00
6.658903359325766047e+00 1.861904003356439352e+00 -6.107274961423698662e-07 -1.000000000000000000e+00 -1.097804830478045919e-05 1.134139298979451376e-05 3.428721915682331201e-03 1.208007711605244339e+00 1.089669787255091338e+00 1.329687156290014327e+00 0.000000000000000000e+00
6.664456287010930069e+00 1.860352636246791480e+00 -7.256402963901903261e-07 -1.000000000000000000e+00 -1.048537399781430108e-05 1.088274803107352359e-05 5.330075754272911581e-03 1.215160725337466996e+00 1.095032735707278437e+00 1.337690811044867756e+00 0.000000000000000000e+00
6.670013845339340719e+00 1.858802561760127592e+00 -5.051304008043582554e-07 -1.000000000000000000e+00 -1.000286031181095707e-05 1.080213636733632352e-05 2.687023670631560890e-03 1.229255920748141273e+00 1.109364921977639140e+00 1.351121016434556177e+00 0.000000000000000000e+00
6.675576038172540194e+00 1.857253778819414780e+00 -2.172004997542922591e-07 -1.000000000000000000e+00 -9.751479331379406625e-06 1.100259475592009552e-05 5.035767691339287921e-04 1.245380936310795494e+00 1.125024187763417505e+00 1.369345202516687676e+00 0.000000000000000000e+00
6.681142869375288562e+00 1.855706286348516532e+00 4.093808825688571103e-08 1.000000000000000000e+00 -9.525326151906898467e-06 1.127784709078075704e-05 1.782275786865739065e-05 1.256230683064362585e+00 1.135676581643097371e+00 1.381377653935957905e+00 0.000000000000000000e+00
6.686714342815570866e+00 1.854160083272192949e+00 -2.834462358346471695e-07 -1.000000000000000000e+00 -9.823908287055509636e-06 1.095784018514709057e-05 8.467956925954922554e-04 1.273345458320114476e+00 1.152409832429741154e+00 1.400188342126750474e+00 0.000000000000000000e+00
6.692290462364595349e+00 1.852615168516101862e+00 -9.133280089755019713e-07 -1.000000000000000000e+00 -1.049408260142219417e-05 1.026196083358447293e-05 8.817808574789864906e-03 1.283682286344355328e+00 1.161357059759210664e+00 1.412590048997375947e+00 0.000000000000000000e+00
6.697871231896799671e+00 1.851071541006794829e+00 -1.260156366960136544e-06 -1.000000000000000000e+00 -1.087439802137900821e-05 9.772790644288191310e-06 1.717654089058839872e-02 1.265733771818139619e+00 1.142387977359007323e+00 1.394342110658279399e+00 0.000000000000000000e+00
6.703456655289853572e+00 1.849529199671717139e+00 -2.871723095286782055e-06 -1.000000000000000000e+00 -1.239759555168732844e-05 7.944631341882287521e-06 9.036731068884762408e-02 1.272550738423716687e+00 1.149536210657500890e+00 1.401327436171879715e+00 0.000000000000000000e+00
6.709046736424657986e+00 1.847988143439209141e+00 -4.046278450738503550e-06 -1.000000000000000000e+00 -1.329032372499046498e-05 6.617108026262646101e-06 1.816376452439101286e-01 1.246925476810823996e+00 1.122052322430089122e+00 1.375228013045123543e+00 0.000000000000000000e+00
6.714641479185352146e+00 1.846448371238503361e+00 -7.102035132559509205e-06 -1.000000000000000000e+00 -1.603418385719727136e-05 3.375411173746599921e-06 5.500109879200465457e-01 1.272695870919824390e+00 1.148006984148203680e+00 1.403132658554916867e+00 0.000000000000000000e+00
6.720240887459313583e+00 1.844909881999724721e+00 -9.831382663474823707e-06 -1.000000000000000000e+00 -1.885483483163087704e-05 4.723778117991950666e-07 1.039235489122319223e+00 1.284326619320894647e+00 1.159720528244522431e+00 1.415506058959807412e+00 0.000000000000000000e+00
6.725844965137160791e+00 1.843372674653889876e+00 -1.126811073702988167e-05 -1.000000000000000000e+00 -2.098710446478403263e-05 -1.130269228230059840e-06 1.381757949610189939e+00 1.270434698324938827e+00 1.144674857392195211e+00 1.401720112691794640e+00 0.000000000000000000e+00
6.731453716112758556e+00 1.841836748132905655e+00 -1.219579788821712858e-05 -1.000000000000000000e+00 -2.295256986403790918e-05 -2.207381090950503151e-06 1.665582364979556473e+00 1.274283142600619811e+00 1.210629853725107896e+00 1.405301425357160072e+00 0.000000000000000000e+00
6.737067144283217068e+00 1.840302101369569288e+00 -1.177580650433363343e-05 -1.000000000000000000e+00 -2.209811965537884402e-05 -1.716268197347107881e-06 1.558393335341733632e+00 1.259203784417456617e+00 1.134022483221442501e+00 1.387905326429142772e+00 0.000000000000000000e+00
6.742685253548897251e+00 1.838768733297566405e+00 -9.958620617236608034e-06 -1.000000000000000000e+00 -1.950992748203728356e-05 8.371640907414293001e-07 9.802762315009374561e-01 1.205412880302559886e+00 1.078105129215348068e+00 1.333663212048636693e+00 0.000000000000000000e+00
6.748308047813412536e+00 1.837236642851472368e+00 -8.111417336788239710e-06 -1.000000000000000000e+00 -1.913870161344035894e-05 3.684011995919739081e-06 5.485149737326793229e-01 1.195605982760191921e+00 1.067808575146395045e+00 1.324023130460698194e+00 0.000000000000000000e+00
6.753935530983630642e+00 1.835705828966748943e+00 -3.141207134415623326e-06 -1.000000000000000000e+00 -1.721769463403118112e-05 7.903780852649928412e-06 1.058654647723358266e-01 1.163054245149642174e+00 1.037263450788552310e+00 1.291305833294491778e+00 0.000000000000000000e+00
6.759567706969678902e+00 1.834176290579746293e+00 5.140526429635501931e-07 1.000000000000000000e+00 -1.148805949714832150e-05 1.190973338069754608e-05 2.852297583800122993e-03 1.138220447692526172e+00 1.011380282186654656e+00 1.268279466660289456e+00 0.000000000000000000e+00
6.765204579684944264e+00 1.832648026627699211e+00 4.055474096058015423e-06 1.000000000000000000e+00 -6.358917787090156122e-06 1.614974139455745838e-05 1.688277336340320289e-01 1.107780687521592755e+00 9.819660342735000436e-01 1.236876141229491743e+00 0.000000000000000000e+00
6.770846153046076843e+00 1.831121036048729556e+00 7.337296571089799454e-06 1.000000000000000000e+00 -3.472729579618034681e-06 2.067211192990853284e-05 4.846341054588805264e-01 1.086483436346563636e+00 9.577862207722384058e-01 1.217003770433783716e+00 0.000000000000000000e+00
6.776492430972993475e+00 1.829595317781842700e+00 1.043662944682704767e-05 1.000000000000000000e+00 -1.767644205707606214e-06 2.442795957291149473e-05 8.033568434335762731e-01 1.077582483881395214e+00 9.475570869438036947e-01 1.209104886663574741e+00 0.000000000000000000e+00
6.782143417388880380e+00 1.828070870766929312e+00 1.268156578055811489e-05 1.000000000000000000e+00 -1.034544813261925285e-06 2.566233630737601700e-05 9.575681330302217020e-01 1.084346748352126077e+00 9.554932992628704103e-01 1.215009999114000427e+00 0.000000000000000000e+00
6.787799116220194051e+00 1.826547693944761797e+00 1.303767466014584521e-05 1.000000000000000000e+00 -1.434010156601202120e-06 2.570244049883339902e-05 9.179717922078225456e-01 1.086649519129039509e+00 9.561156069112430878e-01 1.219483800050271682e+00 0.000000000000000000e+00
6.793459531396665696e+00 1.825025786256996740e+00 1.165763520790716838e-05 1.000000000000000000e+00 -2.942912203480806954e-06 2.517773904896442803e-05 7.051462805104051768e-01 1.077589669644926529e+00 9.444285536305646600e-01 1.211953831313964391e+00 0.000000000000000000e+00
6.799124666851304788e+00 1.823505146646170916e+00 7.451403436968889334e-06 1.000000000000000000e+00 -5.683145110736893473e-06 2.255173701912251838e-05 3.323053338461505746e-01 1.090027932798292243e+00 9.577574825034149697e-01 1.224174585341410548e+00 0.000000000000000000e+00
6.804794526520399067e+00 1.821985774055703944e+00 3.760830251252542236e-06 1.000000000000000000e+00 -7.692082295280216553e-06 1.822070612894144672e-05 1.042331380353402892e-01 1.101708416238780686e+00 9.696384409131774129e-01 1.236431785395301741e+00 0.000000000000000000e+00
6.810469114343518982e+00 1.820467667429894965e+00 8.027013645057933689e-07 1.000000000000000000e+00 -9.459109922132257403e-06 1.366376184191733362e-05 5.633308897998290377e-03 1.128566767798063086e+00 9.966880263065335255e-01 1.263663097238719280e+00 0.000000000000000000e+00
6.816148434263521239e+00 1.818950825713921748e+00 -1.219708436637793838e-06 -1.000000000000000000e+00 -1.084393296125138168e-05 1.073935631269277042e-05 1.441334895372392566e-02 1.154701243988853099e+00 1.020725222462176340e+00 1.290626692008048471e+00 0.000000000000000000e+00
6.821832490226549695e+00 1.817435247853842917e+00 -2.995711532101280869e-06 -1.000000000000000000e+00 -1.228059054451572469e-05 8.514442132236673823e-06 9.042684883462470680e-02 1.192137826321731264e+00 1.057059200299101276e+00 1.327483131358797586e+00 0.000000000000000000e+00
6.827521286182038907e+00 1.815920932796593723e+00 -3.274124936762263958e-06 -1.000000000000000000e+00 -1.257832354869826918e-05 8.148946963627650802e-06 1.088119257254334116e-01 1.193878657555573541e+00 1.058241655718884067e+00 1.329720430911468299e+00 0.000000000000000000e+00
6.833214826082717686e+00 1.814407879489987385e+00 -2.596960801239531894e-06 -1.000000000000000000e+00 -1.215964502331498102e-05 9.130225758551524225e-06 6.718188857357176857e-02 1.183369959551612727e+00 1.043679807656850533e+00 1.323529897230083963e+00 0.000000000000000000e+00
6.838913113884609984e+00 1.812896086882713975e+00 -1.421911421056734609e-06 -1.000000000000000000e+00 -1.142145039612686763e-05 1.058936843609985592e-05 1.965860586290091305e-02 1.180970808981507414e+00 1.038588248864828145e+00 1.323877916336353433e+00 0.000000000000000000e+00
6.844616153547039339e+00 1.811385553924339531e+00 7.592408685494876237e-07 1.000000000000000000e+00 -9.644963339415660327e-06 1.291429574239224590e-05 5.624658341844224196e-03 1.166995553469474256e+00 1.026130770466107567e+00 1.309518572808548331e+00 0.000000000000000000e+00
6.850323949032630644e+00 1.809876279565305390e+00 2.537570310268102171e-06 1.000000000000000000e+00 -7.923847800581749023e-06 1.466103241789016732e-05 6.402951685748803357e-02 1.173496865347851026e+00 1.032320555427792996e+00 1.316080661708175059e+00 0.000000000000000000e+00
6.856036504307313706e+00 1.808368262756926637e+00 5.594891009279667722e-06 1.000000000000000000e+00 -4.842332249691376015e-06 1.777859002254154452e-05 3.245487046892208127e-01 1.128747609087295878e+00 9.882692482924546606e-01 1.275461765166344019e+00 0.000000000000000000e+00
6.861753823340325908e+00 1.806861502451392543e+00 7.710762038345403600e-06 1.000000000000000000e+00 -2.624366939565032228e-06 1.998544181419641293e-05 6.251773357397496511e-01 1.101481331043633771e+00 9.640767076234022515e-01 1.247011980474284076e+00 0.000000000000000000e+00
6.867475910104213099e+00 1.805355997601766127e+00 7.965809834044532676e-06 1.000000000000000000e+00 -2.603165282549945426e-06 2.064928301469804686e-05 6.285556659291842152e-01 1.135633361852555145e+00 9.957556056331323679e-01 1.280780594552562768e+00 0.000000000000000000e+00
6.873202768574835808e+00 1.803851747161981711e+00 9.420333983228962711e-06 1.000000000000000000e+00 -1.780224094661140414e-06 2.299355529073244779e-05 7.838625424285794452e-01 1.131202409118673424e+00 9.939175032399029108e-01 1.274603488468679879e+00 0.000000000000000000e+00
6.878934402731368358e+00 1.802348750086846252e+00 1.139214795321577015e-05 1.000000000000000000e+00 -1.206371232388520293e-06 2.682975772616217328e-05 9.133697643095075591e-01 1.145487420470684414e+00 1.007329196769353397e+00 1.290109368272950086e+00 0.000000000000000000e+00
6.884670816556305084e+00 1.800847005332036233e+00 1.595473267785235883e-05 1.000000000000000000e+00 4.958332331782260439e-07 3.518686806487256543e-05 1.218922531106755969e+00 1.173931378328609165e+00 1.031772554036650025e+00 1.319902359514665502e+00 0.000000000000000000e+00
6.890412014035459443e+00 1.799346511854099884e+00 2.834086328946621214e-05 1.000000000000000000e+00 8.911109103692443288e-06 4.463806067776479618e-05 2.521386949169851732e+00 1.167927287598955921e+00 1.027952303839089865e+00 1.311947188132499997e+00 0.000000000000000000e+00
6.896157999157970231e+00 1.797847268610453630e+00 3.289059274477183650e-05 1.000000000000000000e+00 1.789976054240636865e-05 4.948918452918803169e-05 4.435006623617965715e+00 1.169580445449424744e+00 1.029068004825401950e+00 1.313428156789013368e+00 0.000000000000000000e+00
6.901908775916301586e+00 1.796349274559382980e+00 3.646130773169081252e-05 1.000000000000000000e+00 2.179989348596756430e-05 5.322045412056159829e-05 6.325557951550294433e+00 1.174636427808455119e+00 1.032929538787902057e+00 1.319207690487151918e+00 0.000000000000000000e+00
6.907664348306248314e+00 1.794852528660041413e+00 3.960218809157237845e-05 1.000000000000000000e+00 2.495487380574307605e-05 5.623872006426817983e-05 8.096219806286185872e+00 1.163625911551975367e+00 1.024646027881352062e+00 1.306553746561099016e+00 0.000000000000000000e+00
6.913424720326936779e+00 1.793357029872449937e+00 4.042166691254765916e-05 1.000000000000000000e+00 2.593332756963793938e-05 5.693138243946822418e-05 8.913388866682382172e+00 1.175142121452162458e+00 1.035453018161986538e+00 1.317160366193870669e+00 0.000000000000000000e+00
6.919189895980827565e+00 1.791862777157495312e+00 4.013006299515592970e-05 1.000000000000000000e+00 2.551079404175622727e-05 5.650498337374593107e-05 8.852439715178874735e+00 1.177701923003557027e+00 1.038931994827605676e+00 1.319095811517149608e+00 0.000000000000000000e+00
6.924959879273719920e+00 1.790369769476931161e+00 3.791175500727388055e-05 1.000000000000000000e+00 2.252266870226025058e-05 5.488240672014667787e-05 7.846447683887774360e+00 1.169319885522376090e+00 1.030340318375130737e+00 1.312180511395520055e+00 0.000000000000000000e+00
6.930734674214753532e+00 1.788878005793375303e+00 3.070000607029766705e-05 1.000000000000000000e+00 1.642824387810049350e-05 4.718447905096063055e-05 5.507008140556692410e+00 1.233237300879850729e+00 1.094425395473540563e+00 1.377642332164703109e+00 0.000000000000000000e+00
6.936514284816411191e+00 1.787387485070310644e+00 2.438722883405025217e-05 1.000000000000000000e+00 1.014995427310108306e-05 4.060528264623456437e-05 3.507030127547650977e+00 1.251575308366644768e+00 1.112139271589119183e+00 1.397694156406625865e+00 0.000000000000000000e+00
6.942298715094520567e+00 1.785898206272082511e+00 1.715425531194829194e-05 1.000000000000000000e+00 4.071252340292169406e-06 3.261916363077857803e-05 1.801876910694517164e+00 1.272365001916754501e+00 1.130798634857823615e+00 1.421382212726090222e+00 0.000000000000000000e+00
6.948087969068260428e+00 1.784410168363900873e+00 1.019358498154918541e-05 1.000000000000000000e+00 -5.942325050689499931e-06 2.505757771294431051e-05 5.248885357041643829e-01 1.316259064608388485e+00 1.170436246251179258e+00 1.470344869654236941e+00 0.000000000000000000e+00
6.953882050760158862e+00 1.782923370311836564e+00 -1.314135221282432987e-06 -1.000000000000000000e+00 -2.017603166065612327e-05 1.736217132681049357e-05 4.041175075045089216e-03 1.366412490761284459e+00 1.216120691801132470e+00 1.526126689391057445e+00 0.000000000000000000e+00
6.959680964196100383e+00 1.781437811082822398e+00 -9.791840499894963632e-06 -1.000000000000000000e+00 -2.383618478167646456e-05 9.040938007880735999e-06 2.920996077366169175e-01 1.392039479892782650e+00 1.238689628223585082e+00 1.554830763270959038e+00 0.000000000000000000e+00
6.965484713405325046e+00 1.779953489644652054e+00 -1.209113439644743837e-05 -1.000000000000000000e+00 -2.533406170364312578e-05 5.501756756288845684e-06 4.964963285750911837e-01 1.426290062445840778e+00 1.267778335031254144e+00 1.593551041063080875e+00 0.000000000000000000e+00
6.971293302420433768e+00 1.778470404965979412e+00 -9.225009938103226242e-06 -1.000000000000000000e+00 -2.462337830309352363e-05 6.996586446863181866e-06 3.111973689152875977e-01 1.420511826910070052e+00 1.262175953499319325e+00 1.587975158283186916e+00 0.000000000000000000e+00
6.977106735277391003e+00 1.776988556016316556e+00 -2.464208511122565363e-06 -1.000000000000000000e+00 -1.901076471726936915e-05 1.075744139308297813e-05 4.626721664196509209e-02 1.354480897469356071e+00 1.198207988851193839e+00 1.521181572723094844e+00 0.000000000000000000e+00
6.982925016015525621e+00 1.775507941766035547e+00 -1.006278523058534977e-06 -1.000000000000000000e+00 -1.511780754184907562e-05 1.251867367919500394e-05 7.563067695187442041e-03 1.363030866691590459e+00 1.208275316619731976e+00 1.528074981105085994e+00 0.000000000000000000e+00
6.988748148677535355e+00 1.774028561186365982e+00 3.570462929481701967e-07 1.000000000000000000e+00 -1.321266952531099072e-05 1.469578546983080686e-05 8.783077919645165821e-04 1.327317253391138152e+00 1.171317224451611683e+00 1.493440562033614416e+00 0.000000000000000000e+00
6.994576137309488573e+00 1.772550413249394330e+00 -2.121674865557472760e-06 -1.000000000000000000e+00 -1.706829794681443031e-05 1.307926438196872335e-05 2.650718820459019298e-02 1.373374321614987625e+00 1.214416271015491544e+00 1.542959809672752147e+00 0.000000000000000000e+00
7.000408985960828723e+00 1.771073496928063928e+00 -7.289885834913333962e-05 -1.000000000000000000e+00 0.000000000000000000e+00 0.000000000000000000e+00 0.000000000000000000e+00 1.466178942283814957e+00 0.000000000000000000e+00 0.000000000000000000e+00 1.000000000000000000e+00
7.006246698684376106e+00 1.769597811196173431e+00 -2.759570723460022163e-05 -1.000000000000000000e+00 -4.269993595212647646e-05 -3.666700777389803441e-06 1.602794860766806551e+00 1.472131767442011574e+00 1.301133328723471649e+00 1.645023857684319690e+00 0.000000000000000000e+00
7.012089279536330544e+00 1.768123355028376364e+00 -2.849221743848056210e-05 -1.000000000000000000e+00 -3.427133199032142804e-05 -1.404897010356970690e-05 3.361835530742297351e+00 1.476804754574164713e+00 1.326128760589643685e+00 1.677479123048605247e+00 0.000000000000000000e+00
7.017936732576273151e+00 1.766650127400181791e+00 -3.907325799848591425e-05 -1.000000000000000000e+00 0.000000000000000000e+00 0.000000000000000000e+00 0.000000000000000000e+00 1.488868905423759381e+00 0.000000000000000000e+00 0.000000000000000000e+00 1.000000000000000000e+00
7.023789061867172556e+00 1.765178127287950538e+00 -4.037520108932135429e-05 -1.000000000000000000e+00 0.000000000000000000e+00 0.000000000000000000e+00 0.000000000000000000e+00 1.480330598770035477e+00 0.000000000000000000e+00 0.000000000000000000e+00 1.000000000000000000e+00
7.029646271475383124e+00 1.763707353668898525e+00 -4.669503977781861830e-05 -1.000000000000000000e+00 -8.375858190361312457e-05 -1.962728099795231374e-05 4.900219604218492009e+00 1.449459227699827268e+00 1.328875342586801178e+00 1.683137323368609772e+00 0.000000000000000000e+00
7.035508365470652059e+00 1.762237805521092104e+00 -6.008700655918844342e-05 -1.000000000000000000e+00 -8.283165102190211148e-05 -3.942804140942318854e-05 5.919604528365127294e+00 1.424224844679932600e+00 1.305486940948875629e+00 1.654116325414465294e+00 0.000000000000000000e+00
7.041375347926120298e+00 1.760769481823449834e+00 -1.231953624568665653e-04 -1.000000000000000000e+00 -1.984091309684712608e-04 -1.391440064159249555e-05 6.056832955342599689e+00 1.451976045398495341e+00 1.337558451756822198e+00 1.728223084651825392e+00 0.000000000000000000e+00
7.047247222918324283e+00 1.759302381555740702e+00 -1.627711664069862848e-04 -1.000000000000000000e+00 0.000000000000000000e+00 0.000000000000000000e+00 0.000000000000000000e+00 1.624324704339773273e+00 0.000000000000000000e+00 0.000000000000000000e+00 1.000000000000000000e+00
7.053123994527200402e+00 1.757836503698584130e+00 -1.117559288465324338e-04 -1.000000000000000000e+00 -2.370429778902900363e-04 -6.182505511587181232e-05 6.098903481942016924e+00 1.528996325418202629e+00 1.354126976639056901e+00 1.720163325842937407e+00 0.000000000000000000e+00
7.059005666836087656e+00 1.756371847233449524e+00 -4.707361612057954443e-05 -1.000000000000000000e+00 0.000000000000000000e+00 0.000000000000000000e+00 0.000000000000000000e+00 1.477280903866627915e+00 0.000000000000000000e+00 0.000000000000000000e+00 1.000000000000000000e+00
7.064892243931729432e+00 1.754908411142653613e+00 -3.701119076418126820e-05 -1.000000000000000000e+00 -1.044511367128709569e-04 -1.758900094008865480e-05 2.832298094215701667e+00 1.499294101526215339e+00 1.318046809440021505e+00 1.687579475518849792e+00 0.000000000000000000e+00
7.070783729904277948e+00 1.753446194409361780e+00 -3.090103105640408580e-05 -1.000000000000000000e+00 -2.197473473329578412e-04 -9.472853507482209486e-06 2.165662762320707202e+00 1.505240719720061904e+00 1.311669986855091841e+00 1.670304614487168271e+00 0.000000000000000000e+00
7.076680128847296025e+00 1.751985196017586288e+00 -1.765475707560523402e-05 -1.000000000000000000e+00 -4.035017629404287270e-05 -6.575382962610446056e-07 1.180238072446726960e+00 1.443874788081802585e+00 1.268686795920466404e+00 1.629516001145967730e+00 0.000000000000000000e+00
7.082581444857760644e+00 1.750525414952186498e+00 -1.442084356374573438e-05 -1.000000000000000000e+00 -2.872674805031307459e-05 1.900419462340582763e-07 1.093941113204948579e+00 1.491422290621499336e+00 1.310111826262613688e+00 1.676991641093307228e+00 0.000000000000000000e+00
7.088487682036063831e+00 1.749066850198867318e+00 -1.212492339103460594e-05 -1.000000000000000000e+00 -2.509561502274818630e-05 1.293975246774165254e-06 9.367115336470988041e-01 1.511194707161783057e+00 1.329189524308164838e+00 1.696092619596002216e+00 0.000000000000000000e+00
7.094398844486017985e+00 1.747609500744178535e+00 -9.812833721774942100e-06 -1.000000000000000000e+00 -2.262415751974754290e-05 3.261146295451865723e-06 6.689708367326545613e-01 1.502450331175373188e+00 1.321526106327176375e+00 1.688750315959534287e+00 0.000000000000000000e+00
7.100314936314857661e+00 1.746153365575515037e+00 -8.237624936918927780e-06 -1.000000000000000000e+00 -2.120283861860329985e-05 5.092657870354468279e-06 4.631004938192830878e-01 1.520722274350276404e+00 1.337078954901031347e+00 1.708907592403344777e+00 0.000000000000000000e+00
7.106235961633242226e+00 1.744698443681114597e+00 -5.239667771267558307e-06 -1.000000000000000000e+00 -1.771372184873967826e-05 8.848848160587038816e-06 1.695671345798359653e-01 1.505367782690207878e+00 1.322622981802197950e+00 1.695274464094647771e+00 0.000000000000000000e+00
7.112161924555259418e+00 1.743244734050058975e+00 -2.817920001324990210e-06 -1.000000000000000000e+00 -1.573601523229257955e-05 1.121766262372478981e-05 5.462177526220557411e-02 1.565872928208303483e+00 1.376836322040140947e+00 1.756456028139927072e+00 0.000000000000000000e+00
7.118092829198427118e+00 1.741792235672271039e+00 2.174637628467444047e-06 1.000000000000000000e+00 -1.088666432846028837e-05 1.653571301586717732e-05 3.347763759528277205e-02 1.522131161198998717e+00 1.332605751176147768e+00 1.718804292699239511e+00 0.000000000000000000e+00
7.124028679683696907e+00 1.740340947538516092e+00 5.547247006059000567e-06 1.000000000000000000e+00 -7.144922802184712796e-06 2.010299713323268771e-05 2.215959410452796874e-01 1.524277386698947634e+00 1.333745335158643242e+00 1.721958451660281719e+00 0.000000000000000000e+00
7.129969480135457616e+00 1.738890868640399878e+00 9.295044962434447636e-06 1.000000000000000000e+00 -3.226968840890888314e-06 2.402633094843469632e-05 6.374351491228225086e-01 1.482281097570636641e+00 1.292743296107746520e+00 1.683835163438483606e+00 0.000000000000000000e+00
7.135915234681537100e+00 1.737441997970369245e+00 1.134684452080766208e-05 1.000000000000000000e+00 -1.276904977485987861e-06 2.623586705044777162e-05 9.551976596456626112e-01 1.469266157760620084e+00 1.280770228051082649e+00 1.670860947460626633e+00 0.000000000000000000e+00
7.141865947453204910e+00 1.735994334521709703e+00 1.205617042451798282e-05 1.000000000000000000e+00 -6.916532999631202740e-07 2.706254542901616057e-05 1.068887009926072551e+00 1.468647474414432441e+00 1.278456391261204583e+00 1.671976597125992781e+00 0.000000000000000000e+00
7.147821622585176726e+00 1.734547877288545648e+00 1.300463906178423741e-05 1.000000000000000000e+00 1.930150395335948843e-07 2.812069193362250847e-05 1.232523564331486909e+00 1.416574057549803811e+00 1.231157184748486788e+00 1.615411792098951027e+00 0.000000000000000000e+00
7.153782264215615250e+00 1.733102625265839913e+00 1.205541584262363171e-05 1.000000000000000000e+00 -7.937552486467547622e-07 2.724864253433283208e-05 1.027316184922199227e+00 1.402878218473655458e+00 1.218910994732426811e+00 1.599641894998842018e+00 0.000000000000000000e+00
7.159747876486134643e+00 1.731658577449392222e+00 8.874380354807787999e-06 1.000000000000000000e+00 -4.325324294988745947e-06 2.423653291362025874e-05 5.318191767554480975e-01 1.447387538671048635e+00 1.259411247875790618e+00 1.648655536183360137e+00 0.000000000000000000e+00
7.165718463541802308e+00 1.730215732835839626e+00 6.030791613455492703e-06 1.000000000000000000e+00 -7.541982974932995174e-06 2.166064363044255847e-05 2.302041607783706922e-01 1.466420194326453430e+00 1.279471448030148117e+00 1.665616723951379052e+00 0.000000000000000000e+00
7.171694029531142434e+00 1.728774090422655174e+00 3.380976731633721131e-06 1.000000000000000000e+00 -1.050776386792892823e-05 1.960141498677545697e-05 6.582855351831540247e-02 1.486013772433417479e+00 1.294111956349065284e+00 1.687963497624953568e+00 0.000000000000000000e+00
7.177674578606138667e+00 1.727333649208146804e+00 1.790852385775780372e-06 1.000000000000000000e+00 -1.265559709584162184e-05 1.910063357192779123e-05 1.604403961007960788e-02 1.499137827889846175e+00 1.304582439151888984e+00 1.701955462590234225e+00 0.000000000000000000e+00
7.183660114922237661e+00 1.725894408191456675e+00 3.287647981354368479e-06 1.000000000000000000e+00 -1.213664970261557364e-05 2.248562612001438538e-05 4.393120226285418539e-02 1.471328220416938004e+00 1.278896108123975139e+00 1.672357667644654766e+00 0.000000000000000000e+00
7.189650642638349964e+00 1.724456366372562499e+00 7.396009134384187351e-06 1.000000000000000000e+00 -1.007634512926083967e-05 2.692202258046036672e-05 1.759195661354624463e-01 1.459636927414280638e+00 1.264353181904723344e+00 1.663031079308882054e+00 0.000000000000000000e+00
7.195646165916856241e+00 1.723019522752273547e+00 1.457548827326736570e-05 1.000000000000000000e+00 -4.115299941220657915e-06 3.113260355627964758e-05 6.759327130008756512e-01 1.412749624171897977e+00 1.220503452219049656e+00 1.611728692521782413e+00 0.000000000000000000e+00
7.201646688923606376e+00 1.721583876332232421e+00 1.639622897035809555e-05 1.000000000000000000e+00 1.579588631816161172e-07 3.274022149219295579e-05 1.143559046115584010e+00 1.424458680077509420e+00 1.228672406825366714e+00 1.625074706173509576e+00 0.000000000000000000e+00
7.207652215827925701e+00 1.720149426114913060e+00 1.815334278517168764e-05 1.000000000000000000e+00 3.023495112277878468e-06 3.440614244100337804e-05 1.587053896746610349e+00 1.414832009552392522e+00 1.217478463901552566e+00 1.618021271720377019e+00 0.000000000000000000e+00
7.213662750802614987e+00 1.718716171103621404e+00 1.904726360234634716e-05 1.000000000000000000e+00 3.989267582522427479e-06 3.538234898309768360e-05 1.796531086693349266e+00 1.409518507759454975e+00 1.212390982520330951e+00 1.613239818168016759e+00 0.000000000000000000e+00
7.219678298023954888e+00 1.717284110302493172e+00 1.958703035823950285e-05 1.000000000000000000e+00 3.910441994861017827e-06 3.617202679369958861e-05 1.816946872245267741e+00 1.384226550026005365e+00 1.183475143505525295e+00 1.592680143510504909e+00 0.000000000000000000e+00
7.225698861671710382e+00 1.715853242716494531e+00 1.704883901775580126e-05 1.000000000000000000e+00 1.886539384116273264e-06 3.485267192345720632e-05 1.444607917001420105e+00 1.393445958650056271e+00 1.192822910194920372e+00 1.602160382357159074e+00 0.000000000000000000e+00
7.231724445929129885e+00 1.714423567351419875e+00 1.468682675623397231e-05 1.000000000000000000e+00 -9.705760972257263159e-08 3.230091276109842629e-05 1.121368610065616167e+00 1.377142651140100815e+00 1.172284878219990834e+00 1.589239149679936070e+00 0.000000000000000000e+00
7.237755054982951464e+00 1.712995083213891823e+00 1.200268357399470541e-05 1.000000000000000000e+00 -3.029029447630819229e-06 2.927130997571253924e-05 7.286029055973841650e-01 1.388435560336542141e+00 1.178885492834325976e+00 1.605038288140194336e+00 0.000000000000000000e+00
7.243790693023404614e+00 1.711567789311361887e+00 9.607599104731339533e-06 1.000000000000000000e+00 -5.716629403045232058e-06 2.702595296885184045e-05 4.229927605229022447e-01 1.408188101957778660e+00 1.201747027835231574e+00 1.622463412489829171e+00 0.000000000000000000e+00
7.249831364244212040e+00 1.710141684652107807e+00 7.612866752954142043e-06 1.000000000000000000e+00 -8.012576215644154118e-06 2.529204482210978353e-05 2.270613552106652833e-01 1.444750297878514722e+00 1.232285576607776933e+00 1.660413016137689102e+00 0.000000000000000000e+00
7.255877072842594977e+00 1.708716768245233997e+00 6.025444560616485626e-06 1.000000000000000000e+00 -1.002413946521566284e-05 2.361561716907067095e-05 1.309318774552536979e-01 1.509516975466542732e+00 1.294691328344337311e+00 1.723814770790980777e+00 0.000000000000000000e+00
7.261927823019274086e+00 1.707293039100669763e+00 7.930747259205016441e-06 1.000000000000000000e+00 -8.870372867333683293e-06 2.611388088106366084e-05 2.456291164825614715e-01 1.475775563589621253e+00 1.262042907841162132e+00 1.690587135350449355e+00 0.000000000000000000e+00
7.267983618978473004e+00 1.705870496229170197e+00 1.207971702144765899e-05 1.000000000000000000e+00 -5.298793427963333926e-06 3.114006679985905040e-05 5.699588133313255867e-01 1.401589327759648063e+00 1.190894218647608582e+00 1.618473636683355865e+00 0.000000000000000000e+00
7.274044464927921894e+00 1.704449138642313732e+00 1.574654013632929405e-05 1.000000000000000000e+00 -2.085086964249862322e-06 3.378538754055069194e-05 8.974358927335686076e-01 1.388705234643045294e+00 1.178711827084366393e+00 1.604601751716600688e+00 0.000000000000000000e+00
7.280110365078859225e+00 1.703028965352503699e+00 2.006531686519583704e-05 1.000000000000000000e+00 2.977197394826601375e-06 3.703990497565822252e-05 1.507625013678321579e+00 1.317949160731765934e+00 1.104368321864197533e+00 1.530471695137424870e+00 0.000000000000000000e+00
7.286181323646034436e+00 1.701609975372965211e+00 2.089150618267141801e-05 1.000000000000000000e+00 4.516817240813503535e-06 3.791009907967769109e-05 1.737496965941119242e+00 1.317755358366327512e+00 1.106945073795055023e+00 1.528600754539554796e+00 0.000000000000000000e+00
7.292257344847713263e+00 1.700192167717745617e+00 2.254548564068853018e-05 1.000000000000000000e+00 6.102993499262747163e-06 3.983176293279921048e-05 2.025605979393873213e+00 1.267438794447810047e+00 1.046589669819285140e+00 1.486000719562335037e+00 0.000000000000000000e+00
7.298338432905678630e+00 1.698775541401714717e+00 2.338444694272349099e-05 1.000000000000000000e+00 5.987943463415145768e-06 4.065194007107177560e-05 2.072151647234235838e+00 1.222062345920054138e+00 1.006639952718073605e+00 1.437340040697434151e+00 0.000000000000000000e+00
7.304424592045234199e+00 1.697360095440562322e+00 2.034581396750128980e-05 1.000000000000000000e+00 2.536204536581330467e-06 3.877632367135140862e-05 1.572982592141656255e+00 1.237198526402798704e+00 1.021962022149579985e+00 1.451747428123848715e+00 0.000000000000000000e+00
7.310515826495206149e+00 1.695945828850798032e+00 1.672135012964726144e-05 1.000000000000000000e+00 1.736941226220489970e-06 3.578163884767070245e-05 1.510587504103611423e+00 1.164507169501840966e+00 9.563727620318941414e-01 1.381729451790040697e+00 0.000000000000000000e+00
7.316612140487947613e+00 1.694532740649751679e+00 1.310567172862922317e-05 1.000000000000000000e+00 -4.441047266229572672e-08 2.970773501419223957e-05 1.169569440754514744e+00 1.174639005183429452e+00 9.646085131656151335e-01 1.391910880494989122e+00 0.000000000000000000e+00
7.322713538259342236e+00 1.693120829855571774e+00 9.937294857665554448e-06 1.000000000000000000e+00 -2.313310778835491564e-06 2.530646103713281888e-05 7.413988344045776557e-01 1.220339540418465596e+00 1.005857069899139811e+00 1.434758228026857374e+00 0.000000000000000000e+00
7.328820024048804171e+00 1.691710095487224841e+00 6.981894132177751889e-06 1.000000000000000000e+00 -5.217023701997281859e-06 2.188533931945032288e-05 3.712618703644210427e-01 1.267683065236631768e+00 1.053517213675221775e+00 1.484273159090464755e+00 0.000000000000000000e+00
7.334931602099284298e+00 1.690300536564494527e+00 4.559066552731223962e-06 1.000000000000000000e+00 -8.635924688387445960e-06 1.937612077004590965e-05 1.526362422290645782e-01 1.283651941150833586e+00 1.069110917388514936e+00 1.502009998973216742e+00 0.000000000000000000e+00
7.341048276657271110e+00 1.688892152107981603e+00 9.584416694752533163e-07 1.000000000000000000e+00 -1.349320136719262400e-05 1.614302292010390933e-05 6.228603786567532552e-03 1.336972994684305194e+00 1.120229784387572591e+00 1.558204957858831285e+00 0.000000000000000000e+00
7.347170051972794269e+00 1.687484941139102412e+00 -1.467297533638626169e-06 -1.000000000000000000e+00 -1.613366155804116654e-05 1.395707917681109378e-05 1.374147984220996932e-02 1.353584048380553684e+00 1.136334549619181455e+00 1.576940237554671942e+00 0.000000000000000000e+00
7.353296932299427269e+00 1.686078902680089531e+00 -1.411155291742639163e-06 -1.000000000000000000e+00 -1.674834832507634570e-05 1.415697142633473434e-05 1.266677094632484568e-02 1.323548744415794287e+00 1.103769368589730737e+00 1.550585796305271602e+00 0.000000000000000000e+00
7.359428921894291875e+00 1.684674035753989330e+00 -2.019535137871617105e-07 -1.000000000000000000e+00 -1.647755583354961574e-05 1.514043983330138098e-05 2.729143228066277516e-04 1.301965109107663832e+00 1.079605188447511743e+00 1.534098041110683264e+00 0.000000000000000000e+00
7.365566025018059015e+00 1.683270339384662417e+00 1.227334176496319988e-06 1.000000000000000000e+00 -1.546398527892764321e-05 1.596781231369651341e-05 1.087430220111684775e-02 1.301968961877605135e+00 1.084996891816148334e+00 1.528657923692583021e+00 0.000000000000000000e+00
7.371708245934952330e+00 1.681867812596783196e+00 4.457399083028379885e-06 1.000000000000000000e+00 -1.091202633729904415e-05 1.897427290836412522e-05 1.523591282914793510e-01 1.229841700783742553e+00 1.019505442182444543e+00 1.451184600175802641e+00 0.000000000000000000e+00
7.377855588912752616e+00 1.680466454415837863e+00 6.371852983601490112e-06 1.000000000000000000e+00 -7.304614738762706802e-06 2.083696968764311102e-05 3.159524683077989948e-01 1.199203641016065802e+00 9.890113376165041714e-01 1.415894715701020434e+00 0.000000000000000000e+00
7.384008058222798709e+00 1.679066263868125519e+00 6.384120725081702367e-06 1.000000000000000000e+00 -6.755520708653617314e-06 2.098425180301431291e-05 3.140053954126926783e-01 1.246014887952588968e+00 1.035967307203097487e+00 1.466143705503516470e+00 0.000000000000000000e+00
7.390165658139991045e+00 1.677667239980756175e+00 5.409574854479245628e-06 1.000000000000000000e+00 -7.705051701052196878e-06 2.042034803171586082e-05 2.134039114382062508e-01 1.320349707582386234e+00 1.105822136612412798e+00 1.546570554455473534e+00 0.000000000000000000e+00
7.396328392942796093e+00 1.676269381781650081e+00 6.066013412579575494e-06 1.000000000000000000e+00 -7.548811122414225313e-06 2.167966408611804980e-05 2.451961818917993696e-01 1.317301516557018326e+00 1.102124774526808126e+00 1.543776706721206926e+00 0.000000000000000000e+00
7.402496266913247247e+00 1.674872688299538392e+00 6.932765991950885873e-06 1.000000000000000000e+00 -7.326280429863673442e-06 2.338244943269758469e-05 2.907917540732967154e-01 1.311096083785286526e+00 1.092852716230759968e+00 1.539835244631217348e+00 0.000000000000000000e+00
7.408669284336948380e+00 1.673477158563960288e+00 8.257785375905996546e-06 1.000000000000000000e+00 -6.573443610930822337e-06 2.575172623024934271e-05 3.736092980150829135e-01 1.306541199235489836e+00 1.089745885920947899e+00 1.533917141910134507e+00 0.000000000000000000e+00
7.414847449503079169e+00 1.672082791605264962e+00 9.815265159596536716e-06 1.000000000000000000e+00 -5.567164950898789995e-06 2.891673368564703889e-05 4.604061770186689273e-01 1.332108933056899591e+00 1.115996849268938051e+00 1.560234679208755360e+00 0.000000000000000000e+00
7.421030766704393322e+00 1.670689586454608300e+00 1.621236074445420606e-05 1.000000000000000000e+00 -7.976282263418746734e-07 3.578142993340761619e-05 1.025445760068365075e+00 1.244484051863714136e+00 1.032690211836706951e+00 1.469026453385571029e+00 0.000000000000000000e+00
7.427219240237226572e+00 1.669297542143953983e+00 2.051442552956170843e-05 1.000000000000000000e+00 2.953847344539633888e-06 3.896535713313031000e-05 1.558323744041715031e+00 1.233647426217592935e+00 1.022486581567582542e+00 1.455090868824881589e+00 0.000000000000000000e+00
7.433412874401496673e+00 1.667906657706072160e+00 2.105485015365618850e-05 1.000000000000000000e+00 4.530347693566086261e-06 3.825063378684865386e-05 1.760767392673614040e+00 1.292865302844522946e+00 1.084482630315744212e+00 1.518405718164812512e+00 0.000000000000000000e+00
7.439611673500706956e+00 1.666516932174539223e+00 2.113158585931179610e-05 1.000000000000000000e+00 5.750553700854664523e-06 3.801792145288861310e-05 1.918020473877547261e+00 1.293209366095465551e+00 1.084497732895320921e+00 1.517245387505540943e+00 0.000000000000000000e+00
7.445815641841948995e+00 1.665128364583736253e+00 2.142426996462269871e-05 1.000000000000000000e+00 6.178978207125303151e-06 3.810367812754775153e-05 1.916852542119386271e+00 1.234610436966845803e+00 1.022159906326895573e+00 1.448329480689194426e+00 0.000000000000000000e+00
7.452024783735907043e+00 1.663740953968849468e+00 1.889389740406624980e-05 1.000000000000000000e+00 1.422407024989492236e-06 3.543048823661693893e-05 1.235801901634630440e+00 1.252138229731513785e+00 1.040821674171069633e+00 1.467282236530205397e+00 0.000000000000000000e+00
7.458239103496859812e+00 1.662354699365868660e+00 1.182082626035441758e-05 1.000000000000000000e+00 -1.053464909250216571e-05 2.957673277038100405e-05 2.374425856982753658e-01 1.343260619111220411e+00 1.135446884959167013e+00 1.566843022158248777e+00 0.000000000000000000e+00
7.464458605442683137e+00 1.660969599811586539e+00 -4.378075432440269394e-06 -1.000000000000000000e+00 -2.180928684577703770e-05 1.759914397709065492e-05 5.983849903563509542e-02 1.404381594140165168e+00 1.188432394938318648e+00 1.631015573344176683e+00 0.000000000000000000e+00
7.470683293894854415e+00 1.659585654343599170e+00 -1.215501055380004818e-05 -1.000000000000000000e+00 -3.399909063273067454e-05 3.757840715923330537e-06 6.929984060318048478e-01 1.453304187315906937e+00 1.235675520306484643e+00 1.677542643901864583e+00 0.000000000000000000e+00
7.476913173178454386e+00 1.658202862000304201e+00 -1.060172781828817249e-03 -1.000000000000000000e+00 -1.373439610055573069e-03 -3.433404938050489642e-04 4.417693774539060314e+00 1.650460667794735992e+00 1.512351061696485033e+00 2.009897823871209077e+00 0.000000000000000000e+00
7.483148247622170679e+00 1.656821221820899526e+00 -1.868941978327895144e-04 -1.000000000000000000e+00 0.000000000000000000e+00 0.000000000000000000e+00 0.000000000000000000e+00 1.512363604484951773e+00 0.000000000000000000e+00 0.000000000000000000e+00 1.000000000000000000e+00
7.489388521558299594e+00 1.655440732845385288e+00 -1.260473849124450242e-04 -1.000000000000000000e+00 0.000000000000000000e+00 0.000000000000000000e+00 0.000000000000000000e+00 1.598830450302639816e+00 0.000000000000000000e+00 0.000000000000000000e+00 1.000000000000000000e+00
7.495633999322752317e+00 1.654061394114560324e+00 -1.268791258471955010e-04 -1.000000000000000000e+00 0.000000000000000000e+00 0.000000000000000000e+00 0.000000000000000000e+00 1.541975359029568171e+00 0.000000000000000000e+00 0.000000000000000000e+00 1.000000000000000000e+00
7.501884685255054031e+00 1.652683204670022832e+00 -5.949837728615868000e-05 -1.000000000000000000e+00 0.000000000000000000e+00 0.000000000000000000e+00 0.000000000000000000e+00 1.631461290705835010e+00 0.000000000000000000e+00 0.000000000000000000e+00 1.000000000000000000e+00
7.508140583698349246e+00 1.651306163554170148e+00 -8.498802256684842126e-05 -1.000000000000000000e+00 -1.731399158619964008e-04 -5.991768423000033835e-05 1.208783606568800906e+01 1.664750002061750278e+00 1.436744581847797075e+00 1.919920589334102701e+00 0.000000000000000000e+00
7.514401698999403578e+00 1.649930269810196748e+00 -1.256564250519590477e-04 -1.000000000000000000e+00 -1.826990151217298573e-04 -6.897253136831001932e-05 1.354695759991793835e+01 1.737286453917400442e+00 1.483518451788263359e+00 1.965995381185093649e+00 0.000000000000000000e+00
7.520668035508609073e+00 1.648555522482095359e+00 -1.057364122000099702e-04 -1.000000000000000000e+00 0.000000000000000000e+00 0.000000000000000000e+00 0.000000000000000000e+00 1.460471745178284042e+00 0.000000000000000000e+00 0.000000000000000000e+00 1.000000000000000000e+00
7.526939597579984209e+00 1.647181920614653627e+00 -8.592793368692696861e-04 -1.000000000000000000e+00 0.000000000000000000e+00 0.000000000000000000e+00 0.000000000000000000e+00 1.652449868735366367e+00 0.000000000000000000e+00 0.000000000000000000e+00 1.000000000000000000e+00
7.533216389571179228e+00 1.645809463253457006e+00 -4.458441564527706969e-04 -1.000000000000000000e+00 0.000000000000000000e+00 0.000000000000000000e+00 0.000000000000000000e+00 1.448210976605095235e+00 0.000000000000000000e+00 0.000000000000000000e+00 1.000000000000000000e+00
7.539498415843477019e+00 1.644438149444884756e+00 -4.611523357577603454e-04 -1.000000000000000000e+00 0.000000000000000000e+00 0.000000000000000000e+00 0.000000000000000000e+00 1.503247729881650230e+00 0.000000000000000000e+00 0.000000000000000000e+00 1.000000000000000000e+00
7.545785680761798453e+00 1.643067978236111282e+00 -3.830113900477947315e-04 -1.000000000000000000e+00 -7.447238070818657267e-04 -2.100901532306671034e-05 8.027738416884787398e+00 1.633198930960235717e+00 1.328439617915659232e+00 1.858793078859291681e+00 0.000000000000000000e+00
7.552078188694705041e+00 1.641698948675104575e+00 -1.010854334359212459e-03 -1.000000000000000000e+00 0.000000000000000000e+00 0.000000000000000000e+00 0.000000000000000000e+00 1.689615097042589165e+00 0.000000000000000000e+00 0.000000000000000000e+00 1.000000000000000000e+00
7.558375944014398939e+00 1.640331059810627101e+00 -2.006011393030831223e-03 -1.000000000000000000e+00 0.000000000000000000e+00 0.000000000000000000e+00 0.000000000000000000e+00 1.829233040344914407e+00 0.000000000000000000e+00 0.000000000000000000e+00 1.000000000000000000e+00
7.564678951096730941e+00 1.638964310692231585e+00 -7.155356622453366117e-05 -1.000000000000000000e+00 0.000000000000000000e+00 0.000000000000000000e+00 0.000000000000000000e+00 1.355582460068905926e+00 0.000000000000000000e+00 0.000000000000000000e+00 1.000000000000000000e+00
7.570987214321198699e+00 1.637598700370265004e+00 -5.263330774835496637e-05 -1.000000000000000000e+00 0.000000000000000000e+00 0.000000000000000000e+00 0.000000000000000000e+00 1.396549332888042061e+00 0.000000000000000000e+00 0.000000000000000000e+00 1.000000000000000000e+00
7.577300738070952946e+00 1.636234227895864146e+00 -2.237966997992943147e-04 -1.000000000000000000e+00 0.000000000000000000e+00 0.000000000000000000e+00 0.000000000000000000e+00 1.499799521906528543e+00 0.000000000000000000e+00 0.000000000000000000e+00 1.000000000000000000e+00
7.583619526732800153e+00 1.634870892320956948e+00 1.402953682738198387e-06 1.000000000000000000e+00 -1.347781639831779779e-05 2.098897250448125481e-05 8.553673243270054627e-03 1.220700088226872371e+00 9.405846450137349546e-01 1.469352925028326595e+00 0.000000000000000000e+00
7.589943584697204315e+00 1.633508692698261822e+00 2.709502260739773802e-06 1.000000000000000000e+00 -1.356787176982089321e-05 2.404601436055323304e-05 2.625070698474019082e-02 1.233950590063551900e+00 9.532808326748047900e-01 1.484596553767075333e+00 0.000000000000000000e+00
7.596272916358290495e+00 1.632147628081284996e+00 4.488547827353744094e-06 1.000000000000000000e+00 -1.232453061780712489e-05 2.687876388348134723e-05 7.036479255799577004e-02 1.181870886508324281e+00 8.601872575011570987e-01 1.445543266588593223e+00 0.000000000000000000e+00
7.602607526113848380e+00 1.630787697524322288e+00 4.265933040503781839e-06 1.000000000000000000e+00 -1.160630434626690478e-05 2.561142456267068076e-05 7.207400895427440446e-02 1.158093301339239378e+00 8.299367802745440947e-01 1.425253100429641151e+00 0.000000000000000000e+00
7.608947418365335835e+00 1.629428900082457776e+00 4.992478098274950300e-06 1.000000000000000000e+00 -9.842809208265838289e-06 2.445808967951311564e-05 1.253369862017734704e-01 1.074936474462350855e+00 7.531052701011357042e-01 1.365901997534568757e+00 0.000000000000000000e+00
7.615292597517878903e+00 1.628071234811562906e+00 4.141277123800976989e-06 1.000000000000000000e+00 -9.461883817243366167e-06 2.146506720015081774e-05 1.074823843263459366e-01 1.051881216869243740e+00 7.390679409894613805e-01 1.346969891622323612e+00 0.000000000000000000e+00
7.621643067980279795e+00 1.626714700768294497e+00 2.774449846412217731e-06 1.000000000000000000e+00 -1.043601244444324847e-05 1.874313847076657769e-05 5.629717397373212862e-02 1.061885512713332425e+00 7.349527040472902950e-01 1.361361345121466560e+00 0.000000000000000000e+00
7.627998834165015118e+00 1.625359297010096737e+00 1.942511483248017468e-06 1.000000000000000000e+00 -1.200301548683356148e-05 1.730925239944489414e-05 3.028832851239826596e-02 1.046293808656570956e+00 7.072016006778741870e-01 1.357496769168903272e+00 0.000000000000000000e+00
7.634359900488242090e+00 1.624005022595198744e+00 1.515543851478007927e-07 1.000000000000000000e+00 -1.633514967487036964e-05 1.527686703146860462e-05 1.857089834516045812e-04 1.071378117220289639e+00 7.303070779091309639e-01 1.374644255827025097e+00 0.000000000000000000e+00
7.640726271369800315e+00 1.622651876582614117e+00 1.103724523348819002e-06 1.000000000000000000e+00 -2.140046195641818184e-05 1.644570137118868584e-05 9.895601319868774226e-03 9.541999076344989117e-01 6.121356522720597937e-01 1.294386706956984323e+00 0.000000000000000000e+00
7.647097951233216229e+00 1.621299858032140939e+00 -1.180905559835632454e-06 -1.000000000000000000e+00 -2.496196097110059026e-05 1.457700330374577880e-05 1.039131213457267222e-02 9.881130870784660125e-01 6.452588652640842692e-01 1.330143269593446753e+00 0.000000000000000000e+00
7.653474944505703093e+00 1.619948966004359558e+00 -1.739999781634156008e-05 -1.000000000000000000e+00 -3.410610551521643224e-05 9.764275698538976792e-06 4.049012161665928033e-01 1.126029297871193435e+00 9.424947083322692265e-01 1.409349932604619937e+00 0.000000000000000000e+00
7.659857255618167216e+00 1.618599199560634805e+00 -1.795263146360741343e-05 -1.000000000000000000e+00 -3.612174648060065578e-05 8.602924510607412844e-06 4.311483958554021001e-01 1.104936971486090158e+00 7.990515807937681458e-01 1.433530945719422078e+00 0.000000000000000000e+00
7.666244889005210617e+00 1.617250557763112662e+00 -1.868605774007824226e-05 -1.000000000000000000e+00 -3.172742147444431734e-05 1.122733653429777340e-05 3.621095938094214262e-01 9.658528927968885736e-01 6.949503956048519449e-01 1.296799062317011142e+00 0.000000000000000000e+00
7.672637849105131913e+00 1.615903039674720043e+00 -1.460100933851636594e-05 -1.000000000000000000e+00 0.000000000000000000e+00 0.000000000000000000e+00 0.000000000000000000e+00 8.391917667222030808e-01 0.000000000000000000e+00 0.000000000000000000e+00 1.000000000000000000e+00
7.679036140359931650e+00 1.614556644359165460e+00 3.882705135859185963e-06 1.000000000000000000e+00 -2.176894081703323000e-04 1.929961328128439475e-05 4.418924326802198266e-02 7.859911302511800590e-01 3.465324460067163437e-01 1.102584782290801702e+00 0.000000000000000000e+00
7.685439767215314077e+00 1.613211370880937023e+00 -4.692231846038215175e-05 -1.000000000000000000e+00 0.000000000000000000e+00 0.000000000000000000e+00 0.000000000000000000e+00 8.989782932360437240e-01 0.000000000000000000e+00 0.000000000000000000e+00 1.000000000000000000e+00
7.691848734120691589e+00 1.611867218305303329e+00 -9.805802159611793527e-05 -1.000000000000000000e+00 0.000000000000000000e+00 0.000000000000000000e+00 0.000000000000000000e+00 8.796935649018351455e-01 0.000000000000000000e+00 0.000000000000000000e+00 1.000000000000000000e+00
7.698263045529186499e+00 1.610524185698310351e+00 -4.643467958191465055e-05 -1.000000000000000000e+00 0.000000000000000000e+00 0.000000000000000000e+00 0.000000000000000000e+00 7.228272632023367006e-01 0.000000000000000000e+00 0.000000000000000000e+00 1.000000000000000000e+00
7.704682705897634598e+00 1.609182272126782998e+00 -4.872177348438258522e-05 -1.000000000000000000e+00 0.000000000000000000e+00 0.000000000000000000e+00 0.000000000000000000e+00 6.850012015151756284e-01 0.000000000000000000e+00 0.000000000000000000e+00 1.000000000000000000e+00
7.711107719686588702e+00 1.607841476658323998e+00 -5.950781836498396496e-05 -1.000000000000000000e+00 0.000000000000000000e+00 0.000000000000000000e+00 0.000000000000000000e+00 5.331173202326444649e-01 0.000000000000000000e+00 0.000000000000000000e+00 1.000000000000000000e+00
7.717538091360320429e+00 1.606501798361312572e+00 -1.364259432685278059e-03 -1.000000000000000000e+00 0.000000000000000000e+00 0.000000000000000000e+00 0.000000000000000000e+00 1.240434082308115582e-01 0.000000000000000000e+00 0.000000000000000000e+00 1.000000000000000000e+00
7.723973825386825531e+00 1.605163236304904206e+00 -7.585846116170051612e-02 -1.000000000000000000e+00 0.000000000000000000e+00 0.000000000000000000e+00 0.000000000000000000e+00 2.220536802400270293e+00 0.000000000000000000e+00 0.000000000000000000e+00 1.000000000000000000e+00
7.730414926237823892e+00 1.603825789559029547e+00 -9.759822762847646105e-02 -1.000000000000000000e+00 0.000000000000000000e+00 0.000000000000000000e+00 0.000000000000000000e+00 2.758524599070364403e+00 0.000000000000000000e+00 0.000000000000000000e+00 1.000000000000000000e+00
7.736861398388765743e+00 1.602489457194395728e+00 -1.969598529218054284e-01 -1.000000000000000000e+00 0.000000000000000000e+00 0.000000000000000000e+00 0.000000000000000000e+00 4.074838129772154538e+00 0.000000000000000000e+00 0.000000000000000000e+00 1.000000000000000000e+00
7.743313246318833443e+00 1.601154238282482378e+00 -1.384992200336340740e-01 -1.000000000000000000e+00 0.000000000000000000e+00 0.000000000000000000e+00 0.000000000000000000e+00 2.813646756455485232e+00 0.000000000000000000e+00 0.000000000000000000e+00 1.000000000000000000e+00
7.749770474510944140e+00 1.599820131895543396e+00 -1.504231943744419597e-01 -1.000000000000000000e+00 0.000000000000000000e+00 0.000000000000000000e+00 0.000000000000000000e+00 2.677806435410801988e+00 0.000000000000000000e+00 0.000000000000000000e+00 1.000000000000000000e+00
7.756233087451753327e+00 1.598487137106606282e+00 -1.078883080713030629e-01 -1.000000000000000000e+00 0.000000000000000000e+00 0.000000000000000000e+00 0.000000000000000000e+00 2.729001507856538833e+00 0.000000000000000000e+00 0.000000000000000000e+00 1.000000000000000000e+00
7.762701089631657503e+00 1.597155252989470364e+00 -2.393492328657474411e-01 -1.000000000000000000e+00 0.000000000000000000e+00 0.000000000000000000e+00 0.000000000000000000e+00 3.517214445150461888e+00 0.000000000000000000e+00 0.000000000000000000e+00 1.000000000000000000e+00
7.769174485544799502e+00 1.595824478618706577e+00 -1.710042484748649505e-01 -1.000000000000000000e+00 0.000000000000000000e+00 0.000000000000000000e+00 0.000000000000000000e+00 2.530029594927178938e+00 0.000000000000000000e+00 0.000000000000000000e+00 1.000000000000000000e+00
7.775653279689067610e+00 1.594494813069657235e+00 -7.090191409094701025e-02 -1.000000000000000000e+00 0.000000000000000000e+00 0.000000000000000000e+00 0.000000000000000000e+00 1.505133950047709668e+00 0.000000000000000000e+00 0.000000000000000000e+00 1.000000000000000000e+00
7.782137476566102663e+00 1.593166255418435151e+00 -5.977728021256936003e-02 -1.000000000000000000e+00 0.000000000000000000e+00 0.000000000000000000e+00 0.000000000000000000e+00 1.321636620776635462e+00 0.000000000000000000e+00 0.000000000000000000e+00 1.000000000000000000e+00
7.788627080681298942e+00 1.591838804741922297e+00 -3.325065162663812246e-01 -1.000000000000000000e+00 0.000000000000000000e+00 0.000000000000000000e+00 0.000000000000000000e+00 4.703464272156582915e+00 0.000000000000000000e+00 0.000000000000000000e+00 1.000000000000000000e+00
7.795122096543806833e+00 1.590512460117771143e+00 2.082299470825436845e-05 1.000000000000000000e+00 0.000000000000000000e+00 0.000000000000000000e+00 0.000000000000000000e+00 1.095269922011491304e-05 0.000000000000000000e+00 0.000000000000000000e+00 1.000000000000000000e+00
7.801622528666539047e+00 1.589187220624400876e+00 -9.608203410756991709e-06 -1.000000000000000000e+00 0.000000000000000000e+00 0.000000000000000000e+00 0.000000000000000000e+00 2.278101810298424970e-03 0.000000000000000000e+00 0.000000000000000000e+00 1.000000000000000000e+00
7.808128381566169729e+00 1.587863085341000069e+00 2.192328444505995387e-05 1.000000000000000000e+00 0.000000000000000000e+00 0.000000000000000000e+00 0.000000000000000000e+00 1.948333329359679296e-03 0.000000000000000000e+00 0.000000000000000000e+00 1.000000000000000000e+00
7.814639659763139790e+00 1.586540053347523793e+00 2.197514822977343873e-05 1.000000000000000000e+00 0.000000000000000000e+00 0.000000000000000000e+00 0.000000000000000000e+00 7.662238094335890697e-04 0.000000000000000000e+00 0.000000000000000000e+00 1.000000000000000000e+00
7.821156367781661345e+00 1.585218123724693617e+00 2.814656982999399627e-05 1.000000000000000000e+00 0.000000000000000000e+00 0.000000000000000000e+00 0.000000000000000000e+00 8.583280364223894496e-06 0.000000000000000000e+00 0.000000000000000000e+00 1.000000000000000000e+00
7.827678510149716828e+00 1.583897295553998275e+00 3.474538041956202886e-05 1.000000000000000000e+00 0.000000000000000000e+00 0.000000000000000000e+00 0.000000000000000000e+00 5.331042580317481286e-15 0.000000000000000000e+00 0.000000000000000000e+00 1.000000000000000000e+00
7.834206091399066985e+00 1.582577567917689887e+00 3.983214863661528474e-05 1.000000000000000000e+00 0.000000000000000000e+00 0.000000000000000000e+00 0.000000000000000000e+00 1.494745104555477030e-04 0.000000000000000000e+00 0.000000000000000000e+00 1.000000000000000000e+00
7.840739116065250869e+00 1.581258939898786631e+00 4.505705438599277868e-05 1.000000000000000000e+00 0.000000000000000000e+00 0.000000000000000000e+00 0.000000000000000000e+00 3.349594796097273041e-10 0.000000000000000000e+00 0.000000000000000000e+00 1.000000000000000000e+00
7.847277588687588512e+00 1.579941410581070071e+00 4.479856741507403327e-05 1.000000000000000000e+00 0.000000000000000000e+00 0.000000000000000000e+00 0.000000000000000000e+00 2.349810225540045795e-09 0.000000000000000000e+00 0.000000000000000000e+00 1.000000000000000000e+00
7.853821513809187138e+00 1.578624979049085830e+00 -2.861086522248775244e-01 -1.000000000000000000e+00 0.000000000000000000e+00 0.000000000000000000e+00 0.000000000000000000e+00 2.058484505957504318e+00 0.000000000000000000e+00 0.000000000000000000e+00 1.000000000000000000e+00
7.860370895976941163e+00 1.577309644388141585e+00 -2.065478339162690524e+00 -1.000000000000000000e+00 0.000000000000000000e+00 -2.042754813736444852e+00 1.688407861231126219e+02 5.195690114953466221e+00 0.000000000000000000e+00 3.699867209856928412e+02 0.000000000000000000e+00
7.866925739741537527e+00 1.575995405684307737e+00 -2.540073498012859687e+01 -1.000000000000000000e+00 0.000000000000000000e+00 -2.431113688936101624e+01 6.213208652841291041e+03 1.194423136412568738e+02 0.000000000000000000e+00 4.544198056780718957e+02 0.000000000000000000e+00
7.873486049657457464e+00 1.574682262024415857e+00 -9.805762097630294249e+01 -1.000000000000000000e+00 0.000000000000000000e+00 -4.139113845381226753e+01 2.467691395551713504e+04 4.725252698705346575e+02 0.000000000000000000e+00 6.036967580311968504e+02 0.000000000000000000e+00
7.880051830282980951e+00 1.573370212496058462e+00 -9.820366774450221214e+01 -1.000000000000000000e+00 0.000000000000000000e+00 -2.098226652411185000e+00 2.436656299314460557e+04 4.623995759642460825e+02 0.000000000000000000e+00 5.784561059416643047e+02 0.000000000000000000e+00
7.886623086180188480e+00 1.572059256187587906e+00 -2.132146834910152222e+00 -1.000000000000000000e+00 0.000000000000000000e+00 0.000000000000000000e+00 0.000000000000000000e+00 1.598170961183663330e+01 0.000000000000000000e+00 0.000000000000000000e+00 1.000000000000000000e+00
7.893199821914964609e+00 1.570749392188117488e+00 -9.896963116514955061e+01 -1.000000000000000000e+00 0.000000000000000000e+00 -9.886600454413144234e+01 3.054521015546632407e+04 6.032449055120680441e+02 0.000000000000000000e+00 6.251615967943483838e+02 0.000000000000000000e+00
7.899782042057002407e+00 1.569440619587517682e+00 -9.913354713813060926e+01 -1.000000000000000000e+00 0.000000000000000000e+00 -9.813257409791873442e+01 3.257896291597001255e+04 6.430168625356673147e+02 0.000000000000000000e+00 6.971998577519364062e+02 0.000000000000000000e+00
7.906369751179806116e+00 1.568132937476418354e+00 -9.919330897127913715e+01 -1.000000000000000000e+00 0.000000000000000000e+00 6.387235811143199271e-01 3.336307551212420367e+04 6.695896270157571735e+02 0.000000000000000000e+00 7.035714201865760060e+02 0.000000000000000000e+00
7.912962953860692039e+00 1.566826344946206540e+00 -9.865616686892356313e+01 -1.000000000000000000e+00 -8.692792729743017333e+01 0.000000000000000000e+00 1.800080838448343638e+04 3.639136306080278018e+02 6.199136306080278018e+02 0.000000000000000000e+00 0.000000000000000000e+00
7.919561654680794760e+00 1.565520841089027337e+00 -9.696571772499045494e+01 -1.000000000000000000e+00 -5.621615141616793210e+00 0.000000000000000000e+00 2.185047616834775909e+04 4.480990950254285963e+02 7.040990950254285963e+02 0.000000000000000000e+00 0.000000000000000000e+00
7.926165858225068916e+00 1.564216424997781019e+00 -9.785432658893692803e+01 -1.000000000000000000e+00 0.000000000000000000e+00 -9.731947887296239230e+01 2.697101322503573465e+04 5.517328102066206839e+02 0.000000000000000000e+00 6.830369475404784225e+02 0.000000000000000000e+00
7.932775569082291867e+00 1.562913095766124583e+00 -9.849100014799635971e+01 -1.000000000000000000e+00 0.000000000000000000e+00 -9.846349114949620684e+01 3.362221369460536516e+04 6.980632750528702672e+02 0.000000000000000000e+00 7.194064268168312992e+02 0.000000000000000000e+00
7.939390791845069018e+00 1.561610852488469980e+00 -9.858490773765925042e+01 -1.000000000000000000e+00 0.000000000000000000e+00 -8.907453855117620378e+01 2.641362165344458117e+04 5.497286687217020926e+02 0.000000000000000000e+00 6.778348556514597476e+02 0.000000000000000000e+00
7.946011531109834714e+00 1.560309694259983226e+00 -9.871694830866660197e+01 -1.000000000000000000e+00 0.000000000000000000e+00 -9.863814670901207649e+01 3.313056131172402092e+04 6.997771675625391481e+02 0.000000000000000000e+00 7.168223323669666343e+02 0.000000000000000000e+00
7.952637791476856677e+00 1.559009620176584621e+00 -9.861192634713439986e+01 -1.000000000000000000e+00 0.000000000000000000e+00 -9.824364329302069621e+01 7.469277525820135452e+03 1.663831561614863119e+02 0.000000000000000000e+00 2.429337515655130915e+02 0.000000000000000000e+00
7.959269577550237784e+00 1.557710629334948083e+00 -9.897386955934626940e+01 -1.000000000000000000e+00 0.000000000000000000e+00 -9.897249873094790473e+01 9.474756333383385936e+03 2.076896509608729104e+02 0.000000000000000000e+00 3.718226838565478829e+02 0.000000000000000000e+00
7.965906893937922284e+00 1.556412720832499597e+00 -9.922629436538915115e+01 -1.000000000000000000e+00 0.000000000000000000e+00 -8.657281933361801407e+00 1.245957421660172986e+04 2.784604959049097488e+02 0.000000000000000000e+00 7.045002052901592151e+02 0.000000000000000000e+00
7.972549745251694908e+00 1.555115893767417656e+00 -9.926032437734833991e+01 -1.000000000000000000e+00 0.000000000000000000e+00 -9.884853272552709313e+01 1.510926503344458615e+04 3.333243569390934908e+02 0.000000000000000000e+00 3.654621352855864984e+02 0.000000000000000000e+00
7.979198136107187977e+00 1.553820147238631932e+00 -9.935732729385483708e+01 -1.000000000000000000e+00 0.000000000000000000e+00 -9.935616069718099652e+01 1.917899666301126126e+04 4.326339631178058198e+02 0.000000000000000000e+00 6.713241743642365691e+02 0.000000000000000000e+00
7.985852071123881402e+00 1.552525480345822828e+00 -9.932491241956216754e+01 -1.000000000000000000e+00 -9.320279961561914206e+01 0.000000000000000000e+00 2.204038354619585880e+04 4.916299849386018650e+02 6.196299849386018650e+02 0.000000000000000000e+00 0.000000000000000000e+00
7.992511554925108008e+00 1.551231892189421036e+00 -9.936247932695340523e+01 -1.000000000000000000e+00 0.000000000000000000e+00 -8.124058024710109294e+00 2.395052342683090319e+04 5.468143171892760392e+02 0.000000000000000000e+00 6.672423231665981120e+02 0.000000000000000000e+00
7.999176592138056208e+00 1.549939381870606869e+00 -9.933626495372253373e+01 -1.000000000000000000e+00 0.000000000000000000e+00 -9.894613299233978410e+01 2.646690305181877193e+04 5.980387054904203978e+02 0.000000000000000000e+00 6.286462733408108079e+02 0.000000000000000000e+00
