# OBJ_NAME=4U 0614+091
#         GRID_START=6.00
#         GRID_END=8.00
#         GRID_STEP_FRACTION=0.50
#         XSPEC_FITSTAT=cstat
#         XSPEC_CONTINUUM_MODEL=tbabs*(bbodyrad + pow)*constant
#         XSPEC_LINE_MODEL=gauss
#         LINE_VELOCITY_WIDTH=500
#         INPUT_FILE=/home/simon/Downloads/tgcat/obs_10759_tgid_4191/pm_heg_abs1.pha
#         SEARCH_MODE=Sliding window
#         FIT_REGION_WIDTH=30.00
#         RUNTIME=69
#         COLUMN_NAMES=ENERGY,WAVELENGTH,NORM,NORM_SIGN,NORM_ERR_LO,NORM_ERR_HI,DELTA_FITSTAT,CONSTANT_FACTOR,CONSTANT_FACTOR_ERR_LO,CONSTANT_FACTOR_ERR_HI,FIT_ERR
6.000000000000000000e+00 2.066373137115381287e+00 -2.659652071210637207e-06 -1.000000000000000000e+00 -2.176287560836540161e-05 1.696200099974207572e-05 2.086078074452757392e-02 1.050414932117699873e+00 1.037302117748307717e+00 1.063688016479327869e+00 0.000000000000000000e+00
6.005003461427972589e+00 2.064651403172383937e+00 -1.130363181370436694e-06 -1.000000000000000000e+00 -2.022041851032474312e-05 1.848114776194818636e-05 3.782533492397988084e-03 1.050973985154843637e+00 1.037762529914502796e+00 1.064348172569610673e+00 0.000000000000000000e+00
6.010011095293655181e+00 2.062931103804642063e+00 -4.614979001762569176e-07 -1.000000000000000000e+00 -1.953517993824006738e-05 1.913781976087914615e-05 6.308578640243922564e-04 1.050650621584977795e+00 1.037522742433302447e+00 1.063939186872811193e+00 0.000000000000000000e+00
6.015022905076486737e+00 2.061212237816845594e+00 -1.471608134612409997e-06 -1.000000000000000000e+00 -2.061103772548404550e-05 1.819456474351490450e-05 6.366532759216170234e-03 1.051220804091924421e+00 1.038062377022809901e+00 1.064540555958350954e+00 0.000000000000000000e+00
6.020038894258807005e+00 2.059494804014679215e+00 -4.544511412900318693e-06 -1.000000000000000000e+00 -2.379985640370108166e-05 1.523638922331002328e-05 5.988427988955891124e-02 1.054800863969605373e+00 1.041511846613913272e+00 1.068253831538600984e+00 0.000000000000000000e+00
6.025059066325860080e+00 2.057778801204824592e+00 -5.340417462037086243e-06 -1.000000000000000000e+00 -2.468930740527031337e-05 1.453607205701230846e-05 8.190062540904818889e-02 1.054334721145184117e+00 1.041018489952720172e+00 1.067815525545670052e+00 0.000000000000000000e+00
6.030083424765796174e+00 2.056064228194956822e+00 -4.549209625866084491e-06 -1.000000000000000000e+00 -2.391936986398167868e-05 1.535384322511129405e-05 5.926906305924717344e-02 1.053429420002677253e+00 1.040197740313630437e+00 1.066823592756695804e+00 0.000000000000000000e+00
6.035111973069674285e+00 2.054351083793744426e+00 -3.164046537234399690e-06 -1.000000000000000000e+00 -2.255295820254105553e-05 1.675962102059614690e-05 2.869139826430000539e-02 1.054885560361206842e+00 1.041546111087872317e+00 1.068389881083600557e+00 0.000000000000000000e+00
6.040144714731465747e+00 2.052639366810848021e+00 -2.751877175612160205e-07 -1.000000000000000000e+00 -1.969022951599561479e-05 1.967334191757365695e-05 2.172807383544750337e-04 1.055916733519490336e+00 1.042550656863420855e+00 1.069448342369635485e+00 0.000000000000000000e+00
6.045181653248054232e+00 2.050929076056921652e+00 4.980895116130185256e-06 1.000000000000000000e+00 -1.447691483886192387e-05 2.497078834750320368e-05 7.127419284185521065e-02 1.052820801054442201e+00 1.039556773439822113e+00 1.066248548517821471e+00 0.000000000000000000e+00
6.050222792119239301e+00 2.049220210343609683e+00 8.949647846395050198e-06 1.000000000000000000e+00 -1.056914133632430030e-05 2.899900354796708032e-05 2.301954725242296718e-01 1.051299629659177226e+00 1.037944932836398104e+00 1.064820425873578502e+00 0.000000000000000000e+00
6.055268134847740846e+00 2.047512768483544576e+00 9.434422663348276638e-06 1.000000000000000000e+00 -1.009490264662786335e-05 2.949396376678738158e-05 2.556020696042367035e-01 1.054127723270255279e+00 1.040734544631415126e+00 1.067687629812059003e+00 0.000000000000000000e+00
6.060317684939197314e+00 2.045806749290351334e+00 9.425104616892186150e-06 1.000000000000000000e+00 -1.009412784463479978e-05 2.947548843401540613e-05 2.552937093114735490e-01 1.053427709602722917e+00 1.040017162857016952e+00 1.067005571540452058e+00 0.000000000000000000e+00
6.065371445902172809e+00 2.044102151578641724e+00 6.497867165548759907e-06 1.000000000000000000e+00 -1.298907497503979131e-05 2.651883090529643684e-05 1.211797797592168990e-01 1.054065239886560423e+00 1.040653213539726618e+00 1.067644474794075427e+00 0.000000000000000000e+00
6.070429421248155322e+00 2.042398974164015168e+00 2.485156901695061030e-06 1.000000000000000000e+00 -1.699316078904527407e-05 2.250205474334602475e-05 1.764733669401152838e-02 1.052939748757120375e+00 1.039506860865859972e+00 1.066540461857730104e+00 0.000000000000000000e+00
6.075491614491562942e+00 2.040697215863058300e+00 -2.738959308704671419e-06 -1.000000000000000000e+00 -2.224311507783571581e-05 1.730820478025060202e-05 2.124117453237772679e-02 1.052557337030176177e+00 1.039095051472680442e+00 1.066187963501324720e+00 0.000000000000000000e+00
6.080558029149742971e+00 2.038996875493343186e+00 -8.048944054422921073e-06 -1.000000000000000000e+00 -2.759588610540361398e-05 1.204322910140627571e-05 1.814118360625798232e-01 1.053701820948688361e+00 1.040226597465283565e+00 1.067345469140382308e+00 0.000000000000000000e+00
6.085628668742976366e+00 2.037297951873428659e+00 -1.087029839184063077e-05 -1.000000000000000000e+00 -3.044536317909668740e-05 9.251139635407450932e-06 3.288455015173781248e-01 1.054230501071994563e+00 1.040723163000283558e+00 1.067907035327478438e+00 0.000000000000000000e+00
6.090703536794479511e+00 2.035600443822857208e+00 -9.288614741021985902e-06 -1.000000000000000000e+00 -2.885222733119160543e-05 1.082502324344050991e-05 2.407954081173784289e-01 1.052073717758355897e+00 1.038557280987806752e+00 1.065759870137896748e+00 0.000000000000000000e+00
6.095782636830406886e+00 2.033904350162153651e+00 -4.636478925935176137e-06 -1.000000000000000000e+00 -2.420696239203341419e-05 1.548780946032281885e-05 6.036589634652500536e-02 1.049625068654769677e+00 1.036024021785205695e+00 1.063398195429472670e+00 0.000000000000000000e+00
6.100865972379854618e+00 2.032209669712826461e+00 1.147872158440308333e-06 1.000000000000000000e+00 -1.848008675126600753e-05 2.132998774725507681e-05 3.701980910562951976e-03 1.049120681973474190e+00 1.035608754003346288e+00 1.062802651128372577e+00 0.000000000000000000e+00
6.105953546974859592e+00 2.030516401297367324e+00 7.708983941085002605e-06 1.000000000000000000e+00 -1.210058546125619561e-05 2.806822708376463372e-05 1.657813529909333283e-01 1.049400051157671099e+00 1.035778627777644401e+00 1.063194274889372792e+00 0.000000000000000000e+00
6.111045364150406556e+00 2.028824543739246700e+00 1.499650220987861137e-05 1.000000000000000000e+00 -5.017652464605386073e-06 3.555628495338762380e-05 6.214259369607191275e-01 1.049027178788886516e+00 1.035378900349249953e+00 1.062849256117813779e+00 0.000000000000000000e+00
6.116141427444425460e+00 2.027134095862917373e+00 2.253972319780897293e-05 1.000000000000000000e+00 2.376237218437834211e-06 4.324884349960531722e-05 1.395757215439289212e+00 1.047587781904756099e+00 1.034029427618500252e+00 1.061317822363619712e+00 0.000000000000000000e+00
6.121241740397799447e+00 2.025445056493809570e+00 2.890899122866433265e-05 1.000000000000000000e+00 8.628055149689322468e-06 4.973846598940787186e-05 2.291979889414193394e+00 1.046805212772421223e+00 1.033146240236528568e+00 1.060638517792302782e+00 0.000000000000000000e+00
6.126346306554362187e+00 2.023757424458334508e+00 3.572335171281139848e-05 1.000000000000000000e+00 1.534140534667018083e-05 5.665777326202013956e-05 3.498509475055584517e+00 1.042326555124452492e+00 1.028670327917918348e+00 1.056157648072022281e+00 0.000000000000000000e+00
6.131455129460903208e+00 2.022071198583879958e+00 3.997189326319578649e-05 1.000000000000000000e+00 1.947480329184931872e-05 6.102222692761658993e-05 4.357792086705813972e+00 1.040292906959590979e+00 1.026620550175805002e+00 1.054140831141893608e+00 0.000000000000000000e+00
6.136568212667169675e+00 2.020386377698810687e+00 4.200512949402888469e-05 1.000000000000000000e+00 2.139806273464661381e-05 6.316334210672871997e-05 4.773743774667821071e+00 1.039867460830384616e+00 1.026195818670950999e+00 1.053714917476322288e+00 0.000000000000000000e+00
6.141685559725869936e+00 2.018702960632467569e+00 4.277885220493001965e-05 1.000000000000000000e+00 2.210936950565480077e-05 6.399807808960969533e-05 4.927510685267179724e+00 1.038859035290792487e+00 1.025165500415733177e+00 1.052729123335892636e+00 0.000000000000000000e+00
6.146807174192673529e+00 2.017020946215167587e+00 4.240576056336140014e-05 1.000000000000000000e+00 2.176392632994855685e-05 6.359992948908422346e-05 4.852935715522676219e+00 1.036873609117112682e+00 1.023168071438751436e+00 1.050756337175936528e+00 0.000000000000000000e+00
6.151933059626216505e+00 2.015340333278202056e+00 3.916206203844517720e-05 1.000000000000000000e+00 1.863109068444118632e-05 6.025024753478299582e-05 4.162741414304207410e+00 1.037607608398602110e+00 1.023904860657558702e+00 1.051487222766997798e+00 0.000000000000000000e+00
6.157063219588101433e+00 2.013661120653835290e+00 3.553541640845381115e-05 1.000000000000000000e+00 1.510715696748290559e-05 5.652463547608734982e-05 3.444811558885163549e+00 1.036055742052089279e+00 1.022339754331045292e+00 1.049949135098098729e+00 0.000000000000000000e+00
6.162197657642900950e+00 2.011983307175305935e+00 3.031442783923886128e-05 1.000000000000000000e+00 9.941767651848746403e-06 5.125004397883711825e-05 2.503459945294792988e+00 1.035451071604902573e+00 1.021710185901346435e+00 1.049370159112604117e+00 0.000000000000000000e+00
6.167336377358160426e+00 2.010306891676824304e+00 2.322935021128254797e-05 1.000000000000000000e+00 2.863225796523300283e-06 4.415884689183983204e-05 1.459347152552595617e+00 1.037537486186020486e+00 1.023667514099075193e+00 1.051588538151345009e+00 0.000000000000000000e+00
6.172479382304400630e+00 2.008631872993570600e+00 1.781695733914886285e-05 1.000000000000000000e+00 -2.510457166315205297e-06 3.870833592651230429e-05 8.545564151552866861e-01 1.036456751671234411e+00 1.022674139780846758e+00 1.050418532594625365e+00 0.000000000000000000e+00
6.177626676055119503e+00 2.006958249961698471e+00 1.296301075571752030e-05 1.000000000000000000e+00 -7.274974325334024637e-06 3.376542935719936358e-05 4.537748266199628233e-01 1.036142478141407697e+00 1.022253409813908664e+00 1.050213422054129486e+00 0.000000000000000000e+00
6.182778262186794827e+00 2.005286021418328790e+00 9.292853835265242368e-06 1.000000000000000000e+00 -1.075219826831847191e-05 2.990504292569380102e-05 2.361516555938578676e-01 1.035522224321784757e+00 1.021620015046080354e+00 1.049606825444209690e+00 0.000000000000000000e+00
6.187934144278887771e+00 2.003615186201552323e+00 6.119945406632782968e-06 1.000000000000000000e+00 -1.367953125950667823e-05 2.648949693011049450e-05 1.041224305433274822e-01 1.034588537761235605e+00 1.020790572870208690e+00 1.048566723043202753e+00 0.000000000000000000e+00
6.193094325913842901e+00 2.001945743150427948e+00 9.424620689018763395e-07 1.000000000000000000e+00 -1.866504584217637352e-05 2.111946028371090799e-05 2.497862791244642722e-03 1.036419354257151593e+00 1.022508990334939583e+00 1.050512250440305051e+00 0.000000000000000000e+00
6.198258810677093500e+00 2.000277691104981770e+00 -4.569044693013321314e-06 -1.000000000000000000e+00 -2.404077817977320387e-05 1.547204101911448337e-05 5.901418430616445221e-02 1.035285698336401161e+00 1.021357945014250035e+00 1.049396914715171159e+00 0.000000000000000000e+00
6.203427602157062459e+00 1.998611028906206677e+00 -1.345309124824062386e-05 -1.000000000000000000e+00 -3.279855419843545432e-05 6.463608458051825094e-06 5.105974755948068378e-01 1.037337181403336750e+00 1.023478872800574813e+00 1.051376632289081181e+00 0.000000000000000000e+00
6.208600703945164057e+00 1.996945755396060118e+00 -2.432567955469078336e-05 -1.000000000000000000e+00 -4.356123009151512116e-05 -4.515889416209166289e-06 1.662935147477526243e+00 1.040731704798665724e+00 1.026737904351456621e+00 1.054909838116468546e+00 0.000000000000000000e+00
6.213778119635809283e+00 1.995281869417466547e+00 -3.536779913487099046e-05 -1.000000000000000000e+00 -5.444638072078035506e-05 -1.570940553208169553e-05 3.510214607426775046e+00 1.044093130079615683e+00 1.030047995786579795e+00 1.058323195393134908e+00 0.000000000000000000e+00
6.218959852826404955e+00 1.993619369814312314e+00 -4.524842492554952448e-05 -1.000000000000000000e+00 -6.415094132458379263e-05 -2.575966588362850189e-05 5.753010272537892433e+00 1.047410502492016615e+00 1.033316938448296973e+00 1.061689676681904393e+00 0.000000000000000000e+00
6.224145907117359044e+00 1.991958255431448777e+00 -5.222877801208938641e-05 -1.000000000000000000e+00 -7.098716448786613427e-05 -3.288015528520934355e-05 7.681715580245054298e+00 1.048937208967289036e+00 1.034838207554980016e+00 1.063221762016193450e+00 0.000000000000000000e+00
6.229336286112081567e+00 1.990298525114688521e+00 -5.364932761885913941e-05 -1.000000000000000000e+00 -7.235212606929211892e-05 -3.435607087412995055e-05 8.132091195240107595e+00 1.043877080993379725e+00 1.029783229205895489e+00 1.058157169996630786e+00 0.000000000000000000e+00
6.234530993416986355e+00 1.988640177710806478e+00 -5.328275473252880236e-05 -1.000000000000000000e+00 -7.198234079660835731e-05 -3.399336383647980878e-05 8.038480924269009620e+00 1.041092302580284290e+00 1.026903295418480688e+00 1.055470654739955272e+00 0.000000000000000000e+00
6.239730032641496393e+00 1.986983212067538140e+00 -5.151386951488503343e-05 -1.000000000000000000e+00 -7.020451301846103974e-05 -3.223138184090551002e-05 7.523716122559420683e+00 1.040936981312830856e+00 1.026838633154763203e+00 1.055222346904107766e+00 0.000000000000000000e+00
6.244933407398043812e+00 1.985327627033580011e+00 -4.929282690356123721e-05 -1.000000000000000000e+00 -6.803106939209500219e-05 -2.996266407336427656e-05 6.878386805716502295e+00 1.044147979130939818e+00 1.030000873744683298e+00 1.058482693955556053e+00 0.000000000000000000e+00
6.250141121302072555e+00 1.983673421458586272e+00 -4.487389206547691623e-05 -1.000000000000000000e+00 -6.373390137876601457e-05 -2.542486355229837012e-05 5.680739807054820290e+00 1.045162303932780867e+00 1.030893668685272102e+00 1.059621740214110597e+00 0.000000000000000000e+00
6.255353177972041934e+00 1.982020594193170782e+00 -3.824581502167208335e-05 -1.000000000000000000e+00 -5.723758031830832824e-05 -1.866614536496095434e-05 4.110295083993477760e+00 1.042629836068208915e+00 1.028464099294245315e+00 1.056984249287828304e+00 0.000000000000000000e+00
6.260569581029430175e+00 1.980369144088905076e+00 -3.318403344341066500e-05 -1.000000000000000000e+00 -5.232658113117753557e-05 -1.345204065585842629e-05 3.072763758642139464e+00 1.044149543803560176e+00 1.029941319663555843e+00 1.058547122757567349e+00 0.000000000000000000e+00
6.265790334098732650e+00 1.978719069998317037e+00 -2.552999684127936440e-05 -1.000000000000000000e+00 -4.488538365069977238e-05 -5.581814427176157016e-06 1.804837949618161019e+00 1.039931924582238487e+00 1.025632126954416856e+00 1.054424187682926117e+00 0.000000000000000000e+00
6.271015440807469865e+00 1.977070370774890451e+00 -1.855104118300476279e-05 -1.000000000000000000e+00 -3.815324619299516112e-05 1.646152370453816776e-06 9.409327628124231069e-01 1.037725835796909024e+00 1.023403170493011327e+00 1.052241630524098470e+00 0.000000000000000000e+00
6.276244904786186574e+00 1.975423045273065226e+00 -1.118560996936991724e-05 -1.000000000000000000e+00 -3.106069728765491379e-05 9.283735883301115537e-06 3.370742133919009120e-01 1.036046818214168219e+00 1.021729261815172318e+00 1.050557768149259941e+00 0.000000000000000000e+00
6.281478729668454442e+00 1.973777092348234952e+00 -5.071143532285220107e-06 -1.000000000000000000e+00 -2.517930641646101551e-05 1.562879900661033231e-05 6.839350355701867556e-02 1.038934640167491485e+00 1.024561800791927713e+00 1.053502141948778892e+00 0.000000000000000000e+00
6.286716919090875599e+00 1.972132510856748011e+00 2.201990521428235371e-06 1.000000000000000000e+00 -1.805801855018847023e-05 2.305237318653232428e-05 1.283917888036967270e-02 1.040168767046597997e+00 1.025758069720963173e+00 1.054774876532017069e+00 0.000000000000000000e+00
6.291959476693084419e+00 1.970489299655904469e+00 1.016627366464382524e-05 1.000000000000000000e+00 -1.016231048758703165e-05 3.108589656528322844e-05 2.746398977190835922e-01 1.038366577550518866e+00 1.023977580545408106e+00 1.052950802218189263e+00 0.000000000000000000e+00
6.297206406117751065e+00 1.968847457603957185e+00 1.454573305819321391e-05 1.000000000000000000e+00 -5.808574272227399988e-06 3.549250725920869581e-05 5.638622368554138120e-01 1.040162284509997592e+00 1.025737509203660691e+00 1.054783135826884877e+00 0.000000000000000000e+00
6.302457711010582386e+00 1.967206983560110700e+00 1.743032952380530414e-05 1.000000000000000000e+00 -2.977307391690313729e-06 3.843191918048264883e-05 8.087836545821858181e-01 1.038977800967732179e+00 1.024530583143789642e+00 1.053621690642044140e+00 0.000000000000000000e+00
6.307713395020327241e+00 1.965567876384518575e+00 1.669040076469261897e-05 1.000000000000000000e+00 -3.802246511633956350e-06 3.777870356321434421e-05 7.348813082658409712e-01 1.039156254443572180e+00 1.024704767896738256e+00 1.053804518623460806e+00 0.000000000000000000e+00
6.312973461798775610e+00 1.963930134938285832e+00 1.319851264809350912e-05 1.000000000000000000e+00 -7.401654210542744328e-06 3.439707439442749731e-05 4.531369395740227901e-01 1.040007302589057714e+00 1.025507662106540874e+00 1.054704708874664831e+00 0.000000000000000000e+00
6.318237915000763039e+00 1.962293758083465844e+00 8.343029298146297597e-06 1.000000000000000000e+00 -1.234746919016139894e-05 2.963568244051250714e-05 1.787268745412120552e-01 1.041150461117841708e+00 1.026511928234371096e+00 1.055990127986385474e+00 0.000000000000000000e+00
6.323506758284172413e+00 1.960658744683059451e+00 3.488499258304689390e-06 1.000000000000000000e+00 -1.718327453295734610e-05 2.476704711253766857e-05 3.105050037837031596e-02 1.042847686763928694e+00 1.028284504511796316e+00 1.057609602121158510e+00 0.000000000000000000e+00
6.328779995309938400e+00 1.959025093601015399e+00 5.142170656318784811e-07 1.000000000000000000e+00 -2.007859780800478236e-05 2.171700820779573959e-05 6.766333651597733478e-04 1.043405778124162131e+00 1.028809784922376513e+00 1.058201406736169803e+00 0.000000000000000000e+00
6.334057629742047446e+00 1.957392803702229900e+00 9.310215822379296519e-07 1.000000000000000000e+00 -1.956850960654149486e-05 2.204364249644534806e-05 2.239865906489058034e-03 1.039956399810103127e+00 1.025270841637331731e+00 1.054844640485415042e+00 0.000000000000000000e+00
6.339339665247542221e+00 1.955761873852543076e+00 2.074043732034975467e-06 1.000000000000000000e+00 -1.832946638117760791e-05 2.309373702124438595e-05 1.120812478724531047e-02 1.037080447549982409e+00 1.022512855006725063e+00 1.051847966429947157e+00 0.000000000000000000e+00
6.344626105496522506e+00 1.954132302918741848e+00 -5.098279927807354088e-09 -1.000000000000000000e+00 -2.038715874611464197e-05 2.099246824507435178e-05 6.712443223477748688e-08 1.042024897555019924e+00 1.027393492466174063e+00 1.056857198008730458e+00 0.000000000000000000e+00
6.349916954162148741e+00 1.952504089768555939e+00 6.341023140518761326e-07 1.000000000000000000e+00 -1.983622433150167917e-05 2.171783503438454667e-05 1.040462468139935481e-03 1.040776735324973501e+00 1.026028797195194464e+00 1.055728960707417174e+00 0.000000000000000000e+00
6.355212214920644698e+00 1.950877233270659206e+00 -1.226249701726666163e-06 -1.000000000000000000e+00 -2.178047364134349015e-05 1.994242308111821450e-05 3.851958608464656209e-03 1.045089439742142412e+00 1.030274258337775528e+00 1.060110026981413656e+00 0.000000000000000000e+00
6.360511891451300137e+00 1.949251732294668749e+00 -6.087814830830752532e-07 -1.000000000000000000e+00 -2.124494098598162436e-05 2.064695813037289461e-05 9.428283196371012309e-04 1.044946677595887330e+00 1.030130837810618427e+00 1.059967698143955195e+00 0.000000000000000000e+00
6.365815987436472589e+00 1.947627585711142251e+00 -4.614721436358224038e-08 -1.000000000000000000e+00 -2.075359956428745537e-05 2.128553418931778050e-05 5.387933200040606607e-06 1.046983925010670724e+00 1.032118828538032274e+00 1.062055218318514793e+00 0.000000000000000000e+00
6.371124506561590906e+00 1.946004792391578420e+00 2.672976638892628550e-06 1.000000000000000000e+00 -1.811687813619602589e-05 2.408736149338420562e-05 1.800225411551537036e-02 1.046774819184405070e+00 1.031876362620069765e+00 1.061880437965060597e+00 0.000000000000000000e+00
6.376437452515156146e+00 1.944383351208418098e+00 6.554557914082708857e-06 1.000000000000000000e+00 -1.429992103182599840e-05 2.803061422129918262e-05 1.081369672441212515e-01 1.045882318800705590e+00 1.030994798233438647e+00 1.060976990796860919e+00 0.000000000000000000e+00
6.381754828988746020e+00 1.942763261035039601e+00 9.472916716669253057e-06 1.000000000000000000e+00 -1.139725454738084178e-05 3.096239516675068702e-05 2.263456699017183382e-01 1.047223088547243997e+00 1.032298469340023894e+00 1.062355984234816475e+00 0.000000000000000000e+00
6.387076639677015777e+00 1.941144520745761159e+00 1.175426635181013944e-05 1.000000000000000000e+00 -9.081752388825111414e-06 3.321007460514085395e-05 3.504519942464554561e-01 1.047601455354917777e+00 1.032648263691644086e+00 1.062763624147289088e+00 0.000000000000000000e+00
6.392402888277703532e+00 1.939527129215838475e+00 1.208263455457416629e-05 1.000000000000000000e+00 -8.689866194707829424e-06 3.347654542854150694e-05 3.722654638661424542e-01 1.047533683332078303e+00 1.032590508508686167e+00 1.062685591113459393e+00 0.000000000000000000e+00
6.397733578491629380e+00 1.937911085321463833e+00 8.654114550787345416e-06 1.000000000000000000e+00 -1.205692349306918069e-05 2.998736693167882049e-05 1.910919099630206119e-01 1.049517414878634813e+00 1.034529473402412414e+00 1.064715136003820284e+00 0.000000000000000000e+00
6.403068714022700725e+00 1.936296387939767438e+00 1.961128634726503183e-06 1.000000000000000000e+00 -1.870304603365629121e-05 2.324816975997080873e-05 9.776991937599177618e-03 1.052093986645899371e+00 1.036960022490372779e+00 1.067441300709548679e+00 0.000000000000000000e+00
6.408408298577912277e+00 1.934683035948813856e+00 -5.673101830927008969e-06 -1.000000000000000000e+00 -2.624324831962697907e-05 1.552393684852329227e-05 8.153791602352100654e-02 1.051105371685177481e+00 1.036067859095815225e+00 1.066353583944112060e+00 0.000000000000000000e+00
6.413752335867351384e+00 1.933071028227602239e+00 -1.973621045108353686e-05 -1.000000000000000000e+00 -4.014084118600293877e-05 1.300795326670530432e-06 9.817212885350699025e-01 1.061304492667101140e+00 1.046158643926025755e+00 1.076661933034617658e+00 0.000000000000000000e+00
6.419100829604198033e+00 1.931460363656067436e+00 -2.968483457013138221e-05 -1.000000000000000000e+00 -4.991247976359998798e-05 -8.818438242257274981e-06 2.226764906199250049e+00 1.062031208939874904e+00 1.046752683199416722e+00 1.077524826534426383e+00 0.000000000000000000e+00
6.424453783504729287e+00 1.929851041115075327e+00 -3.902163468851069619e-05 -1.000000000000000000e+00 -5.901864615012098099e-05 -1.837874321981742160e-05 3.865896888794964070e+00 1.063747135885736217e+00 1.048555011498798262e+00 1.079151614278863525e+00 0.000000000000000000e+00
6.429811201288321953e+00 1.928243059486426159e+00 -4.648026131172984537e-05 -1.000000000000000000e+00 -6.631598909984069159e-05 -2.599606278418353564e-05 5.508604303771249988e+00 1.065113135102488950e+00 1.049787248161088149e+00 1.080654852946132172e+00 0.000000000000000000e+00
6.435173086677453469e+00 1.926636417652850763e+00 -5.257786646380734118e-05 -1.000000000000000000e+00 -7.228879143843487210e-05 -3.221964140315248474e-05 7.063982281544056718e+00 1.067934809833911425e+00 1.052556835048305217e+00 1.083529706013525606e+00 0.000000000000000000e+00
6.440539443397706343e+00 1.925031114498011453e+00 -5.727599435443959719e-05 -1.000000000000000000e+00 -7.686915663778601964e-05 -3.703569072608838681e-05 8.395672771678547974e+00 1.072211604203300306e+00 1.056903709735310670e+00 1.087733750539505051e+00 0.000000000000000000e+00
6.445910275177769044e+00 1.923427148906499795e+00 -5.855726173778442247e-05 -1.000000000000000000e+00 -7.809673149821592844e-05 -3.836858375286326386e-05 8.804589485759109380e+00 1.072664493280030218e+00 1.057229361516967225e+00 1.088317252484751307e+00 0.000000000000000000e+00
6.451285585749439555e+00 1.921824519763838390e+00 -5.770481852061307951e-05 -1.000000000000000000e+00 -7.723348618155783285e-05 -3.752412939476397556e-05 8.563750554220135314e+00 1.070947855360787182e+00 1.055490651834598115e+00 1.086623783358845685e+00 0.000000000000000000e+00
6.456665378847628034e+00 1.920223225956476210e+00 -5.670243440780254278e-05 -1.000000000000000000e+00 -7.628522203176143113e-05 -3.646765731281123818e-05 8.237897312525930715e+00 1.070673339598065876e+00 1.055220115177026186e+00 1.086345353684147641e+00 0.000000000000000000e+00
6.462049658210359482e+00 1.918623266371792813e+00 -5.422061164267473991e-05 -1.000000000000000000e+00 -7.391983140981155651e-05 -3.386931051796774044e-05 7.485108830453597761e+00 1.068706156357320580e+00 1.053224865176232816e+00 1.084407422217522177e+00 0.000000000000000000e+00
6.467438427578775517e+00 1.917024639898092353e+00 -5.243431270981472101e-05 -1.000000000000000000e+00 -7.225206289671267138e-05 -3.196136737172105776e-05 6.943218494484696635e+00 1.070519402580889512e+00 1.054985091948936970e+00 1.086274782797852279e+00 0.000000000000000000e+00
6.472831690697137930e+00 1.915427345424606687e+00 -4.837603695893657476e-05 -1.000000000000000000e+00 -6.832468242263129441e-05 -2.776942756078062182e-05 5.872665513600907161e+00 1.069536620683207984e+00 1.054009494281262782e+00 1.085284587654475663e+00 0.000000000000000000e+00
6.478229451312831344e+00 1.913831381841492263e+00 -4.152717065532536507e-05 -1.000000000000000000e+00 -6.163388219519575807e-05 -2.076217490484512929e-05 4.311178837383877749e+00 1.064417556443466140e+00 1.048887033084254794e+00 1.080170158592595353e+00 0.000000000000000000e+00
6.483631713176364109e+00 1.912236748039830792e+00 -3.468290784767919823e-05 -1.000000000000000000e+00 -5.493998854820699405e-05 -1.376692733849161382e-05 2.997087068070470650e+00 1.060885851891864018e+00 1.045341651416641149e+00 1.076653263210494815e+00 0.000000000000000000e+00
6.489038480041373624e+00 1.910643442911627687e+00 -2.855442875676773146e-05 -1.000000000000000000e+00 -4.894995606541430492e-05 -7.498745706501395520e-06 2.023192766302287282e+00 1.059427675593255014e+00 1.043896813786677535e+00 1.075181621119932540e+00 0.000000000000000000e+00
6.494449755664626345e+00 1.909051465349812737e+00 -2.187395380578055796e-05 -1.000000000000000000e+00 -4.242869663926139459e-05 -6.588995703930119378e-07 1.182119815915299910e+00 1.055955355001679585e+00 1.040409552790071412e+00 1.071725369967209129e+00 0.000000000000000000e+00
6.499865543806021329e+00 1.907460814248235881e+00 -1.725927259347582253e-05 -1.000000000000000000e+00 -3.797789332168395203e-05 4.119079907171556507e-06 7.311556073544807077e-01 1.055574305131345536e+00 1.039895354043018916e+00 1.071481422123772287e+00 0.000000000000000000e+00
6.505285848228594681e+00 1.905871488501671207e+00 -1.478731975227519543e-05 -1.000000000000000000e+00 -3.561320512897043610e-05 6.700749639211347669e-06 5.325243960580934299e-01 1.057996932477709651e+00 1.042396240450645939e+00 1.073823077106693002e+00 0.000000000000000000e+00
6.510710672698518664e+00 1.904283487005811404e+00 -1.258516248404055602e-05 -1.000000000000000000e+00 -3.352654087170176645e-05 9.022123810753222522e-06 3.829698939781138733e-01 1.058960380638796384e+00 1.043310945973849213e+00 1.074836399749285354e+00 0.000000000000000000e+00
6.516140020985107917e+00 1.902696808657271088e+00 -9.343293862689402599e-06 -1.000000000000000000e+00 -3.042320511794515089e-05 1.240635428085146429e-05 2.097771754377930620e-01 1.056012370858216309e+00 1.040244747120828706e+00 1.072010388207219611e+00 0.000000000000000000e+00
6.521573896860818564e+00 1.901111452353583031e+00 -8.134669463354549457e-06 -1.000000000000000000e+00 -2.931807437798663186e-05 1.372350389424628745e-05 1.575689999519482853e-01 1.057055311950438448e+00 1.041374015181113055e+00 1.072964220272487390e+00 0.000000000000000000e+00
6.527012304101254436e+00 1.899527416993199491e+00 -5.762673871023926654e-06 -1.000000000000000000e+00 -2.711713613843486372e-05 1.627027873596733316e-05 7.828011607169571562e-02 1.056121431919290865e+00 1.040304756385365126e+00 1.072169660573559113e+00 0.000000000000000000e+00
6.532455246485166178e+00 1.897944701475490215e+00 -3.279427370508199724e-06 -1.000000000000000000e+00 -2.481040798929680093e-05 1.893233905173417203e-05 2.505878352079093929e-02 1.056903390461366943e+00 1.041033757992402053e+00 1.073005771001233732e+00 0.000000000000000000e+00
6.537902727794456581e+00 1.896363304700741548e+00 9.814565963568919742e-07 1.000000000000000000e+00 -2.071354423017532281e-05 2.335801694478037936e-05 2.222413394179056922e-03 1.056688520665326037e+00 1.040914626784490427e+00 1.072692586994701269e+00 0.000000000000000000e+00
6.543354751814182357e+00 1.894783225570156437e+00 5.899262567584788000e-06 1.000000000000000000e+00 -1.597250055584912551e-05 2.845334939021311834e-05 7.969986496314618307e-02 1.058230427717800293e+00 1.042307406906255451e+00 1.074387593275881736e+00 0.000000000000000000e+00
6.548811322332555918e+00 1.893204462985853986e+00 1.236525742617949681e-05 1.000000000000000000e+00 -9.666776514454982546e-06 3.508370406821594256e-05 3.482996079970206438e-01 1.059010713455416086e+00 1.043042144207183775e+00 1.075214549119175800e+00 0.000000000000000000e+00
6.554272443140948923e+00 1.891627015850867455e+00 2.082391595855079787e-05 1.000000000000000000e+00 -1.401254380268249125e-06 4.373786405404420704e-05 9.821823074714899349e-01 1.057011695004371532e+00 1.041060290626829588e+00 1.073198263803848196e+00 0.000000000000000000e+00
6.559738118033894949e+00 1.890050883069143817e+00 3.040494683137573640e-05 1.000000000000000000e+00 7.946672211918288502e-06 5.354868758139990037e-05 2.079564568867809271e+00 1.052892210806037898e+00 1.036926774633239789e+00 1.069094107965240514e+00 0.000000000000000000e+00
6.565208350809092153e+00 1.888476063545543981e+00 3.797327632875214745e-05 1.000000000000000000e+00 1.532158093565015873e-05 6.130543155311501740e-05 3.222206871010968143e+00 1.051878126438956729e+00 1.035877529679793740e+00 1.068116686754715605e+00 0.000000000000000000e+00
6.570683145267405045e+00 1.886902556185840796e+00 4.416161007580585212e-05 1.000000000000000000e+00 2.140504111379383970e-05 6.759754488934791288e-05 4.350943637884768123e+00 1.050435314289428712e+00 1.034451597795789546e+00 1.066657039293863019e+00 0.000000000000000000e+00
6.576162505212867160e+00 1.885330359896719488e+00 4.671743973221567393e-05 1.000000000000000000e+00 2.395094824141212776e-05 7.016625917189955029e-05 4.879845196679838182e+00 1.051487072996190930e+00 1.035459841245095269e+00 1.067753352863154204e+00 0.000000000000000000e+00
6.581646434452685490e+00 1.883759473585775446e+00 4.566270650733790081e-05 1.000000000000000000e+00 2.293147607733706924e-05 6.908050570751512564e-05 4.674290736772107380e+00 1.053713452739232448e+00 1.037534256209690309e+00 1.070135617558619190e+00 0.000000000000000000e+00
6.587134936797241380e+00 1.882189896161514886e+00 4.153610916726563736e-05 1.000000000000000000e+00 1.887648168283676168e-05 6.488760603113039374e-05 3.863548239036717291e+00 1.055581319769920645e+00 1.039491432792340131e+00 1.071911132572020753e+00 0.000000000000000000e+00
6.592628016060094076e+00 1.880621626533353297e+00 3.396822478733551876e-05 1.000000000000000000e+00 1.134019782652315108e-05 5.729207872984974019e-05 2.565757384327596924e+00 1.058506972704191806e+00 1.042346809824375109e+00 1.074908410516501656e+00 0.000000000000000000e+00
6.598125676057981615e+00 1.879054663611614329e+00 2.424702010384024385e-05 1.000000000000000000e+00 1.632632222872091188e-06 4.756005677251758036e-05 1.294413689913156418e+00 1.061249903048050003e+00 1.044916145082181336e+00 1.077829294006122263e+00 0.000000000000000000e+00
6.603627920610826152e+00 1.877489006307530905e+00 1.433574814541610437e-05 1.000000000000000000e+00 -8.188798206184431163e-06 3.756425525574854637e-05 4.493880440384288022e-01 1.062304392942127862e+00 1.046057568836795237e+00 1.078793999992880170e+00 0.000000000000000000e+00
6.609134753541735741e+00 1.875924653533241671e+00 4.095524495867296969e-06 1.000000000000000000e+00 -1.829692546294227538e-05 2.720055628818919235e-05 3.662517125357567238e-02 1.065610851869229769e+00 1.049193426707962562e+00 1.082275135765218499e+00 0.000000000000000000e+00
6.614646178677005217e+00 1.874361604201792542e+00 -3.584782925818898925e-06 -1.000000000000000000e+00 -2.581003359747952993e-05 1.936592494879452265e-05 2.814000562719343179e-02 1.068155821089078472e+00 1.051677966917932805e+00 1.084881290867983461e+00 0.000000000000000000e+00
6.620162199846120643e+00 1.872799857227134490e+00 -8.174975371694239421e-06 -1.000000000000000000e+00 -3.030406966834270252e-05 1.468983144603250773e-05 1.462252029556623256e-01 1.070893817281471483e+00 1.054500234319690088e+00 1.087531706773422702e+00 0.000000000000000000e+00
6.625682820881761970e+00 1.871239411524124430e+00 -8.074509755181353423e-06 -1.000000000000000000e+00 -3.033154942897022053e-05 1.491796923686834423e-05 1.414099953703811252e-01 1.071467618232171848e+00 1.054917740377573354e+00 1.088266398093905796e+00 0.000000000000000000e+00
6.631208045619805702e+00 1.869680266008521441e+00 -2.132373132055400251e-06 -1.000000000000000000e+00 -2.464853712184239022e-05 2.111212007541442859e-05 9.743324261634711547e-03 1.068265561421752663e+00 1.051684249125272475e+00 1.085097479817933808e+00 0.000000000000000000e+00
6.636737877899325788e+00 1.868122419596990769e+00 7.447811432118521130e-06 1.000000000000000000e+00 -1.531676404140191029e-05 3.093532231822724448e-05 1.179275050097885469e-01 1.065945201030686240e+00 1.049381860587807802e+00 1.082759595113212292e+00 0.000000000000000000e+00
6.642272321562598059e+00 1.866565871207098271e+00 2.157110920757098583e-05 1.000000000000000000e+00 -1.394364071499368642e-06 4.526028090240777661e-05 9.911605807166523618e-01 1.060083527583413732e+00 1.043525451119219127e+00 1.076893920770980007e+00 0.000000000000000000e+00
6.647811380455102892e+00 1.865010619757312416e+00 3.435296936065755191e-05 1.000000000000000000e+00 1.123420165241264439e-05 5.819811748617778320e-05 2.522680317910385384e+00 1.059550754226593394e+00 1.042961556735084505e+00 1.076393312527371915e+00 0.000000000000000000e+00
6.653355058425526991e+00 1.863456664167002952e+00 4.776377466760530128e-05 1.000000000000000000e+00 2.445149050229775164e-05 7.180213208359928121e-05 4.880526984650472855e+00 1.056327188508576320e+00 1.039773152048679483e+00 1.073134457998050184e+00 0.000000000000000000e+00
6.658903359325766047e+00 1.861904003356439352e+00 5.985915272934259115e-05 1.000000000000000000e+00 3.629331136319325745e-05 8.414661051293639241e-05 7.624614952318523819e+00 1.051863082158718044e+00 1.035297200180729460e+00 1.068683785319530566e+00 0.000000000000000000e+00
6.664456287010930069e+00 1.860352636246791480e+00 6.643560976811964717e-05 1.000000000000000000e+00 4.262037869970579883e-05 9.096711985291963361e-05 9.285244557066818061e+00 1.053328307547439113e+00 1.036596877528829452e+00 1.070233619741822295e+00 0.000000000000000000e+00
6.670013845339340719e+00 1.858802561760127592e+00 6.986290678796677972e-05 1.000000000000000000e+00 4.589585504275004325e-05 9.454647817459192185e-05 1.016519016665195352e+01 1.053919387293308141e+00 1.037284698982162912e+00 1.070725911826446941e+00 0.000000000000000000e+00
6.675576038172540194e+00 1.857253778819414780e+00 7.070438799924715783e-05 1.000000000000000000e+00 4.664085737153742775e-05 9.548938479324839185e-05 1.035979880686221577e+01 1.052024264434096912e+00 1.035250021328605330e+00 1.068973445842940073e+00 0.000000000000000000e+00
6.681142869375288562e+00 1.855706286348516532e+00 6.653202264616679467e-05 1.000000000000000000e+00 4.248554381759625113e-05 9.130901680391567004e-05 9.142728610734565109e+00 1.054003251776761463e+00 1.037164647948424445e+00 1.071017443273262204e+00 0.000000000000000000e+00
6.686714342815570866e+00 1.854160083272192949e+00 5.894608477901059512e-05 1.000000000000000000e+00 3.497875797015098214e-05 8.365339189608695942e-05 7.142534718390876947e+00 1.058388924786231700e+00 1.041621321149641011e+00 1.075329841912693984e+00 0.000000000000000000e+00
6.692290462364595349e+00 1.852615168516101862e+00 5.044405344401651934e-05 1.000000000000000000e+00 2.649442185749045574e-05 7.513893519337835598e-05 5.189560285740824952e+00 1.062113912896439194e+00 1.045159432795789378e+00 1.079244915153280582e+00 0.000000000000000000e+00
6.697871231896799671e+00 1.851071541006794829e+00 4.247333837326478987e-05 1.000000000000000000e+00 1.852359331554978577e-05 6.717125031232873715e-05 3.643223411121894628e+00 1.064532042895980135e+00 1.047500108162302102e+00 1.081741632251695728e+00 0.000000000000000000e+00
6.703456655289853572e+00 1.849529199671717139e+00 3.600743430450936423e-05 1.000000000000000000e+00 1.206780943178440408e-05 6.069883605042346558e-05 2.598269341978664215e+00 1.066154270982581531e+00 1.049106684217412155e+00 1.083379488709376393e+00 0.000000000000000000e+00
6.709046736424657986e+00 1.847988143439209141e+00 3.250930974820374697e-05 1.000000000000000000e+00 8.596171511202860640e-06 5.718095552658479497e-05 2.113521363194820424e+00 1.066176009146790449e+00 1.049076260006195582e+00 1.083454474932431300e+00 0.000000000000000000e+00
6.714641479185352146e+00 1.846448371238503361e+00 3.111133429006481438e-05 1.000000000000000000e+00 7.242574985696634743e-06 5.574497473250480722e-05 1.938636890332688267e+00 1.067736995617196039e+00 1.050579545632740031e+00 1.085074055194416909e+00 0.000000000000000000e+00
6.720240887459313583e+00 1.844909881999724721e+00 3.333026535800113073e-05 1.000000000000000000e+00 9.476222970885541714e-06 5.794904034766514727e-05 2.231957578826040844e+00 1.067215454448485756e+00 1.050073407473252063e+00 1.084536949511186066e+00 0.000000000000000000e+00
6.725844965137160791e+00 1.843372674653889876e+00 3.860435861551729866e-05 1.000000000000000000e+00 1.471069495782113815e-05 6.325716817950308721e-05 3.004580004702731344e+00 1.063930932248597472e+00 1.046771151669447342e+00 1.081271421398335209e+00 0.000000000000000000e+00
6.731453716112758556e+00 1.841836748132905655e+00 4.341773981951957162e-05 1.000000000000000000e+00 1.949484813970692388e-05 6.809626381419560696e-05 3.811189895395813210e+00 1.062780102044774910e+00 1.045641668467399921e+00 1.080099160751206044e+00 0.000000000000000000e+00
6.737067144283217068e+00 1.840302101369569288e+00 4.983706146967529447e-05 1.000000000000000000e+00 2.587262029359978157e-05 7.455781924049636209e-05 5.047354805042118642e+00 1.056255468946575071e+00 1.039124775707372272e+00 1.073567878074783710e+00 0.000000000000000000e+00
6.742685253548897251e+00 1.838768733297566405e+00 5.263259551076375508e-05 1.000000000000000000e+00 2.865777214108434747e-05 7.736542825558476459e-05 5.645302039536218786e+00 1.053593615938752892e+00 1.036438834033601264e+00 1.070931021874748312e+00 0.000000000000000000e+00
6.748308047813412536e+00 1.837236642851472368e+00 5.162222898115576106e-05 1.000000000000000000e+00 2.766389778626909365e-05 7.633958576333136964e-05 5.426567632975647371e+00 1.053888325935290249e+00 1.036738037876043128e+00 1.071221234159190683e+00 0.000000000000000000e+00
6.753935530983630642e+00 1.835705828966748943e+00 4.819237146140863169e-05 1.000000000000000000e+00 2.424413557986577195e-05 7.290150099569029903e-05 4.713037943013290487e+00 1.053726533893679207e+00 1.036523741212192817e+00 1.071113093291923057e+00 0.000000000000000000e+00
6.759567706969678902e+00 1.834176290579746293e+00 4.045959510372048646e-05 1.000000000000000000e+00 1.653145511660922956e-05 6.515352700003359610e-05 3.298506967171178417e+00 1.058106866640699639e+00 1.040705087099201398e+00 1.075695881337524806e+00 0.000000000000000000e+00
6.765204579684944264e+00 1.832648026627699211e+00 3.235020673587269747e-05 1.000000000000000000e+00 8.491203824569710563e-06 5.698444412329663298e-05 2.094820645156787009e+00 1.060183511931364508e+00 1.042869595689881024e+00 1.077682135807386254e+00 0.000000000000000000e+00
6.770846153046076843e+00 1.831121036048729556e+00 2.360866958528180098e-05 1.000000000000000000e+00 -2.069054306946848439e-07 4.820720266331011896e-05 1.108409606893289379e+00 1.063270984908897265e+00 1.045765649123146623e+00 1.080964391332043695e+00 0.000000000000000000e+00
6.776492430972993475e+00 1.829595317781842700e+00 1.554336108160202684e-05 1.000000000000000000e+00 -8.209425613735771960e-06 4.008468553097998231e-05 4.777216432271274016e-01 1.067312497895990697e+00 1.049716872902350939e+00 1.085097290467432973e+00 0.000000000000000000e+00
6.782143417388880380e+00 1.828070870766929312e+00 1.055061736620649894e-05 1.000000000000000000e+00 -1.312494525061266649e-05 3.501856135616949767e-05 2.195335292148854478e-01 1.069243488709969991e+00 1.051744723786965263e+00 1.086929179287716041e+00 0.000000000000000000e+00
6.787799116220194051e+00 1.826547693944761797e+00 7.370567832756194156e-06 1.000000000000000000e+00 -1.626149769134392615e-05 3.179542751108281194e-05 1.071441195558691106e-01 1.072828353062276419e+00 1.055144052331710380e+00 1.090703110463052239e+00 0.000000000000000000e+00
6.793459531396665696e+00 1.825025786256996740e+00 6.759710266502849179e-06 1.000000000000000000e+00 -1.681692614487835099e-05 3.112979197570551565e-05 9.038237437404461616e-02 1.075926793265841841e+00 1.058171501209091758e+00 1.093873569711890203e+00 0.000000000000000000e+00
6.799124666851304788e+00 1.823505146646170916e+00 9.420577219851817530e-06 1.000000000000000000e+00 -1.413154721192065915e-05 3.376880947655184134e-05 1.762986845055110052e-01 1.075268018714035101e+00 1.057531686717283259e+00 1.093195578049094507e+00 0.000000000000000000e+00
6.804794526520399067e+00 1.821985774055703944e+00 1.133073305000520843e-05 1.000000000000000000e+00 -1.224782326551017459e-05 3.570724791248624375e-05 2.550301023601662109e-01 1.077816772975387360e+00 1.060010422189395785e+00 1.095815461087772613e+00 0.000000000000000000e+00
6.810469114343518982e+00 1.820467667429894965e+00 1.423208598276350178e-05 1.000000000000000000e+00 -9.410629766713959763e-06 3.867169943758502851e-05 4.010847383560900425e-01 1.077739769068835285e+00 1.060047160419511636e+00 1.095622580300718241e+00 0.000000000000000000e+00
6.816148434263521239e+00 1.818950825713921748e+00 1.591713614942914690e-05 1.000000000000000000e+00 -7.827568593939965297e-06 4.045371260594175767e-05 4.994135537690738147e-01 1.078423999589759763e+00 1.060561978953208584e+00 1.096480039683384700e+00 0.000000000000000000e+00
6.821832490226549695e+00 1.817435247853842917e+00 1.477590700186723611e-05 1.000000000000000000e+00 -8.972032750391330315e-06 3.931379894730125584e-05 4.294674517491330334e-01 1.082040000747604758e+00 1.064094068732640785e+00 1.100181160113088419e+00 0.000000000000000000e+00
6.827521286182038907e+00 1.815920932796593723e+00 1.282807191237516679e-05 1.000000000000000000e+00 -1.080824406968155299e-05 3.725702840455340746e-05 3.253583807778426262e-01 1.082540519687710256e+00 1.064603739672361993e+00 1.100672490000570436e+00 0.000000000000000000e+00
6.833214826082717686e+00 1.814407879489987385e+00 8.136979871082929307e-06 1.000000000000000000e+00 -1.529559069753382320e-05 3.236599946506669100e-05 1.321287486163953417e-01 1.083133415657980159e+00 1.065145199684040422e+00 1.101317879119238619e+00 0.000000000000000000e+00
6.838913113884609984e+00 1.812896086882713975e+00 -5.244280290090294129e-07 -1.000000000000000000e+00 -2.371716191532947181e-05 2.346855766425326944e-05 5.532082114285685748e-04 1.086012459329334989e+00 1.067841547288129300e+00 1.104382857769740323e+00 0.000000000000000000e+00
6.844616153547039339e+00 1.811385553924339531e+00 -1.304837547171572668e-05 -1.000000000000000000e+00 -3.596964382217056474e-05 1.068195954383724279e-05 3.429789688881328402e-01 1.091162598265842387e+00 1.073067787592620448e+00 1.109454362250319015e+00 0.000000000000000000e+00
6.850323949032630644e+00 1.809876279565305390e+00 -2.845765836044024963e-05 -1.000000000000000000e+00 -5.118750865727922302e-05 -4.906436806815432736e-06 1.619694295378991455e+00 1.097773892005842189e+00 1.079559011733975504e+00 1.116187099473573419e+00 0.000000000000000000e+00
6.856036504307313706e+00 1.808368262756926637e+00 -4.362790786376635619e-05 -1.000000000000000000e+00 -6.627776287137191076e-05 -2.014521745523117747e-05 3.754063682615409903e+00 1.101773057100565500e+00 1.083337604059157577e+00 1.120410338748867307e+00 0.000000000000000000e+00
6.861753823340325908e+00 1.806861502451392543e+00 -5.632251624598144294e-05 -1.000000000000000000e+00 -7.892290143770647670e-05 -3.288267161091206094e-05 6.161324987514220197e+00 1.103421031518681428e+00 1.085069955114022155e+00 1.121971883171192452e+00 0.000000000000000000e+00
6.867475910104213099e+00 1.805355997601766127e+00 -6.578593905503554880e-05 -1.000000000000000000e+00 -8.833743113023561559e-05 -4.239404165392103606e-05 8.340601781692001282e+00 1.107553070455008282e+00 1.088986738272800014e+00 1.126323217938388188e+00 0.000000000000000000e+00
6.873202768574835808e+00 1.803851747161981711e+00 -6.804664965749528561e-05 -1.000000000000000000e+00 -9.039358258669058662e-05 -4.485451609921325305e-05 9.003226101962127359e+00 1.109149279605041727e+00 1.090699809732977643e+00 1.127799896010287961e+00 0.000000000000000000e+00
6.878934402731368358e+00 1.802348750086846252e+00 -6.436584168146470295e-05 -1.000000000000000000e+00 -8.651584584012559590e-05 -4.136903864921824200e-05 8.214903503851928690e+00 1.108912729040995471e+00 1.090316675479116926e+00 1.127713283274780487e+00 0.000000000000000000e+00
6.884670816556305084e+00 1.800847005332036233e+00 -5.803242292647123129e-05 -1.000000000000000000e+00 -8.007186360149109983e-05 -3.514811256555226671e-05 6.789221464591037147e+00 1.107993546750094094e+00 1.089363573300248245e+00 1.126829234743185193e+00 0.000000000000000000e+00
6.890412014035459443e+00 1.799346511854099884e+00 -5.047887120447141850e-05 -1.000000000000000000e+00 -7.257311912030901932e-05 -2.754195662316337041e-05 5.161963414454888266e+00 1.103847566540698599e+00 1.085374068605098774e+00 1.122524305667880862e+00 0.000000000000000000e+00
6.896157999157970231e+00 1.797847268610453630e+00 -4.658628173802070770e-05 -1.000000000000000000e+00 -6.892695641601596186e-05 -2.340562967454180702e-05 4.345080960480530052e+00 1.105520830366499840e+00 1.086852385576682511e+00 1.124396424735786715e+00 0.000000000000000000e+00
6.901908775916301586e+00 1.796349274559382980e+00 -4.085212430546867701e-05 -1.000000000000000000e+00 -6.355332163000860254e-05 -1.730927497447026304e-05 3.279895334305862775e+00 1.099853336129276160e+00 1.081147117698079585e+00 1.118768659735978721e+00 0.000000000000000000e+00
6.907664348306248314e+00 1.794852528660041413e+00 -3.739047332369694763e-05 -1.000000000000000000e+00 -6.043722955364569534e-05 -1.349783691730630040e-05 2.688624283343742150e+00 1.098931102224509848e+00 1.080218208960740611e+00 1.117853135911697215e+00 0.000000000000000000e+00
6.913424720326936779e+00 1.793357029872449937e+00 -3.439592975941792573e-05 -1.000000000000000000e+00 -5.772013052689661979e-05 -1.022194668455959725e-05 2.237473740791173782e+00 1.100870409655051230e+00 1.082060212926948761e+00 1.119891431242131530e+00 0.000000000000000000e+00
6.919189895980827565e+00 1.791862777157495312e+00 -2.856364542332182733e-05 -1.000000000000000000e+00 -5.206378465341185836e-05 -4.209424144087073512e-06 1.533298400033999087e+00 1.099351731468239057e+00 1.080557679973287444e+00 1.118356633113714471e+00 0.000000000000000000e+00
6.924959879273719920e+00 1.790369769476931161e+00 -1.729159628210460224e-05 -1.000000000000000000e+00 -4.094549391389808429e-05 7.220828598515845762e-06 5.641391875888075447e-01 1.087690132694838052e+00 1.068927698361156420e+00 1.106664842815315852e+00 0.000000000000000000e+00
6.930734674214753532e+00 1.788878005793375303e+00 -7.604128158676858562e-06 -1.000000000000000000e+00 -3.139143103120849913e-05 1.704402629223836680e-05 1.094538206612583053e-01 1.080174615877276034e+00 1.061410814453250584e+00 1.099152204715665437e+00 0.000000000000000000e+00
6.936514284816411191e+00 1.787387485070310644e+00 -1.083282605448623982e-06 -1.000000000000000000e+00 -2.500815395231110287e-05 2.370211876893535809e-05 2.216240735450014654e-03 1.078502123929332202e+00 1.059760378690723037e+00 1.097457652006949003e+00 0.000000000000000000e+00
6.942298715094520567e+00 1.785898206272082511e+00 7.136118911304288803e-06 1.000000000000000000e+00 -1.700045869436739418e-05 3.213352159101038545e-05 9.577753142708900214e-02 1.069965705963053848e+00 1.051219801563991529e+00 1.088927163826983735e+00 0.000000000000000000e+00
6.948087969068260428e+00 1.784410168363900873e+00 1.077044408758580691e-05 1.000000000000000000e+00 -1.358888493412437600e-05 3.599433072372596062e-05 2.159035384789262935e-01 1.068927741841919632e+00 1.050001218746336562e+00 1.088074066573611054e+00 0.000000000000000000e+00
6.953882050760158862e+00 1.782923370311836564e+00 1.362242201234368110e-05 1.000000000000000000e+00 -1.093188955188285757e-05 3.904983029281592423e-05 3.410842381085785746e-01 1.067207339596756510e+00 1.048399005482554491e+00 1.086233040809782224e+00 0.000000000000000000e+00
6.959680964196100383e+00 1.781437811082822398e+00 1.400178009246726374e-05 1.000000000000000000e+00 -1.077872439580880244e-05 3.965993785332509161e-05 3.549818659361108075e-01 1.070113596155048530e+00 1.051084051340862802e+00 1.089364651604086021e+00 0.000000000000000000e+00
6.965484713405325046e+00 1.779953489644652054e+00 1.606584179976620831e-05 1.000000000000000000e+00 -8.914673545927758179e-06 4.192467730938132409e-05 4.619429055519077565e-01 1.069676534440149762e+00 1.050565092784697008e+00 1.089011565037034890e+00 0.000000000000000000e+00
6.971293302420433768e+00 1.778470404965979412e+00 1.884049770995140384e-05 1.000000000000000000e+00 -6.257892574185868888e-06 4.481695485706623091e-05 6.316359446841346426e-01 1.068970316055425585e+00 1.049867785754742489e+00 1.088296339763106912e+00 0.000000000000000000e+00
6.977106735277391003e+00 1.776988556016316556e+00 2.181797631092168279e-05 1.000000000000000000e+00 -3.309451138412443030e-06 4.782471494018305239e-05 8.484109899862914972e-01 1.068680081312536556e+00 1.049512581114807608e+00 1.088072842425900966e+00 0.000000000000000000e+00
6.982925016015525621e+00 1.775507941766035547e+00 2.396525349523906688e-05 1.000000000000000000e+00 -1.078269865111755588e-06 4.989159892872409427e-05 1.030303286240638272e+00 1.069500315790627099e+00 1.050457044918277072e+00 1.088765972914705671e+00 0.000000000000000000e+00
6.988748148677535355e+00 1.774028561186365982e+00 2.292898488586400695e-05 1.000000000000000000e+00 -2.030865075450237771e-06 4.877280505074933054e-05 9.481737260294806902e-01 1.074712488045546532e+00 1.055450879099525618e+00 1.094200620890305009e+00 0.000000000000000000e+00
6.994576137309488573e+00 1.772550413249394330e+00 2.359398416014645019e-05 1.000000000000000000e+00 -1.315229716846459858e-06 4.938899844639784098e-05 1.008831044837094737e+00 1.070962323344129885e+00 1.051665032413167999e+00 1.090487686535984047e+00 0.000000000000000000e+00
7.000408985960828723e+00 1.771073496928063928e+00 1.951428529402889303e-05 1.000000000000000000e+00 -5.343021341260877403e-06 4.525977258680812215e-05 6.884231210432147918e-01 1.072051744082417990e+00 1.052750768789092239e+00 1.091580961462873756e+00 0.000000000000000000e+00
7.006246698684376106e+00 1.769597811196173431e+00 1.415968209083547282e-05 1.000000000000000000e+00 -1.067176172748256295e-05 3.988225858012487746e-05 3.607326275135136484e-01 1.069733449436802708e+00 1.050369523032500085e+00 1.089327517206256868e+00 0.000000000000000000e+00
7.012089279536330544e+00 1.768123355028376364e+00 4.429657636390901658e-06 1.000000000000000000e+00 -2.029888159504288612e-05 3.005477334795515309e-05 3.508403105064417105e-02 1.072285267061646286e+00 1.052898482571506200e+00 1.091902064456410804e+00 0.000000000000000000e+00
7.017936732576273151e+00 1.766650127400181791e+00 -4.277795786745082054e-06 -1.000000000000000000e+00 -2.884823078612423587e-05 2.119838269903707485e-05 3.272448688886697710e-02 1.069203384404397328e+00 1.049763001818291297e+00 1.088875525277450906e+00 0.000000000000000000e+00
7.023789061867172556e+00 1.765178127287950538e+00 -1.568197388681630882e-05 -1.000000000000000000e+00 -3.998629003552362632e-05 9.540246509106198227e-06 4.412240160769016484e-01 1.071594657099302683e+00 1.052059260515332495e+00 1.091363680096733235e+00 0.000000000000000000e+00
7.029646271475383124e+00 1.763707353668898525e+00 -2.673288357610503380e-05 -1.000000000000000000e+00 -5.072239398767909027e-05 -1.813204254067568913e-06 1.289579902613155582e+00 1.074467665794006654e+00 1.054920309544660872e+00 1.094248080857122662e+00 0.000000000000000000e+00
7.035508365470652059e+00 1.762237805521092104e+00 -3.317105035447159411e-05 -1.000000000000000000e+00 -5.693381797947364342e-05 -8.469288731462668295e-06 1.999944245886936756e+00 1.069094020706625070e+00 1.049519587639776486e+00 1.088903448929909201e+00 0.000000000000000000e+00
7.041375347926120298e+00 1.760769481823449834e+00 -4.005397510841972731e-05 -1.000000000000000000e+00 -6.367541893853265764e-05 -1.548903016857690611e-05 2.920629078504944687e+00 1.068246317920143795e+00 1.048484547427114055e+00 1.088247758321244429e+00 0.000000000000000000e+00
7.047247222918324283e+00 1.759302381555740702e+00 -4.590711816862972017e-05 -1.000000000000000000e+00 -6.941652537111778589e-05 -2.144916557968176512e-05 3.826392329433630835e+00 1.069485606260348609e+00 1.049833463509026510e+00 1.089374493859525783e+00 0.000000000000000000e+00
7.053123994527200402e+00 1.757836503698584130e+00 -4.767186036524688573e-05 -1.000000000000000000e+00 -7.119803322812357264e-05 -2.319372053584663147e-05 4.116306761813845583e+00 1.066756893393197458e+00 1.046929002992778246e+00 1.086826188334347298e+00 0.000000000000000000e+00
7.059005666836087656e+00 1.756371847233449524e+00 -4.807704638607523869e-05 -1.000000000000000000e+00 -7.160174825088399023e-05 -2.359500255678388981e-05 4.173645063153713863e+00 1.067289670174119243e+00 1.047579661092608028e+00 1.087238297766595974e+00 0.000000000000000000e+00
7.064892243931729432e+00 1.754908411142653613e+00 -4.756235429952942865e-05 -1.000000000000000000e+00 -7.116673344559278254e-05 -2.299812903717914436e-05 4.066711994659144125e+00 1.072090015702707566e+00 1.052140756833816138e+00 1.092282451466028981e+00 0.000000000000000000e+00
7.070783729904277948e+00 1.753446194409361780e+00 -3.814974433219820262e-05 -1.000000000000000000e+00 -6.195304055275740855e-05 -1.338295019859598212e-05 2.615296482032604786e+00 1.061378952687803245e+00 1.041443129005525936e+00 1.081560040664881983e+00 0.000000000000000000e+00
7.076680128847296025e+00 1.751985196017586288e+00 -3.102575014702087090e-05 -1.000000000000000000e+00 -5.503949593406008716e-05 -6.047139369192942317e-06 1.717428921505714356e+00 1.060319656845150948e+00 1.040515327141716462e+00 1.080366656818553039e+00 0.000000000000000000e+00
7.082581444857760644e+00 1.750525414952186498e+00 -2.243510218907537231e-05 -1.000000000000000000e+00 -4.676849845906569332e-05 2.857400378996432881e-06 8.899432335315822229e-01 1.058688056637024033e+00 1.038694463978678151e+00 1.078929116498290597e+00 0.000000000000000000e+00
7.088487682036063831e+00 1.749066850198867318e+00 -1.145389283737896921e-05 -1.000000000000000000e+00 -3.609509448199899235e-05 1.414089168298928165e-05 2.305570669987559995e-01 1.052785105472363147e+00 1.032758382226328209e+00 1.073061925247874138e+00 0.000000000000000000e+00
7.094398844486017985e+00 1.747609500744178535e+00 -2.195741358910922415e-06 -1.000000000000000000e+00 -2.705525173166897847e-05 2.361819771323639413e-05 8.439784716571807621e-03 1.050300489212013577e+00 1.030305997828467213e+00 1.070544792153177438e+00 0.000000000000000000e+00
7.100314936314857661e+00 1.746153365575515037e+00 9.195971651016967232e-06 1.000000000000000000e+00 -1.587733438126377760e-05 3.523020594771305257e-05 1.481470565413331997e-01 1.040073141373003995e+00 1.020090465370383059e+00 1.060307666102508151e+00 0.000000000000000000e+00
7.106235961633242226e+00 1.744698443681114597e+00 1.516052010274238565e-05 1.000000000000000000e+00 -1.007820906958186515e-05 4.136663837224007574e-05 4.007326137278681699e-01 1.038493347670331302e+00 1.018532706496396933e+00 1.058705546338206016e+00 0.000000000000000000e+00
7.112161924555259418e+00 1.743244734050058975e+00 2.134634040962797458e-05 1.000000000000000000e+00 -4.117033407774391704e-06 4.777985947356964361e-05 7.888624859892132690e-01 1.031829856408502666e+00 1.011840832148416469e+00 1.052072917400585617e+00 0.000000000000000000e+00
7.118092829198427118e+00 1.741792235672271039e+00 2.463636083001229525e-05 1.000000000000000000e+00 -1.073233627617605878e-06 5.131790563758430407e-05 1.038848106007705496e+00 1.027906532862937983e+00 1.007737331030904793e+00 1.048335274029550179e+00 0.000000000000000000e+00
7.124028679683696907e+00 1.740340947538516092e+00 2.473087795249412376e-05 1.000000000000000000e+00 -1.142294159046808462e-06 5.158467049066888541e-05 1.032620809344678037e+00 1.028523909210779408e+00 1.008462101359501872e+00 1.048842035770506165e+00 0.000000000000000000e+00
7.129969480135457616e+00 1.738890868640399878e+00 2.702952193502517614e-05 1.000000000000000000e+00 9.679546591109891042e-07 5.408364434491583315e-05 1.221796911446801914e+00 1.022904312437771468e+00 1.002795079329873662e+00 1.043272282654253313e+00 0.000000000000000000e+00
7.135915234681537100e+00 1.737441997970369245e+00 2.711125902864941928e-05 1.000000000000000000e+00 9.325442962528585295e-07 5.429178548613706356e-05 1.218109782748896919e+00 1.022916130360356446e+00 1.002806770704004480e+00 1.043284037572126843e+00 0.000000000000000000e+00
7.141865947453204910e+00 1.735994334521709703e+00 2.733730122699723982e-05 1.000000000000000000e+00 1.067232760430685722e-06 5.461082562959070335e-05 1.230822895169183084e+00 1.024262430142728997e+00 1.004049990359891176e+00 1.044735847327189715e+00 0.000000000000000000e+00
7.147821622585176726e+00 1.734547877288545648e+00 2.955644241194841797e-05 1.000000000000000000e+00 3.213794963528437688e-06 5.690124635686619111e-05 1.437627182611493026e+00 1.022869571676940925e+00 1.002464457740975368e+00 1.043541102956842659e+00 0.000000000000000000e+00
7.153782264215615250e+00 1.733102625265839913e+00 3.216100469161124124e-05 1.000000000000000000e+00 5.850319180455574377e-06 5.947862789562147158e-05 1.707961822799475726e+00 1.021479513882141532e+00 1.001224642815605748e+00 1.041997535203080139e+00 0.000000000000000000e+00
7.159747876486134643e+00 1.731658577449392222e+00 3.391181775105839107e-05 1.000000000000000000e+00 7.611112767242147347e-06 6.122516522674844534e-05 1.906939262620454656e+00 1.021482015124009379e+00 1.001027746121585071e+00 1.042204550351776504e+00 0.000000000000000000e+00
7.165718463541802308e+00 1.730215732835839626e+00 3.407745571711268633e-05 1.000000000000000000e+00 7.824478960990224842e-06 6.134771777920793121e-05 1.927661862544496785e+00 1.023143123553554412e+00 1.002808652692182889e+00 1.043742461972256619e+00 0.000000000000000000e+00
7.171694029531142434e+00 1.728774090422655174e+00 3.640140724320800023e-05 1.000000000000000000e+00 1.007878859485266136e-05 6.373956723676428094e-05 2.199706058576964551e+00 1.016587301678746780e+00 9.961054010391476865e-01 1.037339696531737410e+00 0.000000000000000000e+00
7.177674578606138667e+00 1.727333649208146804e+00 3.416956034162949181e-05 1.000000000000000000e+00 7.817030851863506966e-06 6.153690567033992694e-05 1.928163869539091024e+00 1.016890619122482464e+00 9.963105325112459054e-01 1.037743940181663493e+00 0.000000000000000000e+00
7.183660114922237661e+00 1.725894408191456675e+00 2.971313152187692098e-05 1.000000000000000000e+00 3.403327289127492311e-06 5.704588144916986607e-05 1.449924819193725511e+00 1.018656267363800438e+00 9.981856729090667901e-01 1.039396982473889341e+00 0.000000000000000000e+00
7.189650642638349964e+00 1.724456366372562499e+00 2.551854219421357352e-05 1.000000000000000000e+00 -7.591830268468562526e-07 5.283264198624589377e-05 1.066984479559167198e+00 1.016738430910334001e+00 9.960725721093942608e-01 1.037679747327656887e+00 0.000000000000000000e+00
7.195646165916856241e+00 1.723019522752273547e+00 1.831646924585678316e-05 1.000000000000000000e+00 -7.819059643121361669e-06 4.550048917742691309e-05 5.480587698449994605e-01 1.019682709197057946e+00 9.991207293233267395e-01 1.040516438968489110e+00 0.000000000000000000e+00
7.201646688923606376e+00 1.721583876332232421e+00 1.257796374169586316e-05 1.000000000000000000e+00 -1.346107020509511331e-05 3.967139355188431190e-05 2.582718373816561552e-01 1.017706652501548348e+00 9.969561203132779603e-01 1.038734685073856800e+00 0.000000000000000000e+00
7.207652215827925701e+00 1.720149426114913060e+00 5.944693501467886657e-06 1.000000000000000000e+00 -1.993845356372140270e-05 3.288599174370621553e-05 5.772943838961452911e-02 1.016515782087980879e+00 9.956921735812932495e-01 1.037619536333924453e+00 0.000000000000000000e+00
7.213662750802614987e+00 1.718716171103621404e+00 -2.806006078854629700e-06 -1.000000000000000000e+00 -2.843345173849147288e-05 2.389123001202713394e-05 1.289415824621187312e-02 1.018874331058499116e+00 9.980539009513639259e-01 1.039974304343977529e+00 0.000000000000000000e+00
7.219678298023954888e+00 1.717284110302493172e+00 -1.078517838900349565e-05 -1.000000000000000000e+00 -3.613206552627230047e-05 1.565389612095947113e-05 1.915699843729896656e-01 1.017574435152061696e+00 9.966903591536392382e-01 1.038740182721676897e+00 0.000000000000000000e+00
7.225698861671710382e+00 1.715853242716494531e+00 -2.136090306960325763e-05 -1.000000000000000000e+00 -4.642524914395712338e-05 4.822691660703465344e-06 7.512617717729028755e-01 1.020336726049644538e+00 9.994499411060239202e-01 1.041504151526786437e+00 0.000000000000000000e+00
7.231724445929129885e+00 1.714423567351419875e+00 -3.582233895573177211e-05 -1.000000000000000000e+00 -6.072329784289376181e-05 -9.782564047314049185e-06 2.083678108166488130e+00 1.030404233993390095e+00 1.009322800902088924e+00 1.051768910074764252e+00 0.000000000000000000e+00
7.237755054982951464e+00 1.712995083213891823e+00 -5.010863483187025415e-05 -1.000000000000000000e+00 -7.504690381521971409e-05 -2.401717338198917619e-05 3.975905252955200808e+00 1.039212783249311878e+00 1.017806145092575054e+00 1.060909007332448972e+00 0.000000000000000000e+00
7.243790693023404614e+00 1.711567789311361887e+00 -5.805910346699294961e-05 -1.000000000000000000e+00 -8.313677447731340178e-05 -3.181640552668735277e-05 5.210754112152017115e+00 1.036197375549718913e+00 1.014932040793155688e+00 1.057749363905678308e+00 0.000000000000000000e+00
7.249831364244212040e+00 1.710141684652107807e+00 -6.428926144149629417e-05 -1.000000000000000000e+00 -8.944719900836906870e-05 -3.794456973809205995e-05 6.282320232345639965e+00 1.038683232144012036e+00 1.017280970954491881e+00 1.060374807404911968e+00 0.000000000000000000e+00
7.255877072842594977e+00 1.708716768245233997e+00 -6.268247188411902682e-05 -1.000000000000000000e+00 -8.789140988007485694e-05 -3.626458771232968676e-05 5.959234199342724025e+00 1.036283788606891632e+00 1.014680980694714796e+00 1.058181306815961342e+00 0.000000000000000000e+00
7.261927823019274086e+00 1.707293039100669763e+00 -5.354435561285127371e-05 -1.000000000000000000e+00 -7.884326814262075504e-05 -2.703449160127325158e-05 4.372645361237829320e+00 1.029073532740679475e+00 1.007686266062575164e+00 1.050751943417397305e+00 0.000000000000000000e+00
7.267983618978473004e+00 1.705870496229170197e+00 -4.264740125545407503e-05 -1.000000000000000000e+00 -6.817254573858246860e-05 -1.592946860331947398e-05 2.785873335233432613e+00 1.027240824364999305e+00 1.005652126533678858e+00 1.049127309630977445e+00 0.000000000000000000e+00
7.274044464927921894e+00 1.704449138642313732e+00 -2.709742541049561636e-05 -1.000000000000000000e+00 -5.287801556506913536e-05 -1.429593590365340217e-07 1.131612029792307794e+00 1.019416902161439209e+00 9.980477804307210654e-01 1.041080383311539403e+00 0.000000000000000000e+00
7.280110365078859225e+00 1.703028965352503699e+00 -1.382997765750881554e-05 -1.000000000000000000e+00 -3.988657535571826605e-05 1.338728749476960088e-05 2.957775422660375853e-01 1.017471875486340771e+00 9.959005888507843629e-01 1.039344100811996352e+00 0.000000000000000000e+00
7.286181323646034436e+00 1.701609975372965211e+00 -9.062518760359418656e-07 -1.000000000000000000e+00 -2.718046423415902590e-05 2.652374084991576046e-05 1.273975875761834686e-03 1.012537824355003613e+00 9.911534352775575041e-01 1.034219775632368110e+00 0.000000000000000000e+00
7.292257344847713263e+00 1.700192167717745617e+00 7.433012563426122547e-06 1.000000000000000000e+00 -1.908141589261867923e-05 3.510234745807436712e-05 8.549516059444783878e-02 1.012059931198939999e+00 9.904493636594986494e-01 1.033974512427374037e+00 0.000000000000000000e+00
7.298338432905678630e+00 1.698775541401714717e+00 1.625165992296831268e-05 1.000000000000000000e+00 -1.053825884087638534e-05 4.420304239275451213e-05 4.068796258247857622e-01 1.002481831181139427e+00 9.808522986661085685e-01 1.024418543010591431e+00 0.000000000000000000e+00
7.304424592045234199e+00 1.697360095440562322e+00 1.831100840116385342e-05 1.000000000000000000e+00 -8.728644980253045865e-06 4.651993147150408820e-05 5.091496128738413063e-01 1.001941857252874435e+00 9.803073256114219758e-01 1.023883728926590297e+00 0.000000000000000000e+00
7.310515826495206149e+00 1.695945828850798032e+00 1.816526021043516554e-05 1.000000000000000000e+00 -9.143105898768290834e-06 4.664707890918905414e-05 4.924029360965107571e-01 1.000865326084369400e+00 9.791065495756942072e-01 1.022934938657416248e+00 0.000000000000000000e+00
7.316612140487947613e+00 1.694532740649751679e+00 1.577717159622330265e-05 1.000000000000000000e+00 -1.170785651376076293e-05 4.444046136581457243e-05 3.656335056143404927e-01 1.001527856200197686e+00 9.797501838505248140e-01 1.023616768099822272e+00 0.000000000000000000e+00
7.322713538259342236e+00 1.693120829855571774e+00 1.397775499397915307e-05 1.000000000000000000e+00 -1.358406342657323059e-05 4.272894292281014612e-05 2.849303392368511822e-01 9.995969671930183820e-01 9.777164459505501837e-01 1.021791979761736302e+00 0.000000000000000000e+00
7.328820024048804171e+00 1.691710095487224841e+00 1.470758211883850433e-05 1.000000000000000000e+00 -1.283210092838878337e-05 4.345372488979404969e-05 3.164113943669377704e-01 9.922964612232957338e-01 9.703820884265713653e-01 1.014528218830186512e+00 0.000000000000000000e+00
7.334931602099284298e+00 1.690300536564494527e+00 1.255492157192690166e-05 1.000000000000000000e+00 -1.486024749854480288e-05 4.118990561979338471e-05 2.313800896489652814e-01 9.928998113972733464e-01 9.709977243755179011e-01 1.015118730067433139e+00 0.000000000000000000e+00
7.341048276657271110e+00 1.688892152107981603e+00 1.229625194444303091e-05 1.000000000000000000e+00 -1.506906245250151637e-05 4.088592420520510879e-05 2.226258092499477925e-01 9.899761234291021283e-01 9.679966159727503294e-01 1.012275690927677330e+00 0.000000000000000000e+00
7.347170051972794269e+00 1.687484941139102412e+00 1.073435718424196575e-05 1.000000000000000000e+00 -1.661688886417056569e-05 3.931172219283839245e-05 1.692159706769729155e-01 9.904169904694997140e-01 9.684440506245785008e-01 1.012709899538220215e+00 0.000000000000000000e+00
7.353296932299427269e+00 1.686078902680089531e+00 1.220066222088083178e-05 1.000000000000000000e+00 -1.523858978145723874e-05 4.086746770564445708e-05 2.179679167688561847e-01 9.834521952044532611e-01 9.614334229624920125e-01 1.005794589528253846e+00 0.000000000000000000e+00
7.359428921894291875e+00 1.684674035753989330e+00 1.256021517145990725e-05 1.000000000000000000e+00 -1.497192897827653640e-05 4.132114698237130133e-05 2.301308869571556670e-01 9.786960047091083359e-01 9.564787769652636218e-01 1.001244265267468014e+00 0.000000000000000000e+00
7.365566025018059015e+00 1.683270339384662417e+00 1.316707453451174242e-05 1.000000000000000000e+00 -1.436010413457119150e-05 4.193107735839460824e-05 2.527115702892075433e-01 9.729404625282263019e-01 9.509231883141238129e-01 9.952848732388083208e-01 0.000000000000000000e+00
7.371708245934952330e+00 1.681867812596783196e+00 1.401757314364928542e-05 1.000000000000000000e+00 -1.352324773460403286e-05 4.280659648311888900e-05 2.870039771801202733e-01 9.662697985729317152e-01 9.440812856888237681e-01 9.887923856118708832e-01 0.000000000000000000e+00
7.377855588912752616e+00 1.680466454415837863e+00 1.398493414076201402e-05 1.000000000000000000e+00 -1.350185958502984234e-05 4.273381841471503891e-05 2.860469277828485701e-01 9.613416288374301288e-01 9.393468921892352830e-01 9.836662470724710783e-01 0.000000000000000000e+00
7.384008058222798709e+00 1.679066263868125519e+00 1.232917955059278943e-05 1.000000000000000000e+00 -1.517586794023315937e-05 4.109960048872231877e-05 2.218213915393931757e-01 9.599580724563145928e-01 9.377307739115346985e-01 9.825226736322023591e-01 0.000000000000000000e+00
7.390165658139991045e+00 1.677667239980756175e+00 1.313909124050516421e-05 1.000000000000000000e+00 -1.441286777826706049e-05 4.195473674949708827e-05 2.516969606155896599e-01 9.524540804142920258e-01 9.301881841765325953e-01 9.750617536084353887e-01 0.000000000000000000e+00
7.396328392942796093e+00 1.676269381781650081e+00 1.028024171648377480e-05 1.000000000000000000e+00 -1.721956568188818496e-05 3.904687728891598339e-05 1.537550845282140699e-01 9.532619120265500845e-01 9.309979685521030390e-01 9.758672186567161067e-01 0.000000000000000000e+00
7.402496266913247247e+00 1.674872688299538392e+00 1.042574029205101767e-05 1.000000000000000000e+00 -1.701145839747200260e-05 3.914457199088965377e-05 1.588841290864735356e-01 9.465224493982309362e-01 9.242163098800898480e-01 9.691739156319433279e-01 0.000000000000000000e+00
7.408669284336948380e+00 1.673477158563960288e+00 7.070846096786245260e-06 1.000000000000000000e+00 -2.021814290105489631e-05 3.565966379638287634e-05 7.328201245314858170e-02 9.474637833485006766e-01 9.251655015443639440e-01 9.701067141780105318e-01 0.000000000000000000e+00
7.414847449503079169e+00 1.672082791605264962e+00 7.076115151960498420e-06 1.000000000000000000e+00 -2.017425631864115424e-05 3.563717856270090523e-05 7.362004601907301549e-02 9.396230624360916162e-01 9.172911751483602272e-01 9.623032431598851355e-01 0.000000000000000000e+00
7.421030766704393322e+00 1.670689586454608300e+00 4.303729969030468362e-06 1.000000000000000000e+00 -2.295341194595423845e-05 3.287503801796549100e-05 2.711019539916037502e-02 9.377452046344925130e-01 9.153056056123209938e-01 9.605373790808056089e-01 0.000000000000000000e+00
7.427219240237226572e+00 1.669297542143953983e+00 2.094727043687740022e-07 1.000000000000000000e+00 -2.706857204583253305e-05 2.880605046211670534e-05 6.364311585116411152e-05 9.388864566375950682e-01 9.164364615354609889e-01 9.616890208910404692e-01 0.000000000000000000e+00
7.433412874401496673e+00 1.667906657706072160e+00 -1.914409598446242075e-06 -1.000000000000000000e+00 -2.925342371222632189e-05 2.675266455850688492e-05 5.278298477321641258e-03 9.362187767750688172e-01 9.136634585048630797e-01 9.591308303971113336e-01 0.000000000000000000e+00
7.439611673500706956e+00 1.666516932174539223e+00 -4.600205840637022590e-06 -1.000000000000000000e+00 -3.194147764244002926e-05 2.408651289814072658e-05 3.028771681394459847e-02 9.369587586000658330e-01 9.144022469685095800e-01 9.598714483859152047e-01 0.000000000000000000e+00
7.445815641841948995e+00 1.665128364583736253e+00 -2.541060108090771266e-06 -1.000000000000000000e+00 -2.997301472760181072e-05 2.625517899213476191e-05 9.218978511370323758e-03 9.295846156589595566e-01 9.069799700179373980e-01 9.525492338877602494e-01 0.000000000000000000e+00
7.452024783735907043e+00 1.663740953968849468e+00 -1.940410127391726143e-06 -1.000000000000000000e+00 -2.947848628958722638e-05 2.697208747792628205e-05 5.335909070652178343e-03 9.294143701258850143e-01 9.068185457537156768e-01 9.523700402276112920e-01 0.000000000000000000e+00
7.458239103496859812e+00 1.662354699365868660e+00 5.671854871600942927e-06 1.000000000000000000e+00 -2.214454643422739531e-05 3.486140816817719893e-05 4.539008893164009351e-02 9.169230192299052673e-01 8.943352984419693508e-01 9.398753430115552865e-01 0.000000000000000000e+00
7.464458605442683137e+00 1.660969599811586539e+00 1.006936047895452534e-05 1.000000000000000000e+00 -1.799458122891480801e-05 3.950327433235344197e-05 1.419925040913767589e-01 9.158350175367795387e-01 8.929929058217247473e-01 9.390505627647202092e-01 0.000000000000000000e+00
7.470683293894854415e+00 1.659585654343599170e+00 1.974091297272775314e-05 1.000000000000000000e+00 -8.530179942582056011e-06 4.938870744229076522e-05 5.457462199696578864e-01 9.053238133656749120e-01 8.827521243439653276e-01 9.282645725396817538e-01 0.000000000000000000e+00
7.476913173178454386e+00 1.658202862000304201e+00 2.860580762556817595e-05 1.000000000000000000e+00 1.076601550776003203e-07 5.848596714721469739e-05 1.147180687348907213e+00 8.979441334554435494e-01 8.752032365113685541e-01 9.210625793424278562e-01 0.000000000000000000e+00
7.483148247622170679e+00 1.656821221820899526e+00 3.829506613331623571e-05 1.000000000000000000e+00 9.610345886932771241e-06 6.836908954275852505e-05 2.058835469739761947e+00 8.881856606904631191e-01 8.657099767955673819e-01 9.110343254157498016e-01 0.000000000000000000e+00
7.489388521558299594e+00 1.655440732845385288e+00 4.787172787140344543e-05 1.000000000000000000e+00 1.889601036440754388e-05 7.824053027282777358e-05 3.212947296092266924e+00 8.769991123122536925e-01 8.543976096825992572e-01 8.999824011762083131e-01 0.000000000000000000e+00
7.495633999322752317e+00 1.654061394114560324e+00 5.557264080688113246e-05 1.000000000000000000e+00 2.630564107927451810e-05 8.623540688968767739e-05 4.305201163543785015e+00 8.676503987193187051e-01 8.450229477817925439e-01 8.906645395301160395e-01 0.000000000000000000e+00
7.501884685255054031e+00 1.652683204670022832e+00 5.816192244662870588e-05 1.000000000000000000e+00 2.869008421950778652e-05 8.903134199152579187e-05 4.665969471321346873e+00 8.670188072760384168e-01 8.444041842608535076e-01 8.900203014787140265e-01 0.000000000000000000e+00
7.508140583698349246e+00 1.651306163554170148e+00 6.554590119402329282e-05 1.000000000000000000e+00 3.584276632033962285e-05 9.665067302972142279e-05 5.916766089164639197e+00 8.517767568349291496e-01 8.292123929615370370e-01 8.747331162891709422e-01 0.000000000000000000e+00
7.514401698999403578e+00 1.649930269810196748e+00 6.439311352507038505e-05 1.000000000000000000e+00 3.467538799950423221e-05 9.552242446602429802e-05 5.687755043149508083e+00 8.522206781039983747e-01 8.296645949284726651e-01 8.751684269105792779e-01 0.000000000000000000e+00
7.520668035508609073e+00 1.648555522482095359e+00 6.723545139974102067e-05 1.000000000000000000e+00 3.750890803246031968e-05 9.838902742539419989e-05 6.238401196140500815e+00 8.395445637485698942e-01 8.170185815698037812e-01 8.624665533217527047e-01 0.000000000000000000e+00
7.526939597579984209e+00 1.647181920614653627e+00 6.558783734268179891e-05 1.000000000000000000e+00 3.599023499902532478e-05 9.662944118194077869e-05 5.962712219108112777e+00 8.333570823879075107e-01 8.110554757824118832e-01 8.560496319974619794e-01 0.000000000000000000e+00
7.533216389571179228e+00 1.645809463253457006e+00 6.002136515804084920e-05 1.000000000000000000e+00 3.054367777813931316e-05 9.095225777408744118e-05 4.995597510500346061e+00 8.327314406509662703e-01 8.101780640076230444e-01 8.556848587253041982e-01 0.000000000000000000e+00
7.539498415843477019e+00 1.644438149444884756e+00 5.940380870503753378e-05 1.000000000000000000e+00 2.997420583787421591e-05 9.029485615123091044e-05 4.915172361870531859e+00 8.176486492728163302e-01 7.951476400841243075e-01 8.405547539840688698e-01 0.000000000000000000e+00
7.545785680761798453e+00 1.643067978236111282e+00 4.989956208455110847e-05 1.000000000000000000e+00 2.065909362005338367e-05 8.061245407404380716e-05 3.452000880419973328e+00 8.204395090163835169e-01 7.979113690001610193e-01 8.433726655760291901e-01 0.000000000000000000e+00
7.552078188694705041e+00 1.641698948675104575e+00 4.629153160530495039e-05 1.000000000000000000e+00 1.716365505418128231e-05 7.691030628983662693e-05 2.981577911808841463e+00 8.082454185219678511e-01 7.857318296941195879e-01 8.311696634109124737e-01 0.000000000000000000e+00
7.558375944014398939e+00 1.640331059810627101e+00 3.594060951036420916e-05 1.000000000000000000e+00 7.104241597773970965e-06 6.628736097295904062e-05 1.797403205191841380e+00 8.112428270286047294e-01 7.887033233240668961e-01 8.341918656412329325e-01 0.000000000000000000e+00
7.564678951096730941e+00 1.638964310692231585e+00 3.093886850490575058e-05 1.000000000000000000e+00 2.353080789170535739e-06 6.104664257187454590e-05 1.343962994082517071e+00 8.031149406420716730e-01 7.805465734600711691e-01 8.260986289189943266e-01 0.000000000000000000e+00
7.570987214321198699e+00 1.637598700370265004e+00 2.207951290198648019e-05 1.000000000000000000e+00 -6.121077915738146197e-06 5.180692765823158774e-05 6.898296674713719767e-01 8.056659707458292408e-01 7.830911632531535327e-01 8.286556792346383427e-01 0.000000000000000000e+00
7.577300738070952946e+00 1.636234227895864146e+00 2.124798822425500282e-05 1.000000000000000000e+00 -6.684523067277973389e-06 5.072037075783461237e-05 6.502385328832929190e-01 7.914916137690775066e-01 7.689759651086047754e-01 8.144272437515319707e-01 0.000000000000000000e+00
7.583619526732800153e+00 1.634870892320956948e+00 1.658921903663674552e-05 1.000000000000000000e+00 -1.106860274758544811e-05 4.581098505280132134e-05 4.006834175037852219e-01 7.878120874036179666e-01 7.650911192947100758e-01 8.109622021104073708e-01 0.000000000000000000e+00
7.589943584697204315e+00 1.633508692698261822e+00 1.244323813907357085e-05 1.000000000000000000e+00 -1.500975413058959602e-05 4.148509415302614848e-05 2.261130771146326879e-01 7.844484493534438219e-01 7.619126328036818219e-01 8.074080269118110165e-01 0.000000000000000000e+00
7.596272916358290495e+00 1.632147628081284996e+00 8.243969476937145388e-06 1.000000000000000000e+00 -1.924222124693838922e-05 3.732221769799766930e-05 9.842555783967554817e-02 7.830781820556070860e-01 7.602812325336010257e-01 8.063095289834677493e-01 0.000000000000000000e+00
7.602607526113848380e+00 1.630787697524322288e+00 7.159134624820994323e-06 1.000000000000000000e+00 -2.046323152146599719e-05 3.637062552230166612e-05 7.332539372737301164e-02 7.772322166680915023e-01 7.546300505221863464e-01 8.002651414926771345e-01 0.000000000000000000e+00
7.608947418365335835e+00 1.629428900082457776e+00 9.075763630375220336e-06 1.000000000000000000e+00 -1.876264069707856937e-05 3.850891485793244340e-05 1.169283613153879742e-01 7.687756103131329066e-01 7.460069263649352633e-01 7.919858838416187208e-01 0.000000000000000000e+00
7.615292597517878903e+00 1.628071234811562906e+00 1.226179992698655114e-05 1.000000000000000000e+00 -1.563140460112248946e-05 4.176806283348321886e-05 2.134316989826743338e-01 7.625360033930135284e-01 7.399885873330207531e-01 7.855198879789372368e-01 0.000000000000000000e+00
7.621643067980279795e+00 1.626714700768294497e+00 1.848472512091556711e-05 1.000000000000000000e+00 -9.478709299672852842e-06 4.806439085778290609e-05 4.894642944009319763e-01 7.539358692834554621e-01 7.312582214610851006e-01 7.770601260840975799e-01 0.000000000000000000e+00
7.627998834165015118e+00 1.625359297010096737e+00 2.363022521563117425e-05 1.000000000000000000e+00 -4.300379645330874899e-06 5.316320076437466738e-05 8.094921711540905562e-01 7.503543269136605520e-01 7.276085797682253498e-01 7.735527080646010800e-01 0.000000000000000000e+00
7.634359900488242090e+00 1.624005022595198744e+00 2.754101724851056872e-05 1.000000000000000000e+00 -2.642502094153064654e-07 5.693355048278735651e-05 1.114777118490223984e+00 7.492721026268607254e-01 7.265886321633111544e-01 7.724078423709774821e-01 0.000000000000000000e+00
7.640726271369800315e+00 1.622651876582614117e+00 3.361193935541558289e-05 1.000000000000000000e+00 5.915421191652857889e-06 6.289254288331755805e-05 1.693474363378470571e+00 7.390192237729706903e-01 7.163708691111100313e-01 7.621254505764193388e-01 0.000000000000000000e+00
7.647097951233216229e+00 1.621299858032140939e+00 3.258811848927996578e-05 1.000000000000000000e+00 5.115326610986653343e-06 6.165416423291703669e-05 1.610003580443787996e+00 7.393793454345962690e-01 7.167632095375081613e-01 7.624523419916154898e-01 0.000000000000000000e+00
7.653474944505703093e+00 1.619948966004359558e+00 3.146804400874336338e-05 1.000000000000000000e+00 4.159153169935755179e-06 6.038315896637796499e-05 1.516337976820125277e+00 7.315431890931067827e-01 7.089076728155301321e-01 7.546412763501102461e-01 0.000000000000000000e+00
7.659857255618167216e+00 1.618599199560634805e+00 2.257577069745444315e-05 1.000000000000000000e+00 -4.499251906559653392e-06 5.126711199927974616e-05 7.777035755382826210e-01 7.341623682774253146e-01 7.114975330085615557e-01 7.572896292649787808e-01 0.000000000000000000e+00
7.666244889005210617e+00 1.617250557763112662e+00 1.476311947178924514e-05 1.000000000000000000e+00 -1.213287027523993582e-05 4.328296399852299170e-05 3.319044678807472337e-01 7.254873500786575002e-01 7.027898242126453532e-01 7.486542742405050133e-01 0.000000000000000000e+00
7.672637849105131913e+00 1.615903039674720043e+00 2.881968676615562539e-06 1.000000000000000000e+00 -2.372172122662017629e-05 3.112070071927868972e-05 1.262234171645104652e-02 7.200666519127648657e-01 6.971643388800975449e-01 7.434502966731816320e-01 0.000000000000000000e+00
7.679036140359931650e+00 1.614556644359165460e+00 -1.294240423924006754e-05 -1.000000000000000000e+00 -3.893169437994831302e-05 1.471126811206228956e-05 2.558291293329375549e-01 7.203756844919919633e-01 6.976039366970667732e-01 7.436228981618751011e-01 0.000000000000000000e+00
7.685439767215314077e+00 1.613211370880937023e+00 -2.621591546790343804e-05 -1.000000000000000000e+00 -5.142387853483468930e-05 6.949828834037898929e-07 1.074359496765453059e+00 7.141659661962264094e-01 6.912338593407169052e-01 7.375836884705365692e-01 0.000000000000000000e+00
7.691848734120691589e+00 1.611867218305303329e+00 -4.049562175222590113e-05 -1.000000000000000000e+00 -6.467581907370972220e-05 -1.456995277673818080e-05 2.641956351645262657e+00 7.127288000659988132e-01 6.899909495785029323e-01 7.359453149078512002e-01 0.000000000000000000e+00
7.698263045529186499e+00 1.610524185698310351e+00 -5.109497537799084760e-05 -1.000000000000000000e+00 -7.442067354581972688e-05 -2.601246157287347003e-05 4.345242108508841739e+00 7.045716131884557365e-01 6.817152019570484889e-01 7.279177306036203055e-01 0.000000000000000000e+00
7.704682705897634598e+00 1.609182272126782998e+00 -6.331158878235863352e-05 -1.000000000000000000e+00 -8.583762168037678596e-05 -3.903277226027473241e-05 6.817707452307331550e+00 7.025542591831055450e-01 6.798822890700492172e-01 7.257107178785480173e-01 0.000000000000000000e+00
7.711107719686588702e+00 1.607841476658323998e+00 -7.645922765404736807e-05 -1.000000000000000000e+00 -9.828185051588076283e-05 -5.288050528548942926e-05 1.009013651534149858e+01 7.054786216556900857e-01 6.824976186600106853e-01 7.289559005948370585e-01 0.000000000000000000e+00
7.717538091360320429e+00 1.606501798361312572e+00 -8.182631914828880941e-05 -1.000000000000000000e+00 -1.030015314671156492e-04 -5.886782144736134201e-05 1.187106861626557475e+01 6.915119244414822397e-01 6.686095127713929109e-01 7.149168238023151378e-01 0.000000000000000000e+00
7.723973825386825531e+00 1.605163236304904206e+00 -8.915625048810697990e-05 -1.000000000000000000e+00 -1.096199030884270604e-04 -6.688837378905042590e-05 1.440999310554207113e+01 6.875098308284653958e-01 6.648238022342887188e-01 7.106923635231638947e-01 0.000000000000000000e+00
7.730414926237823892e+00 1.603825789559029547e+00 -9.427620501670711916e-05 -1.000000000000000000e+00 -1.141824098478419968e-04 -7.254592730360020321e-05 1.646335390266511922e+01 6.825156048906230177e-01 6.596471219157953314e-01 7.058926422553551960e-01 0.000000000000000000e+00
7.736861398388765743e+00 1.602489457194395728e+00 -9.784819186299859484e-05 -1.000000000000000000e+00 -1.172347453985356160e-04 -7.660744477490229957e-05 1.805624828157681350e+01 6.781015762507920375e-01 6.554533911908164701e-01 7.012520383950697767e-01 0.000000000000000000e+00
7.743313246318833443e+00 1.601154238282482378e+00 -9.791142404098763098e-05 -1.000000000000000000e+00 -1.171083819530033011e-04 -7.684898892265775924e-05 1.833130439600500949e+01 6.677461361122538630e-01 6.449964761555282422e-01 6.910105226097532638e-01 0.000000000000000000e+00
7.749770474510944140e+00 1.599820131895543396e+00 -9.834939671844383845e-05 -1.000000000000000000e+00 -1.175644862109620503e-04 -7.734089277432578194e-05 1.860553573786432935e+01 6.624904044794625024e-01 6.399561252505714393e-01 6.855351277229482232e-01 0.000000000000000000e+00
7.756233087451753327e+00 1.598487137106606282e+00 -9.625852087220933609e-05 -1.000000000000000000e+00 -1.153682959331776728e-04 -7.540974595252833987e-05 1.821668555726461136e+01 6.565535897172781743e-01 6.338585583833300507e-01 6.797725941664934934e-01 0.000000000000000000e+00
7.762701089631657503e+00 1.597155252989470364e+00 -9.238056732652875241e-05 -1.000000000000000000e+00 -1.115913658519983233e-04 -7.206790636700270442e-05 1.752347257147022219e+01 6.494316973515443792e-01 6.270376166601004941e-01 6.723422173517955569e-01 0.000000000000000000e+00
7.769174485544799502e+00 1.595824478618706577e+00 -8.890635821539692588e-05 -1.000000000000000000e+00 -1.076856841225431034e-04 -6.909210057368239330e-05 1.698295561451863023e+01 6.389598421409767859e-01 6.165118544648243715e-01 6.619362438385704150e-01 0.000000000000000000e+00
7.775653279689067610e+00 1.594494813069657235e+00 -8.690161475690098435e-05 -1.000000000000000000e+00 -1.047381208174754351e-04 -6.747059654335066294e-05 1.679359530290548719e+01 6.220216191172585063e-01 5.997390612167702306e-01 6.448397972573725045e-01 0.000000000000000000e+00
7.782137476566102663e+00 1.593166255418435151e+00 -9.533177463371486518e-05 -1.000000000000000000e+00 -1.151154839607936795e-04 -7.620736764459709535e-05 2.017763724604805020e+01 6.243085043378862053e-01 6.019895422949314012e-01 6.471630211418424317e-01 0.000000000000000000e+00
7.788627080681298942e+00 1.591838804741922297e+00 -3.887580463258206282e-04 -1.000000000000000000e+00 0.000000000000000000e+00 0.000000000000000000e+00 0.000000000000000000e+00 6.461747434508120502e-01 0.000000000000000000e+00 0.000000000000000000e+00 1.000000000000000000e+00
7.795122096543806833e+00 1.590512460117771143e+00 -5.607322624435604657e-04 -1.000000000000000000e+00 0.000000000000000000e+00 0.000000000000000000e+00 0.000000000000000000e+00 6.615948290927776698e-01 0.000000000000000000e+00 0.000000000000000000e+00 1.000000000000000000e+00
7.801622528666539047e+00 1.589187220624400876e+00 -8.429411108790126148e-04 -1.000000000000000000e+00 0.000000000000000000e+00 0.000000000000000000e+00 0.000000000000000000e+00 6.305421917273831278e-01 0.000000000000000000e+00 0.000000000000000000e+00 1.000000000000000000e+00
7.808128381566169729e+00 1.587863085341000069e+00 -1.019243312455408090e-03 -1.000000000000000000e+00 0.000000000000000000e+00 0.000000000000000000e+00 0.000000000000000000e+00 6.349208548104229299e-01 0.000000000000000000e+00 0.000000000000000000e+00 1.000000000000000000e+00
7.814639659763139790e+00 1.586540053347523793e+00 -8.599004195461995700e-04 -1.000000000000000000e+00 0.000000000000000000e+00 0.000000000000000000e+00 0.000000000000000000e+00 6.463512613359942982e-01 0.000000000000000000e+00 0.000000000000000000e+00 1.000000000000000000e+00
7.821156367781661345e+00 1.585218123724693617e+00 -1.171975315449400989e-03 -1.000000000000000000e+00 0.000000000000000000e+00 0.000000000000000000e+00 0.000000000000000000e+00 6.303261954073866580e-01 0.000000000000000000e+00 0.000000000000000000e+00 1.000000000000000000e+00
7.827678510149716828e+00 1.583897295553998275e+00 -6.810855183942332493e-04 -1.000000000000000000e+00 0.000000000000000000e+00 0.000000000000000000e+00 0.000000000000000000e+00 6.510377445768328331e-01 0.000000000000000000e+00 0.000000000000000000e+00 1.000000000000000000e+00
7.834206091399066985e+00 1.582577567917689887e+00 -1.103471114821581245e-03 -1.000000000000000000e+00 0.000000000000000000e+00 0.000000000000000000e+00 0.000000000000000000e+00 6.410159108794278859e-01 0.000000000000000000e+00 0.000000000000000000e+00 1.000000000000000000e+00
7.840739116065250869e+00 1.581258939898786631e+00 -7.917369219871806365e-04 -1.000000000000000000e+00 0.000000000000000000e+00 0.000000000000000000e+00 0.000000000000000000e+00 6.221486441653817367e-01 0.000000000000000000e+00 0.000000000000000000e+00 1.000000000000000000e+00
7.847277588687588512e+00 1.579941410581070071e+00 -1.178349848676058008e-03 -1.000000000000000000e+00 0.000000000000000000e+00 0.000000000000000000e+00 0.000000000000000000e+00 6.198835040587397094e-01 0.000000000000000000e+00 0.000000000000000000e+00 1.000000000000000000e+00
7.853821513809187138e+00 1.578624979049085830e+00 -1.424877798747308487e-03 -1.000000000000000000e+00 0.000000000000000000e+00 0.000000000000000000e+00 0.000000000000000000e+00 5.954647292385174540e-01 0.000000000000000000e+00 0.000000000000000000e+00 1.000000000000000000e+00
7.860370895976941163e+00 1.577309644388141585e+00 -1.268330975384654793e-03 -1.000000000000000000e+00 0.000000000000000000e+00 0.000000000000000000e+00 0.000000000000000000e+00 6.258950316383480317e-01 0.000000000000000000e+00 0.000000000000000000e+00 1.000000000000000000e+00
7.866925739741537527e+00 1.575995405684307737e+00 -1.379860885388659855e-03 -1.000000000000000000e+00 0.000000000000000000e+00 0.000000000000000000e+00 0.000000000000000000e+00 5.885342631817865877e-01 0.000000000000000000e+00 0.000000000000000000e+00 1.000000000000000000e+00
7.873486049657457464e+00 1.574682262024415857e+00 -1.110753204671569320e-03 -1.000000000000000000e+00 0.000000000000000000e+00 0.000000000000000000e+00 0.000000000000000000e+00 5.816498569061923085e-01 0.000000000000000000e+00 0.000000000000000000e+00 1.000000000000000000e+00
7.880051830282980951e+00 1.573370212496058462e+00 -1.052677781274091663e-04 -1.000000000000000000e+00 -1.192869016133572797e-04 -8.928051777691052506e-05 2.870360497460040961e+01 5.134701877038779783e-01 4.903960610856150648e-01 5.370600597534656018e-01 0.000000000000000000e+00
7.886623086180188480e+00 1.572059256187587906e+00 -9.552617757202071995e-05 -1.000000000000000000e+00 -1.100232129855537678e-04 -7.908960024716093682e-05 2.411766126902080032e+01 4.975006306196882444e-01 4.739112242732643754e-01 5.212140479343863042e-01 0.000000000000000000e+00
7.893199821914964609e+00 1.570749392188117488e+00 -8.368154405308593806e-04 -1.000000000000000000e+00 0.000000000000000000e+00 0.000000000000000000e+00 0.000000000000000000e+00 5.099272146164862685e-01 0.000000000000000000e+00 0.000000000000000000e+00 1.000000000000000000e+00
7.899782042057002407e+00 1.569440619587517682e+00 -6.994794107820896884e-04 -1.000000000000000000e+00 0.000000000000000000e+00 0.000000000000000000e+00 0.000000000000000000e+00 5.066007944732731083e-01 0.000000000000000000e+00 0.000000000000000000e+00 1.000000000000000000e+00
7.906369751179806116e+00 1.568132937476418354e+00 -6.192995808689140793e-04 -1.000000000000000000e+00 0.000000000000000000e+00 0.000000000000000000e+00 0.000000000000000000e+00 4.850675144573588504e-01 0.000000000000000000e+00 0.000000000000000000e+00 1.000000000000000000e+00
7.912962953860692039e+00 1.566826344946206540e+00 -5.712976148760186062e-04 -1.000000000000000000e+00 0.000000000000000000e+00 0.000000000000000000e+00 0.000000000000000000e+00 4.764443768096303100e-01 0.000000000000000000e+00 0.000000000000000000e+00 1.000000000000000000e+00
7.919561654680794760e+00 1.565520841089027337e+00 -7.110016967795446032e-04 -1.000000000000000000e+00 0.000000000000000000e+00 0.000000000000000000e+00 0.000000000000000000e+00 4.464499413591244692e-01 0.000000000000000000e+00 0.000000000000000000e+00 1.000000000000000000e+00
7.926165858225068916e+00 1.564216424997781019e+00 -8.313869330134615598e-04 -1.000000000000000000e+00 0.000000000000000000e+00 0.000000000000000000e+00 0.000000000000000000e+00 4.466872623064627179e-01 0.000000000000000000e+00 0.000000000000000000e+00 1.000000000000000000e+00
7.932775569082291867e+00 1.562913095766124583e+00 -8.382945203577258286e-04 -1.000000000000000000e+00 0.000000000000000000e+00 0.000000000000000000e+00 0.000000000000000000e+00 4.438363444369039512e-01 0.000000000000000000e+00 0.000000000000000000e+00 1.000000000000000000e+00
7.939390791845069018e+00 1.561610852488469980e+00 -9.504355012671161567e-04 -1.000000000000000000e+00 0.000000000000000000e+00 0.000000000000000000e+00 0.000000000000000000e+00 4.385941033670718303e-01 0.000000000000000000e+00 0.000000000000000000e+00 1.000000000000000000e+00
7.946011531109834714e+00 1.560309694259983226e+00 -1.036662960255655633e-03 -1.000000000000000000e+00 0.000000000000000000e+00 0.000000000000000000e+00 0.000000000000000000e+00 4.361825278918054494e-01 0.000000000000000000e+00 0.000000000000000000e+00 1.000000000000000000e+00
7.952637791476856677e+00 1.559009620176584621e+00 -1.232761700393749478e-03 -1.000000000000000000e+00 0.000000000000000000e+00 0.000000000000000000e+00 0.000000000000000000e+00 4.227290715929324372e-01 0.000000000000000000e+00 0.000000000000000000e+00 1.000000000000000000e+00
7.959269577550237784e+00 1.557710629334948083e+00 -1.505302173052211478e-03 -1.000000000000000000e+00 0.000000000000000000e+00 0.000000000000000000e+00 0.000000000000000000e+00 4.234358635915243529e-01 0.000000000000000000e+00 0.000000000000000000e+00 1.000000000000000000e+00
7.965906893937922284e+00 1.556412720832499597e+00 -1.839072237971460435e-03 -1.000000000000000000e+00 0.000000000000000000e+00 0.000000000000000000e+00 0.000000000000000000e+00 4.124447647044395815e-01 0.000000000000000000e+00 0.000000000000000000e+00 1.000000000000000000e+00
7.972549745251694908e+00 1.555115893767417656e+00 -2.239391032538064989e-03 -1.000000000000000000e+00 0.000000000000000000e+00 0.000000000000000000e+00 0.000000000000000000e+00 4.127032851378312217e-01 0.000000000000000000e+00 0.000000000000000000e+00 1.000000000000000000e+00
7.979198136107187977e+00 1.553820147238631932e+00 -2.381949919514421594e-03 -1.000000000000000000e+00 0.000000000000000000e+00 0.000000000000000000e+00 0.000000000000000000e+00 4.055090905359201581e-01 0.000000000000000000e+00 0.000000000000000000e+00 1.000000000000000000e+00
7.985852071123881402e+00 1.552525480345822828e+00 -2.820023374381792122e-03 -1.000000000000000000e+00 0.000000000000000000e+00 0.000000000000000000e+00 0.000000000000000000e+00 4.320424933168429682e-01 0.000000000000000000e+00 0.000000000000000000e+00 1.000000000000000000e+00
7.992511554925108008e+00 1.551231892189421036e+00 -2.764786903666817570e-03 -1.000000000000000000e+00 0.000000000000000000e+00 0.000000000000000000e+00 0.000000000000000000e+00 3.693338115195450855e-01 0.000000000000000000e+00 0.000000000000000000e+00 1.000000000000000000e+00
7.999176592138056208e+00 1.549939381870606869e+00 -2.534936646931570167e-03 -1.000000000000000000e+00 0.000000000000000000e+00 0.000000000000000000e+00 0.000000000000000000e+00 3.933105463402102875e-01 0.000000000000000000e+00 0.000000000000000000e+00 1.000000000000000000e+00
