# OBJ_NAME=4U 1728-34
#         GRID_START=6.00
#         GRID_END=8.00
#         GRID_STEP_FRACTION=0.50
#         XSPEC_FITSTAT=cstat
#         XSPEC_CONTINUUM_MODEL=tbabs*(bbodyrad + pow)*constant
#         XSPEC_LINE_MODEL=gauss
#         LINE_VELOCITY_WIDTH=500
#         INPUT_FILE=/home/simon/Downloads/tgcat/obs_6567_tgid_5045/pm_heg_abs1.pha
#         SEARCH_MODE=Sliding window
#         FIT_REGION_WIDTH=30.00
#         RUNTIME=201
#         COLUMN_NAMES=ENERGY,WAVELENGTH,NORM,NORM_SIGN,NORM_ERR_LO,NORM_ERR_HI,DELTA_FITSTAT,CONSTANT_FACTOR,CONSTANT_FACTOR_ERR_LO,CONSTANT_FACTOR_ERR_HI,FIT_ERR
6.000000000000000000e+00 2.066373137115381287e+00 -2.036326457404812328e-06 -1.000000000000000000e+00 -3.260342779642237031e-05 2.885772862329414747e-05 4.910096412913844688e-03 1.020028086047382931e+00 1.016638222500803490e+00 1.023428992029532303e+00 0.000000000000000000e+00
6.005003461427972589e+00 2.064651403172383937e+00 -6.945312817002671152e-06 -1.000000000000000000e+00 -3.753176795999892107e-05 2.396845180906604245e-05 5.703351687543545268e-02 1.020950683498796474e+00 1.017533774046875061e+00 1.024378694232355169e+00 0.000000000000000000e+00
6.010011095293655181e+00 2.062931103804642063e+00 -6.834830563505646683e-06 -1.000000000000000000e+00 -3.742341336460808373e-05 2.408154192597642326e-05 5.514084773767535808e-02 1.020238834749862100e+00 1.016844256726774365e+00 1.023644507983850316e+00 0.000000000000000000e+00
6.015022905076486737e+00 2.061212237816845594e+00 -9.749563060535988945e-06 -1.000000000000000000e+00 -4.035495515088522399e-05 2.118396963930531095e-05 1.119948483906227921e-01 1.020419711056628209e+00 1.017019520981423897e+00 1.023830942266477306e+00 0.000000000000000000e+00
6.020038894258807005e+00 2.059494804014679215e+00 -1.515951364148798681e-05 -1.000000000000000000e+00 -4.577820675875221020e-05 1.578698369906934580e-05 2.705132389551181404e-01 1.021125612756455636e+00 1.017698591917247652e+00 1.024563858330413746e+00 0.000000000000000000e+00
6.025059066325860080e+00 2.057778801204824592e+00 -1.943935772007685523e-05 -1.000000000000000000e+00 -5.004163307052825497e-05 1.149292314647831824e-05 4.447081585581145191e-01 1.020931655011830363e+00 1.017499801090658407e+00 1.024374744838221440e+00 0.000000000000000000e+00
6.030083424765796174e+00 2.056064228194956822e+00 -2.714076912892066220e-05 -1.000000000000000000e+00 -5.769813598789072978e-05 3.747348674654148149e-06 8.663092257115749817e-01 1.021244058464630511e+00 1.017833044691450528e+00 1.024666267793130636e+00 0.000000000000000000e+00
6.035111973069674285e+00 2.054351083793744426e+00 -3.916943019025110820e-05 -1.000000000000000000e+00 -6.971849521932312163e-05 -8.289441310054527666e-06 1.802118108336344449e+00 1.022256569911441426e+00 1.018818073673886992e+00 1.025706369720054134e+00 0.000000000000000000e+00
6.040144714731465747e+00 2.052639366810848021e+00 -5.104251410480792963e-05 -1.000000000000000000e+00 -8.156225336369030089e-05 -2.019034426945058174e-05 3.056832450187357608e+00 1.022441679025779315e+00 1.018997496563259331e+00 1.025897159909808121e+00 0.000000000000000000e+00
6.045181653248054232e+00 2.050929076056921652e+00 -6.625981109433216421e-05 -1.000000000000000000e+00 -9.673350132177781571e-05 -3.545109652063832762e-05 5.138727170795391430e+00 1.023330526948791341e+00 1.019906130634932628e+00 1.026766167119322226e+00 0.000000000000000000e+00
6.050222792119239301e+00 2.049220210343609683e+00 -8.116486955545285434e-05 -1.000000000000000000e+00 -1.116772199000375728e-04 -5.031598216865862698e-05 7.674356524252743839e+00 1.024295047152861127e+00 1.020842517252163795e+00 1.027758975979423006e+00 0.000000000000000000e+00
6.055268134847740846e+00 2.047512768483544576e+00 -9.011219257157762857e-05 -1.000000000000000000e+00 -1.206940921385205208e-04 -5.919296841084671716e-05 9.401517246189541765e+00 1.024351399769527715e+00 1.020892392272875870e+00 1.027821940653699473e+00 0.000000000000000000e+00
6.060317684939197314e+00 2.045806749290351334e+00 -9.063207622440796595e-05 -1.000000000000000000e+00 -1.212992370783948714e-04 -5.962692543783819989e-05 9.461394130377811962e+00 1.023724614566564384e+00 1.020260115417095603e+00 1.027200470582819936e+00 0.000000000000000000e+00
6.065371445902172809e+00 2.044102151578641724e+00 -8.397090056139952508e-05 -1.000000000000000000e+00 -1.146961521585799533e-04 -5.290666413750604220e-05 8.101708081642300385e+00 1.023479295261841893e+00 1.020015719232242990e+00 1.026954224184018827e+00 0.000000000000000000e+00
6.070429421248155322e+00 2.042398974164015168e+00 -6.839525171025795467e-05 -1.000000000000000000e+00 -9.917112010751383570e-05 -3.728069273977518630e-05 5.376542449256703549e+00 1.022759020096210447e+00 1.019291441804766052e+00 1.026238060016881004e+00 0.000000000000000000e+00
6.075491614491562942e+00 2.040697215863058300e+00 -5.204011523834569069e-05 -1.000000000000000000e+00 -8.286100446579277158e-05 -2.087998363392843304e-05 3.114668896599141590e+00 1.023278373700325039e+00 1.019804832141840922e+00 1.026763453788940073e+00 0.000000000000000000e+00
6.080558029149742971e+00 2.038996875493343186e+00 -3.230739294134177161e-05 -1.000000000000000000e+00 -6.318243791271613199e-05 -1.093797716161719964e-06 1.201294984974083491e+00 1.022570795529540444e+00 1.019099508709796265e+00 1.026053616325778517e+00 0.000000000000000000e+00
6.085628668742976366e+00 2.037297951873428659e+00 -1.872759337317091648e-05 -1.000000000000000000e+00 -4.965780893225229446e-05 1.254087627930677807e-05 4.035062764919530309e-01 1.022466994851830124e+00 1.018990326935365065e+00 1.025955228090241977e+00 0.000000000000000000e+00
6.090703536794479511e+00 2.035600443822857208e+00 -1.489361450900665770e-05 -1.000000000000000000e+00 -4.586732758588363073e-05 1.641904677224760773e-05 2.547303808528340596e-01 1.023218502012313680e+00 1.019734672272748499e+00 1.026713825879646436e+00 0.000000000000000000e+00
6.095782636830406886e+00 2.033904350162153651e+00 -1.820968343992306101e-05 -1.000000000000000000e+00 -4.924805797993306994e-05 1.316875057833159402e-05 3.794704734855258721e-01 1.023643678548352032e+00 1.020131827291131721e+00 1.027167421613573106e+00 0.000000000000000000e+00
6.100865972379854618e+00 2.032209669712826461e+00 -2.981430277061864812e-05 -1.000000000000000000e+00 -6.087710394683370487e-05 1.590160865365644914e-06 1.011600559958424128e+00 1.024649939293719392e+00 1.021157387923822935e+00 1.028154215294518226e+00 0.000000000000000000e+00
6.105953546974859592e+00 2.030516401297367324e+00 -4.282388399384572081e-05 -1.000000000000000000e+00 -7.396063243633077989e-05 -1.134437540341278117e-05 2.074419168652184453e+00 1.024927609045955812e+00 1.021406476434025601e+00 1.028460532466878297e+00 0.000000000000000000e+00
6.111045364150406556e+00 2.028824543739246700e+00 -5.818692918096385547e-05 -1.000000000000000000e+00 -8.935982462026072974e-05 -2.666936836151529322e-05 3.808051847129263479e+00 1.026186549190777342e+00 1.022656708147049898e+00 1.029728126713974623e+00 0.000000000000000000e+00
6.116141427444425460e+00 2.027134095862917373e+00 -6.866112390101725236e-05 -1.000000000000000000e+00 -9.983733529795029305e-05 -3.713759493701048429e-05 5.279274934943714470e+00 1.027145539244191053e+00 1.023635870785187585e+00 1.030666916961744617e+00 0.000000000000000000e+00
6.121241740397799447e+00 2.025445056493809570e+00 -7.007663116725861962e-05 -1.000000000000000000e+00 -1.013250175466040993e-04 -3.847965871127476399e-05 5.479219837849996111e+00 1.027122199045942486e+00 1.023585086210715867e+00 1.030671095076651778e+00 0.000000000000000000e+00
6.126346306554362187e+00 2.023757424458334508e+00 -6.519889705890031498e-05 -1.000000000000000000e+00 -9.652943696830776658e-05 -3.351898297420511145e-05 4.724262652840025112e+00 1.027280197922239013e+00 1.023736760943692259e+00 1.030835626823366269e+00 0.000000000000000000e+00
6.131455129460903208e+00 2.022071198583879958e+00 -5.406155778867947865e-05 -1.000000000000000000e+00 -8.548896407146552748e-05 -2.228480772315687201e-05 3.237255343926335627e+00 1.027327302129395159e+00 1.023777559249915869e+00 1.030888988457540512e+00 0.000000000000000000e+00
6.136568212667169675e+00 2.020386377698810687e+00 -3.715857325008446488e-05 -1.000000000000000000e+00 -6.866768686813808933e-05 -5.299863801966307199e-06 1.527060999015702691e+00 1.026714201910505997e+00 1.023166238890728996e+00 1.030274181698755287e+00 0.000000000000000000e+00
6.141685559725869936e+00 2.018702960632467569e+00 -2.020868246283023996e-05 -1.000000000000000000e+00 -5.178667863501665324e-05 1.171923932458989777e-05 4.515137943794798048e-01 1.026456715560636335e+00 1.022903060408099529e+00 1.030022284375930797e+00 0.000000000000000000e+00
6.146807174192673529e+00 2.017020946215167587e+00 -3.352869174149222324e-07 -1.000000000000000000e+00 -3.198837072071941462e-05 3.166780643231837078e-05 1.243417150362802204e-04 1.024619328916233973e+00 1.021062436976365229e+00 1.028188260637620477e+00 0.000000000000000000e+00
6.151933059626216505e+00 2.015340333278202056e+00 1.217058177243486877e-05 1.000000000000000000e+00 -1.955304375060281844e-05 4.424408410336013223e-05 1.635335238156585547e-01 1.024167485477915918e+00 1.020611653489862825e+00 1.027735463321854725e+00 0.000000000000000000e+00
6.157063219588101433e+00 2.013661120653835290e+00 2.120797521906546046e-05 1.000000000000000000e+00 -1.060076046903367196e-05 5.336667832367240905e-05 4.952303152335844061e-01 1.023545381951074251e+00 1.019983481907527079e+00 1.027119410558370527e+00 0.000000000000000000e+00
6.162197657642900950e+00 2.011983307175305935e+00 2.310665776502469714e-05 1.000000000000000000e+00 -8.779227384336981012e-06 5.534325050266525060e-05 5.855525457136536716e-01 1.024238949692608536e+00 1.020668711063043688e+00 1.027821293965515803e+00 0.000000000000000000e+00
6.167336377358160426e+00 2.010306891676824304e+00 2.514299974813924207e-05 1.000000000000000000e+00 -6.841669013608439229e-06 5.747992476651254924e-05 6.905586629500248819e-01 1.024200154088513948e+00 1.020601004707868409e+00 1.027811730099249976e+00 0.000000000000000000e+00
6.172479382304400630e+00 2.008631872993570600e+00 2.476855935891327735e-05 1.000000000000000000e+00 -7.264840691218463138e-06 5.715496752214002354e-05 6.671411127115334239e-01 1.024879177793845519e+00 1.021300702192285303e+00 1.028469756935891821e+00 0.000000000000000000e+00
6.177626676055119503e+00 2.006958249961698471e+00 2.731680852839994645e-05 1.000000000000000000e+00 -4.813767949343391461e-06 5.980084398223300837e-05 8.083410378474127356e-01 1.024844074822150786e+00 1.021236791368441477e+00 1.028463653259561905e+00 0.000000000000000000e+00
6.182778262186794827e+00 2.005286021418328790e+00 2.882732142655460638e-05 1.000000000000000000e+00 -3.359787707302301808e-06 6.136842241334337109e-05 8.974599021601079585e-01 1.025578575411443039e+00 1.021963436547589366e+00 1.029206192781207507e+00 0.000000000000000000e+00
6.187934144278887771e+00 2.003615186201552323e+00 3.367497222055950074e-05 1.000000000000000000e+00 1.480448706542116031e-06 6.622439437373194883e-05 1.223380485937013873e+00 1.025306200006360635e+00 1.021714289404998643e+00 1.028910388215643179e+00 0.000000000000000000e+00
6.193094325913842901e+00 2.001945743150427948e+00 3.826233568989163576e-05 1.000000000000000000e+00 6.037070375642504961e-06 7.084286437502207608e-05 1.579875451107909612e+00 1.024707530441908210e+00 1.021088510230197421e+00 1.028338987255430714e+00 0.000000000000000000e+00
6.198258810677093500e+00 2.000277691104981770e+00 4.137745435809318936e-05 1.000000000000000000e+00 9.154575114323691655e-06 7.395616256435659692e-05 1.849095995944480819e+00 1.023526694367664414e+00 1.019903303048964149e+00 1.027162507456486074e+00 0.000000000000000000e+00
6.203427602157062459e+00 1.998611028906206677e+00 3.575518595428374923e-05 1.000000000000000000e+00 3.575765423469424141e-06 6.829136921455972371e-05 1.380268051243774607e+00 1.023741622458046230e+00 1.020140761560762277e+00 1.027354920249549108e+00 0.000000000000000000e+00
6.208600703945164057e+00 1.996945755396060118e+00 2.449904973368008897e-05 1.000000000000000000e+00 -7.680025918876966614e-06 5.703549941235813280e-05 6.471820264182497340e-01 1.024040473966343567e+00 1.020410411172336662e+00 1.027683141118721277e+00 0.000000000000000000e+00
6.213778119635809283e+00 1.995281869417466547e+00 9.135273965202862610e-06 1.000000000000000000e+00 -2.301753850856010455e-05 4.164667881918276352e-05 8.981745330993362586e-02 1.024066629663819228e+00 1.020429422007995468e+00 1.027716405412995471e+00 0.000000000000000000e+00
6.218959852826404955e+00 1.993619369814312314e+00 -1.129729174850264582e-05 -1.000000000000000000e+00 -4.341256885855271477e-05 2.117821377871978292e-05 1.370451419668370363e-01 1.024742516728723407e+00 1.021097076608350696e+00 1.028400571702136501e+00 0.000000000000000000e+00
6.224145907117359044e+00 1.991958255431448777e+00 -3.265115577894127673e-05 -1.000000000000000000e+00 -6.472271529365283523e-05 -2.172858667147685354e-07 1.141705245199091223e+00 1.025525868870752477e+00 1.021879509845601719e+00 1.029184884840778968e+00 0.000000000000000000e+00
6.229336286112081567e+00 1.990298525114688521e+00 -5.233131618960731082e-05 -1.000000000000000000e+00 -8.438489634491548358e-05 -1.991336249633236653e-05 2.922692765256670100e+00 1.026570980171144676e+00 1.022915644064723573e+00 1.030239079055418117e+00 0.000000000000000000e+00
6.234530993416986355e+00 1.988640177710806478e+00 -6.584042156276452085e-05 -1.000000000000000000e+00 -9.793448557352400405e-05 -3.338060303967789477e-05 4.607060654641145447e+00 1.027329028208238126e+00 1.023642436971735847e+00 1.031028623970706048e+00 0.000000000000000000e+00
6.239730032641496393e+00 1.986983212067538140e+00 -6.923381095775902716e-05 -1.000000000000000000e+00 -1.013546784641605367e-04 -3.674606904319505394e-05 5.073890912752403892e+00 1.027180556906565290e+00 1.023517117362644502e+00 1.030856820734771251e+00 0.000000000000000000e+00
6.244933407398043812e+00 1.985327627033580011e+00 -6.831805133214032618e-05 -1.000000000000000000e+00 -1.004929854613355669e-04 -3.577615862267321482e-05 4.925238460538821528e+00 1.028358453468018796e+00 1.024686047138176903e+00 1.032043652538668033e+00 0.000000000000000000e+00
6.250141121302072555e+00 1.983673421458586272e+00 -5.618403585877701690e-05 -1.000000000000000000e+00 -8.842579241138544504e-05 -2.357527274835468072e-05 3.330454312267647765e+00 1.027932739899948711e+00 1.024232047617543939e+00 1.031646440434095702e+00 0.000000000000000000e+00
6.255353177972041934e+00 1.982020594193170782e+00 -4.021188662290026589e-05 -1.000000000000000000e+00 -7.246057699961533100e-05 -7.595003578862430502e-06 1.708008418778263149e+00 1.027270714800174067e+00 1.023595376229327059e+00 1.030958818742750971e+00 0.000000000000000000e+00
6.260569581029430175e+00 1.980369144088905076e+00 -2.490118953912573863e-05 -1.000000000000000000e+00 -5.720633583419847080e-05 7.772905605084682592e-06 6.549187470402557665e-01 1.026539671644769003e+00 1.022859215143711475e+00 1.030233004861040191e+00 0.000000000000000000e+00
6.265790334098732650e+00 1.978719069998317037e+00 -1.098847314013023332e-05 -1.000000000000000000e+00 -4.341646232596167265e-05 2.180856913029677612e-05 1.271798629798013280e-01 1.024942742406845797e+00 1.021235253562635226e+00 1.028663328627152485e+00 0.000000000000000000e+00
6.271015440807469865e+00 1.977070370774890451e+00 -6.581926216055079854e-06 -1.000000000000000000e+00 -3.913368924440564892e-05 2.633953825920030969e-05 4.535582530706960824e-02 1.024947987959633267e+00 1.021232547981252070e+00 1.028676535696489758e+00 0.000000000000000000e+00
6.276244904786186574e+00 1.975423045273065226e+00 -6.140117615498863374e-06 -1.000000000000000000e+00 -3.881236425512942331e-05 2.690347071750986849e-05 3.918774132216640282e-02 1.024930847809292445e+00 1.021215181477500789e+00 1.028659705216286691e+00 0.000000000000000000e+00
6.281478729668454442e+00 1.973777092348234952e+00 -4.276910896200391274e-06 -1.000000000000000000e+00 -3.706519959828218232e-05 2.888450246692962587e-05 1.890091768041202158e-02 1.023790718063120719e+00 1.020068821445564877e+00 1.027525764435710087e+00 0.000000000000000000e+00
6.286716919090875599e+00 1.972132510856748011e+00 -3.627735744449931274e-06 -1.000000000000000000e+00 -3.649820884826827114e-05 2.961710183548602892e-05 1.353582847286816104e-02 1.023262996649297429e+00 1.019534376990410385e+00 1.027004954974731987e+00 0.000000000000000000e+00
6.291959476693084419e+00 1.970489299655904469e+00 -2.422012073677708437e-06 -1.000000000000000000e+00 -3.533137829577376625e-05 3.086287461176758217e-05 6.019411135184782324e-03 1.023218045602467097e+00 1.019490128867082568e+00 1.026959173426248650e+00 0.000000000000000000e+00
6.297206406117751065e+00 1.968847457603957185e+00 1.280289182892598644e-06 1.000000000000000000e+00 -3.165699090201446364e-05 3.459445347843905248e-05 1.680595622929104138e-03 1.022989320356685106e+00 1.019254862989398491e+00 1.026737082768118592e+00 0.000000000000000000e+00
6.302457711010582386e+00 1.967206983560110700e+00 4.582365868078590063e-06 1.000000000000000000e+00 -2.838524354170507278e-05 3.792799095297076780e-05 2.149791081455987296e-02 1.023211921795398993e+00 1.019469972965902915e+00 1.026967173712114212e+00 0.000000000000000000e+00
6.307713395020327241e+00 1.965567876384518575e+00 8.501439354985975007e-06 1.000000000000000000e+00 -2.451256572356819225e-05 4.189408804401441007e-05 7.383741643229768670e-02 1.023067288704615940e+00 1.019326359381682146e+00 1.026821544190632318e+00 0.000000000000000000e+00
6.312973461798775610e+00 1.963930134938285832e+00 1.050115300570499063e-05 1.000000000000000000e+00 -2.258142273980951354e-05 4.396277391344059944e-05 1.122715795713702391e-01 1.023100421472427524e+00 1.019351758789180051e+00 1.026862532183100862e+00 0.000000000000000000e+00
6.318237915000763039e+00 1.962293758083465844e+00 1.060488256425382333e-05 1.000000000000000000e+00 -2.256524074712286813e-05 4.415474866921187549e-05 1.140744197925869230e-01 1.023209057213887219e+00 1.019429027042050517e+00 1.027002647268287383e+00 0.000000000000000000e+00
6.323506758284172413e+00 1.960658744683059451e+00 8.550867212073557839e-06 1.000000000000000000e+00 -2.464296711319145637e-05 4.212637403248791407e-05 7.390589519468448998e-02 1.023620868371457826e+00 1.019863894628445511e+00 1.027391218235752302e+00 0.000000000000000000e+00
6.328779995309938400e+00 1.959025093601015399e+00 8.782649740826201868e-06 1.000000000000000000e+00 -2.446978798442205570e-05 4.241840306533800923e-05 7.771837566042449907e-02 1.023080861729721569e+00 1.019317062368104043e+00 1.026858098430519117e+00 0.000000000000000000e+00
6.334057629742047446e+00 1.957392803702229900e+00 5.692004954650258577e-06 1.000000000000000000e+00 -2.764597186198475582e-05 3.941430029740528181e-05 3.250055286844144575e-02 1.023889507859764958e+00 1.020092973241363277e+00 1.027699705933869723e+00 0.000000000000000000e+00
6.339339665247542221e+00 1.955761873852543076e+00 5.362868360716609711e-06 1.000000000000000000e+00 -2.802642056203334147e-05 3.913785448384675880e-05 2.871902202218734601e-02 1.024301826574111507e+00 1.020528246950073603e+00 1.028088880915249526e+00 0.000000000000000000e+00
6.344626105496522506e+00 1.954132302918741848e+00 9.524285657095917564e-06 1.000000000000000000e+00 -2.395962301491918740e-05 4.339513959058145131e-05 9.018702942125855770e-02 1.024016900631339988e+00 1.020235784065358642e+00 1.027811496874410091e+00 0.000000000000000000e+00
6.349916954162148741e+00 1.952504089768555939e+00 1.769542313355479808e-05 1.000000000000000000e+00 -1.590944297884110153e-05 5.168797963468957975e-05 3.101729424372479116e-01 1.023353463266405861e+00 1.019542296262868630e+00 1.027178556837775592e+00 0.000000000000000000e+00
6.355212214920644698e+00 1.950877233270659206e+00 2.239044858858795482e-05 1.000000000000000000e+00 -1.129843711679251925e-05 5.646783154138420479e-05 4.946978355717419618e-01 1.024823328701834013e+00 1.021001641533955340e+00 1.028658857375530422e+00 0.000000000000000000e+00
6.360511891451300137e+00 1.949251732294668749e+00 3.449702835290386520e-05 1.000000000000000000e+00 7.223686010805434993e-07 6.866103750015039035e-05 1.171207207212319190e+00 1.024372401283511591e+00 1.020552362326213602e+00 1.028206354641639786e+00 0.000000000000000000e+00
6.365815987436472589e+00 1.947627585711142251e+00 4.782963807706383432e-05 1.000000000000000000e+00 1.396009470349933050e-05 8.208941038316846692e-05 2.246105205589856268e+00 1.023670619949223370e+00 1.019844054419964952e+00 1.027511170292105369e+00 0.000000000000000000e+00
6.371124506561590906e+00 1.946004792391578420e+00 5.823249763359319455e-05 1.000000000000000000e+00 2.427337831166520056e-05 9.258201449746483573e-05 3.320221702946355435e+00 1.023637875042105350e+00 1.019803466659083613e+00 1.027486266704427553e+00 0.000000000000000000e+00
6.376437452515156146e+00 1.944383351208418098e+00 6.723061990543571819e-05 1.000000000000000000e+00 3.319211434433196636e-05 1.016604425416788113e-04 4.412662835364471903e+00 1.023306917893701762e+00 1.019473754457177472e+00 1.027154045791274450e+00 0.000000000000000000e+00
6.381754828988746020e+00 1.942763261035039601e+00 6.771808737272293926e-05 1.000000000000000000e+00 3.360733964216036250e-05 1.022212019555943064e-04 4.458916757172573853e+00 1.024838298174708839e+00 1.020994385369832669e+00 1.028696372040724283e+00 0.000000000000000000e+00
6.387076639677015777e+00 1.941144520745761159e+00 6.709484117164249103e-05 1.000000000000000000e+00 3.291586153423650159e-05 1.016671220997385103e-04 4.359832198518006408e+00 1.025541990332863307e+00 1.021688557138820563e+00 1.029409588592464120e+00 0.000000000000000000e+00
6.392402888277703532e+00 1.939527129215838475e+00 6.466261431442568903e-05 1.000000000000000000e+00 3.043943304548843627e-05 9.928017711065080975e-05 4.035391064098348579e+00 1.025640728394482393e+00 1.021787705651109102e+00 1.029507898807379362e+00 0.000000000000000000e+00
6.397733578491629380e+00 1.937911085321463833e+00 5.908260511687591282e-05 1.000000000000000000e+00 2.483336621417740232e-05 9.372777055426424080e-05 3.359833027812328510e+00 1.025649608068535779e+00 1.021788495053602919e+00 1.029524936822178161e+00 0.000000000000000000e+00
6.403068714022700725e+00 1.936296387939767438e+00 4.970612203376392779e-05 1.000000000000000000e+00 1.543205354115827991e-05 8.437771207575562801e-05 2.372702874941523987e+00 1.025920687951574095e+00 1.022026921021966128e+00 1.029828847157677529e+00 0.000000000000000000e+00
6.408408298577912277e+00 1.934683035948813856e+00 3.535594520968065593e-05 1.000000000000000000e+00 1.123646288585056577e-06 6.998809496992423982e-05 1.197201260727524641e+00 1.027089992008282548e+00 1.023218843990446381e+00 1.030975218845536556e+00 0.000000000000000000e+00
6.413752335867351384e+00 1.933071028227602239e+00 2.008745778756885190e-05 1.000000000000000000e+00 -1.414412217167738907e-05 5.472049478405644325e-05 3.851547859010224784e-01 1.028147625955843081e+00 1.024266181903145778e+00 1.032043361062513487e+00 0.000000000000000000e+00
6.419100829604198033e+00 1.931460363656067436e+00 9.245979665731479338e-06 1.000000000000000000e+00 -2.503300472925349703e-05 4.392828004775223066e-05 8.130696237162737816e-02 1.027857489515738854e+00 1.023943632346188792e+00 1.031785968691204758e+00 0.000000000000000000e+00
6.424453783504729287e+00 1.929851041115075327e+00 -2.102457020385254444e-06 -1.000000000000000000e+00 -3.638851206831896548e-05 3.258893878798171966e-05 4.184897690038269502e-03 1.028714533100230977e+00 1.024823391086430169e+00 1.032620068970161453e+00 0.000000000000000000e+00
6.429811201288321953e+00 1.928243059486426159e+00 -7.723156499799812427e-06 -1.000000000000000000e+00 -4.209496071413246129e-05 2.705504775328884930e-05 5.620969271308240423e-02 1.029351478517260388e+00 1.025426007521266447e+00 1.033291647552644354e+00 0.000000000000000000e+00
6.435173086677453469e+00 1.926636417652850763e+00 -7.775770595193066238e-06 -1.000000000000000000e+00 -4.221932313124977489e-05 2.707528327187670343e-05 5.674942409041250357e-02 1.030325957147625537e+00 1.026389804610621015e+00 1.034276773853479492e+00 0.000000000000000000e+00
6.440539443397706343e+00 1.925031114498011453e+00 2.387668564550404892e-06 1.000000000000000000e+00 -3.209630829549935111e-05 3.727909823237252654e-05 5.341575982583890436e-03 1.029984496685542705e+00 1.026074241484961735e+00 1.033909208622221909e+00 0.000000000000000000e+00
6.445910275177769044e+00 1.923427148906499795e+00 1.659054852028589273e-05 1.000000000000000000e+00 -1.797011893333225045e-05 5.155879404986760312e-05 2.578881586591705855e-01 1.029712408224144671e+00 1.025770628906189197e+00 1.033668865242927337e+00 0.000000000000000000e+00
6.451285585749439555e+00 1.921824519763838390e+00 2.856321008639408962e-05 1.000000000000000000e+00 -6.035416208149507441e-06 6.356993087880193917e-05 7.645512970175332157e-01 1.030451293649591538e+00 1.026500613888714053e+00 1.034416760425760806e+00 0.000000000000000000e+00
6.456665378847628034e+00 1.920223225956476210e+00 4.089177247571493707e-05 1.000000000000000000e+00 6.247958258943240781e-06 7.594439736647128742e-05 1.566231586148433053e+00 1.029989191441571750e+00 1.026040937436200062e+00 1.033952280728883455e+00 0.000000000000000000e+00
6.462049658210359482e+00 1.918623266371792813e+00 4.505554655852887184e-05 1.000000000000000000e+00 1.034265786918815868e-05 8.017807353282196579e-05 1.895788614571529251e+00 1.030299818080617547e+00 1.026342365016005953e+00 1.034272051208346754e+00 0.000000000000000000e+00
6.467438427578775517e+00 1.917024639898092353e+00 4.159045174387810393e-05 1.000000000000000000e+00 6.796567457464529251e-06 7.679520545299535462e-05 1.607094613445724463e+00 1.030809850974632180e+00 1.026842298792865815e+00 1.034792316649899124e+00 0.000000000000000000e+00
6.472831690697137930e+00 1.915427345424606687e+00 3.221479894128525417e-05 1.000000000000000000e+00 -2.644879673000814140e-06 6.748710894700251490e-05 9.584125164858505741e-01 1.031168595845316505e+00 1.027200341161665698e+00 1.035151628280140956e+00 0.000000000000000000e+00
6.478229451312831344e+00 1.913831381841492263e+00 1.935952455031118234e-05 1.000000000000000000e+00 -1.555016202901538636e-05 5.468394934813082666e-05 3.442669591083813430e-01 1.031301868369714159e+00 1.027323949193089891e+00 1.035294825539545993e+00 0.000000000000000000e+00
6.483631713176364109e+00 1.912236748039830792e+00 3.084034776626318583e-06 1.000000000000000000e+00 -3.183903500872860710e-05 3.842428714143462926e-05 8.698287250808789395e-03 1.032191836649619887e+00 1.028202841380599253e+00 1.036195858565708949e+00 0.000000000000000000e+00
6.489038480041373624e+00 1.910643442911627687e+00 -1.063394490346008023e-05 -1.000000000000000000e+00 -4.554476351319684943e-05 2.469662097706993122e-05 1.031154970883108035e-01 1.032708991748516159e+00 1.028719801238433096e+00 1.036713214607004385e+00 0.000000000000000000e+00
6.494449755664626345e+00 1.909051465349812737e+00 -1.920191951788314904e-05 -1.000000000000000000e+00 -5.412020376564665271e-05 1.613808681958066592e-05 3.354231204614279704e-01 1.032624053715524681e+00 1.028625842655819245e+00 1.036637234860570578e+00 0.000000000000000000e+00
6.499865543806021329e+00 1.907460814248235881e+00 -2.372034382789178973e-05 -1.000000000000000000e+00 -5.869376651986058012e-05 1.167585436874063370e-05 5.104564019329700386e-01 1.032674575335458700e+00 1.028641994851149155e+00 1.036722324238201542e+00 0.000000000000000000e+00
6.505285848228594681e+00 1.905871488501671207e+00 -2.331923588153306102e-05 -1.000000000000000000e+00 -5.831768601218865577e-05 1.210348913968090344e-05 4.917857513978560746e-01 1.032663998307181474e+00 1.028657367892980234e+00 1.036685723296868478e+00 0.000000000000000000e+00
6.510710672698518664e+00 1.904283487005811404e+00 -2.023015982420293875e-05 -1.000000000000000000e+00 -5.530554786574457882e-05 1.527056705879034664e-05 3.688214537523890613e-01 1.033270811656226806e+00 1.029253770802504242e+00 1.037303068499672909e+00 0.000000000000000000e+00
6.516140020985107917e+00 1.902696808657271088e+00 -1.062059301242884523e-05 -1.000000000000000000e+00 -4.581592843502232471e-05 2.500057271535355345e-05 1.013407758034645667e-01 1.032880539267326370e+00 1.028829735868885153e+00 1.036946888579447723e+00 0.000000000000000000e+00
6.521573896860818564e+00 1.901111452353583031e+00 -6.318896145380332685e-07 -1.000000000000000000e+00 -3.588480624019314179e-05 3.504752065662784268e-05 3.578359683160670102e-04 1.033120356706356491e+00 1.029095184683767261e+00 1.037160773170690664e+00 0.000000000000000000e+00
6.527012304101254436e+00 1.899527416993199491e+00 1.284815117322567402e-05 1.000000000000000000e+00 -2.251344062253668649e-05 4.863629550063413448e-05 1.476567229115062219e-01 1.032215964250084550e+00 1.028158294382915727e+00 1.036289224895829753e+00 0.000000000000000000e+00
6.532455246485166178e+00 1.897944701475490215e+00 2.508962799532309172e-05 1.000000000000000000e+00 -1.034126601594807768e-05 6.094818021766668358e-05 5.624422898345073918e-01 1.031013397418645061e+00 1.026948775831646898e+00 1.035093636069284173e+00 0.000000000000000000e+00
6.537902727794456581e+00 1.896363304700741548e+00 3.196454222083358181e-05 1.000000000000000000e+00 -3.491848701389810197e-06 6.785046049735985818e-05 9.113126114277747547e-01 1.030241083837487803e+00 1.026204161216860866e+00 1.034293383076553274e+00 0.000000000000000000e+00
6.543354751814182357e+00 1.894783225570156437e+00 3.199771904542429555e-05 1.000000000000000000e+00 -3.540974778376103219e-06 6.796686353569296370e-05 9.103483467883961566e-01 1.029985089382183361e+00 1.025913769759048355e+00 1.034071983268837425e+00 0.000000000000000000e+00
6.548811322332555918e+00 1.893204462985853986e+00 2.346652727308279901e-05 1.000000000000000000e+00 -1.212443681966793562e-05 5.948931861240873995e-05 4.873551045850490482e-01 1.030802818500321294e+00 1.026719932128719259e+00 1.034901569180854519e+00 0.000000000000000000e+00
6.554272443140948923e+00 1.891627015850867455e+00 1.160634661469721744e-05 1.000000000000000000e+00 -2.401944804793734896e-05 4.766631261408220443e-05 1.186333167302109359e-01 1.031256566653755646e+00 1.027173187828357648e+00 1.035355793597481311e+00 0.000000000000000000e+00
6.559738118033894949e+00 1.890050883069143817e+00 -2.870505415241769181e-06 -1.000000000000000000e+00 -3.852793496900985961e-05 3.322373354398968715e-05 7.222226251542451791e-03 1.031821714878059737e+00 1.027726653738380014e+00 1.035932557534065879e+00 0.000000000000000000e+00
6.565208350809092153e+00 1.888476063545543981e+00 -1.695005959906758245e-05 -1.000000000000000000e+00 -5.263013195736535249e-05 1.916894787814080208e-05 2.507338087457355869e-01 1.032319826792384543e+00 1.028213415714441137e+00 1.036442227919448955e+00 0.000000000000000000e+00
6.570683145267405045e+00 1.886902556185840796e+00 -2.838230563166534176e-05 -1.000000000000000000e+00 -6.406708304927853583e-05 7.743021527823662541e-06 7.006952383630959957e-01 1.032752142255045191e+00 1.028645591537850068e+00 1.036874680083307299e+00 0.000000000000000000e+00
6.576162505212867160e+00 1.885330359896719488e+00 -3.887189415289404117e-05 -1.000000000000000000e+00 -7.455775820881211193e-05 -2.744025137435989381e-06 1.311040447521691021e+00 1.034198744400187886e+00 1.030079353766282013e+00 1.038334099564578672e+00 0.000000000000000000e+00
6.581646434452685490e+00 1.883759473585775446e+00 -4.563349762580562192e-05 -1.000000000000000000e+00 -8.134573401998625988e-05 -9.477875488139196679e-06 1.803546846357676259e+00 1.035826652432687789e+00 1.031668386357590173e+00 1.040001182014435255e+00 0.000000000000000000e+00
6.587134936797241380e+00 1.882189896161514886e+00 -4.482045988208091080e-05 -1.000000000000000000e+00 -8.052797889837981884e-05 -8.667678101999515934e-06 1.737073364449315704e+00 1.036111370884709393e+00 1.031979764767898322e+00 1.040259095444751702e+00 0.000000000000000000e+00
6.592628016060094076e+00 1.880621626533353297e+00 -3.908038860560354602e-05 -1.000000000000000000e+00 -7.485793631284267996e-05 -2.857354195323776568e-06 1.317547565046425007e+00 1.035608340290144813e+00 1.031467418840085637e+00 1.039765432038871174e+00 0.000000000000000000e+00
6.598125676057981615e+00 1.879054663611614329e+00 -3.099351335166711008e-05 -1.000000000000000000e+00 -6.689194472046556010e-05 5.350961270975140328e-06 8.260739249774360360e-01 1.034851671171112208e+00 1.030675671019614770e+00 1.039044130672524213e+00 0.000000000000000000e+00
6.603627920610826152e+00 1.877489006307530905e+00 -2.288440260190716151e-05 -1.000000000000000000e+00 -5.884838792077618619e-05 1.352702273581101735e-05 4.488113312615951145e-01 1.034362443764540007e+00 1.030214092127184511e+00 1.038527048805064634e+00 0.000000000000000000e+00
6.609134753541735741e+00 1.875924653533241671e+00 -1.723643457157545723e-05 -1.000000000000000000e+00 -5.332094196097621083e-05 1.929674375507000288e-05 2.536619062148020021e-01 1.034803525752455933e+00 1.030617648470983916e+00 1.039005887039637921e+00 0.000000000000000000e+00
6.614646178677005217e+00 1.874361604201792542e+00 -8.319731301386281840e-06 -1.000000000000000000e+00 -4.451348704373265434e-05 2.832420134928100692e-05 5.888631980792524701e-02 1.034073446019011300e+00 1.029878112849949456e+00 1.038285301478425682e+00 0.000000000000000000e+00
6.620162199846120643e+00 1.872799857227134490e+00 7.174526881977646358e-07 1.000000000000000000e+00 -3.556043116603219048e-05 3.744655908213323693e-05 4.357708082807221217e-04 1.033221540328374211e+00 1.029054385634615043e+00 1.037404973982404499e+00 0.000000000000000000e+00
6.625682820881761970e+00 1.871239411524124430e+00 3.737299457117374444e-06 1.000000000000000000e+00 -3.267448462326126574e-05 4.060136686851226716e-05 1.177364555178428418e-02 1.034363482812808099e+00 1.030157092784938611e+00 1.038586461151690843e+00 0.000000000000000000e+00
6.631208045619805702e+00 1.869680266008521441e+00 1.210304791494441119e-05 1.000000000000000000e+00 -2.441802080032014446e-05 4.907757984051191341e-05 1.230286752077063284e-01 1.033521539965092773e+00 1.029305791860157360e+00 1.037753995147167041e+00 0.000000000000000000e+00
6.636737877899325788e+00 1.868122419596990769e+00 1.792245485970073233e-05 1.000000000000000000e+00 -1.866953359651981061e-05 5.496923464265886770e-05 2.689857031841711432e-01 1.033298894980541505e+00 1.029084473097354513e+00 1.037529999649151158e+00 0.000000000000000000e+00
6.642272321562598059e+00 1.866565871207098271e+00 2.079303752655033063e-05 1.000000000000000000e+00 -1.585537822806222565e-05 5.789742361892330377e-05 3.612002861100336304e-01 1.033607491151931290e+00 1.029381877057173655e+00 1.037849932261909913e+00 0.000000000000000000e+00
6.647811380455102892e+00 1.865010619757312416e+00 2.201934551195167778e-05 1.000000000000000000e+00 -1.467304876447949119e-05 5.916919341395737150e-05 4.042210267314203520e-01 1.033712817039322607e+00 1.029476447234685343e+00 1.037966241588383909e+00 0.000000000000000000e+00
6.653355058425526991e+00 1.863456664167002952e+00 2.049068187503367270e-05 1.000000000000000000e+00 -1.623366748884991022e-05 5.767440645563122741e-05 3.491133419070138189e-01 1.033774761657476615e+00 1.029539352058986612e+00 1.038027080614988273e+00 0.000000000000000000e+00
6.658903359325766047e+00 1.861904003356439352e+00 1.334139253332432954e-05 1.000000000000000000e+00 -2.343033248168344159e-05 5.057437611727176152e-05 1.473891574189565290e-01 1.034726058525477388e+00 1.030477679958020643e+00 1.038991364443043519e+00 0.000000000000000000e+00
6.664456287010930069e+00 1.860352636246791480e+00 6.636424717325396477e-06 1.000000000000000000e+00 -3.022799142644081894e-05 4.396397988043587154e-05 3.629238666962919524e-02 1.034645711500295606e+00 1.030359304196483805e+00 1.038949488557969314e+00 0.000000000000000000e+00
6.670013845339340719e+00 1.858802561760127592e+00 -5.340863457824333181e-06 -1.000000000000000000e+00 -4.223832484349949589e-05 3.202302810468310597e-05 2.335364999635203276e-02 1.035980223619598073e+00 1.031718682713725910e+00 1.040258852169036352e+00 0.000000000000000000e+00
6.675576038172540194e+00 1.857253778819414780e+00 -1.606209696595984484e-05 -1.000000000000000000e+00 -5.307435123681736831e-05 2.141952364118178276e-05 2.097518378604945610e-01 1.037130736758230087e+00 1.032828281900870504e+00 1.041450586191784433e+00 0.000000000000000000e+00
6.681142869375288562e+00 1.855706286348516532e+00 -2.242693630882322068e-05 -1.000000000000000000e+00 -5.955242630811584468e-05 1.517087354087077108e-05 4.059914768222370185e-01 1.037773928470816953e+00 1.033458267906840256e+00 1.042107000302143094e+00 0.000000000000000000e+00
6.686714342815570866e+00 1.854160083272192949e+00 -2.140618435219917060e-05 -1.000000000000000000e+00 -5.862602311976866339e-05 1.628844699321913873e-05 3.674620708545717207e-01 1.037464943923879668e+00 1.033177560949759100e+00 1.041769535578187522e+00 0.000000000000000000e+00
6.692290462364595349e+00 1.852615168516101862e+00 -1.753298017501173000e-05 -1.000000000000000000e+00 -5.489777927552728573e-05 2.030738810240403894e-05 2.452150770022853976e-01 1.038005197649953137e+00 1.033678257642402398e+00 1.042349712885543012e+00 0.000000000000000000e+00
6.697871231896799671e+00 1.851071541006794829e+00 -2.407395813308936186e-06 -1.000000000000000000e+00 -3.987643365610910550e-05 3.553829872052168454e-05 4.614179853206223925e-03 1.036217794351112609e+00 1.031883324129356794e+00 1.040569911701679784e+00 0.000000000000000000e+00
6.703456655289853572e+00 1.849529199671717139e+00 1.131610707174324080e-05 1.000000000000000000e+00 -2.620755957565657846e-05 4.931790269089288229e-05 1.018777128695091960e-01 1.035686652744645109e+00 1.031355211054931775e+00 1.040035764439760868e+00 0.000000000000000000e+00
6.709046736424657986e+00 1.847988143439209141e+00 2.402626813103530894e-05 1.000000000000000000e+00 -1.355958718987131120e-05 6.209110617652813984e-05 4.590125946790521994e-01 1.035296019493327835e+00 1.030954333663689937e+00 1.039655347063513480e+00 0.000000000000000000e+00
6.714641479185352146e+00 1.846448371238503361e+00 3.667284890464702068e-05 1.000000000000000000e+00 -1.002645689668102717e-06 7.482874838380296320e-05 1.067643663970329726e+00 1.033871420121067253e+00 1.029520935593240871e+00 1.038239707281345403e+00 0.000000000000000000e+00
6.720240887459313583e+00 1.844909881999724721e+00 4.144275240443004752e-05 1.000000000000000000e+00 3.670026299329837399e-06 7.969697909512805651e-05 1.357593788721715100e+00 1.033690872811753980e+00 1.029341337082807506e+00 1.038058331195580886e+00 0.000000000000000000e+00
6.725844965137160791e+00 1.843372674653889876e+00 4.400795369129841916e-05 1.000000000000000000e+00 6.107628253938775589e-06 8.238987220438446818e-05 1.522536481402312347e+00 1.032834827849161918e+00 1.028473808878347828e+00 1.037213702390875181e+00 0.000000000000000000e+00
6.731453716112758556e+00 1.841836748132905655e+00 4.079926786261436623e-05 1.000000000000000000e+00 2.807568414656735141e-06 7.927530651447844685e-05 1.301285194898355257e+00 1.032963987640283854e+00 1.028602843161877223e+00 1.037343138642101703e+00 0.000000000000000000e+00
6.737067144283217068e+00 1.840302101369569288e+00 3.593507851768536226e-05 1.000000000000000000e+00 -2.126316708389521144e-06 7.448286163492555466e-05 1.005140177804378254e+00 1.033255874246480355e+00 1.028881255233065284e+00 1.037648507230029438e+00 0.000000000000000000e+00
6.742685253548897251e+00 1.838768733297566405e+00 3.438313222260408751e-05 1.000000000000000000e+00 -3.724161470554965031e-06 7.297925087232706980e-05 9.179287598135488224e-01 1.032535646672395835e+00 1.028149849200746813e+00 1.036939494203494627e+00 0.000000000000000000e+00
6.748308047813412536e+00 1.837236642851472368e+00 3.161205372677389268e-05 1.000000000000000000e+00 -6.511851414512114010e-06 7.022695773262328486e-05 7.743438964291726734e-01 1.032647277599527680e+00 1.028262468021607701e+00 1.037050221196523125e+00 0.000000000000000000e+00
6.753935530983630642e+00 1.835705828966748943e+00 2.997925008270187715e-05 1.000000000000000000e+00 -8.181766126772094570e-06 6.863234567059386330e-05 6.949232893514363241e-01 1.032793452933259193e+00 1.028395792381061824e+00 1.037209395702414216e+00 0.000000000000000000e+00
6.759567706969678902e+00 1.834176290579746293e+00 2.826723651418945783e-05 1.000000000000000000e+00 -9.962834639609630480e-06 6.698974569591416143e-05 6.162995460163074313e-01 1.033198633791248211e+00 1.028759836241180725e+00 1.037655950219919632e+00 0.000000000000000000e+00
6.765204579684944264e+00 1.832648026627699211e+00 2.612135998944524872e-05 1.000000000000000000e+00 -1.210830512515928331e-05 6.484531243153602588e-05 5.249902401626513893e-01 1.033713796173577171e+00 1.029302535098369331e+00 1.038143435367871792e+00 0.000000000000000000e+00
6.770846153046076843e+00 1.831121036048729556e+00 2.423150623950709690e-05 1.000000000000000000e+00 -1.406620864040152591e-05 6.302520843976360519e-05 4.506554615013556031e-01 1.033867224803421303e+00 1.029415127811211805e+00 1.038337853637506969e+00 0.000000000000000000e+00
6.776492430972993475e+00 1.829595317781842700e+00 2.050592825712792988e-05 1.000000000000000000e+00 -1.784455417897415122e-05 5.935459316211824708e-05 3.216425932412221300e-01 1.034298959601485546e+00 1.029832278648092458e+00 1.038784373661375993e+00 0.000000000000000000e+00
6.782143417388880380e+00 1.828070870766929312e+00 1.936146158827561101e-05 1.000000000000000000e+00 -1.903469135880263936e-05 5.825842878277812667e-05 2.855167565662668494e-01 1.033614618285134235e+00 1.029176781763487369e+00 1.038071031060492588e+00 0.000000000000000000e+00
6.787799116220194051e+00 1.826547693944761797e+00 1.544654277047459952e-05 1.000000000000000000e+00 -2.307905050719592969e-05 5.447448761407165912e-05 1.806877463943692419e-01 1.033977429565200001e+00 1.029497177078278591e+00 1.038476480056369278e+00 0.000000000000000000e+00
6.793459531396665696e+00 1.825025786256996740e+00 1.804095303657577069e-05 1.000000000000000000e+00 -2.060446709630441931e-05 5.719023905016449639e-05 2.452683878882453428e-01 1.032555562134510163e+00 1.028062951074381948e+00 1.037067245733374055e+00 0.000000000000000000e+00
6.799124666851304788e+00 1.823505146646170916e+00 1.854547016597236060e-05 1.000000000000000000e+00 -2.016911499662206388e-05 5.776520023556346809e-05 2.581679034665285144e-01 1.032538240618714909e+00 1.028046618687527447e+00 1.037048939038949458e+00 0.000000000000000000e+00
6.804794526520399067e+00 1.821985774055703944e+00 2.577816678975919528e-05 1.000000000000000000e+00 -1.299029763487502109e-05 6.505296577258980293e-05 4.983453841625760106e-01 1.030774530003421452e+00 1.026271953389620517e+00 1.035296157397227024e+00 0.000000000000000000e+00
6.810469114343518982e+00 1.820467667429894965e+00 2.782501692535069353e-05 1.000000000000000000e+00 -1.090653972792683478e-05 6.706502773950244966e-05 5.806654785494629323e-01 1.030881946654058190e+00 1.026407646189492429e+00 1.035375182144372186e+00 0.000000000000000000e+00
6.816148434263521239e+00 1.818950825713921748e+00 3.049859813136440945e-05 1.000000000000000000e+00 -8.262972273372062637e-06 6.977031722874490484e-05 6.978175828112398449e-01 1.030176796353815982e+00 1.025663602373445782e+00 1.034709357240474414e+00 0.000000000000000000e+00
6.821832490226549695e+00 1.817435247853842917e+00 2.555199431545301198e-05 1.000000000000000000e+00 -1.323207188794861856e-05 6.484830517505395546e-05 4.887038759761708206e-01 1.030923525285923681e+00 1.026393772188259890e+00 1.035472517124082392e+00 0.000000000000000000e+00
6.827521286182038907e+00 1.815920932796593723e+00 1.764932180794523430e-05 1.000000000000000000e+00 -2.118293677549999018e-05 5.699585914738755676e-05 2.320557801961058431e-01 1.031238673402300465e+00 1.026709118560920952e+00 1.035787489081284818e+00 0.000000000000000000e+00
6.833214826082717686e+00 1.814407879489987385e+00 7.164274028244546435e-06 1.000000000000000000e+00 -3.175304452178235090e-05 4.659747600553631916e-05 3.800511692634245264e-02 1.031158577958114053e+00 1.026613031320757985e+00 1.035723650644226668e+00 0.000000000000000000e+00
6.838913113884609984e+00 1.812896086882713975e+00 -7.742963917545225472e-06 -1.000000000000000000e+00 -4.674631950081466951e-05 3.177795562876604480e-05 4.413006040317668521e-02 1.031875521207418434e+00 1.027284751464798473e+00 1.036486079184165465e+00 0.000000000000000000e+00
6.844616153547039339e+00 1.811385553924339531e+00 -1.941235635390175320e-05 -1.000000000000000000e+00 -5.839630928841188593e-05 2.009304987349817281e-05 2.763876037661248120e-01 1.031473142764024464e+00 1.026911666679786395e+00 1.036054171511094024e+00 0.000000000000000000e+00
6.850323949032630644e+00 1.809876279565305390e+00 -3.370140787253539632e-05 -1.000000000000000000e+00 -7.267683193489996420e-05 5.799497085293835337e-06 8.306450440647950018e-01 1.032676185703580218e+00 1.028096916057869903e+00 1.037275193488537139e+00 0.000000000000000000e+00
6.856036504307313706e+00 1.808368262756926637e+00 -4.290939188420193364e-05 -1.000000000000000000e+00 -8.193493341970416546e-05 -3.355421200258743920e-06 1.342262875261894806e+00 1.033328727409015269e+00 1.028704862754316496e+00 1.037972720439819696e+00 0.000000000000000000e+00
6.861753823340325908e+00 1.806861502451392543e+00 -4.208949288289798470e-05 -1.000000000000000000e+00 -8.116734676131466693e-05 -2.480984899252313336e-06 1.286011061751878515e+00 1.032039081998182173e+00 1.027446516912939201e+00 1.036651516411113638e+00 0.000000000000000000e+00
6.867475910104213099e+00 1.805355997601766127e+00 -3.907165583859865824e-05 -1.000000000000000000e+00 -7.831155906299301899e-05 6.990060908575559170e-07 1.102113641097275831e+00 1.031702667208666435e+00 1.027066783257112759e+00 1.036358879898132024e+00 0.000000000000000000e+00
6.873202768574835808e+00 1.803851747161981711e+00 -2.599589246201018851e-05 -1.000000000000000000e+00 -6.533704757491205599e-05 1.387738889301919011e-05 4.860377246486677905e-01 1.029538932506850690e+00 1.024936369108524259e+00 1.034161543870619981e+00 0.000000000000000000e+00
6.878934402731368358e+00 1.802348750086846252e+00 -1.577024287411652262e-05 -1.000000000000000000e+00 -5.523590036941896362e-05 2.422869397372184386e-05 1.784267089340119128e-01 1.029587173641969056e+00 1.024941280688075995e+00 1.034253491477071574e+00 0.000000000000000000e+00
6.884670816556305084e+00 1.800847005332036233e+00 3.519426681518700359e-06 1.000000000000000000e+00 -3.603527621943580924e-05 4.360925539427810206e-05 8.887537314421933843e-03 1.026952868940260721e+00 1.022297471761782983e+00 1.031628852297099330e+00 0.000000000000000000e+00
6.890412014035459443e+00 1.799346511854099884e+00 1.781925662980820063e-05 1.000000000000000000e+00 -2.177242177555077218e-05 5.794809161193785203e-05 2.276520553657519486e-01 1.025553792960419264e+00 1.020931363436274442e+00 1.030196630157018012e+00 0.000000000000000000e+00
6.896157999157970231e+00 1.797847268610453630e+00 2.508182720615758534e-05 1.000000000000000000e+00 -1.463405404734941640e-05 6.533569917476440066e-05 4.496877161609518225e-01 1.025337524648276100e+00 1.020671625586004883e+00 1.030024025239524965e+00 0.000000000000000000e+00
6.901908775916301586e+00 1.796349274559382980e+00 2.883198392345152580e-05 1.000000000000000000e+00 -1.101034127683113041e-05 6.921392638895976820e-05 5.913071233298978768e-01 1.024674338875368962e+00 1.019993059025460891e+00 1.029376415870846273e+00 0.000000000000000000e+00
6.907664348306248314e+00 1.794852528660041413e+00 2.576116174306229226e-05 1.000000000000000000e+00 -1.419735524748073755e-05 6.626199651519921064e-05 4.689039827042051911e-01 1.024801626528436538e+00 1.020120428827335113e+00 1.029503641339390541e+00 0.000000000000000000e+00
6.913424720326936779e+00 1.793357029872449937e+00 1.840660509328715839e-05 1.000000000000000000e+00 -2.168279159516652187e-05 5.904164351672947972e-05 2.376076349710274371e-01 1.025407797827608380e+00 1.020707546622393158e+00 1.030129014302492152e+00 0.000000000000000000e+00
6.919189895980827565e+00 1.791862777157495312e+00 1.167906902625947986e-05 1.000000000000000000e+00 -2.852165943323514284e-05 5.242921665276276935e-05 9.496989629155905277e-02 1.025679481931192516e+00 1.020978770159095772e+00 1.030401145854989098e+00 0.000000000000000000e+00
6.924959879273719920e+00 1.790369769476931161e+00 9.192445972006160228e-06 1.000000000000000000e+00 -3.113976362796002701e-05 5.007695430036869391e-05 5.846309429375651234e-02 1.025305180849299891e+00 1.020587643584851989e+00 1.030043841049288922e+00 0.000000000000000000e+00
6.930734674214753532e+00 1.788878005793375303e+00 8.839410184353615197e-06 1.000000000000000000e+00 -3.161442271129418977e-05 4.984749665023053650e-05 5.375561214555091283e-02 1.025728848378509195e+00 1.020992988534222157e+00 1.030485914893015664e+00 0.000000000000000000e+00
6.936514284816411191e+00 1.787387485070310644e+00 1.584859145320291986e-05 1.000000000000000000e+00 -2.470643787707186859e-05 5.695992436367176858e-05 1.721308704554758151e-01 1.025449779151351493e+00 1.020715843051924976e+00 1.030204929618507181e+00 0.000000000000000000e+00
6.942298715094520567e+00 1.785898206272082511e+00 2.995222005017420907e-05 1.000000000000000000e+00 -1.073016135984446252e-05 7.119303851414699813e-05 6.131039894953573821e-01 1.024403848176796528e+00 1.019655406383735530e+00 1.029173546875661538e+00 0.000000000000000000e+00
6.948087969068260428e+00 1.784410168363900873e+00 4.471745007849551554e-05 1.000000000000000000e+00 3.866087352155680415e-06 8.612862047851620878e-05 1.362124476208691704e+00 1.024289152248874180e+00 1.019494911088228983e+00 1.029105117917406442e+00 0.000000000000000000e+00
6.953882050760158862e+00 1.782923370311836564e+00 6.420513344285427295e-05 1.000000000000000000e+00 2.322746649722851411e-05 1.057439057986491609e-04 2.797758794126139037e+00 1.023022277702474891e+00 1.018261471846666488e+00 1.027804568682598063e+00 0.000000000000000000e+00
6.959680964196100383e+00 1.781437811082822398e+00 8.169018847274009908e-05 1.000000000000000000e+00 4.050783785769687510e-05 1.234331208836197599e-04 4.510238327279694204e+00 1.022139876902754096e+00 1.017334437387600543e+00 1.026967386579409114e+00 0.000000000000000000e+00
6.965484713405325046e+00 1.779953489644652054e+00 9.702925402867164210e-05 1.000000000000000000e+00 5.570030311900663240e-05 1.389191768899456327e-04 6.342259575696971297e+00 1.020896627558832481e+00 1.016076301483179734e+00 1.025739134142405584e+00 0.000000000000000000e+00
6.971293302420433768e+00 1.778470404965979412e+00 1.042689616795873075e-04 1.000000000000000000e+00 6.287466340492942833e-05 1.462262051141469728e-04 7.307504056085463162e+00 1.020617589230915723e+00 1.015799586015689648e+00 1.025457600305897499e+00 0.000000000000000000e+00
6.977106735277391003e+00 1.776988556016316556e+00 1.061457209573256398e-04 1.000000000000000000e+00 6.470977354223179478e-05 1.481474518993215414e-04 7.562799897968716323e+00 1.019863474650448687e+00 1.015029760312294194e+00 1.024719375003456223e+00 0.000000000000000000e+00
6.982925016015525621e+00 1.775507941766035547e+00 9.981246795591085024e-05 1.000000000000000000e+00 5.840096282294430071e-05 1.417935061688384811e-04 6.672481132355187583e+00 1.019469968379415059e+00 1.014667887618695641e+00 1.024293947844188146e+00 0.000000000000000000e+00
6.988748148677535355e+00 1.774028561186365982e+00 8.642398424973422801e-05 1.000000000000000000e+00 4.494951931627471552e-05 1.284704477034278192e-04 4.982019606981339166e+00 1.019296575129232663e+00 1.014447067901616650e+00 1.024168627188450698e+00 0.000000000000000000e+00
6.994576137309488573e+00 1.772550413249394330e+00 6.504890216221283217e-05 1.000000000000000000e+00 2.353274430839475485e-05 1.071396605525436039e-04 2.805075163077617617e+00 1.020299835077147499e+00 1.015428345585219549e+00 1.025193815969490441e+00 0.000000000000000000e+00
7.000408985960828723e+00 1.771073496928063928e+00 4.201270468884268276e-05 1.000000000000000000e+00 4.796970262572827098e-07 8.412338688464117962e-05 1.162748811286746786e+00 1.021248446117279052e+00 1.016375211721776139e+00 1.026144323887023591e+00 0.000000000000000000e+00
7.006246698684376106e+00 1.769597811196173431e+00 2.689556035437533682e-05 1.000000000000000000e+00 -1.466362515041154838e-05 6.903595933341628702e-05 4.745816499419106549e-01 1.019924618822587226e+00 1.015035140031282479e+00 1.024836862119800740e+00 0.000000000000000000e+00
7.012089279536330544e+00 1.768123355028376364e+00 9.704406559216263996e-06 1.000000000000000000e+00 -3.181531636466457421e-05 5.180929010274287197e-05 6.160658564567711437e-02 1.020628439133409948e+00 1.015739104683283101e+00 1.025540472006744031e+00 0.000000000000000000e+00
7.017936732576273151e+00 1.766650127400181791e+00 1.016872416574873693e-06 1.000000000000000000e+00 -4.048967204038753012e-05 4.311233286161101253e-05 6.752615315690491116e-04 1.020208222210596816e+00 1.015301827391140055e+00 1.025137429225506658e+00 0.000000000000000000e+00
7.023789061867172556e+00 1.765178127287950538e+00 -3.303740579295496918e-06 -1.000000000000000000e+00 -4.482612464581923383e-05 3.881000242723084344e-05 7.117661207985293004e-03 1.020101542701376873e+00 1.015177357768507260e+00 1.025048796235058290e+00 0.000000000000000000e+00
7.029646271475383124e+00 1.763707353668898525e+00 -3.492085584845463607e-06 -1.000000000000000000e+00 -4.505522800999176849e-05 3.866420671071651099e-05 7.927735611474417965e-03 1.020108508358294808e+00 1.015186538334205801e+00 1.025053577242227787e+00 0.000000000000000000e+00
7.035508365470652059e+00 1.762237805521092104e+00 1.965425240599501897e-06 1.000000000000000000e+00 -3.970359699396658663e-05 4.422916304973709579e-05 2.502998139561896096e-03 1.019300512115546065e+00 1.014361548377627820e+00 1.024262710910814222e+00 0.000000000000000000e+00
7.041375347926120298e+00 1.760769481823449834e+00 7.301592103854331349e-06 1.000000000000000000e+00 -3.451329701696527594e-05 4.971248278872041369e-05 3.439959574893691752e-02 1.019240335275360954e+00 1.014252249596362843e+00 1.024252094672851054e+00 0.000000000000000000e+00
7.047247222918324283e+00 1.759302381555740702e+00 1.811074224912931433e-05 1.000000000000000000e+00 -2.377186570285467115e-05 6.059169458529158915e-05 2.110224205700887978e-01 1.017545027886419762e+00 1.012593205658274265e+00 1.022520167197192631e+00 0.000000000000000000e+00
7.053123994527200402e+00 1.757836503698584130e+00 2.211547741099331412e-05 1.000000000000000000e+00 -1.987615899628921885e-05 6.470658098634189475e-05 3.137381985786760197e-01 1.017960594750228376e+00 1.012959130113532114e+00 1.022985815031993484e+00 0.000000000000000000e+00
7.059005666836087656e+00 1.756371847233449524e+00 2.575623997150464469e-05 1.000000000000000000e+00 -1.624595063371359131e-05 6.836113979083012092e-05 4.245238229635788230e-01 1.017699457680185215e+00 1.012732028223392700e+00 1.022690459278964292e+00 0.000000000000000000e+00
7.064892243931729432e+00 1.754908411142653613e+00 2.851366623459800735e-05 1.000000000000000000e+00 -1.359228197625642919e-05 7.122629598824492601e-05 5.185804138529874763e-01 1.016390462621433066e+00 1.011378105816135298e+00 1.021426828048209057e+00 0.000000000000000000e+00
7.070783729904277948e+00 1.753446194409361780e+00 2.368261537784633778e-05 1.000000000000000000e+00 -1.854034271139492297e-05 6.651886177303936536e-05 3.551963803743092285e-01 1.015975667173826924e+00 1.010945822441288833e+00 1.021029588839819091e+00 0.000000000000000000e+00
7.076680128847296025e+00 1.751985196017586288e+00 1.052156944805114333e-05 1.000000000000000000e+00 -3.184215356570397400e-05 5.350764793644462473e-05 6.924441917090007337e-02 1.016614942204479011e+00 1.011616405315456824e+00 1.021637451704117350e+00 0.000000000000000000e+00
7.082581444857760644e+00 1.750525414952186498e+00 -4.251868416740148077e-06 -1.000000000000000000e+00 -4.692633444343978423e-05 3.905383434918497033e-05 1.112039448196355806e-02 1.016276793624795394e+00 1.011229277609315691e+00 1.021348708460509291e+00 0.000000000000000000e+00
7.088487682036063831e+00 1.749066850198867318e+00 -2.426892172557490560e-05 -1.000000000000000000e+00 -6.726327803236934041e-05 1.936651294462548591e-05 3.552889746246137292e-01 1.016971324390039788e+00 1.011900926063467709e+00 1.022066271754654920e+00 0.000000000000000000e+00
7.094398844486017985e+00 1.747609500744178535e+00 -4.352631128118500815e-05 -1.000000000000000000e+00 -8.680501958074199591e-05 4.041723355675811064e-07 1.121606435421313108e+00 1.017720610224122746e+00 1.012650691149149296e+00 1.022815046949793416e+00 0.000000000000000000e+00
7.100314936314857661e+00 1.746153365575515037e+00 -5.357473458921162919e-05 -1.000000000000000000e+00 -9.711534310907949958e-05 -9.372295107023552777e-06 1.674801110602288645e+00 1.016788203112450883e+00 1.011699386468696060e+00 1.021901827999311285e+00 0.000000000000000000e+00
7.106235961633242226e+00 1.744698443681114597e+00 -6.043851481400629822e-05 -1.000000000000000000e+00 -1.041171878920812944e-04 -1.608997635068592905e-05 2.111311754207576996e+00 1.017034863517120913e+00 1.011948920354560411e+00 1.022145553936888218e+00 0.000000000000000000e+00
7.112161924555259418e+00 1.743244734050058975e+00 -5.408340522669233394e-05 -1.000000000000000000e+00 -9.783788130544982019e-05 -9.877758515502646367e-06 1.686564716282987320e+00 1.015137357430341281e+00 1.010035404749970445e+00 1.020264239413938734e+00 0.000000000000000000e+00
7.118092829198427118e+00 1.741792235672271039e+00 -4.824845369997945771e-05 -1.000000000000000000e+00 -9.198387151661927843e-05 -4.061381223110785085e-06 1.346196301438340015e+00 1.015153323320030720e+00 1.010001335692537250e+00 1.020330820294788943e+00 0.000000000000000000e+00
7.124028679683696907e+00 1.740340947538516092e+00 -3.757736942611493246e-05 -1.000000000000000000e+00 -8.113490396548800744e-05 6.432408967153079656e-06 8.228438279757028795e-01 1.014094457665646098e+00 1.008978595090222141e+00 1.019235542589493893e+00 0.000000000000000000e+00
7.129969480135457616e+00 1.738890868640399878e+00 -2.560114984882692096e-05 -1.000000000000000000e+00 -6.901180656047141340e-05 1.826310419468279693e-05 3.855081238162938462e-01 1.011908476250504174e+00 1.006775824673332487e+00 1.017066558453817438e+00 0.000000000000000000e+00
7.135915234681537100e+00 1.737441997970369245e+00 -2.433171487467219928e-05 -1.000000000000000000e+00 -6.758277506883241578e-05 1.937157932550168536e-05 3.505729013427298923e-01 1.011858119281419111e+00 1.006727925542921565e+00 1.017013587704262312e+00 0.000000000000000000e+00
7.141865947453204910e+00 1.735994334521709703e+00 -2.603686840255347256e-05 -1.000000000000000000e+00 -6.921982320759151959e-05 1.759768133109800025e-05 4.028303755254682983e-01 1.010773609696908881e+00 1.005621067793600831e+00 1.015951685429685725e+00 0.000000000000000000e+00
7.147821622585176726e+00 1.734547877288545648e+00 -3.538824525946206601e-05 -1.000000000000000000e+00 -7.856664138411397109e-05 8.240646611081019679e-06 7.443084761113141212e-01 1.010367644874401893e+00 1.005161155909179316e+00 1.015600277081443625e+00 0.000000000000000000e+00
7.153782264215615250e+00 1.733102625265839913e+00 -5.189071351743393840e-05 -1.000000000000000000e+00 -9.496696985701437248e-05 -8.363280015083461615e-06 1.598968682369445560e+00 1.010890787873040875e+00 1.005712318174045494e+00 1.016095102436687991e+00 0.000000000000000000e+00
7.159747876486134643e+00 1.731658577449392222e+00 -7.267591741089336494e-05 -1.000000000000000000e+00 -1.156824028542707838e-04 -2.921657491619660565e-05 3.136096344364659672e+00 1.011963251442134393e+00 1.006727538856204252e+00 1.017225452315611012e+00 0.000000000000000000e+00
7.165718463541802308e+00 1.730215732835839626e+00 -9.190211651377234645e-05 -1.000000000000000000e+00 -1.347425769191830315e-04 -4.860466811155624982e-05 5.018073212823765061e+00 1.012147327121380780e+00 1.006941554032865005e+00 1.017379162498469380e+00 0.000000000000000000e+00
7.171694029531142434e+00 1.728774090422655174e+00 -1.109593969027200061e-04 -1.000000000000000000e+00 -1.537636065686564255e-04 -6.769519434362441298e-05 7.304499078147614455e+00 1.012501046390916537e+00 1.007239427592975689e+00 1.017789212173702440e+00 0.000000000000000000e+00
7.177674578606138667e+00 1.727333649208146804e+00 -1.249421973569685878e-04 -1.000000000000000000e+00 -1.677940679631804391e-04 -8.162822863096825480e-05 9.217933952769271855e+00 1.011841520699536146e+00 1.006553767137403188e+00 1.017156166637515291e+00 0.000000000000000000e+00
7.183660114922237661e+00 1.725894408191456675e+00 -1.364717402263737828e-04 -1.000000000000000000e+00 -1.793960149616251614e-04 -9.308399737734316640e-05 1.091600807661495764e+01 1.011826411984620755e+00 1.006567436051168718e+00 1.017111931927920931e+00 0.000000000000000000e+00
7.189650642638349964e+00 1.724456366372562499e+00 -1.373584760431791009e-04 -1.000000000000000000e+00 -1.804709819309790032e-04 -9.378126759335673633e-05 1.098810531037008786e+01 1.010336797949609622e+00 1.005024540840284919e+00 1.015676291081735183e+00 0.000000000000000000e+00
7.195646165916856241e+00 1.723019522752273547e+00 -1.337866183029696651e-04 -1.000000000000000000e+00 -1.769660925276894214e-04 -9.013909692236177738e-05 1.038014327430073536e+01 1.009996874918853038e+00 1.004715936156063583e+00 1.015304699785724019e+00 0.000000000000000000e+00
7.201646688923606376e+00 1.721583876332232421e+00 -1.229658826439783046e-04 -1.000000000000000000e+00 -1.662854815293333727e-04 -7.917628846502839626e-05 8.750110769338789396e+00 1.009628758459409248e+00 1.004293164296202745e+00 1.014991806099777572e+00 0.000000000000000000e+00
7.207652215827925701e+00 1.720149426114913060e+00 -1.081662791319213198e-04 -1.000000000000000000e+00 -1.516158363582085643e-04 -6.424662924890193441e-05 6.757833530224729657e+00 1.009627510531841299e+00 1.004265186978533286e+00 1.015017586200631428e+00 0.000000000000000000e+00
7.213662750802614987e+00 1.718716171103621404e+00 -8.900083788128697109e-05 -1.000000000000000000e+00 -1.325860416856531872e-04 -4.494553256980438917e-05 4.565164868252736596e+00 1.008820197123361906e+00 1.003462246593306961e+00 1.014205878824695040e+00 0.000000000000000000e+00
7.219678298023954888e+00 1.717284110302493172e+00 -6.687313902256808342e-05 -1.000000000000000000e+00 -1.106551964481127719e-04 -2.262009797736266333e-05 2.570233446518955134e+00 1.006693192632805323e+00 1.001313157352044403e+00 1.012101284676027557e+00 0.000000000000000000e+00
7.225698861671710382e+00 1.715853242716494531e+00 -5.173902936580128826e-05 -1.000000000000000000e+00 -9.570366074988835852e-05 -7.300904973485697151e-06 1.530765129786459511e+00 1.006057689967284174e+00 1.000680620113948205e+00 1.011462719645538133e+00 0.000000000000000000e+00
7.231724445929129885e+00 1.714423567351419875e+00 -4.153419104240010603e-05 -1.000000000000000000e+00 -8.574342356311637952e-05 3.150707332996721547e-06 9.791213396945295244e-01 1.005850094967930763e+00 1.000444663298258874e+00 1.011283887420303396e+00 0.000000000000000000e+00
7.237755054982951464e+00 1.712995083213891823e+00 -3.735693765579361868e-05 -1.000000000000000000e+00 -8.185376897371494887e-05 7.616414526881187016e-06 7.847529553271215264e-01 1.006525905864880777e+00 1.001057928312058420e+00 1.012022903735436241e+00 0.000000000000000000e+00
7.243790693023404614e+00 1.711567789311361887e+00 -3.256507243404052024e-05 -1.000000000000000000e+00 -7.723989005986245252e-05 1.258815041879837043e-05 5.914416136729414575e-01 1.006041575287595302e+00 1.000606356435293387e+00 1.011505368583011100e+00 0.000000000000000000e+00
7.249831364244212040e+00 1.710141684652107807e+00 -2.875218629213026987e-05 -1.000000000000000000e+00 -7.359480364765054320e-05 1.657136504266465944e-05 4.584420196792962088e-01 1.005294546257443855e+00 9.998322400563119938e-01 1.010785744441354828e+00 0.000000000000000000e+00
7.255877072842594977e+00 1.708716768245233997e+00 -2.443392635272333463e-05 -1.000000000000000000e+00 -6.940695415398649920e-05 2.102304088262573712e-05 3.301470295509716379e-01 1.003904803316870264e+00 9.983860209272903408e-01 1.009453111556410931e+00 0.000000000000000000e+00
7.261927823019274086e+00 1.707293039100669763e+00 -2.599097663869988809e-05 -1.000000000000000000e+00 -7.095423201500619149e-05 1.945945423191395139e-05 3.727023068763628544e-01 1.004065881122023551e+00 9.985806404872490383e-01 1.009580153104129741e+00 0.000000000000000000e+00
7.267983618978473004e+00 1.705870496229170197e+00 -2.561704579226386326e-05 -1.000000000000000000e+00 -7.068047979743663847e-05 1.993484074034085378e-05 3.611836118411702046e-01 1.002871754438338314e+00 9.973292003325162636e-01 1.008444149324864370e+00 0.000000000000000000e+00
7.274044464927921894e+00 1.704449138642313732e+00 -2.888394281510733825e-05 -1.000000000000000000e+00 -7.397296562980592248e-05 1.669604627535284358e-05 4.573700586319091599e-01 1.002191537952237033e+00 9.966842153477345478e-01 1.007728338606802554e+00 0.000000000000000000e+00
7.280110365078859225e+00 1.703028965352503699e+00 -3.581219027022882129e-05 -1.000000000000000000e+00 -8.103813382328379968e-05 9.907269608297403294e-06 6.991973756984180000e-01 1.002140033778972095e+00 9.965710345875583576e-01 1.007739151062897465e+00 0.000000000000000000e+00
7.286181323646034436e+00 1.701609975372965211e+00 -4.297368668213682173e-05 -1.000000000000000000e+00 -8.826348746427569629e-05 2.813721681468161074e-06 1.000322615662867065e+00 1.001795644002816621e+00 9.962605861481487191e-01 1.007360390835605246e+00 0.000000000000000000e+00
7.292257344847713263e+00 1.700192167717745617e+00 -5.005735271894830605e-05 -1.000000000000000000e+00 -9.551595425534097452e-05 -4.098713147568058173e-06 1.347987665348568953e+00 1.001496700521522953e+00 9.958999516782254258e-01 1.007123871744908694e+00 0.000000000000000000e+00
7.298338432905678630e+00 1.698775541401714717e+00 -5.960774818769143531e-05 -1.000000000000000000e+00 -1.051832832498179274e-04 -1.353003071261772554e-05 1.898636034417904739e+00 1.002565206899412864e+00 9.969348841356526769e-01 1.008226295728633648e+00 0.000000000000000000e+00
7.304424592045234199e+00 1.697360095440562322e+00 -6.446684595489780964e-05 -1.000000000000000000e+00 -1.101042887246745955e-04 -1.832421423347095889e-05 2.210026437836290825e+00 1.002756623804140101e+00 9.971281670034587430e-01 1.008415784671230053e+00 0.000000000000000000e+00
7.310515826495206149e+00 1.695945828850798032e+00 -6.468235086260794428e-05 -1.000000000000000000e+00 -1.103991427552579571e-04 -1.845681492300272329e-05 2.217664568811869685e+00 1.002097307370994672e+00 9.964406835186068179e-01 1.007784928610203412e+00 0.000000000000000000e+00
7.316612140487947613e+00 1.694532740649751679e+00 -6.519443984935600672e-05 -1.000000000000000000e+00 -1.109625469165023335e-04 -1.891384545805014733e-05 2.244918698827746084e+00 1.002103529926699599e+00 9.964498499400400444e-01 1.007788198476057273e+00 0.000000000000000000e+00
7.322713538259342236e+00 1.693120829855571774e+00 -6.061149986170960021e-05 -1.000000000000000000e+00 -1.065189257419224360e-04 -1.418941016312597303e-05 1.932044697680453282e+00 1.000551267868101002e+00 9.948710033437839773e-01 1.006262909635686320e+00 0.000000000000000000e+00
7.328820024048804171e+00 1.691710095487224841e+00 -5.601148626617199827e-05 -1.000000000000000000e+00 -1.020905047631526555e-04 -9.416484587647826535e-06 1.640960014410211443e+00 9.989487913997320279e-01 9.932410984899314732e-01 1.004688149802854813e+00 0.000000000000000000e+00
7.334931602099284298e+00 1.690300536564494527e+00 -5.648964194874939426e-05 -1.000000000000000000e+00 -1.026888518400740410e-04 -9.772045332828041097e-06 1.658956487121145074e+00 9.989552973159037119e-01 9.932497651890649371e-01 1.004692551478026941e+00 0.000000000000000000e+00
7.341048276657271110e+00 1.688892152107981603e+00 -5.014694890831033005e-05 -1.000000000000000000e+00 -9.650037130404629405e-05 -3.271341083483495274e-06 1.301566433228913411e+00 9.963289331519569192e-01 9.905987948737892124e-01 1.002091099118336492e+00 0.000000000000000000e+00
7.347170051972794269e+00 1.687484941139102412e+00 -5.185665670418737372e-05 -1.000000000000000000e+00 -9.830580993019260357e-05 -4.880266265204255658e-06 1.384074571271526111e+00 9.963885022594455299e-01 9.906607632244122108e-01 1.002148265153378404e+00 0.000000000000000000e+00
7.353296932299427269e+00 1.686078902680089531e+00 -4.564552067539844770e-05 -1.000000000000000000e+00 -9.229590955976783168e-05 1.536606587158791679e-06 1.065706902599458772e+00 9.937277887011513045e-01 9.879746729464136124e-01 9.995132516816401802e-01 0.000000000000000000e+00
7.359428921894291875e+00 1.684674035753989330e+00 -3.983389041892860188e-05 -1.000000000000000000e+00 -8.678619950638070046e-05 7.653083412399636933e-06 8.044903173316697576e-01 9.916768317086063211e-01 9.858613907361063466e-01 9.975252944339548788e-01 0.000000000000000000e+00
7.365566025018059015e+00 1.683270339384662417e+00 -3.875913116185425846e-05 -1.000000000000000000e+00 -8.593099487034421349e-05 8.950275965716967272e-06 7.534285944161638326e-01 9.922605884476620730e-01 9.864787118484643624e-01 9.980750991344238265e-01 0.000000000000000000e+00
7.371708245934952330e+00 1.681867812596783196e+00 -2.959011490700167522e-05 -1.000000000000000000e+00 -7.708081998299471283e-05 1.843968698967854449e-05 4.352747847214004651e-01 9.913923090733990362e-01 9.855449346718696546e-01 9.972731890266002264e-01 0.000000000000000000e+00
7.377855588912752616e+00 1.680466454415837863e+00 -1.332505874725802834e-05 -1.000000000000000000e+00 -6.096416321995649283e-05 3.485682490007652927e-05 8.783545114283697330e-02 9.894216036168301809e-01 9.836176354685376433e-01 9.952587147049003491e-01 0.000000000000000000e+00
7.384008058222798709e+00 1.679066263868125519e+00 4.227271772855254272e-08 1.000000000000000000e+00 -4.776549493203638191e-05 4.839620851305451496e-05 8.783197245065821335e-07 9.892705699056312252e-01 9.834018880819068720e-01 9.951730198726074228e-01 0.000000000000000000e+00
7.390165658139991045e+00 1.677667239980756175e+00 1.771851872290586849e-05 1.000000000000000000e+00 -3.023328227778582534e-05 6.622078267792587414e-05 1.545408903652969457e-01 9.873915208785707387e-01 9.814976668842271268e-01 9.933195838654265142e-01 0.000000000000000000e+00
7.396328392942796093e+00 1.676269381781650081e+00 2.737512659789115456e-05 1.000000000000000000e+00 -2.074094031823968984e-05 7.604670034334209960e-05 3.665231384372873435e-01 9.869877927807548801e-01 9.811007859027240929e-01 9.929089209214335687e-01 0.000000000000000000e+00
7.402496266913247247e+00 1.674872688299538392e+00 2.947999565433870003e-05 1.000000000000000000e+00 -1.894441025158996635e-05 7.846571807546646733e-05 4.198418966918779915e-01 9.870268904329179138e-01 9.811072802768028289e-01 9.929809827808527833e-01 0.000000000000000000e+00
7.408669284336948380e+00 1.673477158563960288e+00 2.340559361497664923e-05 1.000000000000000000e+00 -2.538040342472315338e-05 7.276099420840429844e-05 2.600290380049727901e-01 9.872984337057586490e-01 9.813814595469231294e-01 9.932499039039088817e-01 0.000000000000000000e+00
7.414847449503079169e+00 1.672082791605264962e+00 1.378250746096929043e-05 1.000000000000000000e+00 -3.544535978053667215e-05 6.358910203902207897e-05 8.839798064605020045e-02 9.863305950962594215e-01 9.803816190124816643e-01 9.923144494826402484e-01 0.000000000000000000e+00
7.421030766704393322e+00 1.670689586454608300e+00 -2.263900311788367875e-06 -1.000000000000000000e+00 -5.189224519618931798e-05 4.795307531500524266e-05 2.338967548666914809e-03 9.858642117209943656e-01 9.798814306765791793e-01 9.918822467400317811e-01 0.000000000000000000e+00
7.427219240237226572e+00 1.669297542143953983e+00 -2.410165575481135783e-05 -1.000000000000000000e+00 -7.399495912379512564e-05 2.639047169186670096e-05 2.605202242775703780e-01 9.867635289843804669e-01 9.807816801869337908e-01 9.927805560672302576e-01 0.000000000000000000e+00
7.433412874401496673e+00 1.667906657706072160e+00 -4.045086096283380964e-05 -1.000000000000000000e+00 -9.057125268918886580e-05 1.027799050137745467e-05 7.242277448275444840e-01 9.862560859346297670e-01 9.802420356026498860e-01 9.923057288880838822e-01 0.000000000000000000e+00
7.439611673500706956e+00 1.666516932174539223e+00 -5.627279373291722137e-05 -1.000000000000000000e+00 -1.065097068834062403e-04 -5.417796682479283921e-06 1.386771092002732075e+00 9.868793768781224385e-01 9.808689402698360649e-01 9.929253856867822359e-01 0.000000000000000000e+00
7.445815641841948995e+00 1.665128364583736253e+00 -6.097932352216123644e-05 -1.000000000000000000e+00 -1.113879962162526484e-04 -9.944296660461317836e-06 1.614736686401101906e+00 9.853355128720788780e-01 9.792968712576656243e-01 9.914100881542100563e-01 0.000000000000000000e+00
7.452024783735907043e+00 1.663740953968849468e+00 -6.597735710473632046e-05 -1.000000000000000000e+00 -1.165424252955656612e-04 -1.477845386499128475e-05 1.872567217038408671e+00 9.855079608281168690e-01 9.794742130503019117e-01 9.915776144381449608e-01 0.000000000000000000e+00
7.458239103496859812e+00 1.662354699365868660e+00 -5.822686454235764710e-05 -1.000000000000000000e+00 -1.090792880427927871e-04 -6.733537200973583312e-06 1.444793546530377171e+00 9.826176019409720297e-01 9.765589384889652447e-01 9.887125471196147597e-01 0.000000000000000000e+00
7.464458605442683137e+00 1.660969599811586539e+00 -5.654938069773835857e-05 -1.000000000000000000e+00 -1.077441720926124624e-04 -4.708500584473595076e-06 1.347038433346710917e+00 9.828692805829638557e-01 9.767405960059991621e-01 9.890350832018678373e-01 0.000000000000000000e+00
7.470683293894854415e+00 1.659585654343599170e+00 -4.687687726268542409e-05 -1.000000000000000000e+00 -9.835178975860095832e-05 5.251577087769892214e-06 9.153400024051734363e-01 9.811142797796236215e-01 9.750306844263296746e-01 9.872345306705528900e-01 0.000000000000000000e+00
7.476913173178454386e+00 1.658202862000304201e+00 -4.090662931492877253e-05 -1.000000000000000000e+00 -9.276466013969690235e-05 1.161154893454000253e-05 6.887919957482608879e-01 9.811909038816117867e-01 9.750378804777141140e-01 9.873814068134180166e-01 0.000000000000000000e+00
7.483148247622170679e+00 1.656821221820899526e+00 -3.157051175722817176e-05 -1.000000000000000000e+00 -8.372482366065820553e-05 2.125220948777875341e-05 4.054815572441157201e-01 9.804539078714620270e-01 9.743427848635138888e-01 9.866021246318437132e-01 0.000000000000000000e+00
7.489388521558299594e+00 1.655440732845385288e+00 -2.300240020253493760e-05 -1.000000000000000000e+00 -7.557861200407395188e-05 3.024884685482737151e-05 2.126017473424326454e-01 9.801745972287264630e-01 9.739949506128373624e-01 9.863921052695733271e-01 0.000000000000000000e+00
7.495633999322752317e+00 1.654061394114560324e+00 -1.206004591574681069e-05 -1.000000000000000000e+00 -6.505589778550795708e-05 4.161779765023320896e-05 5.769802318343408842e-02 9.791451571141261967e-01 9.729346472719107020e-01 9.853939263457480724e-01 0.000000000000000000e+00
7.501884685255054031e+00 1.652683204670022832e+00 -3.041077979316958292e-06 -1.000000000000000000e+00 -5.643070804205552822e-05 5.103813522672083415e-05 3.619407894802861847e-03 9.787853576085732143e-01 9.725787639441093591e-01 9.850301750298738890e-01 0.000000000000000000e+00
7.508140583698349246e+00 1.651306163554170148e+00 1.172970507775772031e-05 1.000000000000000000e+00 -4.211631711442161011e-05 6.627228999040475491e-05 5.317001137666466093e-02 9.764488855630577557e-01 9.702142295259144067e-01 9.827222647276274703e-01 0.000000000000000000e+00
7.514401698999403578e+00 1.649930269810196748e+00 2.062852162170981140e-05 1.000000000000000000e+00 -3.358428093046638536e-05 7.554389338103370663e-05 1.624703166213521399e-01 9.761049998246651427e-01 9.698733519340579923e-01 9.823752473996497647e-01 0.000000000000000000e+00
7.520668035508609073e+00 1.648555522482095359e+00 3.377544006479777446e-05 1.000000000000000000e+00 -2.078300711899918430e-05 8.904058643712776889e-05 4.318147594234460485e-01 9.743008637861291232e-01 9.680383816484753323e-01 9.806024774019513890e-01 0.000000000000000000e+00
7.526939597579984209e+00 1.647181920614653627e+00 4.218963826109465746e-05 1.000000000000000000e+00 -1.250832320830409718e-05 9.759797423029177024e-05 6.704104163057991173e-01 9.739862816459660122e-01 9.677624028657776378e-01 9.802488549114063421e-01 0.000000000000000000e+00
7.533216389571179228e+00 1.645809463253457006e+00 4.922612831208406098e-05 1.000000000000000000e+00 -5.607237507697247954e-06 1.047711737195153390e-04 9.116587696125861839e-01 9.739076296185644743e-01 9.676110343483123044e-01 9.802437709268054800e-01 0.000000000000000000e+00
7.539498415843477019e+00 1.644438149444884756e+00 5.274358381227371137e-05 1.000000000000000000e+00 -2.113722596514780883e-06 1.083129155389908681e-04 1.047531786389981789e+00 9.746761724431934892e-01 9.683387012437010277e-01 9.810535746486545028e-01 0.000000000000000000e+00
7.545785680761798453e+00 1.643067978236111282e+00 5.786387371666307011e-05 1.000000000000000000e+00 3.026544346835254409e-06 1.134129774633670735e-04 1.262798463445960806e+00 9.744739217605995485e-01 9.681383808215128228e-01 9.808494047479461297e-01 0.000000000000000000e+00
7.552078188694705041e+00 1.641698948675104575e+00 6.814962102697522074e-05 1.000000000000000000e+00 1.324602876499889542e-05 1.237642073202460430e-04 1.754223125477437861e+00 9.720680103835567243e-01 9.656997810260321558e-01 9.784767710450893441e-01 0.000000000000000000e+00
7.558375944014398939e+00 1.640331059810627101e+00 7.041121423450655953e-05 1.000000000000000000e+00 1.548246803872820851e-05 1.260512751046616970e-04 1.871352318982417273e+00 9.719810127440500214e-01 9.656139909193525162e-01 9.783885362863835589e-01 0.000000000000000000e+00
7.564678951096730941e+00 1.638964310692231585e+00 6.852169260281233167e-05 1.000000000000000000e+00 1.351840781600341482e-05 1.242370531363920928e-04 1.768569678483231655e+00 9.729013832603855549e-01 9.664910578295963228e-01 9.793527081544974866e-01 0.000000000000000000e+00
7.570987214321198699e+00 1.637598700370265004e+00 6.791941448243281646e-05 1.000000000000000000e+00 1.286560226341646531e-05 1.236874138922254888e-04 1.733172288113792092e+00 9.729350608916134124e-01 9.665264450434318810e-01 9.793846496090364839e-01 0.000000000000000000e+00
7.577300738070952946e+00 1.636234227895864146e+00 5.929213760776932355e-05 1.000000000000000000e+00 4.163579053815687193e-06 1.151374659035156564e-04 1.315426502328023162e+00 9.751169893524256338e-01 9.686618292500932537e-01 9.816136864578577370e-01 0.000000000000000000e+00
7.583619526732800153e+00 1.634870892320956948e+00 5.670604399771209206e-05 1.000000000000000000e+00 1.422893960810787213e-06 1.127098683581098453e-04 1.198354606967882319e+00 9.744736558980512386e-01 9.679419488292926310e-01 9.810478392559947025e-01 0.000000000000000000e+00
7.589943584697204315e+00 1.633508692698261822e+00 5.057105829960193615e-05 1.000000000000000000e+00 -4.768813653254695456e-06 1.066381893254583237e-04 9.477273412188651491e-01 9.741681962866212130e-01 9.676782631676956736e-01 9.807000857690135742e-01 0.000000000000000000e+00
7.596272916358290495e+00 1.632147628081284996e+00 3.805965173330899269e-05 1.000000000000000000e+00 -1.748568956766075695e-05 9.433707123642054546e-05 5.325003623566999522e-01 9.752799111596068826e-01 9.687060360487758093e-01 9.818967475793999311e-01 0.000000000000000000e+00
7.602607526113848380e+00 1.630787697524322288e+00 1.932456278473498925e-05 1.000000000000000000e+00 -3.632232263894090928e-05 7.570861521178296665e-05 1.359027869672218003e-01 9.781421707022670553e-01 9.715993683299158912e-01 9.847274224788943320e-01 0.000000000000000000e+00
7.608947418365335835e+00 1.629428900082457776e+00 1.110592282764946225e-05 1.000000000000000000e+00 -4.480610828379778560e-05 6.775786024963169666e-05 4.449856979476862762e-02 9.776297296732873177e-01 9.710062932286672721e-01 9.842966494404080668e-01 0.000000000000000000e+00
7.615292597517878903e+00 1.628071234811562906e+00 5.275649499447028445e-06 1.000000000000000000e+00 -5.072742860529589845e-05 6.202331866634516863e-05 9.974884168627795589e-03 9.771757272378044368e-01 9.705954590571700402e-01 9.837989800553288422e-01 0.000000000000000000e+00
7.621643067980279795e+00 1.626714700768294497e+00 7.151481420934738121e-06 1.000000000000000000e+00 -4.901800293076936682e-05 6.406981667685361116e-05 1.826860994844992092e-02 9.753718063442105013e-01 9.687166304256220606e-01 9.820710153947044274e-01 0.000000000000000000e+00
7.627998834165015118e+00 1.625359297010096737e+00 4.028405732392964294e-06 1.000000000000000000e+00 -5.219263696085212962e-05 6.100322471241006865e-05 5.782723574384363019e-03 9.764139277762960978e-01 9.697153941928481347e-01 9.831569886674961234e-01 0.000000000000000000e+00
7.634359900488242090e+00 1.624005022595198744e+00 6.164277588703161031e-06 1.000000000000000000e+00 -5.008725289843757371e-05 6.317387993513163549e-05 1.351241750978715572e-02 9.763265262814704304e-01 9.696329742809948193e-01 9.830645439753055159e-01 0.000000000000000000e+00
7.640726271369800315e+00 1.622651876582614117e+00 1.398170333290244597e-05 1.000000000000000000e+00 -4.241831773663101165e-05 7.114244868000820399e-05 6.932412174592172960e-02 9.742174402648873244e-01 9.674898843660436620e-01 9.809900757146602368e-01 0.000000000000000000e+00
7.647097951233216229e+00 1.621299858032140939e+00 1.343908931293080957e-05 1.000000000000000000e+00 -4.308665355637751495e-05 7.072950562626254553e-05 6.368867835874425509e-02 9.742435728070396594e-01 9.675191934222057144e-01 9.810129981218527195e-01 0.000000000000000000e+00
7.653474944505703093e+00 1.619948966004359558e+00 1.584583742333441357e-05 1.000000000000000000e+00 -4.091246028552698226e-05 7.337483357171834322e-05 8.796311584609384226e-02 9.721931428175824008e-01 9.654322759166032997e-01 9.789996848773542260e-01 0.000000000000000000e+00
7.659857255618167216e+00 1.618599199560634805e+00 8.549599808062334423e-06 1.000000000000000000e+00 -4.840146557576944472e-05 6.627859597612102487e-05 2.537455953768130712e-02 9.724989580185753324e-01 9.657386167764898666e-01 9.793048989352450828e-01 0.000000000000000000e+00
7.666244889005210617e+00 1.617250557763112662e+00 3.376166918929917265e-06 1.000000000000000000e+00 -5.385888053458963085e-05 6.139439662069992153e-05 3.918397102381732111e-03 9.716000001310132195e-01 9.647973073030116087e-01 9.784488513314486546e-01 0.000000000000000000e+00
7.672637849105131913e+00 1.615903039674720043e+00 -1.207880195672854128e-06 -1.000000000000000000e+00 -5.876754076724750425e-05 5.713778421927325873e-05 4.968726580045768060e-04 9.707569210416000516e-01 9.638684287701264619e-01 9.776927924732895514e-01 0.000000000000000000e+00
7.679036140359931650e+00 1.614556644359165460e+00 -8.241888265162581958e-06 -1.000000000000000000e+00 -6.590257645427746703e-05 5.020951935277235601e-05 2.295720201863105103e-02 9.716176398818839877e-01 9.647716119719192962e-01 9.785104595091839164e-01 0.000000000000000000e+00
7.685439767215314077e+00 1.613211370880937023e+00 -1.223422501142475557e-05 -1.000000000000000000e+00 -7.003824897412893420e-05 4.636529095823200929e-05 5.038022554157350896e-02 9.725738421945758772e-01 9.656383103033384652e-01 9.795573409882997185e-01 0.000000000000000000e+00
7.691848734120691589e+00 1.611867218305303329e+00 -1.168533018569267334e-05 -1.000000000000000000e+00 -6.944806898520521966e-05 4.688106361459707045e-05 4.588212969201777014e-02 9.728751654696325968e-01 9.659870746415573084e-01 9.798105601011443122e-01 0.000000000000000000e+00
7.698263045529186499e+00 1.610524185698310351e+00 -1.029230054653164932e-05 -1.000000000000000000e+00 -6.819885069261411633e-05 4.842363399531100993e-05 3.548918120617372551e-02 9.731679810652191787e-01 9.661925116429715965e-01 9.801919129038756395e-01 0.000000000000000000e+00
7.704682705897634598e+00 1.609182272126782998e+00 -6.255716708224109809e-06 -1.000000000000000000e+00 -6.430007635037914839e-05 5.260315122084569829e-05 1.303003727747409357e-02 9.722584248812270458e-01 9.653321954044579156e-01 9.792324846814575157e-01 0.000000000000000000e+00
7.711107719686588702e+00 1.607841476658323998e+00 -1.449028210266348945e-06 -1.000000000000000000e+00 -5.988485653143969887e-05 5.780236133848490354e-05 6.926506862328096759e-04 9.705357540681903705e-01 9.635249222958610638e-01 9.775956821505057404e-01 0.000000000000000000e+00
7.717538091360320429e+00 1.606501798361312572e+00 -5.310878136321448727e-06 -1.000000000000000000e+00 -6.407305468934923519e-05 5.426901823368277076e-05 9.205336724164681073e-03 9.712570647405242008e-01 9.641947815816023226e-01 9.783690991025644212e-01 0.000000000000000000e+00
7.723973825386825531e+00 1.605163236304904206e+00 -4.812529487214650861e-06 -1.000000000000000000e+00 -6.372827388595403376e-05 5.492808114007263385e-05 7.502594056404632283e-03 9.702270056427162448e-01 9.632134747229890159e-01 9.772897384276305610e-01 0.000000000000000000e+00
7.730414926237823892e+00 1.603825789559029547e+00 -7.288781487409170982e-06 -1.000000000000000000e+00 -6.637819026033201896e-05 5.263324972806519473e-05 1.713260699881402616e-02 9.700995809215298138e-01 9.629968342969047468e-01 9.772527293420096850e-01 0.000000000000000000e+00
7.736861398388765743e+00 1.602489457194395728e+00 -9.291955973422006632e-06 -1.000000000000000000e+00 -6.837069963082728239e-05 5.062819207858643849e-05 2.775716428953955983e-02 9.696408485748625461e-01 9.625866362934004661e-01 9.767448277080629238e-01 0.000000000000000000e+00
7.743313246318833443e+00 1.601154238282482378e+00 -1.126623741839814341e-05 -1.000000000000000000e+00 -7.051761964029537545e-05 4.883078612670191415e-05 4.063178839749070903e-02 9.688165415731643249e-01 9.616748691202328114e-01 9.760092858587008369e-01 0.000000000000000000e+00
7.749770474510944140e+00 1.599820131895543396e+00 -1.644214213764079181e-05 -1.000000000000000000e+00 -7.578038668388490003e-05 4.374652507064088125e-05 8.597012689796201812e-02 9.685372277261112828e-01 9.614415820244086586e-01 9.756833469798633640e-01 0.000000000000000000e+00
7.756233087451753327e+00 1.598487137106606282e+00 -2.478847102665633243e-05 -1.000000000000000000e+00 -8.438235723322637773e-05 3.565947794283420667e-05 1.938147959638172324e-01 9.687639436790443925e-01 9.615749879619163165e-01 9.760045758443980368e-01 0.000000000000000000e+00
7.762701089631657503e+00 1.597155252989470364e+00 -3.294058010304043281e-05 -1.000000000000000000e+00 -9.263178026727887648e-05 2.761242325437921662e-05 3.396093614740607336e-01 9.684303587059639451e-01 9.612875181410420744e-01 9.756243320354659465e-01 0.000000000000000000e+00
7.769174485544799502e+00 1.595824478618706577e+00 -4.992649690187437277e-05 -1.000000000000000000e+00 -1.097765430080676155e-04 1.079270441257868310e-05 7.742217608680448393e-01 9.707290647903632497e-01 9.634863382085471217e-01 9.780242459817051204e-01 0.000000000000000000e+00
7.775653279689067610e+00 1.594494813069657235e+00 -5.676886342017403757e-05 -1.000000000000000000e+00 -1.167427787726349632e-04 4.083218439733425295e-06 9.956179375338365389e-01 9.692384871886382536e-01 9.619502126274295239e-01 9.765798737093885906e-01 0.000000000000000000e+00
7.782137476566102663e+00 1.593166255418435151e+00 -7.077519394028699261e-05 -1.000000000000000000e+00 -1.307909997252187191e-04 -9.871564878108841543e-06 1.537472236367875666e+00 9.698081976034970131e-01 9.625229762470736139e-01 9.771465656114942666e-01 0.000000000000000000e+00
7.788627080681298942e+00 1.591838804741922297e+00 -7.983528828407221607e-05 -1.000000000000000000e+00 -1.400236671881549544e-04 -1.875047052679353467e-05 1.942216027678114187e+00 9.683160337057516998e-01 9.609838988945901272e-01 9.757020279664486706e-01 0.000000000000000000e+00
7.795122096543806833e+00 1.590512460117771143e+00 -9.566503141522904687e-05 -1.000000000000000000e+00 -1.560012028404641647e-04 -3.442328280328647752e-05 2.761392158553178433e+00 9.689531804424215133e-01 9.616218421747178002e-01 9.763383123722937373e-01 0.000000000000000000e+00
7.801622528666539047e+00 1.589187220624400876e+00 -1.044773684951998718e-04 -1.000000000000000000e+00 -1.651027000485997154e-04 -4.293835513726864729e-05 3.259599785654415882e+00 9.675535732674109823e-01 9.601731369182276987e-01 9.749886027925626086e-01 0.000000000000000000e+00
7.808128381566169729e+00 1.587863085341000069e+00 -1.154569353131177820e-04 -1.000000000000000000e+00 -1.763121589299231247e-04 -5.367966976972747117e-05 3.937061645149583455e+00 9.679784573155276739e-01 9.605988550556018302e-01 9.754125905012471787e-01 0.000000000000000000e+00
7.814639659763139790e+00 1.586540053347523793e+00 -1.137677160816228820e-04 -1.000000000000000000e+00 -1.749434224974158458e-04 -5.166190850840257436e-05 3.788816158955512492e+00 9.659473603577550804e-01 9.585221870708736658e-01 9.734278499259771955e-01 0.000000000000000000e+00
7.821156367781661345e+00 1.585218123724693617e+00 -1.144902557773900008e-04 -1.000000000000000000e+00 -1.759913958438967399e-04 -5.205114908271242285e-05 3.803937690272903183e+00 9.670091255419954734e-01 9.594855433342324158e-01 9.745894446738230243e-01 0.000000000000000000e+00
7.827678510149716828e+00 1.583897295553998275e+00 -1.010033925815403505e-04 -1.000000000000000000e+00 -1.627441311227275159e-04 -3.831539949465273293e-05 2.939058821760340834e+00 9.655959637256685824e-01 9.581258456941299517e-01 9.731220472381911790e-01 0.000000000000000000e+00
7.834206091399066985e+00 1.582577567917689887e+00 -8.374847686555671135e-05 -1.000000000000000000e+00 -1.459421310881131627e-04 -2.060310840793724179e-05 2.004241464641552284e+00 9.649029853566738479e-01 9.573416973131142482e-01 9.725216413173755070e-01 0.000000000000000000e+00
7.840739116065250869e+00 1.581258939898786631e+00 -5.987149950823700197e-05 -1.000000000000000000e+00 -1.224390326102026898e-04 3.652805790419806501e-06 1.015474686116647263e+00 9.633948276933048671e-01 9.558878423424734816e-01 9.709585471490738140e-01 0.000000000000000000e+00
7.847277588687588512e+00 1.579941410581070071e+00 -3.606736842603507401e-05 -1.000000000000000000e+00 -9.917926356716634940e-05 2.800499363432005812e-05 3.650888521369779482e-01 9.626260239331916324e-01 9.550285153168966978e-01 9.702816742344071432e-01 0.000000000000000000e+00
7.853821513809187138e+00 1.578624979049085830e+00 -1.071920625308265552e-05 -1.000000000000000000e+00 -7.423158607168775015e-05 5.376181155718576140e-05 3.195018777819313982e-02 9.612543273081006756e-01 9.537115411734106152e-01 9.688545330779023690e-01 0.000000000000000000e+00
7.860370895976941163e+00 1.577309644388141585e+00 1.106558974896453935e-05 1.000000000000000000e+00 -5.299383116484343207e-05 7.610144658256888018e-05 3.370987834074412604e-02 9.602280533212513847e-01 9.525963483350690097e-01 9.679185543309186679e-01 0.000000000000000000e+00
7.866925739741537527e+00 1.575995405684307737e+00 3.424862067067062225e-05 1.000000000000000000e+00 -3.024945894235306213e-05 9.973400378309344458e-05 3.194934570604459623e-01 9.572119060522228384e-01 9.496412101630882230e-01 9.648406661085726643e-01 0.000000000000000000e+00
7.873486049657457464e+00 1.574682262024415857e+00 4.253915463143486113e-05 1.000000000000000000e+00 -2.254205808939916474e-05 1.086173365484772042e-04 4.860210900190509165e-01 9.572995193769228139e-01 9.496351171624538567e-01 9.650234372279776762e-01 0.000000000000000000e+00
7.880051830282980951e+00 1.573370212496058462e+00 4.935569755255775972e-05 1.000000000000000000e+00 -1.621487010830654964e-05 1.159375529689468751e-04 6.440615092894859117e-01 9.558095445951453328e-01 9.481994115609747587e-01 9.634784328748574600e-01 0.000000000000000000e+00
7.886623086180188480e+00 1.572059256187587906e+00 4.872473300880007075e-05 1.000000000000000000e+00 -1.750330741669311985e-05 1.159784537488841487e-04 6.166775138133857581e-01 9.549337778822862832e-01 9.472319003562615913e-01 9.626958616582391715e-01 0.000000000000000000e+00
7.893199821914964609e+00 1.570749392188117488e+00 4.037868500016899914e-05 1.000000000000000000e+00 -2.643645622824930731e-05 1.082346496820505832e-04 4.157174238603147387e-01 9.552051799652407915e-01 9.474517821718325683e-01 9.630195093167109865e-01 0.000000000000000000e+00
7.899782042057002407e+00 1.569440619587517682e+00 2.947813350853795643e-05 1.000000000000000000e+00 -3.780596172760088516e-05 9.781687626546593589e-05 2.178095892851388271e-01 9.556679753506596153e-01 9.479141898062964922e-01 9.634826591863806522e-01 0.000000000000000000e+00
7.906369751179806116e+00 1.568132937476418354e+00 2.635354764752287419e-05 1.000000000000000000e+00 -4.137924324563663019e-05 9.515127472039619592e-05 1.719129252188054124e-01 9.538845040659166274e-01 9.460862786408712477e-01 9.617444278297929694e-01 0.000000000000000000e+00
7.912962953860692039e+00 1.566826344946206540e+00 2.068581277061346251e-05 1.000000000000000000e+00 -4.726175054265209670e-05 8.970567135453624971e-05 1.050597372530432949e-01 9.541220999282167270e-01 9.463245258606393095e-01 9.619813776113630421e-01 0.000000000000000000e+00
7.919561654680794760e+00 1.565520841089027337e+00 2.685162064577883403e-05 1.000000000000000000e+00 -4.124937675517757686e-05 9.602655333236650385e-05 1.767126505347960119e-01 9.523373716326256622e-01 9.444960168224806329e-01 9.602410990149640169e-01 0.000000000000000000e+00
7.926165858225068916e+00 1.564216424997781019e+00 3.439750027944035423e-05 1.000000000000000000e+00 -3.362924353032447966e-05 1.034946245196370634e-04 2.909153096563841245e-01 9.520278154234788071e-01 9.441909463334440256e-01 9.599270832758446392e-01 0.000000000000000000e+00
7.932775569082291867e+00 1.562913095766124583e+00 5.082961004380018825e-05 1.000000000000000000e+00 -1.705299644558055358e-05 1.197750377062327192e-04 6.409377997999854415e-01 9.501792722883705133e-01 9.423008126985275013e-01 9.581210372064068448e-01 0.000000000000000000e+00
7.939390791845069018e+00 1.561610852488469980e+00 6.386936990362749829e-05 1.000000000000000000e+00 -3.657837821369406129e-06 1.324540698837667720e-04 1.024441578622031557e+00 9.496318770881182481e-01 9.417613051715865158e-01 9.575656852226251958e-01 0.000000000000000000e+00
7.946011531109834714e+00 1.560309694259983226e+00 8.149285268141824210e-05 1.000000000000000000e+00 1.426811274532293109e-05 1.497727482090821494e-04 1.691083765183122978e+00 9.463754390661115456e-01 9.384687903575993362e-01 9.543460677058698272e-01 0.000000000000000000e+00
7.952637791476856677e+00 1.559009620176584621e+00 8.509986724688425733e-05 1.000000000000000000e+00 1.806503419389181525e-05 1.531877215809278716e-04 1.860831743577477937e+00 9.455045998419467912e-01 9.375011416060361480e-01 9.535736864065090801e-01 0.000000000000000000e+00
7.959269577550237784e+00 1.557710629334948083e+00 8.124276112325893424e-05 1.000000000000000000e+00 1.436268038700781117e-05 1.491751443404954012e-04 1.699400797916666761e+00 9.443197129640069631e-01 9.363704804304593399e-01 9.523337888936067586e-01 0.000000000000000000e+00
7.965906893937922284e+00 1.556412720832499597e+00 6.910092936953910294e-05 1.000000000000000000e+00 2.017551707398331016e-06 1.372345718427869028e-04 1.222971402757650594e+00 9.432286920444380440e-01 9.351766752213228617e-01 9.513473029353615162e-01 0.000000000000000000e+00
7.972549745251694908e+00 1.555115893767417656e+00 4.403961998020497454e-05 1.000000000000000000e+00 -2.314802083338804336e-05 1.122835435371760107e-04 4.916120746680689990e-01 9.444118838121295934e-01 9.364025445458907804e-01 9.524869744129130789e-01 0.000000000000000000e+00
7.979198136107187977e+00 1.553820147238631932e+00 1.880174515949943766e-05 1.000000000000000000e+00 -4.865866247178356012e-05 8.732935681843859632e-05 8.865456667973603544e-02 9.447210789787073848e-01 9.366025239101101185e-01 9.529071505143138499e-01 0.000000000000000000e+00
7.985852071123881402e+00 1.552525480345822828e+00 -9.672570551884907122e-06 -1.000000000000000000e+00 -7.716088056495161646e-05 5.889974912484666138e-05 2.322919274092782871e-02 9.464846751740058073e-01 9.384109534915807682e-01 9.546249992491652181e-01 0.000000000000000000e+00
7.992511554925108008e+00 1.551231892189421036e+00 -2.387336737901607365e-05 -1.000000000000000000e+00 -9.161319583956502907e-05 4.496178611543731813e-05 1.403711684849895391e-01 9.451082152583284435e-01 9.369339547691384329e-01 9.533507647033629961e-01 0.000000000000000000e+00
7.999176592138056208e+00 1.549939381870606869e+00 -3.420786191950824553e-05 -1.000000000000000000e+00 -1.020536438093463906e-04 3.474151464807809215e-05 2.858379900327463474e-01 9.448130740985705156e-01 9.366947709069033401e-01 9.529988311057165928e-01 0.000000000000000000e+00
