# OBJ_NAME=4U 1728-34
#         GRID_START=6.00
#         GRID_END=8.00
#         GRID_STEP_FRACTION=0.50
#         XSPEC_FITSTAT=cstat
#         XSPEC_CONTINUUM_MODEL=tbabs*(bbodyrad + pow)*constant
#         XSPEC_LINE_MODEL=gauss
#         LINE_VELOCITY_WIDTH=500
#         INPUT_FILE=/home/simon/Downloads/tgcat/obs_2748_tgid_3771/pm_heg_abs1.pha
#         SEARCH_MODE=Sliding window
#         FIT_REGION_WIDTH=30.00
#         RUNTIME=69
#         COLUMN_NAMES=ENERGY,WAVELENGTH,NORM,NORM_SIGN,NORM_ERR_LO,NORM_ERR_HI,DELTA_FITSTAT,CONSTANT_FACTOR,CONSTANT_FACTOR_ERR_LO,CONSTANT_FACTOR_ERR_HI,FIT_ERR
6.000000000000000000e+00 2.066373137115381287e+00 1.081967031686207989e-05 1.000000000000000000e+00 -3.504858226022322513e-05 5.771846360019519857e-05 6.074139685259183352e-02 1.077209106980706377e+00 1.065969061712553234e+00 1.088563784749548180e+00 0.000000000000000000e+00
6.005003461427972589e+00 2.064651403172383937e+00 5.644911388816252789e-06 1.000000000000000000e+00 -4.022012752068229138e-05 5.254487955018081991e-05 1.650884452064360630e-02 1.079997024698376107e+00 1.068658430192910069e+00 1.091451941042984153e+00 0.000000000000000000e+00
6.010011095293655181e+00 2.062931103804642063e+00 -6.099968396339826190e-07 -1.000000000000000000e+00 -4.646282603625053294e-05 4.628509693570456165e-05 1.919628286941588158e-04 1.081710022078450129e+00 1.070430457274174074e+00 1.093104453094601913e+00 0.000000000000000000e+00
6.015022905076486737e+00 2.061212237816845594e+00 -2.464667704744738938e-06 -1.000000000000000000e+00 -4.845478270502409223e-05 4.457168578436961699e-05 3.115234713845893566e-03 1.079108998471966840e+00 1.067820418050235087e+00 1.090512919902406397e+00 0.000000000000000000e+00
6.020038894258807005e+00 2.059494804014679215e+00 -8.154945953259816967e-06 -1.000000000000000000e+00 -5.433081356329942798e-05 3.906824986819557125e-05 3.380810052092897422e-02 1.080281227882981865e+00 1.068896471253769409e+00 1.091783187834197255e+00 0.000000000000000000e+00
6.025059066325860080e+00 2.057778801204824592e+00 -8.156882482854852304e-06 -1.000000000000000000e+00 -5.447378902205982456e-05 3.921164781307764376e-05 3.363567417849822050e-02 1.079704549536561364e+00 1.068301233877102518e+00 1.091225442737681295e+00 0.000000000000000000e+00
6.030083424765796174e+00 2.056064228194956822e+00 -6.080455577441954432e-06 -1.000000000000000000e+00 -5.243438520324579923e-05 4.133104209977403974e-05 1.864685183682013303e-02 1.081162370863046007e+00 1.069820784701057459e+00 1.092619967232023814e+00 0.000000000000000000e+00
6.035111973069674285e+00 2.054351083793744426e+00 7.795374602971628238e-07 1.000000000000000000e+00 -4.566922506099734447e-05 4.828551762386307965e-05 3.064827064633846021e-04 1.082301831494006272e+00 1.070870695103494086e+00 1.093850798733676966e+00 0.000000000000000000e+00
6.040144714731465747e+00 2.052639366810848021e+00 1.055189923608010890e-05 1.000000000000000000e+00 -3.599067872334934604e-05 5.814943828061611998e-05 5.618653979223608985e-02 1.083170106726664805e+00 1.071718070429890313e+00 1.094740282364485395e+00 0.000000000000000000e+00
6.045181653248054232e+00 2.050929076056921652e+00 2.332967739865079656e-05 1.000000000000000000e+00 -2.332867313163610818e-05 7.104443236685007909e-05 2.745351242101037315e-01 1.081897502092842744e+00 1.070522764366382606e+00 1.093388934935841883e+00 0.000000000000000000e+00
6.050222792119239301e+00 2.049220210343609683e+00 3.238332734149182164e-05 1.000000000000000000e+00 -1.450570036383755341e-05 8.033027832125884675e-05 5.267777890655906958e-01 1.082267218973389511e+00 1.070803775699109783e+00 1.093849186120146699e+00 0.000000000000000000e+00
6.055268134847740846e+00 2.047512768483544576e+00 3.180046952651049963e-05 1.000000000000000000e+00 -1.530519310013604321e-05 7.996438950724825499e-05 5.032897631069488398e-01 1.088194040047838707e+00 1.076678869171368458e+00 1.099828193524436504e+00 0.000000000000000000e+00
6.060317684939197314e+00 2.045806749290351334e+00 3.712792716160986928e-05 1.000000000000000000e+00 -1.022760580600793354e-05 8.554166001007423566e-05 6.809739493760957885e-01 1.087667826619025613e+00 1.076132782150222011e+00 1.099322396714752959e+00 0.000000000000000000e+00
6.065371445902172809e+00 2.044102151578641724e+00 3.992551812363584116e-05 1.000000000000000000e+00 -7.566179411296327316e-06 8.847730821836887762e-05 7.839132421483441249e-01 1.087457725894379612e+00 1.075924326460747427e+00 1.099110705575175428e+00 0.000000000000000000e+00
6.070429421248155322e+00 2.042398974164015168e+00 4.374070853254408944e-05 1.000000000000000000e+00 -3.762219323895290169e-06 9.230653380268217156e-05 9.420632731755631539e-01 1.084824909791447745e+00 1.073286602966207592e+00 1.096483157246125106e+00 0.000000000000000000e+00
6.075491614491562942e+00 2.040697215863058300e+00 4.166047234802332938e-05 1.000000000000000000e+00 -5.719473009660971008e-06 9.010698336122085605e-05 8.577104578942567059e-01 1.084653489090185996e+00 1.073099623670557667e+00 1.096327618128374759e+00 0.000000000000000000e+00
6.080558029149742971e+00 2.038996875493343186e+00 3.535274770260071064e-05 1.000000000000000000e+00 -1.186845987667503241e-05 8.364589644363628501e-05 6.193630370647156269e-01 1.085151629596114997e+00 1.073600029459121030e+00 1.096823401630284911e+00 0.000000000000000000e+00
6.085628668742976366e+00 2.037297951873428659e+00 2.589184362677471378e-05 1.000000000000000000e+00 -2.125549495593650890e-05 7.411660855174975683e-05 3.317258571346144436e-01 1.085396832904536257e+00 1.073823152054554253e+00 1.097091185268833646e+00 0.000000000000000000e+00
6.090703536794479511e+00 2.035600443822857208e+00 8.389694158183986245e-06 1.000000000000000000e+00 -3.875908757260887255e-05 5.661918957332339646e-05 3.454415842449520824e-02 1.089963655530160169e+00 1.078342505111810956e+00 1.101705791445773075e+00 0.000000000000000000e+00
6.095782636830406886e+00 2.033904350162153651e+00 -3.063723290868638624e-06 -1.000000000000000000e+00 -5.032517323345134355e-05 4.527971388678884697e-05 4.568945236627541817e-03 1.089672618569345275e+00 1.077957730792687752e+00 1.101510480912737844e+00 0.000000000000000000e+00
6.100865972379854618e+00 2.032209669712826461e+00 -1.203393762237990401e-05 -1.000000000000000000e+00 -5.927882359601015455e-05 3.629808769661845100e-05 7.015053951263894305e-02 1.089528906078131465e+00 1.077883648813278139e+00 1.101295723216094924e+00 0.000000000000000000e+00
6.105953546974859592e+00 2.030516401297367324e+00 -1.880571252118341588e-05 -1.000000000000000000e+00 -6.598513410147996048e-05 2.946668172659631910e-05 1.713530583509452754e-01 1.091325341567367824e+00 1.079581655111793381e+00 1.103192409323402456e+00 0.000000000000000000e+00
6.111045364150406556e+00 2.028824543739246700e+00 -2.023658869841022125e-05 -1.000000000000000000e+00 -6.728249706133067765e-05 2.790567021750256431e-05 1.992330655961325192e-01 1.092749771388986879e+00 1.080981259068969802e+00 1.104641992778740089e+00 0.000000000000000000e+00
6.116141427444425460e+00 2.027134095862917373e+00 -1.924475407633627612e-05 -1.000000000000000000e+00 -6.615723963068166830e-05 2.876372093228919368e-05 1.808616489411747352e-01 1.094809213434199568e+00 1.083105768511164912e+00 1.106634993330257499e+00 0.000000000000000000e+00
6.121241740397799447e+00 2.025445056493809570e+00 -1.250501982332626368e-05 -1.000000000000000000e+00 -5.946284855887849882e-05 3.554901017694717016e-05 7.654444638143331758e-02 1.093213355436529088e+00 1.081429618924379499e+00 1.105121222637973633e+00 0.000000000000000000e+00
6.126346306554362187e+00 2.023757424458334508e+00 -1.133494366767035098e-05 -1.000000000000000000e+00 -5.839344280309434357e-05 3.682528977284865436e-05 6.265823980555751405e-02 1.095633032682509223e+00 1.083815101110152890e+00 1.107575550755350857e+00 0.000000000000000000e+00
6.131455129460903208e+00 2.022071198583879958e+00 -1.095024089653110142e-05 -1.000000000000000000e+00 -5.823488136060960170e-05 3.744020501113456804e-05 5.796982083509760741e-02 1.098116488637779220e+00 1.086259640511683555e+00 1.110098423275493795e+00 0.000000000000000000e+00
6.136568212667169675e+00 2.020386377698810687e+00 -6.881001038198319650e-06 -1.000000000000000000e+00 -5.446100509411347791e-05 4.180337837240969052e-05 2.266957745752051778e-02 1.097794377315924219e+00 1.085936257928497017e+00 1.109777696521375923e+00 0.000000000000000000e+00
6.141685559725869936e+00 2.018702960632467569e+00 1.002134924505878949e-06 1.000000000000000000e+00 -4.680971346360273712e-05 4.991549725969914817e-05 4.783597724440369348e-04 1.095292173907735034e+00 1.083422760090715586e+00 1.107287318386766861e+00 0.000000000000000000e+00
6.146807174192673529e+00 2.017020946215167587e+00 8.779553631946797137e-06 1.000000000000000000e+00 -3.907648750559493736e-05 5.773965598688393717e-05 3.677465364879139997e-02 1.093535036908917180e+00 1.081654721586841283e+00 1.105541544814361066e+00 0.000000000000000000e+00
6.151933059626216505e+00 2.015340333278202056e+00 1.447187079783390154e-05 1.000000000000000000e+00 -3.330865523337584442e-05 6.336453308448037919e-05 1.003888730189430589e-01 1.093089051663196143e+00 1.081217651361447984e+00 1.105086388851833412e+00 0.000000000000000000e+00
6.157063219588101433e+00 2.013661120653835290e+00 1.562664319801530485e-05 1.000000000000000000e+00 -3.216476702329057745e-05 6.453787225051393212e-05 1.170194983581325232e-01 1.094933354514709078e+00 1.083031382396151265e+00 1.106961668594332426e+00 0.000000000000000000e+00
6.162197657642900950e+00 2.011983307175305935e+00 1.285281783443141770e-05 1.000000000000000000e+00 -3.515672368142594222e-05 6.198481753499413731e-05 7.839707052769995244e-02 1.098576589464023145e+00 1.086628444530299387e+00 1.110651600918572734e+00 0.000000000000000000e+00
6.167336377358160426e+00 2.010306891676824304e+00 1.627181359723409946e-05 1.000000000000000000e+00 -3.218916209420031227e-05 6.585236440983163460e-05 1.239057256542821506e-01 1.097403531418028377e+00 1.085357574574026485e+00 1.109578639125204935e+00 0.000000000000000000e+00
6.172479382304400630e+00 2.008631872993570600e+00 2.074509897275702796e-05 1.000000000000000000e+00 -2.805326567640062878e-05 7.066366973171618192e-05 1.989861105743671033e-01 1.097470940306814802e+00 1.085490929430795504e+00 1.109578638749718849e+00 0.000000000000000000e+00
6.177626676055119503e+00 2.006958249961698471e+00 2.471974533143770687e-05 1.000000000000000000e+00 -2.426866950076841150e-05 7.483273693485128131e-05 2.812488444264999998e-01 1.101274333159886876e+00 1.089178050584793223e+00 1.113500328248611781e+00 0.000000000000000000e+00
6.182778262186794827e+00 2.005286021418328790e+00 3.942182250431386506e-05 1.000000000000000000e+00 -9.594259749817591969e-06 8.956663090685588178e-05 7.190055062517330953e-01 1.099746941802538736e+00 1.087640413920671234e+00 1.111983447558752447e+00 0.000000000000000000e+00
6.187934144278887771e+00 2.003615186201552323e+00 5.190761572597545775e-05 1.000000000000000000e+00 2.971793180129103391e-06 1.019711649951832231e-04 1.254841859737723553e+00 1.100467456989947079e+00 1.088438219567829268e+00 1.112625172742062851e+00 0.000000000000000000e+00
6.193094325913842901e+00 2.001945743150427948e+00 5.898590817368513825e-05 1.000000000000000000e+00 1.004041401275714078e-05 1.090546505669218701e-04 1.625917202683183405e+00 1.102961552997913541e+00 1.090828982725098317e+00 1.115224631534406097e+00 0.000000000000000000e+00
6.198258810677093500e+00 2.000277691104981770e+00 6.287775742325684650e-05 1.000000000000000000e+00 1.388478426840719301e-05 1.129942673047396588e-04 1.847091159683458272e+00 1.103003298397402965e+00 1.090847985977986490e+00 1.115289639291502821e+00 0.000000000000000000e+00
6.203427602157062459e+00 1.998611028906206677e+00 5.706750411231807955e-05 1.000000000000000000e+00 8.047272570286687023e-06 1.072162408048921514e-04 1.513558128663419211e+00 1.104562888265231857e+00 1.092471213914971484e+00 1.116783982188580326e+00 0.000000000000000000e+00
6.208600703945164057e+00 1.996945755396060118e+00 4.426970442981561197e-05 1.000000000000000000e+00 -4.837962215019651945e-06 9.450998288875699625e-05 9.037070398061928245e-01 1.105954386871364381e+00 1.093754435269578051e+00 1.118285829960116162e+00 0.000000000000000000e+00
6.213778119635809283e+00 1.995281869417466547e+00 2.827787421425012775e-05 1.000000000000000000e+00 -2.083121395680229176e-05 7.852419796028168046e-05 3.661780372250404980e-01 1.106013929405644580e+00 1.093783981206602363e+00 1.118375926383906593e+00 0.000000000000000000e+00
6.218959852826404955e+00 1.993619369814312314e+00 1.002393030432828508e-05 1.000000000000000000e+00 -3.896424824503747018e-05 6.015592001040746589e-05 4.585107798641274712e-02 1.106551033105941384e+00 1.094290909041598647e+00 1.118943794622677679e+00 0.000000000000000000e+00
6.224145907117359044e+00 1.991958255431448777e+00 -7.912909593863567500e-06 -1.000000000000000000e+00 -5.665127920333909531e-05 4.197867550834584417e-05 2.859126612983686755e-02 1.107987459464348845e+00 1.095722909549272206e+00 1.120384498138589535e+00 0.000000000000000000e+00
6.229336286112081567e+00 1.990298525114688521e+00 -2.207340351077825439e-05 -1.000000000000000000e+00 -7.055964072781966399e-05 2.757517770880897818e-05 2.230834166049078249e-01 1.109245276221106691e+00 1.096951671042309284e+00 1.121671825856833893e+00 0.000000000000000000e+00
6.234530993416986355e+00 1.988640177710806478e+00 -2.930473907950435642e-05 -1.000000000000000000e+00 -7.768732890751770719e-05 2.024361979696173884e-05 3.938389199611265212e-01 1.108486274356176082e+00 1.096098633665363309e+00 1.121008998932597533e+00 0.000000000000000000e+00
6.239730032641496393e+00 1.986983212067538140e+00 -3.541072850572051249e-05 -1.000000000000000000e+00 -8.372470983534320088e-05 1.406878794645727580e-05 5.739637490642621742e-01 1.110315858286489377e+00 1.097995091251463773e+00 1.122770131790110648e+00 0.000000000000000000e+00
6.244933407398043812e+00 1.985327627033580011e+00 -3.858969503844939420e-05 -1.000000000000000000e+00 -8.692650978648265461e-05 1.091278662837056180e-05 6.799209941952994996e-01 1.113147903576410247e+00 1.100786316805015597e+00 1.125643500024558374e+00 0.000000000000000000e+00
6.250141121302072555e+00 1.983673421458586272e+00 -3.917991851741189522e-05 -1.000000000000000000e+00 -8.755791071796286437e-05 1.036764255564663422e-05 7.000369314471868165e-01 1.116685743828015775e+00 1.104206918040468555e+00 1.129300833034431628e+00 0.000000000000000000e+00
6.255353177972041934e+00 1.982020594193170782e+00 -3.303941089625723175e-05 -1.000000000000000000e+00 -8.142653322483310585e-05 1.652241951350550623e-05 4.980413194583661607e-01 1.116580157039631649e+00 1.104181137869675755e+00 1.129113815972495161e+00 0.000000000000000000e+00
6.260569581029430175e+00 1.980369144088905076e+00 -3.701849311436107483e-05 -1.000000000000000000e+00 -8.545688969530281214e-05 1.259366869011035648e-05 6.224674707219151060e-01 1.124853354878572631e+00 1.112385667151836621e+00 1.137456205870582382e+00 0.000000000000000000e+00
6.265790334098732650e+00 1.978719069998317037e+00 -3.252969783449702877e-05 -1.000000000000000000e+00 -8.116218035987305280e-05 1.727408382393101605e-05 4.786699630858208820e-01 1.125691357833086936e+00 1.113117563036446933e+00 1.138402402183641193e+00 0.000000000000000000e+00
6.271015440807469865e+00 1.977070370774890451e+00 -3.046648763870854970e-05 -1.000000000000000000e+00 -7.927675083497858714e-05 1.951643480235739524e-05 4.174390997514763058e-01 1.127231662936190926e+00 1.114620687858833614e+00 1.139980540505119988e+00 0.000000000000000000e+00
6.276244904786186574e+00 1.975423045273065226e+00 -2.744150405074013892e-05 -1.000000000000000000e+00 -7.642782351273424719e-05 2.272304309774472229e-05 3.367323798001109481e-01 1.126980210486379530e+00 1.114370518310576319e+00 1.139727879001087851e+00 0.000000000000000000e+00
6.281478729668454442e+00 1.973777092348234952e+00 -2.269009765181219181e-05 -1.000000000000000000e+00 -7.189327016980761166e-05 2.770018699909767676e-05 2.288728379785709421e-01 1.125205598699609455e+00 1.112574463236309485e+00 1.137975219724505882e+00 0.000000000000000000e+00
6.286716919090875599e+00 1.972132510856748011e+00 -2.316535208251450283e-05 -1.000000000000000000e+00 -7.260688937593361950e-05 2.747201636303709570e-05 2.363633764427675032e-01 1.128716204437485660e+00 1.116033967436699026e+00 1.141537581107736843e+00 0.000000000000000000e+00
6.291959476693084419e+00 1.970489299655904469e+00 -1.503470070973691798e-05 -1.000000000000000000e+00 -6.480767669159536826e-05 3.593701746482698688e-05 9.868784048231304951e-02 1.128052518685993100e+00 1.115371258324588499e+00 1.140872918393929014e+00 0.000000000000000000e+00
6.297206406117751065e+00 1.968847457603957185e+00 -6.247795824520394829e-06 -1.000000000000000000e+00 -5.635107854163003062e-05 4.505073571502190823e-05 1.690398297955653106e-02 1.130379269606911707e+00 1.117653238678306016e+00 1.143245214158701950e+00 0.000000000000000000e+00
6.302457711010582386e+00 1.967206983560110700e+00 1.170340053526372495e-05 1.000000000000000000e+00 -3.867996871802625299e-05 6.327986523323338294e-05 5.917328995360549015e-02 1.128789127979069384e+00 1.116042533598549769e+00 1.141676322634773699e+00 0.000000000000000000e+00
6.307713395020327241e+00 1.965567876384518575e+00 3.170712844973718825e-05 1.000000000000000000e+00 -1.886054720692017638e-05 8.346954892874712604e-05 4.349001826104199608e-01 1.127166590643150723e+00 1.114434900032164055e+00 1.140038692240789464e+00 0.000000000000000000e+00
6.312973461798775610e+00 1.963930134938285832e+00 4.941185022020947441e-05 1.000000000000000000e+00 -1.339027274516008082e-06 1.013585709432786449e-04 1.057048184406966129e+00 1.126556253423701692e+00 1.113800303664254532e+00 1.139453268728971347e+00 0.000000000000000000e+00
6.318237915000763039e+00 1.962293758083465844e+00 6.308596660104923875e-05 1.000000000000000000e+00 1.208818553649021417e-05 1.152764082416445220e-04 1.719494127365805980e+00 1.126092296662551950e+00 1.113234170942864143e+00 1.139094006580611218e+00 0.000000000000000000e+00
6.323506758284172413e+00 1.960658744683059451e+00 7.190746964057153690e-05 1.000000000000000000e+00 2.075243310258316921e-05 1.242521476971574716e-04 2.226214398734214228e+00 1.124682221932191251e+00 1.111907065302604414e+00 1.137599212646712710e+00 0.000000000000000000e+00
6.328779995309938400e+00 1.959025093601015399e+00 6.968515789237083018e-05 1.000000000000000000e+00 1.847572330192395848e-05 1.220846584458634850e-04 2.084450260964530344e+00 1.126101223439425425e+00 1.113285793704287929e+00 1.139059446669841158e+00 0.000000000000000000e+00
6.334057629742047446e+00 1.957392803702229900e+00 6.096763077941195325e-05 1.000000000000000000e+00 9.846299904977696819e-06 1.132870072055621981e-04 1.596520469548750043e+00 1.126459459833795362e+00 1.113536318232428934e+00 1.139527551469270206e+00 0.000000000000000000e+00
6.339339665247542221e+00 1.955761873852543076e+00 4.251084982973902171e-05 1.000000000000000000e+00 -8.306720528154893052e-06 9.453964906023791287e-05 7.772128280979870851e-01 1.128909349289580089e+00 1.116050762503421945e+00 1.141911112234004655e+00 0.000000000000000000e+00
6.344626105496522506e+00 1.954132302918741848e+00 1.369272648622769256e-05 1.000000000000000000e+00 -3.682303973455221973e-05 6.542806193073300047e-05 8.046808944840222466e-02 1.135237204995231286e+00 1.122310944499647078e+00 1.148307255184359832e+00 0.000000000000000000e+00
6.349916954162148741e+00 1.952504089768555939e+00 -1.371084475590851559e-05 -1.000000000000000000e+00 -6.403873636995886407e-05 3.784217104926940168e-05 8.034403734083639392e-02 1.137937909765283750e+00 1.124885621641020572e+00 1.151136432702767332e+00 0.000000000000000000e+00
6.355212214920644698e+00 1.950877233270659206e+00 -4.475791134588078516e-05 -1.000000000000000000e+00 -9.488430681910923082e-05 6.602839787006070822e-06 8.504036118937108313e-01 1.143582418722620897e+00 1.130462055530622845e+00 1.156849677781736307e+00 0.000000000000000000e+00
6.360511891451300137e+00 1.949251732294668749e+00 -6.709259559984499766e-05 -1.000000000000000000e+00 -1.170337850806732168e-04 -1.590732595151014925e-05 1.903174289442091549e+00 1.145418076628972770e+00 1.132287640351118840e+00 1.158695377267151327e+00 0.000000000000000000e+00
6.365815987436472589e+00 1.947627585711142251e+00 -8.442224280528270119e-05 -1.000000000000000000e+00 -1.341824535254113960e-04 -3.341396297218784364e-05 3.008437992165085006e+00 1.149023427977217349e+00 1.135840153417675857e+00 1.162354405598100993e+00 0.000000000000000000e+00
6.371124506561590906e+00 1.946004792391578420e+00 -8.702695077554033275e-05 -1.000000000000000000e+00 -1.366750328644325313e-04 -3.612378307996625429e-05 3.204657665563786395e+00 1.148082121325052940e+00 1.134873950633520145e+00 1.161438586384337501e+00 0.000000000000000000e+00
6.376437452515156146e+00 1.944383351208418098e+00 -8.142971230177059529e-05 -1.000000000000000000e+00 -1.310953595096003030e-04 -3.049634491403604698e-05 2.807548517945036792e+00 1.147598826372498326e+00 1.134398461931510838e+00 1.160947183582044184e+00 0.000000000000000000e+00
6.381754828988746020e+00 1.942763261035039601e+00 -7.197768352821814900e-05 -1.000000000000000000e+00 -1.219426275864706583e-04 -2.074224243036347558e-05 2.179087295974341032e+00 1.150157165074997767e+00 1.136907948260951873e+00 1.163555267913845670e+00 0.000000000000000000e+00
6.387076639677015777e+00 1.941144520745761159e+00 -5.264234165306143462e-05 -1.000000000000000000e+00 -1.031594123227322379e-04 -8.679571121763017061e-07 1.153642824393187993e+00 1.150132262528758886e+00 1.136845135224640702e+00 1.163569470266702988e+00 0.000000000000000000e+00
6.392402888277703532e+00 1.939527129215838475e+00 -2.549186079969471147e-05 -1.000000000000000000e+00 -7.651054989231836380e-05 2.676966117068164730e-05 2.689409638393271962e-01 1.147869364470677667e+00 1.134595802847140567e+00 1.161292975445451958e+00 0.000000000000000000e+00
6.397733578491629380e+00 1.937911085321463833e+00 8.319433813279921802e-07 1.000000000000000000e+00 -5.043126140071782910e-05 5.333460703425823576e-05 2.871703199787134508e-04 1.147229043775813473e+00 1.133930852117465138e+00 1.160678089844255467e+00 0.000000000000000000e+00
6.403068714022700725e+00 1.936296387939767438e+00 2.613553778903458062e-05 1.000000000000000000e+00 -2.522054475938362506e-05 7.873607159766788472e-05 2.858300682977414908e-01 1.144236475543687792e+00 1.130851537782124439e+00 1.157774488942447499e+00 0.000000000000000000e+00
6.408408298577912277e+00 1.934683035948813856e+00 4.069381816600144499e-05 1.000000000000000000e+00 -1.066739603505271832e-05 9.330643430800235338e-05 6.959730320609196497e-01 1.143298236241332422e+00 1.130005756739088651e+00 1.156742009671351212e+00 0.000000000000000000e+00
6.413752335867351384e+00 1.933071028227602239e+00 4.208463790098426505e-05 1.000000000000000000e+00 -9.456032465003903233e-06 9.487825631684674373e-05 7.400089380144549978e-01 1.144892844162308077e+00 1.131554815033120276e+00 1.158382970680353008e+00 0.000000000000000000e+00
6.419100829604198033e+00 1.931460363656067436e+00 3.248215679039939447e-05 1.000000000000000000e+00 -1.939264156015746388e-05 8.560992900747112981e-05 4.343665443345230415e-01 1.147698768131016012e+00 1.134221622406792251e+00 1.161330720342543588e+00 0.000000000000000000e+00
6.424453783504729287e+00 1.929851041115075327e+00 2.013520698010887365e-05 1.000000000000000000e+00 -3.200397987945130009e-05 7.353563343454096461e-05 1.642807101796677216e-01 1.147544867387676470e+00 1.134138049994149355e+00 1.161104789646973501e+00 0.000000000000000000e+00
6.429811201288321953e+00 1.928243059486426159e+00 2.737643484661837274e-07 1.000000000000000000e+00 -5.201504193661759260e-05 5.383718089839902970e-05 2.999576000206616300e-05 1.152175409380670423e+00 1.138619314117542913e+00 1.165887219746657655e+00 0.000000000000000000e+00
6.435173086677453469e+00 1.926636417652850763e+00 -1.116514872293097430e-05 -1.000000000000000000e+00 -6.341016019184347787e-05 4.236834779623487111e-05 4.970151648299747649e-02 1.153044971726070234e+00 1.139446740718151663e+00 1.166799588938769228e+00 0.000000000000000000e+00
6.440539443397706343e+00 1.925031114498011453e+00 -1.409524121810146901e-05 -1.000000000000000000e+00 -6.616975475700718763e-05 3.927463354119603014e-05 7.942797111701338508e-02 1.152411674183021706e+00 1.138903209293720131e+00 1.166074772146486360e+00 0.000000000000000000e+00
6.445910275177769044e+00 1.923427148906499795e+00 -1.434392585905715937e-05 -1.000000000000000000e+00 -6.633433519598535362e-05 3.894180902530991879e-05 8.255029070249975121e-02 1.154852873790659595e+00 1.141220456027096430e+00 1.168642336628844092e+00 0.000000000000000000e+00
6.451285585749439555e+00 1.921824519763838390e+00 -4.831442389676723792e-06 -1.000000000000000000e+00 -5.684018428480316107e-05 4.847327646041308980e-05 9.397053577686165227e-03 1.153135938157211715e+00 1.139482057658774083e+00 1.166947697031079478e+00 0.000000000000000000e+00
6.456665378847628034e+00 1.920223225956476210e+00 5.405041708193517402e-06 1.000000000000000000e+00 -4.672566496683537682e-05 5.883031044051599681e-05 1.175566875244271614e-02 1.152269585285029319e+00 1.138625820018452472e+00 1.166071109671744876e+00 0.000000000000000000e+00
6.462049658210359482e+00 1.918623266371792813e+00 9.974963577795387348e-06 1.000000000000000000e+00 -4.233976695700709497e-05 6.358005950878658163e-05 3.985115447977705117e-02 1.155498377789704989e+00 1.141800560567162170e+00 1.169354946090642500e+00 0.000000000000000000e+00
6.467438427578775517e+00 1.917024639898092353e+00 9.777438177308540724e-06 1.000000000000000000e+00 -4.269175777527026865e-05 6.353599861697534700e-05 3.806365160940572423e-02 1.160736243512093369e+00 1.146971621713839706e+00 1.174660426514939182e+00 0.000000000000000000e+00
6.472831690697137930e+00 1.915427345424606687e+00 1.315577361215682465e-05 1.000000000000000000e+00 -3.941408129333152862e-05 6.702040360328731191e-05 6.872251516739424915e-02 1.160453068661956078e+00 1.146693191047519989e+00 1.174372369912516145e+00 0.000000000000000000e+00
6.478229451312831344e+00 1.913831381841492263e+00 1.012875313402889647e-05 1.000000000000000000e+00 -4.247446096890084108e-05 6.403376379982127101e-05 4.062415232428406853e-02 1.162370040942298566e+00 1.148563155252319445e+00 1.176337260019904685e+00 0.000000000000000000e+00
6.483631713176364109e+00 1.912236748039830792e+00 8.681734444137411018e-06 1.000000000000000000e+00 -4.397139566629999942e-05 6.264378304294651351e-05 2.977664982407191019e-02 1.160338489197373368e+00 1.146505319103045872e+00 1.174332765410068369e+00 0.000000000000000000e+00
6.489038480041373624e+00 1.910643442911627687e+00 1.816316963610028360e-06 1.000000000000000000e+00 -5.089200415337050501e-05 5.584245901547508248e-05 1.296184816169443366e-03 1.160922015566645316e+00 1.147085415688876564e+00 1.174919734991681786e+00 0.000000000000000000e+00
6.494449755664626345e+00 1.909051465349812737e+00 -3.280897964879439611e-06 -1.000000000000000000e+00 -5.614511868532433021e-05 5.091077125217305306e-05 4.198229929386343429e-03 1.159955109497418091e+00 1.146081357827966496e+00 1.173990742023394374e+00 0.000000000000000000e+00
6.499865543806021329e+00 1.907460814248235881e+00 -1.432254280416939593e-05 -1.000000000000000000e+00 -6.739116445044794818e-05 4.007891074122113149e-05 7.914234384418250556e-02 1.165622623720976581e+00 1.151588596335655135e+00 1.179821570893735183e+00 0.000000000000000000e+00
6.505285848228594681e+00 1.905871488501671207e+00 -1.147599517209584746e-05 -1.000000000000000000e+00 -6.473220619257325881e-05 4.311742462264252240e-05 5.047113234957123495e-02 1.164153317151142675e+00 1.150209946106689030e+00 1.178259724489597815e+00 0.000000000000000000e+00
6.510710672698518664e+00 1.904283487005811404e+00 -4.239979330921018143e-06 -1.000000000000000000e+00 -5.768263925691560523e-05 5.054324084253050323e-05 6.867406878939164017e-03 1.164237113664191581e+00 1.150254103390712546e+00 1.178383942904262627e+00 0.000000000000000000e+00
6.516140020985107917e+00 1.902696808657271088e+00 1.128914994808798170e-05 1.000000000000000000e+00 -4.236684665108992839e-05 6.628987961003001111e-05 4.870758265249719443e-02 1.162524289552559154e+00 1.148430877882480772e+00 1.176784271609986554e+00 0.000000000000000000e+00
6.521573896860818564e+00 1.901111452353583031e+00 2.819218350911028564e-05 1.000000000000000000e+00 -2.563783914621548169e-05 8.337161644317117885e-05 3.035485121198746583e-01 1.163104852838445558e+00 1.149098453127097352e+00 1.177275756936652984e+00 0.000000000000000000e+00
6.527012304101254436e+00 1.899527416993199491e+00 5.097000055572007657e-05 1.000000000000000000e+00 -3.281974035646760502e-06 1.065695826429558435e-04 9.888954707561481428e-01 1.160640038830472065e+00 1.146524679061124541e+00 1.174922830679182795e+00 0.000000000000000000e+00
6.532455246485166178e+00 1.897944701475490215e+00 7.437293121068524820e-05 1.000000000000000000e+00 1.963154736587485012e-05 1.304567390586907781e-04 2.091728416643391597e+00 1.157668967569273066e+00 1.143528544957614246e+00 1.171977876670229568e+00 0.000000000000000000e+00
6.537902727794456581e+00 1.896363304700741548e+00 9.172838515913937763e-05 1.000000000000000000e+00 3.660765070947581484e-05 1.481865061740631612e-04 3.158035704627067730e+00 1.157941193470933605e+00 1.143884163215790339e+00 1.172165044165023762e+00 0.000000000000000000e+00
6.543354751814182357e+00 1.894783225570156437e+00 1.061720174167480967e-04 1.000000000000000000e+00 5.073619215679963767e-05 1.629434045038683095e-04 4.215658771850527842e+00 1.157449541502700185e+00 1.143271847509737205e+00 1.171796817071528718e+00 0.000000000000000000e+00
6.548811322332555918e+00 1.893204462985853986e+00 1.138824558300816119e-04 1.000000000000000000e+00 5.834047610488155336e-05 1.707682793566149776e-04 4.848078676314045765e+00 1.158074819627191054e+00 1.143855570516042031e+00 1.172464490581696328e+00 0.000000000000000000e+00
6.554272443140948923e+00 1.891627015850867455e+00 1.167906236401100242e-04 1.000000000000000000e+00 6.121602328057953600e-05 1.737217309196172836e-04 5.097220918521728095e+00 1.157853247623104709e+00 1.143640141790476905e+00 1.172236510331084780e+00 0.000000000000000000e+00
6.559738118033894949e+00 1.890050883069143817e+00 1.135207863482074121e-04 1.000000000000000000e+00 5.785807102205122365e-05 1.705462420412452989e-04 4.795431798053613193e+00 1.158170940822066175e+00 1.143912873721275147e+00 1.172600177342625116e+00 0.000000000000000000e+00
6.565208350809092153e+00 1.888476063545543981e+00 1.026827528394807278e-04 1.000000000000000000e+00 4.691447193941684554e-05 1.598118073327487679e-04 3.891046525581415949e+00 1.160870510406334377e+00 1.146551575040373860e+00 1.175361795708809609e+00 0.000000000000000000e+00
6.570683145267405045e+00 1.886902556185840796e+00 9.052288372602203292e-05 1.000000000000000000e+00 3.473367503396211886e-05 1.476739227771566010e-04 3.004245035452399293e+00 1.161959198479448174e+00 1.147634789487557372e+00 1.176455987499179789e+00 0.000000000000000000e+00
6.576162505212867160e+00 1.885330359896719488e+00 6.836711578510409751e-05 1.000000000000000000e+00 1.276312181008245353e-05 1.253470682718681845e-04 1.706811981309499515e+00 1.169502173272566115e+00 1.155095028973857962e+00 1.184082693379467921e+00 0.000000000000000000e+00
6.581646434452685490e+00 1.883759473585775446e+00 5.135925205678051149e-05 1.000000000000000000e+00 -4.010184041733781441e-06 1.081282109053764750e-04 9.639499184068114346e-01 1.172482169566928967e+00 1.157936792687323857e+00 1.187203476242504108e+00 0.000000000000000000e+00
6.587134936797241380e+00 1.882189896161514886e+00 3.635136603837828284e-05 1.000000000000000000e+00 -1.878113022649136954e-05 9.290619989146946007e-05 4.820889730602857526e-01 1.173790547685658492e+00 1.159336473448619120e+00 1.188418113113709484e+00 0.000000000000000000e+00
6.592628016060094076e+00 1.880621626533353297e+00 1.969571657546522844e-05 1.000000000000000000e+00 -3.547258318552519614e-05 7.630012173110839989e-05 1.401288555308610739e-01 1.176466052365776394e+00 1.161957783649324671e+00 1.191148769675134611e+00 0.000000000000000000e+00
6.598125676057981615e+00 1.879054663611614329e+00 3.018148900061012091e-06 1.000000000000000000e+00 -5.245100964920048882e-05 5.993598159820317996e-05 3.233673562988315098e-03 1.179686221984414862e+00 1.165028273739647791e+00 1.194521908736452698e+00 0.000000000000000000e+00
6.603627920610826152e+00 1.877489006307530905e+00 -7.386012606770682540e-06 -1.000000000000000000e+00 -6.320267365421527853e-05 4.990011675100541557e-05 1.899941910315305904e-02 1.179739468799640978e+00 1.165169684414622653e+00 1.194484809820958171e+00 0.000000000000000000e+00
6.609134753541735741e+00 1.875924653533241671e+00 -1.408123237895211786e-05 -1.000000000000000000e+00 -7.029524294450097328e-05 4.362153798377137691e-05 6.795913918764995287e-02 1.180528563842245138e+00 1.165823943541236973e+00 1.195411713638947937e+00 0.000000000000000000e+00
6.614646178677005217e+00 1.874361604201792542e+00 -2.083631359872534848e-05 -1.000000000000000000e+00 -7.724516509865516191e-05 3.707588454598881647e-05 1.472083549461444818e-01 1.186365328446471912e+00 1.171585914142864837e+00 1.201324412356504334e+00 0.000000000000000000e+00
6.620162199846120643e+00 1.872799857227134490e+00 -1.695017976849844270e-05 -1.000000000000000000e+00 -7.342066988646735399e-05 4.103399453387617684e-05 9.711342734215122618e-02 1.188886950680659416e+00 1.174189061894991060e+00 1.203762182362703825e+00 0.000000000000000000e+00
6.625682820881761970e+00 1.871239411524124430e+00 -3.423769622248573959e-06 -1.000000000000000000e+00 -6.005887777035262559e-05 5.472695924185415177e-05 3.967812018856875511e-03 1.187641900112787141e+00 1.172823606503055283e+00 1.202640687489173743e+00 0.000000000000000000e+00
6.631208045619805702e+00 1.869680266008521441e+00 6.846409685154667881e-06 1.000000000000000000e+00 -4.991302823417290168e-05 6.511627531298500666e-05 1.587281542995810923e-02 1.191109260037483075e+00 1.176226855087356915e+00 1.206173070689530391e+00 0.000000000000000000e+00
6.636737877899325788e+00 1.868122419596990769e+00 2.355327926563289956e-05 1.000000000000000000e+00 -3.337732394885994746e-05 8.198530348771254921e-05 1.881718455561554038e-01 1.189702738298677342e+00 1.174831933779378890e+00 1.204755135530781951e+00 0.000000000000000000e+00
6.642272321562598059e+00 1.866565871207098271e+00 3.463782812142051168e-05 1.000000000000000000e+00 -2.244473157837934159e-05 9.321472029705742449e-05 4.070924093837930968e-01 1.191723412751713118e+00 1.176793236261505671e+00 1.206836289004491469e+00 0.000000000000000000e+00
6.647811380455102892e+00 1.865010619757312416e+00 4.960099585188870383e-05 1.000000000000000000e+00 -7.662291468413175329e-06 1.083577185247134212e-04 8.359384522545383334e-01 1.188608258304431953e+00 1.173648437960070012e+00 1.203752077300583645e+00 0.000000000000000000e+00
6.653355058425526991e+00 1.863456664167002952e+00 5.889784558102558430e-05 1.000000000000000000e+00 1.473323583369325464e-06 1.178174059290672563e-04 1.177211185378723712e+00 1.187815403665788194e+00 1.172859810587799645e+00 1.202954811301138571e+00 0.000000000000000000e+00
6.658903359325766047e+00 1.861904003356439352e+00 6.720022574648593767e-05 1.000000000000000000e+00 9.558132908777989981e-06 1.263361468684026981e-04 1.528221776470232385e+00 1.185697528118438981e+00 1.170703112132616575e+00 1.200877076986863301e+00 0.000000000000000000e+00
6.664456287010930069e+00 1.860352636246791480e+00 6.792406703017143433e-05 1.000000000000000000e+00 1.008143528842320630e-05 1.272567417435226849e-04 1.554092648116977671e+00 1.187852896882243714e+00 1.172702670463108277e+00 1.203191686491796419e+00 0.000000000000000000e+00
6.670013845339340719e+00 1.858802561760127592e+00 6.743280870968617312e-05 1.000000000000000000e+00 9.562968532311312087e-06 1.267949618489707839e-04 1.527609772698923507e+00 1.189364957238548071e+00 1.174297363506605629e+00 1.204619011152215924e+00 0.000000000000000000e+00
6.675576038172540194e+00 1.857253778819414780e+00 7.033545673102989187e-05 1.000000000000000000e+00 1.241693645440533741e-05 1.297513708676982578e-04 1.664131170626788503e+00 1.186587649119489551e+00 1.171397853471214834e+00 1.201967212047610367e+00 0.000000000000000000e+00
6.681142869375288562e+00 1.855706286348516532e+00 6.252136202860263245e-05 1.000000000000000000e+00 4.713311308957975824e-06 1.218341941085820311e-04 1.315098382557636114e+00 1.190841294141269602e+00 1.175578766665890340e+00 1.206294786203912839e+00 0.000000000000000000e+00
6.686714342815570866e+00 1.854160083272192949e+00 5.697954475426040931e-05 1.000000000000000000e+00 -6.841019054886274394e-07 1.161539920613451798e-04 1.092899555327903727e+00 1.191421616251116422e+00 1.176250999707862732e+00 1.206780816147801749e+00 0.000000000000000000e+00
6.692290462364595349e+00 1.852615168516101862e+00 4.467264045747678844e-05 1.000000000000000000e+00 -1.292461550027029224e-05 1.037799117021478691e-04 6.704252022741741257e-01 1.195460446766262841e+00 1.180124656683913198e+00 1.210988296353030291e+00 0.000000000000000000e+00
6.697871231896799671e+00 1.851071541006794829e+00 3.443590628187850731e-05 1.000000000000000000e+00 -2.305344259403769078e-05 9.343603378957789757e-05 3.980902648207234051e-01 1.195687308804124216e+00 1.180299681247995558e+00 1.211268305356956176e+00 0.000000000000000000e+00
6.703456655289853572e+00 1.849529199671717139e+00 2.063903162503231847e-05 1.000000000000000000e+00 -3.662570271895261028e-05 7.942162404209978483e-05 1.430910980463693249e-01 1.196907794996925789e+00 1.181517476615510320e+00 1.212491519281869712e+00 0.000000000000000000e+00
6.709046736424657986e+00 1.847988143439209141e+00 -1.322907337116661961e-06 -1.000000000000000000e+00 -5.827427460847897319e-05 5.715825471247560269e-05 5.879688209518008080e-04 1.203452143344413194e+00 1.187973482558566607e+00 1.219125161209736241e+00 0.000000000000000000e+00
6.714641479185352146e+00 1.846448371238503361e+00 -1.837683752923375912e-05 -1.000000000000000000e+00 -7.508113219620714154e-05 3.986916150554199333e-05 1.134941292090161369e-01 1.205449486552355065e+00 1.189907933941663831e+00 1.221186629336755480e+00 0.000000000000000000e+00
6.720240887459313583e+00 1.844909881999724721e+00 -3.379094430030816126e-05 -1.000000000000000000e+00 -9.036168701616534966e-05 2.432963803419817148e-05 3.825479789747987525e-01 1.206804676428187451e+00 1.191255786657484883e+00 1.222549114096690204e+00 0.000000000000000000e+00
6.725844965137160791e+00 1.843372674653889876e+00 -5.109595115011159158e-05 -1.000000000000000000e+00 -1.076807834860612112e-04 7.045577712770923200e-06 8.676730961770431350e-01 1.212211614999934906e+00 1.196571361979895443e+00 1.228048721551441513e+00 0.000000000000000000e+00
6.731453716112758556e+00 1.841836748132905655e+00 -5.675510955581246873e-05 -1.000000000000000000e+00 -1.134986903076143914e-04 1.555675564471118951e-06 1.061884351938203963e+00 1.212697913451280751e+00 1.197052137099828384e+00 1.228540463372304270e+00 0.000000000000000000e+00
6.737067144283217068e+00 1.840302101369569288e+00 -6.197914100844406778e-05 -1.000000000000000000e+00 -1.189345061893967915e-04 -3.452409123587967422e-06 1.254824401546613899e+00 1.219242943652654843e+00 1.203500319114289452e+00 1.235183682472301925e+00 0.000000000000000000e+00
6.742685253548897251e+00 1.838768733297566405e+00 -4.697409383474135630e-05 -1.000000000000000000e+00 -1.042282834788471998e-04 1.184472498123951482e-05 7.190437682987464996e-01 1.216135474080680678e+00 1.200358215812125540e+00 1.232112289684407003e+00 0.000000000000000000e+00
6.748308047813412536e+00 1.837236642851472368e+00 -2.730309664096619443e-05 -1.000000000000000000e+00 -8.470373177121631389e-05 3.165251156828431699e-05 2.437024955305844287e-01 1.214379897467536606e+00 1.198623927991325999e+00 1.230335586754893518e+00 0.000000000000000000e+00
6.753935530983630642e+00 1.835705828966748943e+00 -1.226843253733710250e-06 -1.000000000000000000e+00 -5.866868597103298220e-05 5.776531883681862770e-05 4.969841304500732804e-04 1.208746274186269565e+00 1.192982281180892556e+00 1.224711237541748821e+00 0.000000000000000000e+00
6.759567706969678902e+00 1.834176290579746293e+00 1.535162568026707001e-05 1.000000000000000000e+00 -4.204962360184064725e-05 7.430188825847551374e-05 7.854810238471543471e-02 1.207881507352079442e+00 1.191986004365131135e+00 1.223981449120220333e+00 0.000000000000000000e+00
6.765204579684944264e+00 1.832648026627699211e+00 2.779673595311853851e-05 1.000000000000000000e+00 -2.952522363202998072e-05 8.667076570857465260e-05 2.591261657081531666e-01 1.203690187620287011e+00 1.187926217280365293e+00 1.219656164023924960e+00 0.000000000000000000e+00
6.770846153046076843e+00 1.831121036048729556e+00 2.026055614960106189e-05 1.000000000000000000e+00 -3.711833533438686501e-05 7.919274059239373624e-05 1.371136179490974882e-01 1.207787108699772016e+00 1.191846188960788089e+00 1.223933793030704376e+00 0.000000000000000000e+00
6.776492430972993475e+00 1.829595317781842700e+00 2.796741453732316488e-06 1.000000000000000000e+00 -5.469323781334610267e-05 6.184775909573397661e-05 2.584238363368740465e-03 1.211872206716307465e+00 1.195839881949434691e+00 1.228111876477737452e+00 0.000000000000000000e+00
6.782143417388880380e+00 1.828070870766929312e+00 -2.145537741999062616e-05 -1.000000000000000000e+00 -7.901524003118689057e-05 3.768261113543733677e-05 1.499107630141054415e-01 1.215704645636232595e+00 1.199733352947811138e+00 1.231880992105637285e+00 0.000000000000000000e+00
6.787799116220194051e+00 1.826547693944761797e+00 -5.059406847222924672e-05 -1.000000000000000000e+00 -1.082498574909057415e-04 8.659202080254873018e-06 8.216517277948582887e-01 1.222000449630329610e+00 1.205823621716629601e+00 1.238386012709860706e+00 0.000000000000000000e+00
6.793459531396665696e+00 1.825025786256996740e+00 -6.295784649391910921e-05 -1.000000000000000000e+00 -1.206820296681572480e-04 -3.615058724464112331e-06 1.263222229389441509e+00 1.218018376083316090e+00 1.201798543835328692e+00 1.234448556184731371e+00 0.000000000000000000e+00
6.799124666851304788e+00 1.823505146646170916e+00 -7.179708870177525825e-05 -1.000000000000000000e+00 -1.294863500475492151e-04 -1.247552959245654992e-05 1.636713557295536248e+00 1.218803552953353631e+00 1.202580680908031052e+00 1.235236640506226502e+00 0.000000000000000000e+00
6.804794526520399067e+00 1.821985774055703944e+00 -6.893781168161515721e-05 -1.000000000000000000e+00 -1.266393832021165821e-04 -9.602892501079037283e-06 1.510145825445789569e+00 1.219243626696411731e+00 1.202960547698312066e+00 1.235738476087661075e+00 0.000000000000000000e+00
6.810469114343518982e+00 1.820467667429894965e+00 -5.217104962388053143e-05 -1.000000000000000000e+00 -1.098823513664064862e-04 7.170375530330865422e-06 8.692655691197046508e-01 1.216253161636749347e+00 1.200093564077128416e+00 1.232622147282525837e+00 0.000000000000000000e+00
6.816148434263521239e+00 1.818950825713921748e+00 -3.259530629369818399e-05 -1.000000000000000000e+00 -9.043950897667301584e-05 2.687262794315428477e-05 3.411559246818853808e-01 1.215539965056237293e+00 1.199240073538729190e+00 1.232053188395390020e+00 0.000000000000000000e+00
6.821832490226549695e+00 1.817435247853842917e+00 -1.028859136802899402e-05 -1.000000000000000000e+00 -6.829887365552531368e-05 4.934106037781865804e-05 3.414433984703180158e-02 1.212926608982616061e+00 1.196588765494372097e+00 1.229479402919221309e+00 0.000000000000000000e+00
6.827521286182038907e+00 1.815920932796593723e+00 6.853779744930361220e-06 1.000000000000000000e+00 -5.134943139402321820e-05 6.667340224372105537e-05 1.516161410033589618e-02 1.211358343859190834e+00 1.195040255052784550e+00 1.227891360691771849e+00 0.000000000000000000e+00
6.833214826082717686e+00 1.814407879489987385e+00 1.344340802284442535e-05 1.000000000000000000e+00 -4.501111530890858695e-05 7.351521487250079064e-05 5.803370486722769783e-02 1.213172886091241187e+00 1.196778105776165724e+00 1.229784233401624904e+00 0.000000000000000000e+00
6.838913113884609984e+00 1.812896086882713975e+00 1.502150947218222107e-05 1.000000000000000000e+00 -4.379269320671077344e-05 7.546239861445965392e-05 7.179056887656543040e-02 1.213174447013753543e+00 1.196614422488137874e+00 1.229955266500183164e+00 0.000000000000000000e+00
6.844616153547039339e+00 1.811385553924339531e+00 8.501366893012523074e-06 1.000000000000000000e+00 -5.061880571254890037e-05 6.926708985567834437e-05 2.266936139093900238e-02 1.215254602007900697e+00 1.198768482013302661e+00 1.231959027686304609e+00 0.000000000000000000e+00
6.850323949032630644e+00 1.809876279565305390e+00 -1.801782293802791872e-06 -1.000000000000000000e+00 -6.133168516541972050e-05 5.938661125433029062e-05 1.001249825250738468e-03 1.218364231278880272e+00 1.201778053191683959e+00 1.235170648481965117e+00 0.000000000000000000e+00
6.856036504307313706e+00 1.808368262756926637e+00 -1.154126398487433001e-05 -1.000000000000000000e+00 -7.147083444424764552e-05 5.004885348406012469e-05 4.047666220259316106e-02 1.222067081809698141e+00 1.205281709532196821e+00 1.239077205896656597e+00 0.000000000000000000e+00
6.861753823340325908e+00 1.806861502451392543e+00 -1.619127720964343853e-05 -1.000000000000000000e+00 -7.621742151127242483e-05 4.549928377469516133e-05 7.910716039354781515e-02 1.225265593751704074e+00 1.208556674603119774e+00 1.242196622010593554e+00 0.000000000000000000e+00
6.867475910104213099e+00 1.805355997601766127e+00 -1.033897768476543019e-05 -1.000000000000000000e+00 -7.035637157601508959e-05 5.135230990076072573e-05 3.237279538193149619e-02 1.224295379132647854e+00 1.207435567792600084e+00 1.241381592503289610e+00 0.000000000000000000e+00
6.873202768574835808e+00 1.803851747161981711e+00 -1.854837759452513457e-06 -1.000000000000000000e+00 -6.165640709062452317e-05 5.963653407933654514e-05 1.049780369697828064e-03 1.224251181975303027e+00 1.207502696305851719e+00 1.241223040260857280e+00 0.000000000000000000e+00
6.878934402731368358e+00 1.802348750086846252e+00 9.004639604945720150e-06 1.000000000000000000e+00 -5.085464380719978319e-05 7.055900289519775328e-05 2.483931827119079117e-02 1.223067188888503631e+00 1.206168733380828639e+00 1.240193276282293589e+00 0.000000000000000000e+00
6.884670816556305084e+00 1.800847005332036233e+00 1.721361070854046305e-05 1.000000000000000000e+00 -4.294112336521965887e-05 7.906250814566883592e-05 9.029715843179531021e-02 1.223329267962184108e+00 1.206355266001014170e+00 1.240532938323489098e+00 0.000000000000000000e+00
6.890412014035459443e+00 1.799346511854099884e+00 2.752905154703521210e-05 1.000000000000000000e+00 -3.312660460949966713e-05 8.988164843331312266e-05 2.281522945792318069e-01 1.220773355135342131e+00 1.203905624277798347e+00 1.237868267853925897e+00 0.000000000000000000e+00
6.896157999157970231e+00 1.797847268610453630e+00 3.401397167932426985e-05 1.000000000000000000e+00 -2.732730290282573072e-05 9.705699205007927875e-05 3.427153475337831878e-01 1.221406541998095285e+00 1.204353131540587540e+00 1.238691960421321792e+00 0.000000000000000000e+00
6.901908775916301586e+00 1.796349274559382980e+00 5.368204982852493114e-05 1.000000000000000000e+00 -8.315055708796155139e-06 1.173879278718409315e-04 8.449572607789122003e-01 1.212736664998170566e+00 1.195656259741144201e+00 1.230051287220388145e+00 0.000000000000000000e+00
6.907664348306248314e+00 1.794852528660041413e+00 6.729962764597564602e-05 1.000000000000000000e+00 4.947702181920863142e-06 1.313646172377560758e-04 1.320688178065267948e+00 1.211473393959424216e+00 1.194403865087825922e+00 1.228777177969466949e+00 0.000000000000000000e+00
6.913424720326936779e+00 1.793357029872449937e+00 8.269543191827936099e-05 1.000000000000000000e+00 2.018144828634382555e-05 1.469256836355518209e-04 1.997326958332877211e+00 1.210649020092526840e+00 1.193516725775985776e+00 1.228017470454704663e+00 0.000000000000000000e+00
6.919189895980827565e+00 1.791862777157495312e+00 9.901920130316288178e-05 1.000000000000000000e+00 3.649117737021491045e-05 1.632691008927260161e-04 2.879351499057918318e+00 1.209138647413054990e+00 1.192031510833222008e+00 1.226481509373321011e+00 0.000000000000000000e+00
6.924959879273719920e+00 1.790369769476931161e+00 1.059357215718495612e-04 1.000000000000000000e+00 4.339737143860596536e-05 1.702006261889699428e-04 3.302782857248246273e+00 1.213228732247864761e+00 1.196028220172631773e+00 1.230667195980699846e+00 0.000000000000000000e+00
6.930734674214753532e+00 1.788878005793375303e+00 1.141322190446247484e-04 1.000000000000000000e+00 5.144560969685708094e-05 1.785447234082681743e-04 3.830351012319098913e+00 1.212045339843525582e+00 1.194780356381816455e+00 1.229550356410716860e+00 0.000000000000000000e+00
6.936514284816411191e+00 1.787387485070310644e+00 1.146296303173770313e-04 1.000000000000000000e+00 5.175072040213910397e-05 1.792377253967891368e-04 3.839664712980038530e+00 1.212039560857714582e+00 1.194776255315723290e+00 1.229542916332644120e+00 0.000000000000000000e+00
6.942298715094520567e+00 1.785898206272082511e+00 1.121824307030546195e-04 1.000000000000000000e+00 4.901878717103202207e-05 1.770878100226741872e-04 3.645137986420323273e+00 1.209549453852025724e+00 1.192220024769870435e+00 1.227121036618569194e+00 0.000000000000000000e+00
6.948087969068260428e+00 1.784410168363900873e+00 9.771204155842556709e-05 1.000000000000000000e+00 3.428541923697034941e-05 1.628959891421135177e-04 2.731751861779812884e+00 1.213762720494789615e+00 1.196220835992932274e+00 1.231551316804765817e+00 0.000000000000000000e+00
6.953882050760158862e+00 1.782923370311836564e+00 8.506354741310373317e-05 1.000000000000000000e+00 2.151707948158374016e-05 1.503851357044234515e-04 2.048514691076519512e+00 1.215626268101373197e+00 1.198166070384470761e+00 1.233330366179926418e+00 0.000000000000000000e+00
6.959680964196100383e+00 1.781437811082822398e+00 7.385584062993339654e-05 1.000000000000000000e+00 1.017738702276686964e-05 1.393134929993441063e-04 1.533241296399936004e+00 1.217787046538227225e+00 1.200134926915015665e+00 1.235688013120227691e+00 0.000000000000000000e+00
6.965484713405325046e+00 1.779953489644652054e+00 5.954267410681988456e-05 1.000000000000000000e+00 -3.996433967001176155e-06 1.248607150873927765e-04 9.941886289360439832e-01 1.225165409352978907e+00 1.207392236526448670e+00 1.243189537114125942e+00 0.000000000000000000e+00
6.971293302420433768e+00 1.778470404965979412e+00 5.648262364816372943e-05 1.000000000000000000e+00 -6.716155632141649484e-06 1.214637109089576638e-04 9.012787373313244643e-01 1.225483573867541809e+00 1.207726240129659123e+00 1.243491508234680243e+00 0.000000000000000000e+00
6.977106735277391003e+00 1.776988556016316556e+00 5.182155103413134639e-05 1.000000000000000000e+00 -1.090379458203322713e-05 1.163355514211776841e-04 7.673677143352222174e-01 1.227332226386600667e+00 1.209504224691615448e+00 1.245412651926250946e+00 0.000000000000000000e+00
6.982925016015525621e+00 1.775507941766035547e+00 4.192966430805151817e-05 1.000000000000000000e+00 -2.025652289832641494e-05 1.059160308216572317e-04 5.069096897583875716e-01 1.231377766355794545e+00 1.213639620320499546e+00 1.249365137411878157e+00 0.000000000000000000e+00
6.988748148677535355e+00 1.774028561186365982e+00 3.038810781026689650e-05 1.000000000000000000e+00 -3.158993715806444061e-05 9.417677617608189041e-05 2.668300233898435181e-01 1.232774335111484376e+00 1.214856943575528758e+00 1.250945554482776556e+00 0.000000000000000000e+00
6.994576137309488573e+00 1.772550413249394330e+00 9.216633400376651004e-06 1.000000000000000000e+00 -5.276564840908229333e-05 7.302169767695554598e-05 2.431645682135297193e-02 1.238142163761678960e+00 1.220102485435023087e+00 1.256438412630429324e+00 0.000000000000000000e+00
7.000408985960828723e+00 1.771073496928063928e+00 -1.102902168582003926e-05 -1.000000000000000000e+00 -7.324938060711304929e-05 5.302390279409737025e-05 3.426212790803617736e-02 1.240106322427751095e+00 1.222041786534645791e+00 1.258427530084944346e+00 0.000000000000000000e+00
7.006246698684376106e+00 1.769597811196173431e+00 -2.958626686328912425e-05 -1.000000000000000000e+00 -9.213933145088769826e-05 3.480805747029484939e-05 2.424237524249264197e-01 1.241682799317080921e+00 1.223509327202178421e+00 1.260115423315244731e+00 0.000000000000000000e+00
7.012089279536330544e+00 1.768123355028376364e+00 -4.131605203156105518e-05 -1.000000000000000000e+00 -1.040036002772148709e-04 2.322618181238710354e-05 4.681842486199769837e-01 1.242805690801217278e+00 1.224622308167085727e+00 1.261248293953323829e+00 0.000000000000000000e+00
7.017936732576273151e+00 1.766650127400181791e+00 -3.961714307496306788e-05 -1.000000000000000000e+00 -1.022536447486776363e-04 2.488774914128707728e-05 4.312925079180018884e-01 1.240602938306901271e+00 1.222360603695611614e+00 1.259106369094842304e+00 0.000000000000000000e+00
7.023789061867172556e+00 1.765178127287950538e+00 -3.278578352215758088e-05 -1.000000000000000000e+00 -9.520626705617339538e-05 3.151086246960466743e-05 2.978593370678765950e-01 1.241361514932117993e+00 1.223048647106732112e+00 1.259937399092592170e+00 0.000000000000000000e+00
7.029646271475383124e+00 1.763707353668898525e+00 -1.872672725789186797e-05 -1.000000000000000000e+00 -8.095892974072858546e-05 4.537837087568829923e-05 9.816628306765551315e-02 1.239981673621819658e+00 1.221701758472282462e+00 1.258524160078161369e+00 0.000000000000000000e+00
7.035508365470652059e+00 1.762237805521092104e+00 -2.927142196043895858e-06 -1.000000000000000000e+00 -6.514938011756616254e-05 6.115740260083564212e-05 2.415657321378716915e-03 1.236858543750606110e+00 1.218531802305618639e+00 1.255450302800727114e+00 0.000000000000000000e+00
7.041375347926120298e+00 1.760769481823449834e+00 7.242396373183830475e-06 1.000000000000000000e+00 -5.511189938467826532e-05 7.145224769389502345e-05 1.481762648033679852e-02 1.234815342040348041e+00 1.216321139696917131e+00 1.253579986464416152e+00 0.000000000000000000e+00
7.047247222918324283e+00 1.759302381555740702e+00 7.128654832482040187e-06 1.000000000000000000e+00 -5.528047221165287653e-05 7.140125625351904470e-05 1.430026688622376696e-02 1.235871763573414883e+00 1.217480881114249458e+00 1.254529946518181838e+00 0.000000000000000000e+00
7.053123994527200402e+00 1.757836503698584130e+00 -4.683794014304835449e-07 -1.000000000000000000e+00 -6.307873408559642255e-05 6.401802101165409602e-05 6.123565071902703494e-05 1.237256941565922475e+00 1.218660695431633689e+00 1.256125915979177332e+00 0.000000000000000000e+00
7.059005666836087656e+00 1.756371847233449524e+00 -1.574921544134659436e-05 -1.000000000000000000e+00 -7.843138617533448951e-05 4.882864131674139851e-05 6.850053774238062942e-02 1.240448867373872055e+00 1.221932458702338575e+00 1.259234799251056192e+00 0.000000000000000000e+00
7.064892243931729432e+00 1.754908411142653613e+00 -3.379914967098256379e-05 -1.000000000000000000e+00 -9.663089614316659206e-05 3.094115116420948712e-05 3.121070939806855904e-01 1.243586157779271728e+00 1.224845505582211391e+00 1.262601967308779827e+00 0.000000000000000000e+00
7.070783729904277948e+00 1.753446194409361780e+00 -4.940633469449632806e-05 -1.000000000000000000e+00 -1.122269805908768551e-04 1.532880450604325853e-05 6.627651396903075920e-01 1.244949950852046516e+00 1.226107905596389269e+00 1.264070376942477925e+00 0.000000000000000000e+00
7.076680128847296025e+00 1.751985196017586288e+00 -5.770676047106560163e-05 -1.000000000000000000e+00 -1.202215503032774067e-04 6.724648900795522220e-06 9.068819944456834037e-01 1.242378666405328680e+00 1.223673204842044226e+00 1.261358861462796854e+00 0.000000000000000000e+00
7.082581444857760644e+00 1.750525414952186498e+00 -7.205423094215711972e-05 -1.000000000000000000e+00 -1.340426582463820587e-04 -8.140277191690187611e-06 1.426490678243766297e+00 1.247768110225265348e+00 1.228845010564949103e+00 1.266971678753326946e+00 0.000000000000000000e+00
7.088487682036063831e+00 1.749066850198867318e+00 -8.427998171802395520e-05 -1.000000000000000000e+00 -1.456004398289542244e-04 -2.101086758422500585e-05 1.975131670226005554e+00 1.252708907703323549e+00 1.233680770013647621e+00 1.272019590155534008e+00 0.000000000000000000e+00
7.094398844486017985e+00 1.747609500744178535e+00 -9.284763691009720007e-05 -1.000000000000000000e+00 -1.537051174967063948e-04 -3.001964830088506048e-05 2.414435779282229078e+00 1.253520701765104439e+00 1.234505677832428372e+00 1.272817662523434645e+00 0.000000000000000000e+00
7.100314936314857661e+00 1.746153365575515037e+00 -1.147831902610664930e-04 -1.000000000000000000e+00 -1.755295287328273836e-04 -5.206155501428470919e-05 3.662263462113259038e+00 1.264361996337936223e+00 1.245177604025504037e+00 1.283830954823452553e+00 0.000000000000000000e+00
7.106235961633242226e+00 1.744698443681114597e+00 -1.270375774629040565e-04 -1.000000000000000000e+00 -1.880288074059145568e-04 -6.406961674719502137e-05 4.427744561926772349e+00 1.265524447076527670e+00 1.246326275170607234e+00 1.285007530364600470e+00 0.000000000000000000e+00
7.112161924555259418e+00 1.743244734050058975e+00 -1.427135611810789154e-04 -1.000000000000000000e+00 -2.039407243303139380e-04 -7.949404414048065340e-05 5.509202761059555087e+00 1.272425929250813326e+00 1.253075201374038938e+00 1.292064357881089087e+00 0.000000000000000000e+00
7.118092829198427118e+00 1.741792235672271039e+00 -1.393299670060796965e-04 -1.000000000000000000e+00 -2.007287937905493844e-04 -7.590619735954363967e-05 5.234795854027083806e+00 1.268958752413347879e+00 1.249427230429128510e+00 1.288783653698019949e+00 0.000000000000000000e+00
7.124028679683696907e+00 1.740340947538516092e+00 -1.312257307918944516e-04 -1.000000000000000000e+00 -1.925353010069546849e-04 -6.786543239946499001e-05 4.655098234667846668e+00 1.269713251202939208e+00 1.250304843192610482e+00 1.289411134814480109e+00 0.000000000000000000e+00
7.129969480135457616e+00 1.738890868640399878e+00 -1.095964127647972350e-04 -1.000000000000000000e+00 -1.710317577707531921e-04 -4.610809053871091400e-05 3.267033050363579605e+00 1.265837262378842309e+00 1.246375563451629587e+00 1.285591127547867529e+00 0.000000000000000000e+00
7.135915234681537100e+00 1.737441997970369245e+00 -8.379200879581113896e-05 -1.000000000000000000e+00 -1.454496796920576513e-04 -2.008421128975056743e-05 1.918290147188912442e+00 1.263209049356714742e+00 1.243785863453541918e+00 1.282924152763520231e+00 0.000000000000000000e+00
7.141865947453204910e+00 1.735994334521709703e+00 -5.315516347809574058e-05 -1.000000000000000000e+00 -1.152527821365365945e-04 1.099222008903658749e-05 7.733616231266893237e-01 1.258175403569840478e+00 1.238702965272391543e+00 1.277942397661404383e+00 0.000000000000000000e+00
7.147821622585176726e+00 1.734547877288545648e+00 -3.056417091527144527e-05 -1.000000000000000000e+00 -9.323914352070484840e-05 3.416186704029097076e-05 2.543940433301514759e-01 1.260010929620111186e+00 1.240320035998590420e+00 1.280002786598304132e+00 0.000000000000000000e+00
7.153782264215615250e+00 1.733102625265839913e+00 -6.283143310828876600e-06 -1.000000000000000000e+00 -6.957474792512391491e-05 5.906526957160966124e-05 1.066027395786761645e-02 1.257907154077461120e+00 1.238347629501165059e+00 1.277764060373016930e+00 0.000000000000000000e+00
7.159747876486134643e+00 1.731658577449392222e+00 1.031480916843238419e-05 1.000000000000000000e+00 -5.371706237737033257e-05 7.640100965246058250e-05 2.838123826394678417e-02 1.259659886551617092e+00 1.239870859040988371e+00 1.279753066671971196e+00 0.000000000000000000e+00
7.165718463541802308e+00 1.730215732835839626e+00 2.361865392830833637e-05 1.000000000000000000e+00 -4.093731913745636151e-05 9.023035128700359069e-05 1.471793913979837498e-01 1.260777805512379279e+00 1.241093667787710464e+00 1.280762785855555030e+00 0.000000000000000000e+00
7.171694029531142434e+00 1.728774090422655174e+00 2.985777846479250144e-05 1.000000000000000000e+00 -3.510087422894929584e-05 9.687678031270886944e-05 2.334105308555081137e-01 1.264368183503818743e+00 1.244443693570400855e+00 1.284498278738371413e+00 0.000000000000000000e+00
7.177674578606138667e+00 1.727333649208146804e+00 3.544475894158395033e-05 1.000000000000000000e+00 -2.966422604373125139e-05 1.026298038501457588e-04 3.283114307029535439e-01 1.264001061012560712e+00 1.243980373584095966e+00 1.284229353157007258e+00 0.000000000000000000e+00
7.183660114922237661e+00 1.725894408191456675e+00 3.742561602938324772e-05 1.000000000000000000e+00 -2.761280311649720750e-05 1.045609643392976398e-04 3.662210170841291301e-01 1.261845116201084638e+00 1.241966306564678657e+00 1.281928919074315276e+00 0.000000000000000000e+00
7.189650642638349964e+00 1.724456366372562499e+00 3.275214313932434172e-05 1.000000000000000000e+00 -3.231028475688250311e-05 9.992649356369996596e-05 2.799849570882315675e-01 1.260528618050122729e+00 1.240446240438027647e+00 1.280820323645474490e+00 0.000000000000000000e+00
7.195646165916856241e+00 1.723019522752273547e+00 1.991077604309218814e-05 1.000000000000000000e+00 -4.511760208609669979e-05 8.707257868923473794e-05 1.027232301358651512e-01 1.261998413531786767e+00 1.242020410820970033e+00 1.282183548571677489e+00 0.000000000000000000e+00
7.201646688923606376e+00 1.721583876332232421e+00 2.860895988812268022e-06 1.000000000000000000e+00 -6.237210270271161547e-05 7.024954702407183011e-05 2.094667512437808909e-03 1.264141704242427222e+00 1.243918525357298410e+00 1.284576336931458451e+00 0.000000000000000000e+00
7.207652215827925701e+00 1.720149426114913060e+00 -1.067928832840888015e-05 -1.000000000000000000e+00 -7.619942102290411484e-05 5.701835723959243588e-05 2.879078271695334479e-02 1.262615055364452399e+00 1.242281324426306899e+00 1.283162597469145627e+00 0.000000000000000000e+00
7.213662750802614987e+00 1.718716171103621404e+00 -2.400561528749340119e-05 -1.000000000000000000e+00 -8.972223839582263341e-05 4.390322335487074803e-05 1.436953781546037590e-01 1.263968855480022802e+00 1.243619671688874995e+00 1.284531928868438921e+00 0.000000000000000000e+00
7.219678298023954888e+00 1.717284110302493172e+00 -3.029302224720098507e-05 -1.000000000000000000e+00 -9.609141749622163414e-05 3.770851872291822166e-05 2.276806219361731110e-01 1.264954391279062396e+00 1.244487188008556622e+00 1.285637849656871889e+00 0.000000000000000000e+00
7.225698861671710382e+00 1.715853242716494531e+00 -2.739580328052120602e-05 -1.000000000000000000e+00 -9.304411984766778601e-05 4.047303431250400007e-05 1.869192841406288608e-01 1.264643920467972027e+00 1.244196634468434759e+00 1.285306983560907446e+00 0.000000000000000000e+00
7.231724445929129885e+00 1.714423567351419875e+00 -1.987599468864545451e-05 -1.000000000000000000e+00 -8.535962216456664516e-05 4.784331436486647727e-05 9.910599772035766364e-02 1.265657219138441647e+00 1.245108911612101910e+00 1.286423367279380114e+00 0.000000000000000000e+00
7.237755054982951464e+00 1.712995083213891823e+00 -4.353304695089810992e-06 -1.000000000000000000e+00 -6.993871861770708208e-05 6.347489730985762476e-05 4.780232120239702454e-03 1.261944153054402662e+00 1.241209323122442809e+00 1.282901571182583078e+00 0.000000000000000000e+00
7.243790693023404614e+00 1.711567789311361887e+00 8.909185997263169851e-06 1.000000000000000000e+00 -5.693463580323035049e-05 7.700476109413355481e-05 1.995473550576321031e-02 1.260477875089912159e+00 1.239882501546258453e+00 1.281293265678205229e+00 0.000000000000000000e+00
7.249831364244212040e+00 1.710141684652107807e+00 2.604558859323375880e-05 1.000000000000000000e+00 -4.050096239865002580e-05 9.485466657106486155e-05 1.687089266854684411e-01 1.254413756604814578e+00 1.233746187516618686e+00 1.275303954524091399e+00 0.000000000000000000e+00
7.255877072842594977e+00 1.708716768245233997e+00 3.528718889760959325e-05 1.000000000000000000e+00 -3.216869755322393086e-05 1.050162570425453419e-04 3.037796007161261969e-01 1.255190601848442222e+00 1.234270550285258894e+00 1.276338316318489596e+00 0.000000000000000000e+00
7.261927823019274086e+00 1.707293039100669763e+00 4.801371802014150835e-05 1.000000000000000000e+00 -2.031274691946796451e-05 1.186268193016429262e-04 5.513555243267376227e-01 1.253690749402450066e+00 1.232892416994139984e+00 1.274714407188131560e+00 0.000000000000000000e+00
7.267983618978473004e+00 1.705870496229170197e+00 6.341521619359433289e-05 1.000000000000000000e+00 -5.821829911804111751e-06 1.349493948384936721e-04 9.463058889151483299e-01 1.252295383721550914e+00 1.231263791237523719e+00 1.273557454425053415e+00 0.000000000000000000e+00
7.274044464927921894e+00 1.704449138642313732e+00 8.499040913555353188e-05 1.000000000000000000e+00 1.512397710547331165e-05 1.571760801486059604e-04 1.683267516908884431e+00 1.248531215820469553e+00 1.227656300603400030e+00 1.269633949904012127e+00 0.000000000000000000e+00
7.280110365078859225e+00 1.703028965352503699e+00 1.038764463458201196e-04 1.000000000000000000e+00 3.340121774314542809e-05 1.766905403579257941e-04 2.496045243480736531e+00 1.249710873533605771e+00 1.228598751236738007e+00 1.271055697796575901e+00 0.000000000000000000e+00
7.286181323646034436e+00 1.701609975372965211e+00 1.279314450220501271e-04 1.000000000000000000e+00 5.694817816084620800e-05 2.012704008226326013e-04 3.764121053187977850e+00 1.246923605730673845e+00 1.225971211777379999e+00 1.268105816421534193e+00 0.000000000000000000e+00
7.292257344847713263e+00 1.700192167717745617e+00 1.544056668520753597e-04 1.000000000000000000e+00 8.272949552906973605e-05 2.284415499591858478e-04 5.451199828279200688e+00 1.240073942752398128e+00 1.218948539177015178e+00 1.261434240129917894e+00 0.000000000000000000e+00
7.298338432905678630e+00 1.698775541401714717e+00 1.766049781415508476e-04 1.000000000000000000e+00 1.043421586645747087e-04 2.512323782507234365e-04 7.089536834612886196e+00 1.232412150984146360e+00 1.211234325042365612e+00 1.253827854255418872e+00 0.000000000000000000e+00
7.304424592045234199e+00 1.697360095440562322e+00 1.831028907800360064e-04 1.000000000000000000e+00 1.105358032855294816e-04 2.580483081361647840e-04 7.570093587718361050e+00 1.231889794078466993e+00 1.210729648884143916e+00 1.253287694155790666e+00 0.000000000000000000e+00
7.310515826495206149e+00 1.695945828850798032e+00 1.814648380117385570e-04 1.000000000000000000e+00 1.087430614304530355e-04 2.565869629644097630e-04 7.403043421636667176e+00 1.230239090415051084e+00 1.208970985933389253e+00 1.251747445899930700e+00 0.000000000000000000e+00
7.316612140487947613e+00 1.694532740649751679e+00 1.670454927451340535e-04 1.000000000000000000e+00 9.442080913869603466e-05 2.420976823866057004e-04 6.245850121013219791e+00 1.231800769003860374e+00 1.210524076628854528e+00 1.253317469938804329e+00 0.000000000000000000e+00
7.322713538259342236e+00 1.693120829855571774e+00 1.473564715008956083e-04 1.000000000000000000e+00 7.488138222067717707e-05 2.222803414137546822e-04 4.842909198519379288e+00 1.231138466459522629e+00 1.209731247214615113e+00 1.252788779303861233e+00 0.000000000000000000e+00
7.328820024048804171e+00 1.691710095487224841e+00 1.188768145408644232e-04 1.000000000000000000e+00 4.669473108080889826e-05 1.935194988075831981e-04 3.140160980567145543e+00 1.233925777223672471e+00 1.212351205557125722e+00 1.255746391767734060e+00 0.000000000000000000e+00
7.334931602099284298e+00 1.690300536564494527e+00 8.886117402400759487e-05 1.000000000000000000e+00 1.714779306321454952e-05 1.630421029514529337e-04 1.752917027087036672e+00 1.237044730285864480e+00 1.215435939091449091e+00 1.258899544265311032e+00 0.000000000000000000e+00
7.341048276657271110e+00 1.688892152107981603e+00 6.510154696282115770e-05 1.000000000000000000e+00 -6.127743557945958914e-06 1.388005496445197983e-04 9.444818014244873439e-01 1.237360483768794150e+00 1.215605425566547382e+00 1.259364497975974828e+00 0.000000000000000000e+00
7.347170051972794269e+00 1.687484941139102412e+00 4.616789985666615081e-05 1.000000000000000000e+00 -2.446641687185932421e-05 1.192814712824162213e-04 4.782691340688671744e-01 1.239356670823221984e+00 1.217588690047841427e+00 1.261373308224118972e+00 0.000000000000000000e+00
7.353296932299427269e+00 1.686078902680089531e+00 4.659230006792512154e-05 1.000000000000000000e+00 -2.366193771209956109e-05 1.193271207679400458e-04 4.929421076555087211e-01 1.231293985425417681e+00 1.209463709761309458e+00 1.253376156467310043e+00 0.000000000000000000e+00
7.359428921894291875e+00 1.684674035753989330e+00 5.244266496469141410e-05 1.000000000000000000e+00 -1.756080051038343912e-05 1.249134737836697282e-04 6.319960827258057634e-01 1.225131641490722512e+00 1.203102687998373499e+00 1.247418249731653050e+00 0.000000000000000000e+00
7.365566025018059015e+00 1.683270339384662417e+00 6.255619089605632941e-05 1.000000000000000000e+00 -7.165593924029901147e-06 1.347334932475928340e-04 9.088064891192715322e-01 1.219852817379192045e+00 1.198011964566700893e+00 1.241948552050147869e+00 0.000000000000000000e+00
7.371708245934952330e+00 1.681867812596783196e+00 6.982436746220576555e-05 1.000000000000000000e+00 1.225926080559937206e-07 1.419762302965826503e-04 1.138647097596873436e+00 1.219527788066888219e+00 1.197440598162981651e+00 1.241875838946901123e+00 0.000000000000000000e+00
7.377855588912752616e+00 1.680466454415837863e+00 8.196581667580513965e-05 1.000000000000000000e+00 1.214644853362333075e-05 1.542538851748356940e-04 1.570242310449060597e+00 1.214937754918502533e+00 1.193024748352595754e+00 1.237108349792371387e+00 0.000000000000000000e+00
7.384008058222798709e+00 1.679066263868125519e+00 8.409701058081006371e-05 1.000000000000000000e+00 1.378205618430671658e-05 1.569050815512937293e-04 1.635260838368978398e+00 1.219271325524491356e+00 1.197053459514116014e+00 1.241752751913867581e+00 0.000000000000000000e+00
7.390165658139991045e+00 1.677667239980756175e+00 9.340535926343942325e-05 1.000000000000000000e+00 2.219941197618677568e-05 1.671270689768305281e-04 1.980967609860400103e+00 1.217254978245687846e+00 1.194893410794273469e+00 1.239883531477804945e+00 0.000000000000000000e+00
7.396328392942796093e+00 1.676269381781650081e+00 1.043345629963115384e-04 1.000000000000000000e+00 3.203846392703741861e-05 1.791515159119252477e-04 2.413192152286725900e+00 1.216105259751157686e+00 1.193735516310085787e+00 1.238742619318454752e+00 0.000000000000000000e+00
7.402496266913247247e+00 1.674872688299538392e+00 1.324845012197386335e-04 1.000000000000000000e+00 5.895449600649799139e-05 2.085235887546715437e-04 3.823338803130212682e+00 1.203738980022578620e+00 1.181311730729958764e+00 1.226437902083653109e+00 0.000000000000000000e+00
7.408669284336948380e+00 1.673477158563960288e+00 1.544788164969407719e-04 1.000000000000000000e+00 8.026489973112669533e-05 2.312039417356852311e-04 5.150406770068414630e+00 1.201394100024875344e+00 1.178995523413317814e+00 1.224064682016096084e+00 0.000000000000000000e+00
7.414847449503079169e+00 1.672082791605264962e+00 1.887732106513202702e-04 1.000000000000000000e+00 1.141927414598828514e-04 2.658791293076670113e-04 7.742164555986377650e+00 1.190427034397977035e+00 1.168001141143953925e+00 1.213128153932252484e+00 0.000000000000000000e+00
7.421030766704393322e+00 1.670689586454608300e+00 2.284526438650558633e-04 1.000000000000000000e+00 1.537380028981211936e-04 3.057128628819206226e-04 1.152145856262592361e+01 1.173233807022297182e+00 1.150846218440661817e+00 1.195899426097843055e+00 0.000000000000000000e+00
7.427219240237226572e+00 1.669297542143953983e+00 2.458977455333271516e-04 1.000000000000000000e+00 1.713194629908860989e-04 3.230327577305981625e-04 1.348503479428211449e+01 1.171442127933973731e+00 1.149108612070186775e+00 1.194053201265558029e+00 0.000000000000000000e+00
7.433412874401496673e+00 1.667906657706072160e+00 2.617074644876333806e-04 1.000000000000000000e+00 1.870296169210611259e-04 3.389429941113732527e-04 1.535597562928376192e+01 1.163751334146335914e+00 1.141356506476158161e+00 1.186427142576772953e+00 0.000000000000000000e+00
7.439611673500706956e+00 1.666516932174539223e+00 2.589303381064192618e-04 1.000000000000000000e+00 1.841192310046047714e-04 3.363033942498638569e-04 1.494036077076466995e+01 1.164228500011954326e+00 1.141838266340690966e+00 1.186899817866353901e+00 0.000000000000000000e+00
7.445815641841948995e+00 1.665128364583736253e+00 2.554631524662700137e-04 1.000000000000000000e+00 1.802576362614403634e-04 3.332483506648339943e-04 1.439565194797566505e+01 1.155864446178734850e+00 1.133387672662559575e+00 1.178626334951490495e+00 0.000000000000000000e+00
7.452024783735907043e+00 1.663740953968849468e+00 2.309982711302364261e-04 1.000000000000000000e+00 1.555739365498985563e-04 3.090359241186626540e-04 1.157085589476292853e+01 1.158758184396207147e+00 1.136240830599483775e+00 1.181560632513281472e+00 0.000000000000000000e+00
7.458239103496859812e+00 1.662354699365868660e+00 2.013389322996288981e-04 1.000000000000000000e+00 1.257831797450709036e-04 2.795454613412807912e-04 8.654649633860543645e+00 1.161246136923030470e+00 1.138532603262100595e+00 1.184248655389102733e+00 0.000000000000000000e+00
7.464458605442683137e+00 1.660969599811586539e+00 1.751665244668250139e-04 1.000000000000000000e+00 9.962513869803548783e-05 2.533814294439103968e-04 6.493091845291985464e+00 1.159655643150685256e+00 1.136661262204466727e+00 1.182946238186243670e+00 0.000000000000000000e+00
7.470683293894854415e+00 1.659585654343599170e+00 1.550814255955006019e-04 1.000000000000000000e+00 8.000504157064695313e-05 2.328554127593392056e-04 5.092372805960422966e+00 1.155313327802117263e+00 1.132502713232690139e+00 1.178416746642662050e+00 0.000000000000000000e+00
7.476913173178454386e+00 1.658202862000304201e+00 1.385502110122665317e-04 1.000000000000000000e+00 6.408933254457313902e-05 2.157262766210758321e-04 4.103635745743559937e+00 1.152443056696420554e+00 1.129397315640432442e+00 1.175788419718350131e+00 0.000000000000000000e+00
7.483148247622170679e+00 1.656821221820899526e+00 1.313854296475663343e-04 1.000000000000000000e+00 5.782579447774344986e-05 2.076885493828926476e-04 3.754369530676825661e+00 1.145564879838737671e+00 1.122754996155246765e+00 1.168670366178363729e+00 0.000000000000000000e+00
7.489388521558299594e+00 1.655440732845385288e+00 1.093501189211469523e-04 1.000000000000000000e+00 3.666477315706288115e-05 1.847976006919337479e-04 2.631652317544393327e+00 1.155285286713055193e+00 1.132135804071231489e+00 1.178736812212945795e+00 0.000000000000000000e+00
7.495633999322752317e+00 1.654061394114560324e+00 1.066901637965630745e-04 1.000000000000000000e+00 3.445727312729238818e-05 1.816953607108681853e-04 2.532655979270998614e+00 1.147491692724998513e+00 1.124286555064407223e+00 1.171002512116079641e+00 0.000000000000000000e+00
7.501884685255054031e+00 1.652683204670022832e+00 9.229024797996539134e-05 1.000000000000000000e+00 2.036941412805886600e-05 1.669807256742154920e-04 1.893674379433150534e+00 1.149210848634072413e+00 1.126007171149567831e+00 1.172720187558193627e+00 0.000000000000000000e+00
7.508140583698349246e+00 1.651306163554170148e+00 8.492573182354476143e-05 1.000000000000000000e+00 1.299290955021399510e-05 1.596230894098588430e-04 1.598605625639152095e+00 1.141490049582286614e+00 1.118210003701383348e+00 1.165080064586596409e+00 0.000000000000000000e+00
7.514401698999403578e+00 1.649930269810196748e+00 6.395677328956169273e-05 1.000000000000000000e+00 -7.738319583698330894e-06 1.384281461765064292e-04 9.014568634070485587e-01 1.143939276267881056e+00 1.120643261553457837e+00 1.167545524404084878e+00 0.000000000000000000e+00
7.520668035508609073e+00 1.648555522482095359e+00 5.340789337538595573e-05 1.000000000000000000e+00 -1.796736483971615635e-05 1.275945575193550350e-04 6.310011504983208397e-01 1.134666414471103835e+00 1.111315615841405924e+00 1.158330992047921004e+00 0.000000000000000000e+00
7.526939597579984209e+00 1.647181920614653627e+00 4.072482475809551010e-05 1.000000000000000000e+00 -2.997719474874806044e-05 1.142890572862803773e-04 3.700348254465097853e-01 1.126752205209210711e+00 1.103629532441253502e+00 1.150184600798580759e+00 0.000000000000000000e+00
7.533216389571179228e+00 1.645809463253457006e+00 2.202594996711884718e-05 1.000000000000000000e+00 -4.806309710963347585e-05 9.501401896191277795e-05 1.090037945725157442e-01 1.124876398721638804e+00 1.101510513419504012e+00 1.148558891125088133e+00 0.000000000000000000e+00
7.539498415843477019e+00 1.644438149444884756e+00 1.528741371840852860e-05 1.000000000000000000e+00 -5.446451659800186974e-05 8.796582861478574296e-05 5.282426599524114863e-02 1.112379890223062828e+00 1.088997224710705147e+00 1.136082946160302365e+00 0.000000000000000000e+00
7.545785680761798453e+00 1.643067978236111282e+00 -5.199994276841454565e-06 -1.000000000000000000e+00 -7.465922151925066059e-05 6.720548530047927766e-05 6.080348136265456560e-03 1.114736914349433894e+00 1.091339828723268734e+00 1.138454348925196147e+00 0.000000000000000000e+00
7.552078188694705041e+00 1.641698948675104575e+00 -1.324102440773530937e-05 -1.000000000000000000e+00 -8.279946828375684179e-05 5.927808384555505536e-05 3.918580534462989817e-02 1.108056363658629362e+00 1.084567787072803879e+00 1.131869718115048329e+00 0.000000000000000000e+00
7.558375944014398939e+00 1.640331059810627101e+00 -2.481159640744248234e-05 -1.000000000000000000e+00 -9.437739390507333503e-05 4.772524772591779012e-05 1.365209454115756671e-01 1.109371193540838130e+00 1.085875153090233969e+00 1.133191935938187678e+00 0.000000000000000000e+00
7.564678951096730941e+00 1.638964310692231585e+00 -8.067901999890729286e-06 -1.000000000000000000e+00 -7.788586339215085503e-05 6.473654566546508131e-05 1.449576614436409727e-02 1.089644565702374113e+00 1.066198072645509809e+00 1.113419999204836142e+00 0.000000000000000000e+00
7.570987214321198699e+00 1.637598700370265004e+00 -5.676552968974284889e-06 -1.000000000000000000e+00 -7.536672378597212511e-05 6.702514813432860477e-05 7.194138893737545004e-03 1.089365048950524884e+00 1.065946078981086620e+00 1.113112524403931047e+00 0.000000000000000000e+00
7.577300738070952946e+00 1.636234227895864146e+00 1.699510476163704410e-05 1.000000000000000000e+00 -5.288368147410070312e-05 8.990452568947022429e-05 6.503394597825717938e-02 1.074143704476907990e+00 1.050747534192270738e+00 1.097872333271135092e+00 0.000000000000000000e+00
7.583619526732800153e+00 1.634870892320956948e+00 3.560015871235068714e-05 1.000000000000000000e+00 -3.461819321013839899e-05 1.088506267893084062e-04 2.863053647063225071e-01 1.065306077949125019e+00 1.041735161039059276e+00 1.089217533508008984e+00 0.000000000000000000e+00
7.589943584697204315e+00 1.633508692698261822e+00 5.714294582337155058e-05 1.000000000000000000e+00 -1.346102699176460280e-05 1.307837098412946420e-04 7.376981434523486314e-01 1.054250866909253626e+00 1.030944316379598602e+00 1.077894147785614321e+00 0.000000000000000000e+00
7.596272916358290495e+00 1.632147628081284996e+00 6.782657747463356605e-05 1.000000000000000000e+00 -3.301033104935487800e-06 1.419945772043873099e-04 1.032677270139345183e+00 1.052868426387808753e+00 1.029296809641431887e+00 1.076785134587982640e+00 0.000000000000000000e+00
7.602607526113848380e+00 1.630787697524322288e+00 8.487477900740959195e-05 1.000000000000000000e+00 1.327777259871285877e-05 1.595298751436377300e-04 1.609599040983539453e+00 1.043454164994830569e+00 1.020123064839462801e+00 1.067126538394050028e+00 0.000000000000000000e+00
7.608947418365335835e+00 1.629428900082457776e+00 8.992669904062530414e-05 1.000000000000000000e+00 1.787605764455925427e-05 1.650477794985694049e-04 1.793060442244154729e+00 1.043202708180754001e+00 1.019590573101829323e+00 1.067164488344619189e+00 0.000000000000000000e+00
7.615292597517878903e+00 1.628071234811562906e+00 1.030525500464737432e-04 1.000000000000000000e+00 3.067632226425124351e-05 1.785206795650022169e-04 2.348119230198619789e+00 1.032543435162901924e+00 1.009186219381440264e+00 1.056246172752955514e+00 0.000000000000000000e+00
7.621643067980279795e+00 1.626714700768294497e+00 1.122022667501216463e-04 1.000000000000000000e+00 3.946732551192358841e-05 1.880423546347658619e-04 2.778088697526584383e+00 1.023143728376624262e+00 9.996057796204375068e-01 1.047035771326456421e+00 0.000000000000000000e+00
7.627998834165015118e+00 1.625359297010096737e+00 1.258533938464446772e-04 1.000000000000000000e+00 5.286583644883719856e-05 2.019553093277947969e-04 3.504964680980947378e+00 1.006768356610567849e+00 9.832570343432036619e-01 1.030638719081003796e+00 0.000000000000000000e+00
7.634359900488242090e+00 1.624005022595198744e+00 1.182079701841049169e-04 1.000000000000000000e+00 4.543729666140634285e-05 1.940974180290560951e-04 3.090794385721551407e+00 1.007758389279707734e+00 9.842577308135128655e-01 1.031617736069955216e+00 0.000000000000000000e+00
7.640726271369800315e+00 1.622651876582614117e+00 1.272777462942510283e-04 1.000000000000000000e+00 5.470770328819434046e-05 2.029766767277173234e-04 3.627369267493804728e+00 9.889363113839704233e-01 9.655036833803039009e-01 1.012732515622302820e+00 0.000000000000000000e+00
7.647097951233216229e+00 1.621299858032140939e+00 1.098962058536620307e-04 1.000000000000000000e+00 3.809572839624942437e-05 1.848512761423434846e-04 2.727185038607331080e+00 9.910549291059422838e-01 9.676311013140421746e-01 1.014841593664528308e+00 0.000000000000000000e+00
7.653474944505703093e+00 1.619948966004359558e+00 9.797136420318868595e-05 1.000000000000000000e+00 2.697068328999827980e-05 1.721621819969393927e-04 2.200227883860236489e+00 9.826057405426680269e-01 9.591417370993162717e-01 1.006436931384188993e+00 0.000000000000000000e+00
7.659857255618167216e+00 1.618599199560634805e+00 6.828519958668330880e-05 1.000000000000000000e+00 -1.637877345911806725e-06 1.414252418516931680e-04 1.078479347378674902e+00 9.861263654234168063e-01 9.626512792632229143e-01 1.009967944646973370e+00 0.000000000000000000e+00
7.666244889005210617e+00 1.617250557763112662e+00 4.952897310906495071e-05 1.000000000000000000e+00 -1.956767120150982225e-05 1.218705612671874003e-04 5.740342512943925612e-01 9.731046220143386716e-01 9.496308489914675466e-01 9.969496241915198897e-01 0.000000000000000000e+00
7.672637849105131913e+00 1.615903039674720043e+00 2.218543645092306273e-05 1.000000000000000000e+00 -4.613546113628776959e-05 9.377789553976942317e-05 1.158367271466431703e-01 9.638743242910055020e-01 9.402210651702341826e-01 9.879076613646250449e-01 0.000000000000000000e+00
7.679036140359931650e+00 1.614556644359165460e+00 -1.306527638690256588e-05 -1.000000000000000000e+00 -8.037921285865801092e-05 5.756558646693932452e-05 4.024746476136442652e-02 9.595409668969557826e-01 9.360767549975793633e-01 9.833808506639053482e-01 0.000000000000000000e+00
7.685439767215314077e+00 1.613211370880937023e+00 -4.712070797242263966e-05 -1.000000000000000000e+00 -1.134894770269995364e-04 2.261582945525942689e-05 5.255668081389330837e-01 9.539244067126293469e-01 9.302401046680927044e-01 9.779936662286246030e-01 0.000000000000000000e+00
7.691848734120691589e+00 1.611867218305303329e+00 -7.902296520695561055e-05 -1.000000000000000000e+00 -1.441441468758124234e-04 -1.050668294624705103e-05 1.491175483266601987e+00 9.492711693660541572e-01 9.257923264982308442e-01 9.731306468679412625e-01 0.000000000000000000e+00
7.698263045529186499e+00 1.610524185698310351e+00 -9.863294003153641725e-05 -1.000000000000000000e+00 -1.625239093065515257e-04 -3.134070343045598198e-05 2.371583640537210158e+00 9.380631644238669464e-01 9.144558200753588606e-01 9.620601352269263495e-01 0.000000000000000000e+00
7.704682705897634598e+00 1.609182272126782998e+00 -1.175995166374373227e-04 -1.000000000000000000e+00 -1.797532032491050988e-04 -5.202246010256840133e-05 3.469785111400142341e+00 9.325663845396564566e-01 9.092054976274630551e-01 9.563117682022677091e-01 0.000000000000000000e+00
7.711107719686588702e+00 1.607841476658323998e+00 -1.263665965392504406e-04 -1.000000000000000000e+00 -1.869367412105210884e-04 -6.236765297317446721e-05 4.155710425519714590e+00 9.209006483928464659e-01 8.974444059156724274e-01 9.447498602463381134e-01 0.000000000000000000e+00
7.717538091360320429e+00 1.606501798361312572e+00 -1.303813375846335032e-04 -1.000000000000000000e+00 -1.895216469620443793e-04 -6.780077604845639416e-05 4.584931114100868399e+00 9.044647700826250469e-01 8.810956226916619727e-01 9.282317594013164141e-01 0.000000000000000000e+00
7.723973825386825531e+00 1.605163236304904206e+00 -1.458285746640983443e-04 -1.000000000000000000e+00 -2.036079791477204948e-04 -8.461153699520529458e-05 5.869073044294282226e+00 8.973224892958298060e-01 8.741961988114341775e-01 9.208333827182768605e-01 0.000000000000000000e+00
7.730414926237823892e+00 1.603825789559029547e+00 -1.716876630982055335e-04 -1.000000000000000000e+00 -2.283783273916675425e-04 -1.115658341583791637e-04 8.222931974145467393e+00 8.967817110491437260e-01 8.733815586269707554e-01 9.205705854000660882e-01 0.000000000000000000e+00
7.736861398388765743e+00 1.602489457194395728e+00 -1.987673380212137241e-04 -1.000000000000000000e+00 -2.542831105738788339e-04 -1.398029563723574074e-04 1.110366672290274437e+01 8.926962410981892360e-01 8.694414072041519725e-01 9.162895837868388904e-01 0.000000000000000000e+00
7.743313246318833443e+00 1.601154238282482378e+00 -2.264868408376358459e-04 -1.000000000000000000e+00 -2.807739523061007878e-04 -1.686902167698354116e-04 1.455012292397123019e+01 8.866370362991172760e-01 8.630292196226184709e-01 9.104491568256588563e-01 0.000000000000000000e+00
7.749770474510944140e+00 1.599820131895543396e+00 -2.551681264717722440e-04 -1.000000000000000000e+00 -3.077660944198557305e-04 -1.989262420063687064e-04 1.871337460575284695e+01 8.822753006558885502e-01 8.588244913402216518e-01 9.058794943769470365e-01 0.000000000000000000e+00
7.756233087451753327e+00 1.598487137106606282e+00 -2.809247817145797818e-04 -1.000000000000000000e+00 -3.319717546253665046e-04 -2.260329592205733665e-04 2.304620270227883339e+01 8.779671491072544853e-01 8.539949672782789492e-01 9.017974860784324642e-01 0.000000000000000000e+00
7.762701089631657503e+00 1.597155252989470364e+00 -3.005384765395081458e-04 -1.000000000000000000e+00 -3.503703188590202638e-04 -2.469775796519362628e-04 2.681804273779027881e+01 8.718060996402909879e-01 8.480211033369180473e-01 8.956408251283207722e-01 0.000000000000000000e+00
7.769174485544799502e+00 1.595824478618706577e+00 -3.094728702422977463e-04 -1.000000000000000000e+00 -3.582886163597932914e-04 -2.570242234670269037e-04 2.910805662335781108e+01 8.610721959899283462e-01 8.371377958010862708e-01 8.853739778413793893e-01 0.000000000000000000e+00
7.775653279689067610e+00 1.594494813069657235e+00 -3.012842218360885856e-04 -1.000000000000000000e+00 -3.489623164204368059e-04 -2.499398285560766337e-04 2.861153066938527445e+01 8.383265007474258734e-01 8.145493027083434701e-01 8.625506078830735834e-01 0.000000000000000000e+00
7.782137476566102663e+00 1.593166255418435151e+00 -3.095281125501758257e-04 -1.000000000000000000e+00 -3.560725167966757952e-04 -2.593380355945370998e-04 3.085738486649256629e+01 8.391054143863414527e-01 8.153545417046421662e-01 8.633026088732825842e-01 0.000000000000000000e+00
7.788627080681298942e+00 1.591838804741922297e+00 -2.972184762072651622e-04 -1.000000000000000000e+00 -3.433004145717952920e-04 -2.475363408868096887e-04 2.929768184088106864e+01 8.163606438661293874e-01 7.927558057816596060e-01 8.404187401178428996e-01 0.000000000000000000e+00
7.795122096543806833e+00 1.590512460117771143e+00 -3.039549373491161289e-04 -1.000000000000000000e+00 -3.492266879507141975e-04 -2.551109353065327055e-04 3.113352806353907454e+01 8.169779110938701905e-01 7.933902351092024796e-01 8.410186316653912586e-01 0.000000000000000000e+00
7.801622528666539047e+00 1.589187220624400876e+00 -3.024546825443617565e-04 -1.000000000000000000e+00 -3.468567895746735882e-04 -2.544929148178861462e-04 3.163514631647728947e+01 8.068570742281386821e-01 7.832522449794248054e-01 8.309215632615484237e-01 0.000000000000000000e+00
7.808128381566169729e+00 1.587863085341000069e+00 -3.126712194402160951e-04 -1.000000000000000000e+00 -3.559624147453932259e-04 -2.658304103874888514e-04 3.443439901207148068e+01 8.078848268740281835e-01 7.842952310016971795e-01 8.319335700040497716e-01 0.000000000000000000e+00
7.814639659763139790e+00 1.586540053347523793e+00 -3.071145858039971491e-04 -1.000000000000000000e+00 -3.494721809007319256e-04 -2.611945012134688068e-04 3.430191683965142602e+01 7.834688210316020918e-01 7.600661721910073609e-01 8.073375957361028643e-01 0.000000000000000000e+00
7.821156367781661345e+00 1.585218123724693617e+00 -3.106312160606459517e-04 -1.000000000000000000e+00 -3.517713023984517283e-04 -2.659027970332212588e-04 3.598686805780698705e+01 7.643140022441907711e-01 7.415228919396641416e-01 7.875584480270547694e-01 0.000000000000000000e+00
7.827678510149716828e+00 1.583897295553998275e+00 -3.287537848066905970e-04 -1.000000000000000000e+00 -3.683900022177802823e-04 -2.854876004810098181e-04 4.092491161229986574e+01 7.591877143699460317e-01 7.366124511594441815e-01 7.822107789285701607e-01 0.000000000000000000e+00
7.834206091399066985e+00 1.582577567917689887e+00 -3.384798003970005591e-04 -1.000000000000000000e+00 -3.764939798491128602e-04 -2.967622161701156643e-04 4.455885653726465989e+01 7.416770769410870878e-01 7.190857759626454460e-01 7.647273623382214724e-01 0.000000000000000000e+00
7.840739116065250869e+00 1.581258939898786631e+00 -3.575167504489685350e-04 -1.000000000000000000e+00 -3.933641159519373929e-04 -3.177881755670464701e-04 5.065986284223015446e+01 7.362376190376973550e-01 7.138739486838445725e-01 7.590540129826073290e-01 0.000000000000000000e+00
7.847277588687588512e+00 1.579941410581070071e+00 -3.679787712509833587e-04 -1.000000000000000000e+00 -4.026826605065832567e-04 -3.293784235632577807e-04 5.454637404040886395e+01 7.201416655980311665e-01 6.977272610204412473e-01 7.430212051766317272e-01 0.000000000000000000e+00
7.853821513809187138e+00 1.578624979049085830e+00 -3.797422766751925465e-04 -1.000000000000000000e+00 0.000000000000000000e+00 0.000000000000000000e+00 0.000000000000000000e+00 7.153203543078299198e-01 0.000000000000000000e+00 0.000000000000000000e+00 1.000000000000000000e+00
7.860370895976941163e+00 1.577309644388141585e+00 -3.701849781235251732e-04 -1.000000000000000000e+00 -4.021880279902120825e-04 -3.342834495765378334e-04 5.851906557742881887e+01 7.003110660240592367e-01 6.780837234373346956e-01 7.230072786740652235e-01 0.000000000000000000e+00
7.866925739741537527e+00 1.575995405684307737e+00 -2.339795821097511580e-03 -1.000000000000000000e+00 -2.553618428534394288e-03 -2.086027468759044448e-03 -5.183903202174383296e+01 7.333623319587326828e-01 7.082233981175977133e-01 7.540715470425904954e-01 0.000000000000000000e+00
7.873486049657457464e+00 1.574682262024415857e+00 -1.537546723788221076e-03 -1.000000000000000000e+00 0.000000000000000000e+00 0.000000000000000000e+00 0.000000000000000000e+00 7.440633783338327367e-01 0.000000000000000000e+00 0.000000000000000000e+00 1.000000000000000000e+00
7.880051830282980951e+00 1.573370212496058462e+00 -3.451529713813496973e-04 -1.000000000000000000e+00 -3.779615660027013137e-04 -3.084167689970934299e-04 5.227918126494068929e+01 6.749772861626903708e-01 6.526328972758358438e-01 6.974752188841927270e-01 0.000000000000000000e+00
7.886623086180188480e+00 1.572059256187587906e+00 -1.377700912221156400e-03 -1.000000000000000000e+00 0.000000000000000000e+00 0.000000000000000000e+00 0.000000000000000000e+00 6.874974779494219534e-01 0.000000000000000000e+00 0.000000000000000000e+00 1.000000000000000000e+00
7.893199821914964609e+00 1.570749392188117488e+00 -1.795102219201637336e-03 -1.000000000000000000e+00 0.000000000000000000e+00 0.000000000000000000e+00 0.000000000000000000e+00 6.583796926884536438e-01 0.000000000000000000e+00 0.000000000000000000e+00 1.000000000000000000e+00
7.899782042057002407e+00 1.569440619587517682e+00 -1.792341221700996566e-03 -1.000000000000000000e+00 0.000000000000000000e+00 0.000000000000000000e+00 0.000000000000000000e+00 6.502815119684098866e-01 0.000000000000000000e+00 0.000000000000000000e+00 1.000000000000000000e+00
7.906369751179806116e+00 1.568132937476418354e+00 -1.310499804076563054e-03 -1.000000000000000000e+00 0.000000000000000000e+00 0.000000000000000000e+00 0.000000000000000000e+00 6.477275179661604598e-01 0.000000000000000000e+00 0.000000000000000000e+00 1.000000000000000000e+00
7.912962953860692039e+00 1.566826344946206540e+00 -1.964130349538244398e-03 -1.000000000000000000e+00 0.000000000000000000e+00 0.000000000000000000e+00 0.000000000000000000e+00 6.374349988616151430e-01 0.000000000000000000e+00 0.000000000000000000e+00 1.000000000000000000e+00
7.919561654680794760e+00 1.565520841089027337e+00 -2.111270351006844410e-03 -1.000000000000000000e+00 0.000000000000000000e+00 0.000000000000000000e+00 0.000000000000000000e+00 6.418621002171509549e-01 0.000000000000000000e+00 0.000000000000000000e+00 1.000000000000000000e+00
7.926165858225068916e+00 1.564216424997781019e+00 -2.283007482516280062e-03 -1.000000000000000000e+00 0.000000000000000000e+00 0.000000000000000000e+00 0.000000000000000000e+00 6.468696863745247994e-01 0.000000000000000000e+00 0.000000000000000000e+00 1.000000000000000000e+00
7.932775569082291867e+00 1.562913095766124583e+00 -2.375832841486063586e-03 -1.000000000000000000e+00 0.000000000000000000e+00 0.000000000000000000e+00 0.000000000000000000e+00 5.839511516000409630e-01 0.000000000000000000e+00 0.000000000000000000e+00 1.000000000000000000e+00
7.939390791845069018e+00 1.561610852488469980e+00 -2.234514425931694807e-03 -1.000000000000000000e+00 0.000000000000000000e+00 0.000000000000000000e+00 0.000000000000000000e+00 6.376242599817851797e-01 0.000000000000000000e+00 0.000000000000000000e+00 1.000000000000000000e+00
7.946011531109834714e+00 1.560309694259983226e+00 -2.324511577268155611e-03 -1.000000000000000000e+00 0.000000000000000000e+00 0.000000000000000000e+00 0.000000000000000000e+00 6.004092037098640589e-01 0.000000000000000000e+00 0.000000000000000000e+00 1.000000000000000000e+00
7.952637791476856677e+00 1.559009620176584621e+00 -1.681199834266509366e-03 -1.000000000000000000e+00 0.000000000000000000e+00 0.000000000000000000e+00 0.000000000000000000e+00 5.839485598858203952e-01 0.000000000000000000e+00 0.000000000000000000e+00 1.000000000000000000e+00
7.959269577550237784e+00 1.557710629334948083e+00 -2.831034643921789655e-03 -1.000000000000000000e+00 0.000000000000000000e+00 0.000000000000000000e+00 0.000000000000000000e+00 5.738401293100465761e-01 0.000000000000000000e+00 0.000000000000000000e+00 1.000000000000000000e+00
7.965906893937922284e+00 1.556412720832499597e+00 -3.136441240358685441e-03 -1.000000000000000000e+00 0.000000000000000000e+00 0.000000000000000000e+00 0.000000000000000000e+00 5.563975260733617922e-01 0.000000000000000000e+00 0.000000000000000000e+00 1.000000000000000000e+00
7.972549745251694908e+00 1.555115893767417656e+00 -3.012244822520452649e-03 -1.000000000000000000e+00 0.000000000000000000e+00 0.000000000000000000e+00 0.000000000000000000e+00 5.608500289187609011e-01 0.000000000000000000e+00 0.000000000000000000e+00 1.000000000000000000e+00
7.979198136107187977e+00 1.553820147238631932e+00 -1.571571252569248624e-03 -1.000000000000000000e+00 0.000000000000000000e+00 0.000000000000000000e+00 0.000000000000000000e+00 5.255277429879503526e-01 0.000000000000000000e+00 0.000000000000000000e+00 1.000000000000000000e+00
7.985852071123881402e+00 1.552525480345822828e+00 -2.486576631744218894e-03 -1.000000000000000000e+00 0.000000000000000000e+00 0.000000000000000000e+00 0.000000000000000000e+00 5.271806375723007143e-01 0.000000000000000000e+00 0.000000000000000000e+00 1.000000000000000000e+00
7.992511554925108008e+00 1.551231892189421036e+00 -2.631315255073425445e-03 -1.000000000000000000e+00 0.000000000000000000e+00 0.000000000000000000e+00 0.000000000000000000e+00 5.006761451495558291e-01 0.000000000000000000e+00 0.000000000000000000e+00 1.000000000000000000e+00
7.999176592138056208e+00 1.549939381870606869e+00 -4.845922433245724789e-03 -1.000000000000000000e+00 0.000000000000000000e+00 0.000000000000000000e+00 0.000000000000000000e+00 5.272397882953544501e-01 0.000000000000000000e+00 0.000000000000000000e+00 1.000000000000000000e+00
