# OBJ_NAME=4U 1608-52
#         GRID_START=6.00
#         GRID_END=8.00
#         GRID_STEP_FRACTION=0.50
#         XSPEC_FITSTAT=cstat
#         XSPEC_CONTINUUM_MODEL=tbabs*(bbodyrad + pow)*constant
#         XSPEC_LINE_MODEL=gauss
#         LINE_VELOCITY_WIDTH=500
#         INPUT_FILE=/home/simon/Downloads/tgcat/obs_12127_tgid_6369/pm_heg_abs1.pha
#         SEARCH_MODE=Sliding window
#         FIT_REGION_WIDTH=30.00
#         RUNTIME=203
#         COLUMN_NAMES=ENERGY,WAVELENGTH,NORM,NORM_SIGN,NORM_ERR_LO,NORM_ERR_HI,DELTA_FITSTAT,CONSTANT_FACTOR,CONSTANT_FACTOR_ERR_LO,CONSTANT_FACTOR_ERR_HI,FIT_ERR
6.000000000000000000e+00 2.066373137115381287e+00 5.358382501108601657e-07 1.000000000000000000e+00 -8.790267952395980594e-05 9.054506351524495148e-05 4.027554393815080402e-05 9.136482687271900716e-01 9.060317375219305580e-01 9.213269321368228182e-01 0.000000000000000000e+00
6.005003461427972589e+00 2.064651403172383937e+00 -1.790640985218662756e-05 -1.000000000000000000e+00 -1.065926966065832337e-04 7.235860487056546019e-05 4.463332023794919223e-02 9.146386512261290846e-01 9.069615785071714065e-01 9.223787968896590694e-01 0.000000000000000000e+00
6.010011095293655181e+00 2.062931103804642063e+00 -3.324346647336490614e-05 -1.000000000000000000e+00 -1.220874573090086393e-04 5.718600952587503405e-05 1.526598934506182559e-01 9.139094634896122171e-01 9.062834811263508206e-01 9.215977100562735558e-01 0.000000000000000000e+00
6.015022905076486737e+00 2.061212237816845594e+00 -4.634898043418618670e-05 -1.000000000000000000e+00 -1.353058215733209102e-04 4.419909773516012225e-05 2.952784444189546775e-01 9.132502322922338989e-01 9.056197380864658975e-01 9.209430749115584680e-01 0.000000000000000000e+00
6.020038894258807005e+00 2.059494804014679215e+00 -5.515887956509542251e-05 -1.000000000000000000e+00 -1.440855244143511506e-04 3.536442699896002339e-05 4.180986870182437087e-01 9.132208291916873444e-01 9.055362806165704326e-01 9.209686344665819480e-01 0.000000000000000000e+00
6.025059066325860080e+00 2.057778801204824592e+00 -6.127720837996809605e-05 -1.000000000000000000e+00 -1.499869054254069690e-04 2.903828468013421808e-05 5.172749755965924123e-01 9.144626942765725630e-01 9.067699416494042763e-01 9.222187541338314754e-01 0.000000000000000000e+00
6.030083424765796174e+00 2.056064228194956822e+00 -5.554064612786320868e-05 -1.000000000000000000e+00 -1.441207970771398014e-04 3.465498893791065806e-05 4.256537001794526986e-01 9.140106031537863496e-01 9.063722947207294434e-01 9.217114153724416115e-01 0.000000000000000000e+00
6.035111973069674285e+00 2.054351083793744426e+00 -4.679294998346368811e-05 -1.000000000000000000e+00 -1.356546110278097016e-04 4.368458251992031818e-05 3.011472680333895369e-01 9.135108002850100828e-01 9.058195238666669757e-01 9.212654479335276037e-01 0.000000000000000000e+00
6.040144714731465747e+00 2.052639366810848021e+00 -3.781072773835002872e-05 -1.000000000000000000e+00 -1.270777329492319774e-04 5.306904695125123949e-05 1.952903587254013473e-01 9.133645446279741176e-01 9.056663931996061789e-01 9.211262409661905570e-01 0.000000000000000000e+00
6.045181653248054232e+00 2.050929076056921652e+00 -2.421936037628217038e-05 -1.000000000000000000e+00 -1.137937266755339549e-04 6.697060432215867114e-05 7.969476448647583311e-02 9.123992901778619213e-01 9.047541932941919329e-01 9.201071982797524029e-01 0.000000000000000000e+00
6.050222792119239301e+00 2.049220210343609683e+00 -6.030973902340379268e-06 -1.000000000000000000e+00 -9.588008919276088055e-05 8.543933666819022662e-05 4.935053299163882912e-03 9.105429300850852448e-01 9.028509157170083732e-01 9.182985427971165349e-01 0.000000000000000000e+00
6.055268134847740846e+00 2.047512768483544576e+00 5.961983800438934532e-06 1.000000000000000000e+00 -8.393311311722393211e-05 9.748265699198701748e-05 4.826447799700872565e-03 9.101913337764718781e-01 9.024966785017771720e-01 9.179497270237246820e-01 0.000000000000000000e+00
6.060317684939197314e+00 2.045806749290351334e+00 1.335903744308556208e-05 1.000000000000000000e+00 -7.652754356924981326e-05 1.048728826299055727e-04 2.425661517753496810e-02 9.101315346407491402e-01 9.024333332269700580e-01 9.178935496945257455e-01 0.000000000000000000e+00
6.065371445902172809e+00 2.044102151578641724e+00 1.377890243836259116e-05 1.000000000000000000e+00 -7.609853360413231784e-05 1.052879806844467459e-04 2.579075797615359988e-02 9.101214326549479372e-01 9.024262729610783573e-01 9.178803410502496263e-01 0.000000000000000000e+00
6.070429421248155322e+00 2.042398974164015168e+00 1.000947438450491664e-06 1.000000000000000000e+00 -8.887752835804107142e-05 9.251804779525750889e-05 1.356986512064395356e-04 9.112375998602055827e-01 9.035328784961518256e-01 9.190062076425923321e-01 0.000000000000000000e+00
6.075491614491562942e+00 2.040697215863058300e+00 -1.603194543405828777e-05 -1.000000000000000000e+00 -1.059139421136951766e-04 7.549614186032108077e-05 3.467249503563607504e-02 9.110187244619012414e-01 9.033093687127554672e-01 9.187920667323984381e-01 0.000000000000000000e+00
6.080558029149742971e+00 2.038996875493343186e+00 -4.413640944883160950e-05 -1.000000000000000000e+00 -1.339113671450507565e-04 4.729342474710618944e-05 2.617408125512383776e-01 9.117770455372538052e-01 9.040662178689448103e-01 9.195518288786942440e-01 0.000000000000000000e+00
6.085628668742976366e+00 2.037297951873428659e+00 -7.788719829135782918e-05 -1.000000000000000000e+00 -1.674427707122212164e-04 1.333510674000627219e-05 8.127790909577470302e-01 9.128912558047469483e-01 9.051715493826452130e-01 9.206750036422866046e-01 0.000000000000000000e+00
6.090703536794479511e+00 2.035600443822857208e+00 -1.052623852589137427e-04 -1.000000000000000000e+00 -1.945686551632672232e-04 -1.427473922030992964e-05 1.482732639039113565e+00 9.120019374992284211e-01 9.042826880875759477e-01 9.197852679217674021e-01 0.000000000000000000e+00
6.095782636830406886e+00 2.033904350162153651e+00 -1.369678022055083387e-04 -1.000000000000000000e+00 -2.260974791771463673e-04 -4.614175539039573322e-05 2.503567926605285265e+00 9.126418420433750622e-01 9.048686411634796478e-01 9.204799507941224812e-01 0.000000000000000000e+00
6.100865972379854618e+00 2.032209669712826461e+00 -1.712101421355347150e-04 -1.000000000000000000e+00 -2.601689594053778086e-04 -8.053471826995970274e-05 3.887152075571862042e+00 9.148450574019032500e-01 9.071154534097981559e-01 9.226387022497941626e-01 0.000000000000000000e+00
6.105953546974859592e+00 2.030516401297367324e+00 -1.916025706821179893e-04 -1.000000000000000000e+00 -2.808182800067791094e-04 -1.006506231402272238e-04 4.821416255139240548e+00 9.146737453025381992e-01 9.068923414044273157e-01 9.225199971189891324e-01 0.000000000000000000e+00
6.111045364150406556e+00 2.028824543739246700e+00 -2.028304215120800764e-04 -1.000000000000000000e+00 -2.925043426907032512e-04 -1.114037204426010611e-04 5.333899101425799927e+00 9.139954209661208528e-01 9.062119658379138576e-01 9.218439034098083740e-01 0.000000000000000000e+00
6.116141427444425460e+00 2.027134095862917373e+00 -2.069779565295638423e-04 -1.000000000000000000e+00 -2.970920445450558976e-04 -1.150991506590436753e-04 5.486410785159534953e+00 9.140283838537766048e-01 9.062953063340333237e-01 9.218256104832758258e-01 0.000000000000000000e+00
6.121241740397799447e+00 2.025445056493809570e+00 -1.939994174860781623e-04 -1.000000000000000000e+00 -2.845539027911204500e-04 -1.016682743633834287e-04 4.789281084867752725e+00 9.123513994704307573e-01 9.045729330439804539e-01 9.201948642392374644e-01 0.000000000000000000e+00
6.126346306554362187e+00 2.023757424458334508e+00 -1.745458039649897051e-04 -1.000000000000000000e+00 -2.653361531407937425e-04 -8.196183883543122081e-05 3.868349103458513127e+00 9.112551064427278913e-01 9.034776165307563112e-01 9.190977268427265034e-01 0.000000000000000000e+00
6.131455129460903208e+00 2.022071198583879958e+00 -1.448305138889542925e-04 -1.000000000000000000e+00 -2.359735038906075693e-04 -5.188488580494100106e-05 2.658623158266607334e+00 9.087076201280676058e-01 9.009347897372013136e-01 9.165456079869905848e-01 0.000000000000000000e+00
6.136568212667169675e+00 2.020386377698810687e+00 -1.206142179980430055e-04 -1.000000000000000000e+00 -2.122298823194058819e-04 -2.720146556188092978e-05 1.835053420387851020e+00 9.080735685491226894e-01 9.003035737255336013e-01 9.159087273322278344e-01 0.000000000000000000e+00
6.141685559725869936e+00 2.018702960632467569e+00 -9.554020269229365075e-05 -1.000000000000000000e+00 -1.876176975652312754e-04 -1.676878965971515261e-06 1.146954052372223032e+00 9.070844267356824586e-01 8.993089505300289055e-01 9.149252861041378138e-01 0.000000000000000000e+00
6.146807174192673529e+00 2.017020946215167587e+00 -7.984044367988674291e-05 -1.000000000000000000e+00 -1.720779771715139517e-04 1.417840271603617653e-05 8.010286557402537255e-01 9.078714144174041545e-01 9.000831750616897775e-01 9.157252586913625647e-01 0.000000000000000000e+00
6.151933059626216505e+00 2.015340333278202056e+00 -6.523818374897919533e-05 -1.000000000000000000e+00 -1.573510423714525566e-04 2.865927936261528693e-05 5.376417159393440670e-01 9.074949168112068643e-01 8.997095915104540431e-01 9.153457750131488435e-01 0.000000000000000000e+00
6.157063219588101433e+00 2.013661120653835290e+00 -5.091559150553796675e-05 -1.000000000000000000e+00 -1.428736294050955734e-04 4.282992086824801505e-05 3.296219665682542654e-01 9.051629751624241660e-01 8.973765834686411313e-01 9.130150184239912425e-01 0.000000000000000000e+00
6.162197657642900950e+00 2.011983307175305935e+00 -4.496510667549038186e-05 -1.000000000000000000e+00 -1.369303802983814415e-04 4.878564892898761387e-05 2.576199307114279691e-01 9.031310846713480611e-01 8.953383907415468634e-01 9.109897290492035005e-01 0.000000000000000000e+00
6.167336377358160426e+00 2.010306891676824304e+00 -5.322124181863897656e-05 -1.000000000000000000e+00 -1.454371536223358506e-04 4.077231939335725693e-05 3.594300792199192074e-01 9.039011549953640534e-01 8.960392153096059520e-01 9.118300513984358702e-01 0.000000000000000000e+00
6.172479382304400630e+00 2.008631872993570600e+00 -5.600346430413731861e-05 -1.000000000000000000e+00 -1.484172408797693903e-04 3.817892153950185258e-05 3.962788419071898716e-01 9.037259995456481398e-01 8.959059399701863047e-01 9.116123715377760783e-01 0.000000000000000000e+00
6.177626676055119503e+00 2.006958249961698471e+00 -5.231865516521690151e-05 -1.000000000000000000e+00 -1.448113387221806544e-04 4.192677756819793101e-05 3.464981840603513774e-01 9.036739966496990517e-01 8.957885251209994903e-01 9.116267987622995728e-01 0.000000000000000000e+00
6.182778262186794827e+00 2.005286021418328790e+00 -4.344104070048886368e-05 -1.000000000000000000e+00 -1.355046402404662159e-04 5.036074825050829851e-05 2.416399376061804105e-01 9.042603377712074009e-01 8.963567611733456175e-01 9.122315962763158925e-01 0.000000000000000000e+00
6.187934144278887771e+00 2.003615186201552323e+00 -2.668544547477745080e-05 -1.000000000000000000e+00 -1.179622308709206272e-04 6.632225482833587512e-05 9.289790156435628887e-02 9.035950107952727128e-01 8.957430961440686623e-01 9.115137929737330280e-01 0.000000000000000000e+00
6.193094325913842901e+00 2.001945743150427948e+00 -1.067122484716752324e-05 -1.000000000000000000e+00 -1.013653046094883383e-04 8.174429990090559110e-05 1.511781777463738763e-02 9.022292090084098604e-01 8.943209245125671725e-01 9.102053222588499803e-01 0.000000000000000000e+00
6.198258810677093500e+00 2.000277691104981770e+00 -9.877816270056542460e-06 -1.000000000000000000e+00 -1.002301323382782423e-04 8.217780695664632991e-05 1.307066758448627297e-02 9.029769153429588746e-01 8.950451286083062064e-01 9.109769095824378216e-01 0.000000000000000000e+00
6.203427602157062459e+00 1.998611028906206677e+00 -1.359270135856429203e-05 -1.000000000000000000e+00 -1.038511623211553833e-04 7.834602644277030787e-05 2.479787569092195554e-02 9.029805227106190157e-01 8.950887611620318429e-01 9.109397888237222851e-01 0.000000000000000000e+00
6.208600703945164057e+00 1.996945755396060118e+00 -2.378412428736814886e-05 -1.000000000000000000e+00 -1.141096520749033250e-04 6.820462192429464245e-05 7.590661156206124360e-02 9.037506599761438997e-01 8.957858194367609439e-01 9.117842308912480487e-01 0.000000000000000000e+00
6.213778119635809283e+00 1.995281869417466547e+00 -3.334189266342028527e-05 -1.000000000000000000e+00 -1.234798241288962177e-04 5.845947852144242504e-05 1.496432495666226714e-01 9.046496021568143364e-01 8.966606532793796047e-01 9.127075551702591438e-01 0.000000000000000000e+00
6.218959852826404955e+00 1.993619369814312314e+00 -3.602062768637937862e-05 -1.000000000000000000e+00 -1.258479136250936325e-04 5.547698322814532696e-05 1.757606953845538555e-01 9.047436671436918099e-01 8.967375661930534481e-01 9.128190264727787939e-01 0.000000000000000000e+00
6.224145907117359044e+00 1.991958255431448777e+00 -3.468430746667187573e-05 -1.000000000000000000e+00 -1.243043680013474882e-04 5.660858450523849865e-05 1.636626766381823472e-01 9.047049972387609662e-01 8.967010156103314422e-01 9.127782140007644207e-01 0.000000000000000000e+00
6.229336286112081567e+00 1.990298525114688521e+00 -2.815599265721218367e-05 -1.000000000000000000e+00 -1.178854733613654050e-04 6.324300107425150465e-05 1.077871623592727701e-01 9.036522347880683315e-01 8.956355347973147252e-01 9.117384943926784002e-01 0.000000000000000000e+00
6.234530993416986355e+00 1.988640177710806478e+00 -1.749033275350691171e-05 -1.000000000000000000e+00 -1.076114937202965493e-04 7.429748513929562226e-05 4.141588519479455499e-02 9.014216018544088938e-01 8.933473296778460249e-01 9.095665393716666491e-01 0.000000000000000000e+00
6.239730032641496393e+00 1.986983212067538140e+00 -1.760666697279664758e-05 -1.000000000000000000e+00 -1.079523634538301553e-04 7.441127296088634584e-05 4.170973513532771904e-02 9.019198987792245159e-01 8.938914920938670905e-01 9.100181383094443355e-01 0.000000000000000000e+00
6.244933407398043812e+00 1.985327627033580011e+00 -1.006710359823845953e-05 -1.000000000000000000e+00 -1.006805295521388794e-04 8.222680889566447529e-05 1.358349742127984427e-02 9.004230947041237387e-01 8.923835798181085632e-01 9.085327880866469474e-01 0.000000000000000000e+00
6.250141121302072555e+00 1.983673421458586272e+00 -7.740587260793644464e-06 -1.000000000000000000e+00 -9.860446336258955609e-05 8.481082823110434171e-05 8.003000967903517449e-03 9.007007134589471997e-01 8.925939421606725599e-01 9.088786820761259877e-01 0.000000000000000000e+00
6.255353177972041934e+00 1.982020594193170782e+00 -6.645399090115674866e-06 -1.000000000000000000e+00 -9.761761145386511733e-05 8.602025342103585817e-05 5.876184618955448968e-03 9.019074126054154039e-01 8.938453810479589645e-01 9.100398089092500697e-01 0.000000000000000000e+00
6.260569581029430175e+00 1.980369144088905076e+00 3.894840312387425327e-06 1.000000000000000000e+00 -8.731808565632883821e-05 9.679909952433126015e-05 2.013151867856777244e-03 9.011623969421858060e-01 8.930867335029016862e-01 9.093087620001834015e-01 0.000000000000000000e+00
6.265790334098732650e+00 1.978719069998317037e+00 1.417611497436160091e-05 1.000000000000000000e+00 -7.725133738962357310e-05 1.072904872331789037e-04 2.664081283683117363e-02 9.007300267222032586e-01 8.925907227498097729e-01 9.089411955158804846e-01 0.000000000000000000e+00
6.271015440807469865e+00 1.977070370774890451e+00 2.256969494848742847e-05 1.000000000000000000e+00 -6.888079175675179992e-05 1.157117835711974057e-04 6.759727334303988755e-02 9.005036243606382440e-01 8.923500982046128627e-01 9.087293022912581453e-01 0.000000000000000000e+00
6.276244904786186574e+00 1.975423045273065226e+00 2.749844769028444468e-05 1.000000000000000000e+00 -6.393091944244206964e-05 1.206299886575071256e-04 1.004243899388939099e-01 9.003590055630878997e-01 8.922085329756532790e-01 9.085815589967699557e-01 0.000000000000000000e+00
6.281478729668454442e+00 1.973777092348234952e+00 2.013984937891644225e-05 1.000000000000000000e+00 -7.137825038735216192e-05 1.133643676403804266e-04 5.369002114281329341e-02 9.023800309608441816e-01 8.942037265173624627e-01 9.106286495481732413e-01 0.000000000000000000e+00
6.286716919090875599e+00 1.972132510856748011e+00 9.666043559039115568e-06 1.000000000000000000e+00 -8.206770021556871310e-05 1.031028366308612589e-04 1.229114640835859973e-02 9.041637232741994712e-01 8.959610684950157777e-01 9.124391296263187900e-01 0.000000000000000000e+00
6.291959476693084419e+00 1.970489299655904469e+00 2.422576333434477415e-06 1.000000000000000000e+00 -8.947840392291049941e-05 9.602633357142721280e-05 7.681877473260101397e-04 9.043791351195122896e-01 8.961750151464525915e-01 9.126559797582027844e-01 0.000000000000000000e+00
6.297206406117751065e+00 1.968847457603957185e+00 -6.663557553058202921e-07 -1.000000000000000000e+00 -9.258434231946892042e-05 9.296370032624688847e-05 5.810302292275082436e-05 9.032645011027224946e-01 8.950484958793509804e-01 9.115534679928649631e-01 0.000000000000000000e+00
6.302457711010582386e+00 1.967206983560110700e+00 -9.230876167750988353e-06 -1.000000000000000000e+00 -1.010156040599902546e-04 8.427900796693888700e-05 1.115257710489458987e-02 9.037505099536150555e-01 8.955171628294619213e-01 9.120571413594339427e-01 0.000000000000000000e+00
6.307713395020327241e+00 1.965567876384518575e+00 -1.519083819805300750e-05 -1.000000000000000000e+00 -1.069242564742841066e-04 7.827675434412495969e-05 3.018149766921851551e-02 9.039267684211010900e-01 8.956945912501468321e-01 9.122321496089076387e-01 0.000000000000000000e+00
6.312973461798775610e+00 1.963930134938285832e+00 -1.450034897646014440e-05 -1.000000000000000000e+00 -1.064712989187107924e-04 7.920871778205242769e-05 2.737607632906247090e-02 9.030295853419109120e-01 8.947834622940745719e-01 9.113492126427165108e-01 0.000000000000000000e+00
6.318237915000763039e+00 1.962293758083465844e+00 -5.616815288725923891e-06 -1.000000000000000000e+00 -9.811960620846698321e-05 8.862603823957151787e-05 4.077974197286948765e-03 9.012257602497496523e-01 8.929168804601720355e-01 9.096093232558003505e-01 0.000000000000000000e+00
6.323506758284172413e+00 1.960658744683059451e+00 1.076340615470384650e-05 1.000000000000000000e+00 -8.217368701614631153e-05 1.054457156566769360e-04 1.486968509414055006e-02 8.993362846238669439e-01 8.910862079116008694e-01 9.076602244382654394e-01 0.000000000000000000e+00
6.328779995309938400e+00 1.959025093601015399e+00 2.854572744676362218e-05 1.000000000000000000e+00 -6.478081653727103871e-05 1.236196404324825147e-04 1.041177570545528397e-01 8.992087387696267031e-01 8.909426192882978768e-01 9.075490204745759737e-01 0.000000000000000000e+00
6.334057629742047446e+00 1.957392803702229900e+00 5.312981964112957099e-05 1.000000000000000000e+00 -4.048848822185998313e-05 1.484953152305546387e-04 3.606096168792873868e-01 8.988704613714099123e-01 8.905401319279789840e-01 9.072761445821656556e-01 0.000000000000000000e+00
6.339339665247542221e+00 1.955761873852543076e+00 8.311816207639577435e-05 1.000000000000000000e+00 -1.054839780684754325e-05 1.785360584890015648e-04 8.848820731946034357e-01 8.974389355115488520e-01 8.891711600739038435e-01 9.057810469361533556e-01 0.000000000000000000e+00
6.344626105496522506e+00 1.954132302918741848e+00 1.038504497929735140e-04 1.000000000000000000e+00 1.003846771629753715e-05 1.994189648779417124e-04 1.382298664258371446e+00 8.974128515387950200e-01 8.891313036310023454e-01 9.057689815667914202e-01 0.000000000000000000e+00
6.349916954162148741e+00 1.952504089768555939e+00 1.225791258629375783e-04 1.000000000000000000e+00 2.836319838090393432e-05 2.185566156096046197e-04 1.919665918779799085e+00 8.959314978321615275e-01 8.875886445120044765e-01 9.043501944507528201e-01 0.000000000000000000e+00
6.355212214920644698e+00 1.950877233270659206e+00 1.346272449612915232e-04 1.000000000000000000e+00 3.988783249955555851e-05 2.311317264514173926e-04 2.297523511033830346e+00 8.940835358605774275e-01 8.857293401476095118e-01 9.025138343191521084e-01 0.000000000000000000e+00
6.360511891451300137e+00 1.949251732294668749e+00 1.332896725269271912e-04 1.000000000000000000e+00 3.806691780558790251e-05 2.302787413006861120e-04 2.229582156556205064e+00 8.941350760202161352e-01 8.857783100228823203e-01 9.025680428823450452e-01 0.000000000000000000e+00
6.365815987436472589e+00 1.947627585711142251e+00 1.249533861440170653e-04 1.000000000000000000e+00 2.945773212462046275e-05 2.222185312997032266e-04 1.945943494885227665e+00 8.951227553569320872e-01 8.867428333625260173e-01 9.035792270521472158e-01 0.000000000000000000e+00
6.371124506561590906e+00 1.946004792391578420e+00 1.192546911023486281e-04 1.000000000000000000e+00 2.380783463342689009e-05 2.164798790873553446e-04 1.772102359591315235e+00 8.951213585700723563e-01 8.867257988887027320e-01 9.035937289618976020e-01 0.000000000000000000e+00
6.376437452515156146e+00 1.944383351208418098e+00 1.120028432283278906e-04 1.000000000000000000e+00 1.686948521139237684e-05 2.089264355539934915e-04 1.569432078715294665e+00 8.953480441564074521e-01 8.869563608175056180e-01 9.038164440434492963e-01 0.000000000000000000e+00
6.381754828988746020e+00 1.942763261035039601e+00 1.055597306275457385e-04 1.000000000000000000e+00 1.069517390618032792e-05 2.022231414658904800e-04 1.399483323486663267e+00 8.948637110965652619e-01 8.864603674209183826e-01 9.033440711358067254e-01 0.000000000000000000e+00
6.387076639677015777e+00 1.941144520745761159e+00 9.311346699934994480e-05 1.000000000000000000e+00 -1.649766911005902761e-06 1.896778060603430591e-04 1.088456273133942886e+00 8.951031493384246085e-01 8.866825088201808480e-01 9.036010781434150596e-01 0.000000000000000000e+00
6.392402888277703532e+00 1.939527129215838475e+00 7.614632744969493513e-05 1.000000000000000000e+00 -1.865247781699655091e-05 1.727458483708820903e-04 7.248303493828984756e-01 8.956180269669208327e-01 8.871949243117983608e-01 9.041184133312344384e-01 0.000000000000000000e+00
6.397733578491629380e+00 1.937911085321463833e+00 6.631787520639557878e-05 1.000000000000000000e+00 -2.861022977968902216e-05 1.630515815800751087e-04 5.475986071903662378e-01 8.938389033854300392e-01 8.854048071753741755e-01 9.023506649385943934e-01 0.000000000000000000e+00
6.403068714022700725e+00 1.936296387939767438e+00 4.931779484372154405e-05 1.000000000000000000e+00 -4.569124157372377997e-05 1.461432705005296089e-04 3.017889452946178608e-01 8.945660992493232877e-01 8.860582085107552297e-01 9.031528882935707658e-01 0.000000000000000000e+00
6.408408298577912277e+00 1.934683035948813856e+00 4.199100643033744839e-05 1.000000000000000000e+00 -5.292555837938520195e-05 1.387359701011574103e-04 2.184721172058630145e-01 8.943061637253559848e-01 8.858535672770010416e-01 9.028366137735390762e-01 0.000000000000000000e+00
6.413752335867351384e+00 1.933071028227602239e+00 3.634432206119486816e-05 1.000000000000000000e+00 -5.856612098763144770e-05 1.330837369392455884e-04 1.634598533557891642e-01 8.956641856169598181e-01 8.871902039657503236e-01 9.042164112730095571e-01 0.000000000000000000e+00
6.419100829604198033e+00 1.931460363656067436e+00 4.199098260641049988e-05 1.000000000000000000e+00 -5.299726676005873206e-05 1.388021308055282371e-04 2.182929424526491857e-01 8.957887067234864276e-01 8.872479947652865961e-01 9.044088824097797907e-01 0.000000000000000000e+00
6.424453783504729287e+00 1.929851041115075327e+00 5.360489186949597072e-05 1.000000000000000000e+00 -4.124749321138935251e-05 1.502835827611904572e-04 3.566223996249959782e-01 8.950622578484451752e-01 8.865833934292859375e-01 9.036195683003767076e-01 0.000000000000000000e+00
6.429811201288321953e+00 1.928243059486426159e+00 5.814833665158703906e-05 1.000000000000000000e+00 -3.666869864054307713e-05 1.548009970996631934e-04 4.203775372151881129e-01 8.955772817422504861e-01 8.870335516877442261e-01 9.042006574917070827e-01 0.000000000000000000e+00
6.435173086677453469e+00 1.926636417652850763e+00 5.454300280526062455e-05 1.000000000000000000e+00 -4.029083708425893964e-05 1.512277182991032560e-04 3.690226151343836136e-01 8.963741675636003325e-01 8.878162778160836321e-01 9.050118748684050640e-01 0.000000000000000000e+00
6.440539443397706343e+00 1.925031114498011453e+00 4.183964529952897813e-05 1.000000000000000000e+00 -5.317573953413414487e-05 1.387242089796156578e-04 2.152111948274182396e-01 8.969981685204776456e-01 8.884938032741961367e-01 9.055813841791050534e-01 0.000000000000000000e+00
6.445910275177769044e+00 1.923427148906499795e+00 1.071088115301601649e-05 1.000000000000000000e+00 -8.482546537221327416e-05 1.081355177630781330e-04 1.387287270824799634e-02 9.000678071540911818e-01 8.914829817155306424e-01 9.087326326258764464e-01 0.000000000000000000e+00
6.451285585749439555e+00 1.921824519763838390e+00 -2.422038290715874091e-05 -1.000000000000000000e+00 -1.203468733619159932e-04 7.382391209350780501e-05 6.954512858828820754e-02 9.025637808172956023e-01 8.939525900652659507e-01 9.112552746714402963e-01 0.000000000000000000e+00
6.456665378847628034e+00 1.920223225956476210e+00 -5.267321517346515474e-05 -1.000000000000000000e+00 -1.494000145138821203e-04 4.600862643414909157e-05 3.226542441415745088e-01 9.033808339931445053e-01 8.947680797417459919e-01 9.120737603526278825e-01 0.000000000000000000e+00
6.462049658210359482e+00 1.918623266371792813e+00 -6.600613832426066032e-05 -1.000000000000000000e+00 -1.633444967168507021e-04 3.332183889706833606e-05 4.986457238305206374e-01 9.020589525376738749e-01 8.934391329770083878e-01 9.107591941035609873e-01 0.000000000000000000e+00
6.467438427578775517e+00 1.917024639898092353e+00 -7.909023593421536462e-05 -1.000000000000000000e+00 -1.769176194557829879e-04 2.075174332436368198e-05 7.061531761282253683e-01 9.038668866421997183e-01 8.952269490810426111e-01 9.125875166751588052e-01 0.000000000000000000e+00
6.472831690697137930e+00 1.915427345424606687e+00 -7.104383678706813492e-05 -1.000000000000000000e+00 -1.693344321354060876e-04 2.928012246075554321e-05 5.645373505018937976e-01 9.036165310898242042e-01 8.949837016808391832e-01 9.123299667673160362e-01 0.000000000000000000e+00
6.478229451312831344e+00 1.913831381841492263e+00 -5.151834304353795631e-05 -1.000000000000000000e+00 -1.502657251445595101e-04 4.927692126670493874e-05 2.950169554974308994e-01 9.031713324815624500e-01 8.945295665713869360e-01 9.118938668555717220e-01 0.000000000000000000e+00
6.483631713176364109e+00 1.912236748039830792e+00 -1.187278806811359345e-05 -1.000000000000000000e+00 -1.111244900554349274e-04 8.943594629542549624e-05 1.562852398728864500e-02 8.987556060149978210e-01 8.901221911161257827e-01 9.074701086113248216e-01 0.000000000000000000e+00
6.489038480041373624e+00 1.910643442911627687e+00 1.261304061108626207e-05 1.000000000000000000e+00 -8.696844951096756326e-05 1.142553372717811241e-04 1.759281911853349811e-02 8.980720791025122995e-01 8.894467309243259123e-01 9.067785429475142545e-01 0.000000000000000000e+00
6.494449755664626345e+00 1.909051465349812737e+00 2.791103411794205742e-05 1.000000000000000000e+00 -7.190218749608657221e-05 1.297889511368533443e-04 8.599759582409660652e-02 8.981095656814170880e-01 8.894687064097717144e-01 9.068317755052669460e-01 0.000000000000000000e+00
6.499865543806021329e+00 1.907460814248235881e+00 3.072587776025685494e-05 1.000000000000000000e+00 -6.927597267835047833e-05 1.327976987658204976e-04 1.040357125861532950e-01 8.990270553812818033e-01 8.903111094841021922e-01 9.078257023750849752e-01 0.000000000000000000e+00
6.505285848228594681e+00 1.905871488501671207e+00 3.080163432799603251e-05 1.000000000000000000e+00 -6.922811648962218342e-05 1.329069018805569891e-04 1.043936552773629955e-01 8.984062258381463328e-01 8.897442291722218455e-01 9.071498770962264091e-01 0.000000000000000000e+00
6.510710672698518664e+00 1.904283487005811404e+00 2.085945777393030895e-05 1.000000000000000000e+00 -7.924891915528023282e-05 1.230398466176559438e-04 4.775844963921827002e-02 8.992244206718654764e-01 8.905354250749828449e-01 9.079954956635067909e-01 0.000000000000000000e+00
6.516140020985107917e+00 1.902696808657271088e+00 1.021992343052875931e-05 1.000000000000000000e+00 -9.001180697104383668e-05 1.125181601905986831e-04 1.143878809614307102e-02 9.004596047716235674e-01 8.916877362245999583e-01 9.093149632243121561e-01 0.000000000000000000e+00
6.521573896860818564e+00 1.901111452353583031e+00 1.248385193166284673e-05 1.000000000000000000e+00 -8.772132612545184853e-05 1.147593521565801455e-04 1.706873537281694553e-02 8.998876224156542314e-01 8.911696799562744964e-01 9.086881166229618945e-01 0.000000000000000000e+00
6.527012304101254436e+00 1.899527416993199491e+00 3.812711161352354776e-05 1.000000000000000000e+00 -6.228684714857692095e-05 1.406127720735999057e-04 1.597249296710288036e-01 8.955342026999072447e-01 8.867611193193030150e-01 9.043911924672278779e-01 0.000000000000000000e+00
6.532455246485166178e+00 1.897944701475490215e+00 5.727145761839590301e-05 1.000000000000000000e+00 -4.324350764882245972e-05 1.598536031984608549e-04 3.612193062051289871e-01 8.952733160927698330e-01 8.864789211187673601e-01 9.041520660631110484e-01 0.000000000000000000e+00
6.537902727794456581e+00 1.896363304700741548e+00 8.492553301046782516e-05 1.000000000000000000e+00 -1.568728147234924042e-05 1.875995600703069628e-04 7.960008272771972315e-01 8.943824297404098234e-01 8.856468809236797135e-01 9.032013713180980785e-01 0.000000000000000000e+00
6.543354751814182357e+00 1.894783225570156437e+00 1.094833980510616573e-04 1.000000000000000000e+00 8.560443657035696186e-06 2.124603402235276635e-04 1.323467847590052315e+00 8.948319578792650608e-01 8.860182551305935128e-01 9.037304978503830633e-01 0.000000000000000000e+00
6.548811322332555918e+00 1.893204462985853986e+00 1.413618078208828360e-04 1.000000000000000000e+00 4.009821539125646092e-05 2.446755774075906782e-04 2.206935567647775542e+00 8.926614656885777377e-01 8.838335134001462645e-01 9.015747215525015124e-01 0.000000000000000000e+00
6.554272443140948923e+00 1.891627015850867455e+00 1.611181344945006040e-04 1.000000000000000000e+00 5.959936554432921816e-05 2.646847633368725004e-04 2.863226451231071223e+00 8.920922177790130414e-01 8.832682488312693092e-01 9.010015148812422492e-01 0.000000000000000000e+00
6.559738118033894949e+00 1.890050883069143817e+00 1.717941840139554561e-04 1.000000000000000000e+00 7.006213873020731566e-05 2.755747310277859951e-04 3.249838275875475802e+00 8.916055160270085489e-01 8.827587318479167555e-01 9.005381262179418256e-01 0.000000000000000000e+00
6.565208350809092153e+00 1.888476063545543981e+00 1.757665933917209569e-04 1.000000000000000000e+00 7.391234989925547728e-05 2.796744352535656037e-04 3.397984753898299459e+00 8.901551756364836088e-01 8.812897018779562996e-01 8.991068665208584720e-01 0.000000000000000000e+00
6.570683145267405045e+00 1.886902556185840796e+00 1.622448258749642556e-04 1.000000000000000000e+00 6.047439710283885629e-05 2.660757041833884153e-04 2.891161972010138470e+00 8.905620578745574445e-01 8.816961131598037849e-01 8.995143103392673201e-01 0.000000000000000000e+00
6.576162505212867160e+00 1.885330359896719488e+00 1.447296044131060068e-04 1.000000000000000000e+00 4.313540257508977288e-05 2.483897635524699591e-04 2.301344997189801234e+00 8.893458117881098968e-01 8.804600883187986282e-01 8.983183452516213530e-01 0.000000000000000000e+00
6.581646434452685490e+00 1.883759473585775446e+00 1.079086331532714681e-04 1.000000000000000000e+00 6.639409287942949086e-06 2.112481908096652220e-04 1.279751229784778843e+00 8.910033211825638677e-01 8.820295346242564838e-01 9.000653944044144650e-01 0.000000000000000000e+00
6.587134936797241380e+00 1.882189896161514886e+00 6.649794182681065691e-05 1.000000000000000000e+00 -3.416020866436639638e-05 1.692374531732587176e-04 4.867717448587711715e-01 8.921588043100910914e-01 8.832362786937750787e-01 9.011685512046956337e-01 0.000000000000000000e+00
6.592628016060094076e+00 1.880621626533353297e+00 3.376259214783644726e-05 1.000000000000000000e+00 -6.639720944676136142e-05 1.360163889096531052e-04 1.258916219266552616e-01 8.899641776190087006e-01 8.810265510780740383e-01 8.989894293692995975e-01 0.000000000000000000e+00
6.598125676057981615e+00 1.879054663611614329e+00 -1.784034670038026326e-05 -1.000000000000000000e+00 -1.175051616615610035e-04 8.392952814533776872e-05 3.515793391375154897e-02 8.927213711958621456e-01 8.836896256801581861e-01 9.018423441810033969e-01 0.000000000000000000e+00
6.603627920610826152e+00 1.877489006307530905e+00 -6.167342422889736278e-05 -1.000000000000000000e+00 -1.608053277841443125e-04 3.957446382073950375e-05 4.198966938901094181e-01 8.941479183235438999e-01 8.851654133735837870e-01 9.032185870875277800e-01 0.000000000000000000e+00
6.609134753541735741e+00 1.875924653533241671e+00 -9.516433802075106396e-05 -1.000000000000000000e+00 -1.940544138401943002e-04 5.843232524228758238e-06 9.991024480349324222e-01 8.944160792447148900e-01 8.853500951627701898e-01 9.035718420690939112e-01 0.000000000000000000e+00
6.614646178677005217e+00 1.874361604201792542e+00 -1.220106620294381388e-04 -1.000000000000000000e+00 -2.205809033039031995e-04 -2.132116795407934973e-05 1.643418013761333896e+00 8.952111423423387837e-01 8.861145774780246898e-01 9.043979943812443523e-01 0.000000000000000000e+00
6.620162199846120643e+00 1.872799857227134490e+00 -1.397149562802158320e-04 -1.000000000000000000e+00 -2.377987988654930735e-04 -3.950326592971587457e-05 2.162005895572775671e+00 8.960646236867496617e-01 8.870230437189078332e-01 9.051953311692613191e-01 0.000000000000000000e+00
6.625682820881761970e+00 1.871239411524124430e+00 -1.525878299389307659e-04 -1.000000000000000000e+00 -2.503792245831371445e-04 -5.266203774755664525e-05 2.588081061027708074e+00 8.978006299385274946e-01 8.886714042515820866e-01 9.070205869140380850e-01 0.000000000000000000e+00
6.631208045619805702e+00 1.869680266008521441e+00 -1.556806307193255631e-04 -1.000000000000000000e+00 -2.533562608941746365e-04 -5.586573160289197773e-05 2.697517638765816628e+00 8.983601953148646624e-01 8.892023798675036117e-01 9.076092115488654244e-01 0.000000000000000000e+00
6.636737877899325788e+00 1.868122419596990769e+00 -1.530097309335759113e-04 -1.000000000000000000e+00 -2.508572053606646177e-04 -5.301883740937688068e-05 2.597164619161446808e+00 8.982643980558635555e-01 8.891089489362762333e-01 9.075110410623444812e-01 0.000000000000000000e+00
6.642272321562598059e+00 1.866565871207098271e+00 -1.371205231824886126e-04 -1.000000000000000000e+00 -2.354901142469968288e-04 -3.660203926606194554e-05 2.073187444978117355e+00 8.953292653520815714e-01 8.861580068680903199e-01 9.045922965221822043e-01 0.000000000000000000e+00
6.647811380455102892e+00 1.865010619757312416e+00 -1.252887706220415318e-04 -1.000000000000000000e+00 -2.242390314323237498e-04 -2.418484058005775951e-05 1.716925334491151034e+00 8.945347595856785183e-01 8.853366663813977411e-01 9.038252930598142942e-01 0.000000000000000000e+00
6.653355058425526991e+00 1.863456664167002952e+00 -1.103359043982398173e-04 -1.000000000000000000e+00 -2.097520222213956290e-04 -8.762190711031204288e-06 1.323361951882276344e+00 8.940704914786667956e-01 8.848758081505552209e-01 9.033575952116392749e-01 0.000000000000000000e+00
6.658903359325766047e+00 1.861904003356439352e+00 -9.186588157542858568e-05 -1.000000000000000000e+00 -1.916089411039354081e-04 1.003990282931116538e-05 9.151519728891059913e-01 8.935943698261648027e-01 8.843743071139026357e-01 9.029074539382165865e-01 0.000000000000000000e+00
6.664456287010930069e+00 1.860352636246791480e+00 -7.437515828636507241e-05 -1.000000000000000000e+00 -1.743516595607315497e-04 2.777033400577437309e-05 5.999495219705011095e-01 8.936008482626526250e-01 8.842974280667259546e-01 9.029989023004733051e-01 0.000000000000000000e+00
6.670013845339340719e+00 1.858802561760127592e+00 -5.981081941640962866e-05 -1.000000000000000000e+00 -1.598179567992148405e-04 4.237312576336984724e-05 3.880434233535083877e-01 8.936517569232205194e-01 8.844089559202658046e-01 9.029879643262269662e-01 0.000000000000000000e+00
6.675576038172540194e+00 1.857253778819414780e+00 -4.748625985320186876e-05 -1.000000000000000000e+00 -1.478190525845475447e-04 5.502530088647227495e-05 2.440704752918634313e-01 8.927963595538354058e-01 8.834722291178602749e-01 9.022157010118037057e-01 0.000000000000000000e+00
6.681142869375288562e+00 1.855706286348516532e+00 -3.588751310350893770e-05 -1.000000000000000000e+00 -1.366524969000846017e-04 6.706629226709825693e-05 1.386739227199598190e-01 8.904540483677148011e-01 8.811098776935961663e-01 8.998940363103752338e-01 0.000000000000000000e+00
6.686714342815570866e+00 1.854160083272192949e+00 -3.459463710484726658e-05 -1.000000000000000000e+00 -1.357791868870072689e-04 6.879658457721818539e-05 1.276949329806029709e-01 8.898021266954099229e-01 8.805163686537182954e-01 8.991825240681982079e-01 0.000000000000000000e+00
6.692290462364595349e+00 1.852615168516101862e+00 -2.707868278962986616e-05 -1.000000000000000000e+00 -1.289710625798749528e-04 7.702905670159607946e-05 7.749939072948563989e-02 8.873839565450244438e-01 8.780190359135363609e-01 8.968452973475159462e-01 0.000000000000000000e+00
6.697871231896799671e+00 1.851071541006794829e+00 -2.382061848205386300e-05 -1.000000000000000000e+00 -1.262423767435740429e-04 8.081967930762740170e-05 5.946259749063642630e-02 8.872162456176664325e-01 8.778185164713167010e-01 8.967110633319147484e-01 0.000000000000000000e+00
6.703456655289853572e+00 1.849529199671717139e+00 -1.302590294507187675e-05 -1.000000000000000000e+00 -1.157613158454526617e-04 9.193696459345568318e-05 1.770562555012133998e-02 8.868834214831470275e-01 8.774893566076612528e-01 8.963745732315887560e-01 0.000000000000000000e+00
6.709046736424657986e+00 1.847988143439209141e+00 9.733264549002168924e-06 1.000000000000000000e+00 -9.324799344076733620e-05 1.149566818718377088e-04 9.884977424434282511e-03 8.852386276439307977e-01 8.758239469094540874e-01 8.947509686734113066e-01 0.000000000000000000e+00
6.714641479185352146e+00 1.846448371238503361e+00 3.761988396271435334e-05 1.000000000000000000e+00 -6.564944233538448800e-05 1.431402931608776689e-04 1.477185908779858892e-01 8.835331570526360201e-01 8.740980170980384711e-01 8.930665541304141364e-01 0.000000000000000000e+00
6.720240887459313583e+00 1.844909881999724721e+00 6.379999168737691430e-05 1.000000000000000000e+00 -3.985616955163947162e-05 1.697051821155825179e-04 4.238026552368410194e-01 8.827342398511697219e-01 8.733063617392835543e-01 8.922603903584330753e-01 0.000000000000000000e+00
6.725844965137160791e+00 1.843372674653889876e+00 1.061266681209347638e-04 1.000000000000000000e+00 1.838769209732806832e-06 2.126575745303500463e-04 1.169826857487720417e+00 8.770717802259166973e-01 8.676407615672538931e-01 8.866018306940178784e-01 0.000000000000000000e+00
6.731453716112758556e+00 1.841836748132905655e+00 1.246553970928802977e-04 1.000000000000000000e+00 1.996927567858253975e-05 2.315845855922117765e-04 1.607159164238652238e+00 8.765158379233662922e-01 8.670899300193747328e-01 8.860407125773938075e-01 0.000000000000000000e+00
6.737067144283217068e+00 1.840302101369569288e+00 1.340954494055263927e-04 1.000000000000000000e+00 2.918974259376608206e-05 2.412524419653619726e-04 1.855862999096245858e+00 8.763023738814819108e-01 8.668465942598959639e-01 8.858577935732943054e-01 0.000000000000000000e+00
6.742685253548897251e+00 1.838768733297566405e+00 1.385839382877093945e-04 1.000000000000000000e+00 3.362429261557584189e-05 2.458089122582868442e-04 1.982187860764895504e+00 8.748106637995505253e-01 8.653317000378951684e-01 8.843898995680621322e-01 0.000000000000000000e+00
6.748308047813412536e+00 1.837236642851472368e+00 1.257204000313328024e-04 1.000000000000000000e+00 2.086750412958294305e-05 2.328524914977563118e-04 1.628916767252604814e+00 8.752222819715236302e-01 8.657447134918287990e-01 8.847999844484641940e-01 0.000000000000000000e+00
6.753935530983630642e+00 1.835705828966748943e+00 1.068429139268558029e-04 1.000000000000000000e+00 2.037068873546888097e-06 2.139365102966075071e-04 1.173268698985197034e+00 8.745561184691784673e-01 8.650487347525976922e-01 8.841643776837421198e-01 0.000000000000000000e+00
6.759567706969678902e+00 1.834176290579746293e+00 7.133512664204883804e-05 1.000000000000000000e+00 -3.341558734082733192e-05 1.783799761673143748e-04 5.205539341194764802e-01 8.761747166919753305e-01 8.665663982376120567e-01 8.858858822867997640e-01 0.000000000000000000e+00
6.765204579684944264e+00 1.832648026627699211e+00 3.580215242841526112e-05 1.000000000000000000e+00 -6.865146286306566918e-05 1.425700235334105841e-04 1.306358362842274801e-01 8.764407050137762445e-01 8.668902420165320866e-01 8.860927751553887566e-01 0.000000000000000000e+00
6.770846153046076843e+00 1.831121036048729556e+00 -3.994345941400041296e-07 -1.000000000000000000e+00 -1.046864151290047328e-04 1.062258621407979143e-04 1.621334425294662651e-05 8.767593501784268772e-01 8.671147156238494524e-01 8.865074331114153328e-01 0.000000000000000000e+00
6.776492430972993475e+00 1.829595317781842700e+00 -2.824632917352304108e-05 -1.000000000000000000e+00 -1.323529830604752505e-04 7.821641449588399766e-05 8.088855141653539249e-02 8.759182827724242282e-01 8.662433529042666835e-01 8.856972836946401806e-01 0.000000000000000000e+00
6.782143417388880380e+00 1.828070870766929312e+00 -5.572842274146417506e-05 -1.000000000000000000e+00 -1.595462385612402001e-04 5.044828367114162563e-05 3.140869512797053176e-01 8.770246594003909824e-01 8.674038834291232236e-01 8.867483708703728373e-01 0.000000000000000000e+00
6.787799116220194051e+00 1.826547693944761797e+00 -6.927962905070834487e-05 -1.000000000000000000e+00 -1.729854242997284474e-04 3.678070702968711317e-05 4.857135525717524160e-01 8.768340149352034096e-01 8.671243032115710792e-01 8.866485492838920290e-01 0.000000000000000000e+00
6.793459531396665696e+00 1.825025786256996740e+00 -7.258868626029589468e-05 -1.000000000000000000e+00 -1.760068350293197601e-04 3.319398148626024508e-05 5.354130514887458503e-01 8.760915700167727360e-01 8.663560641292846753e-01 8.859326217978459317e-01 0.000000000000000000e+00
6.799124666851304788e+00 1.823505146646170916e+00 -7.357999986409164957e-05 -1.000000000000000000e+00 -1.766577133409653303e-04 3.187706315695864635e-05 5.526038357453160188e-01 8.761144685959574296e-01 8.663860571591002202e-01 8.859482629502033468e-01 0.000000000000000000e+00
6.804794526520399067e+00 1.821985774055703944e+00 -7.680288524313271848e-05 -1.000000000000000000e+00 -1.797604645987393090e-04 2.853764582167825511e-05 6.027489985767999769e-01 8.770901082364729318e-01 8.673263778455868600e-01 8.869599216629722171e-01 0.000000000000000000e+00
6.810469114343518982e+00 1.820467667429894965e+00 -7.845836242362234957e-05 -1.000000000000000000e+00 -1.814453336187623310e-04 2.691276919712791047e-05 6.272291286687732281e-01 8.771322635404240620e-01 8.674277451050507182e-01 8.869416969972402365e-01 0.000000000000000000e+00
6.816148434263521239e+00 1.818950825713921748e+00 -8.770404739829833879e-05 -1.000000000000000000e+00 -1.910184166163578874e-04 1.799804503620616844e-05 7.786969634575200416e-01 8.784832129623417751e-01 8.686809937549091476e-01 8.883923552876737961e-01 0.000000000000000000e+00
6.821832490226549695e+00 1.817435247853842917e+00 -8.976269366967908254e-05 -1.000000000000000000e+00 -1.933972810176519570e-04 1.627298299431800647e-05 8.108321617564797634e-01 8.772397270650423851e-01 8.674099068107588018e-01 8.871771305632580873e-01 0.000000000000000000e+00
6.827521286182038907e+00 1.815920932796593723e+00 -9.753750262687334771e-05 -1.000000000000000000e+00 -2.013325343127871873e-04 8.672534227650616320e-06 9.523403705142072795e-01 8.774712222818596974e-01 8.676416580771484366e-01 8.874082364235342801e-01 0.000000000000000000e+00
6.833214826082717686e+00 1.814407879489987385e+00 -9.702167326065073961e-05 -1.000000000000000000e+00 -2.009453883511581516e-04 9.326520934130019033e-06 9.403109122124249097e-01 8.757124814710436356e-01 8.658605786485580325e-01 8.856726331394332297e-01 0.000000000000000000e+00
6.838913113884609984e+00 1.812896086882713975e+00 -1.007795025202429115e-04 -1.000000000000000000e+00 -2.047531039712095541e-04 5.622838395750808546e-06 1.014039347152476012e+00 8.755259639472348088e-01 8.655859798650537007e-01 8.855761756878819391e-01 0.000000000000000000e+00
6.844616153547039339e+00 1.811385553924339531e+00 -1.068110970690674288e-04 -1.000000000000000000e+00 -2.105272877059168014e-04 -6.602630713418343672e-07 1.140138333928632619e+00 8.760363341765793344e-01 8.661575887967243315e-01 8.860239194270100871e-01 0.000000000000000000e+00
6.850323949032630644e+00 1.809876279565305390e+00 -1.023278632914969075e-04 -1.000000000000000000e+00 -2.058999887390140044e-04 3.684419813709810662e-06 1.050002067658226679e+00 8.730671097442390671e-01 8.631757557351834587e-01 8.830679672429303517e-01 0.000000000000000000e+00
6.856036504307313706e+00 1.808368262756926637e+00 -1.163822610398584825e-04 -1.000000000000000000e+00 -2.197916613498309888e-04 -1.052014189573970658e-05 1.359227502741902072e+00 8.741406658761551318e-01 8.641541481819823289e-01 8.842386900741191491e-01 0.000000000000000000e+00
6.861753823340325908e+00 1.806861502451392543e+00 -1.398229761732866581e-04 -1.000000000000000000e+00 -2.429889940745792428e-04 -3.418092350758919593e-05 1.955611828071965874e+00 8.764962121566294284e-01 8.665596083783606574e-01 8.865428532886855395e-01 0.000000000000000000e+00
6.867475910104213099e+00 1.805355997601766127e+00 -1.632146440061801027e-04 -1.000000000000000000e+00 -2.666011140948622380e-04 -5.734177659726673760e-05 2.645016712120110469e+00 8.778396496981853980e-01 8.677998048293740219e-01 8.879916047143013857e-01 0.000000000000000000e+00
6.873202768574835808e+00 1.803851747161981711e+00 -1.882335861230960742e-04 -1.000000000000000000e+00 -2.918222080601144512e-04 -8.215232976899540420e-05 3.481568864794155616e+00 8.797980383146396521e-01 8.698060626440718979e-01 8.899008567153724458e-01 0.000000000000000000e+00
6.878934402731368358e+00 1.802348750086846252e+00 -1.960583218207450869e-04 -1.000000000000000000e+00 -3.001138972590951660e-04 -8.949676355243758397e-05 3.746717969463190911e+00 8.788517431697511206e-01 8.687667198477733166e-01 8.890497569963328184e-01 0.000000000000000000e+00
6.884670816556305084e+00 1.800847005332036233e+00 -1.977288081140530119e-04 -1.000000000000000000e+00 -3.021192456084353896e-04 -9.080197796425382270e-05 3.785980900613992617e+00 8.797270033062596362e-01 8.696014928263791077e-01 8.899660760292796846e-01 0.000000000000000000e+00
6.890412014035459443e+00 1.799346511854099884e+00 -1.839480547813720059e-04 -1.000000000000000000e+00 -2.887608834295675572e-04 -7.657484096039099408e-05 3.254192433031761311e+00 8.808163158842833296e-01 8.707481206475455870e-01 8.909967105145428778e-01 0.000000000000000000e+00
6.896157999157970231e+00 1.797847268610453630e+00 -1.350867267951874563e-04 -1.000000000000000000e+00 -2.409846479730808132e-04 -2.663723156967062072e-05 1.743808475008677306e+00 8.768852627698204838e-01 8.667408297887538859e-01 8.871440594798678525e-01 0.000000000000000000e+00
6.901908775916301586e+00 1.796349274559382980e+00 -8.293389957693841246e-05 -1.000000000000000000e+00 -1.898509643536706827e-04 2.651290523145481085e-05 6.531016594966843059e-01 8.759812547204529620e-01 8.658073832781205681e-01 8.862704253274510391e-01 0.000000000000000000e+00
6.907664348306248314e+00 1.794852528660041413e+00 -1.944246781616754303e-05 -1.000000000000000000e+00 -1.271201634904667050e-04 9.075630088357778780e-05 3.585345165890885255e-02 8.739559572512869412e-01 8.637999412748224026e-01 8.842272223010670951e-01 0.000000000000000000e+00
6.913424720326936779e+00 1.793357029872449937e+00 5.518843551964383462e-05 1.000000000000000000e+00 -5.309445921252779586e-05 1.659991347332584661e-04 2.901970807345151115e-01 8.680296967708405198e-01 8.578781995850347508e-01 8.782971348718200399e-01 0.000000000000000000e+00
6.919189895980827565e+00 1.791862777157495312e+00 1.011298599998216956e-04 1.000000000000000000e+00 -7.493840660385654782e-06 2.122913472790424142e-04 9.765948342937917914e-01 8.665840166282235968e-01 8.564490889593701084e-01 8.768347202382479333e-01 0.000000000000000000e+00
6.924959879273719920e+00 1.790369769476931161e+00 1.310192019894803586e-04 1.000000000000000000e+00 2.194402828016601547e-05 2.426384807409256278e-04 1.636373099627235206e+00 8.643976926079310896e-01 8.542418387608700092e-01 8.746701187143806067e-01 0.000000000000000000e+00
6.930734674214753532e+00 1.788878005793375303e+00 1.293493497826178661e-04 1.000000000000000000e+00 1.976637771096789015e-05 2.414851573410150773e-04 1.580686100425140239e+00 8.652604522752952443e-01 8.550611858632192197e-01 8.755771518751949145e-01 0.000000000000000000e+00
6.936514284816411191e+00 1.787387485070310644e+00 1.098626699992332444e-04 1.000000000000000000e+00 -2.584103494882722396e-07 2.225557621622229138e-04 1.125011612900891578e+00 8.658947735126032441e-01 8.556880596663583027e-01 8.762189644268248978e-01 0.000000000000000000e+00
6.942298715094520567e+00 1.785898206272082511e+00 8.073110853532918538e-05 1.000000000000000000e+00 -2.993264305332198744e-05 1.939919176005426614e-04 5.987979565926195846e-01 8.657298081765442133e-01 8.554795367739356227e-01 8.760984306343377881e-01 0.000000000000000000e+00
6.948087969068260428e+00 1.784410168363900873e+00 4.526946389591753235e-05 1.000000000000000000e+00 -6.578042001430741575e-05 1.589387262070355211e-04 1.860704263007448844e-01 8.662345888617952738e-01 8.558742903051336226e-01 8.767155737937194493e-01 0.000000000000000000e+00
6.953882050760158862e+00 1.782923370311836564e+00 1.065820094509424704e-05 1.000000000000000000e+00 -1.002023848016031390e-04 1.241619475788890720e-04 1.025184681475366233e-02 8.677627120434142638e-01 8.574593739203956178e-01 8.781852831297154438e-01 0.000000000000000000e+00
6.959680964196100383e+00 1.781437811082822398e+00 -1.230172764923531096e-05 -1.000000000000000000e+00 -1.228806726634746065e-04 1.009357142884307799e-04 1.366969151931130000e-02 8.688218795240221226e-01 8.584142902176213896e-01 8.793509224092944665e-01 0.000000000000000000e+00
6.965484713405325046e+00 1.779953489644652054e+00 -3.298154808744566271e-05 -1.000000000000000000e+00 -1.429859572627111431e-04 7.969235046759978779e-05 9.869268962080468555e-02 8.720520975952933407e-01 8.615947090986594281e-01 8.826316966223370919e-01 0.000000000000000000e+00
6.971293302420433768e+00 1.778470404965979412e+00 -3.599903114351625852e-05 -1.000000000000000000e+00 -1.455003052088394973e-04 7.617884108875960878e-05 1.183177214627448848e-01 8.721440782687355231e-01 8.616964920666095873e-01 8.827137622031896447e-01 0.000000000000000000e+00
6.977106735277391003e+00 1.776988556016316556e+00 -3.438131155589468479e-05 -1.000000000000000000e+00 -1.436572538007641205e-04 7.757556132513669666e-05 1.083343285032754011e-01 8.711318970066960210e-01 8.606560879193090319e-01 8.817306524750578856e-01 0.000000000000000000e+00
6.982925016015525621e+00 1.775507941766035547e+00 -4.386693586067402068e-05 -1.000000000000000000e+00 -1.529862863163209958e-04 6.794097718965662910e-05 1.760503580120200695e-01 8.722134339310682050e-01 8.617999976177828092e-01 8.827483367741286724e-01 0.000000000000000000e+00
6.988748148677535355e+00 1.774028561186365982e+00 -5.823606141291070258e-05 -1.000000000000000000e+00 -1.675951852158600480e-04 5.381625404653920467e-05 3.085200471239772924e-01 8.730911336080962037e-01 8.625682370071261484e-01 8.837379219691187116e-01 0.000000000000000000e+00
6.994576137309488573e+00 1.772550413249394330e+00 -8.027352598718103817e-05 -1.000000000000000000e+00 -1.898065769524997647e-04 3.196364171963724605e-05 5.818348866899896166e-01 8.746902864843931757e-01 8.641159727276429559e-01 8.853894874978548435e-01 0.000000000000000000e+00
7.000408985960828723e+00 1.771073496928063928e+00 -1.020322726340681957e-04 -1.000000000000000000e+00 -2.115554146363805041e-04 1.021116101520254198e-05 9.349958323305713748e-01 8.753748895934635454e-01 8.647987623716358874e-01 8.860758622933534445e-01 0.000000000000000000e+00
7.006246698684376106e+00 1.769597811196173431e+00 -1.277826756710975808e-04 -1.000000000000000000e+00 -2.370904756161941831e-04 -1.573983477954920315e-05 1.463292412741083126e+00 8.770034963180107779e-01 8.663787338212967093e-01 8.877540280525321181e-01 0.000000000000000000e+00
7.012089279536330544e+00 1.768123355028376364e+00 -1.494285327879943935e-04 -1.000000000000000000e+00 -2.582945006888661852e-04 -3.781125709558366742e-05 2.003651716873491750e+00 8.776757617748586204e-01 8.670538504406808400e-01 8.884232934770971424e-01 0.000000000000000000e+00
7.017936732576273151e+00 1.766650127400181791e+00 -1.738141215200657112e-04 -1.000000000000000000e+00 -2.822291631479006231e-04 -6.262954804642958105e-05 2.715062667770013149e+00 8.792844797197911788e-01 8.686163724768513061e-01 8.900790538004866859e-01 0.000000000000000000e+00
7.023789061867172556e+00 1.765178127287950538e+00 -1.920072308968387377e-04 -1.000000000000000000e+00 -3.001547191102918346e-04 -8.106832390337500454e-05 3.312818585715007202e+00 8.790914914253048495e-01 8.683857618380622645e-01 8.899246071162062455e-01 0.000000000000000000e+00
7.029646271475383124e+00 1.763707353668898525e+00 -2.135903525442419207e-04 -1.000000000000000000e+00 -3.216640039594304283e-04 -1.027061139929291798e-04 4.079911826943174447e+00 8.797473285572151580e-01 8.690412913682865614e-01 8.905806395457508406e-01 0.000000000000000000e+00
7.035508365470652059e+00 1.762237805521092104e+00 -2.436222961602019460e-04 -1.000000000000000000e+00 -3.518789488872818127e-04 -1.325444864648761501e-04 5.256390963719979936e+00 8.831022787983234812e-01 8.723326873771790613e-01 8.940002312025259190e-01 0.000000000000000000e+00
7.041375347926120298e+00 1.760769481823449834e+00 -2.521083445097231776e-04 -1.000000000000000000e+00 -3.608450923627124678e-04 -1.405320757527162359e-04 5.581683659976022227e+00 8.814907915987667542e-01 8.706195840360700933e-01 8.924929833586202621e-01 0.000000000000000000e+00
7.047247222918324283e+00 1.759302381555740702e+00 -2.554100160543327992e-04 -1.000000000000000000e+00 -3.643373146870788090e-04 -1.436134762610606543e-04 5.690690096889539973e+00 8.805477320528433127e-01 8.697511682962498769e-01 8.914736465556863942e-01 0.000000000000000000e+00
7.053123994527200402e+00 1.757836503698584130e+00 -2.607178895600194410e-04 -1.000000000000000000e+00 -3.699501028277981632e-04 -1.485916838969349608e-04 5.895429935915672104e+00 8.828908851125137902e-01 8.719727766376710321e-01 8.939408451614632156e-01 0.000000000000000000e+00
7.059005666836087656e+00 1.756371847233449524e+00 -2.431582528660786266e-04 -1.000000000000000000e+00 -3.526935947967395910e-04 -1.307134251133650494e-04 5.108120017652481692e+00 8.814822280765058915e-01 8.706436843618063914e-01 8.924509953278597640e-01 0.000000000000000000e+00
7.064892243931729432e+00 1.754908411142653613e+00 -2.219102139722694492e-04 -1.000000000000000000e+00 -3.321596272351569909e-04 -1.087477903571374511e-04 4.229014828604647391e+00 8.813321579733121025e-01 8.703857817969196109e-01 8.924112864752765661e-01 0.000000000000000000e+00
7.070783729904277948e+00 1.753446194409361780e+00 -1.844565102151269264e-04 -1.000000000000000000e+00 -2.955700896924472534e-04 -7.042835846046249554e-05 2.904514833982347000e+00 8.782653913511968558e-01 8.672937814627224018e-01 8.893708966876590072e-01 0.000000000000000000e+00
7.076680128847296025e+00 1.751985196017586288e+00 -1.486823121893736063e-04 -1.000000000000000000e+00 -2.604935611510972564e-04 -3.394552617448614435e-05 1.875209705718788200e+00 8.765250810460005759e-01 8.656353559428155986e-01 8.875471322067700619e-01 0.000000000000000000e+00
7.082581444857760644e+00 1.750525414952186498e+00 -1.168077664931397734e-04 -1.000000000000000000e+00 -2.294636076912030852e-04 -1.207508592875730972e-06 1.149951086740315986e+00 8.757689662217241766e-01 8.647762517841099950e-01 8.868965959601773363e-01 0.000000000000000000e+00
7.088487682036063831e+00 1.749066850198867318e+00 -8.631146717986004494e-05 -1.000000000000000000e+00 -1.997996333411590747e-04 3.015188071921443924e-05 6.229672398710306425e-01 8.743685544241293073e-01 8.633415032593020344e-01 8.855314807577735481e-01 0.000000000000000000e+00
7.094398844486017985e+00 1.747609500744178535e+00 -6.390663209860304088e-05 -1.000000000000000000e+00 -1.783089607252541400e-04 5.349788395667290722e-05 3.375843984034077039e-01 8.736346424565464286e-01 8.626161637429140550e-01 8.847889883692198199e-01 0.000000000000000000e+00
7.100314936314857661e+00 1.746153365575515037e+00 -5.154272583330302978e-05 -1.000000000000000000e+00 -1.669649127267068729e-04 6.689515602956863519e-05 2.165145146339000348e-01 8.739351214976910365e-01 8.628678824583212448e-01 8.851393292882934194e-01 0.000000000000000000e+00
7.106235961633242226e+00 1.744698443681114597e+00 -4.340770413269504861e-05 -1.000000000000000000e+00 -1.596072151561330138e-04 7.582343211919633712e-05 1.517245475100708063e-01 8.736658511440342778e-01 8.626034373719460024e-01 8.848652850258283964e-01 0.000000000000000000e+00
7.112161924555259418e+00 1.743244734050058975e+00 -3.929603330060353091e-05 -1.000000000000000000e+00 -1.559835015529977020e-04 8.045669451109196415e-05 1.234021528282767122e-01 8.729738659396960587e-01 8.618711853222811303e-01 8.842145842447607373e-01 0.000000000000000000e+00
7.118092829198427118e+00 1.741792235672271039e+00 -4.777357156473812321e-05 -1.000000000000000000e+00 -1.647236167616771593e-04 7.228989391875836369e-05 1.813362415511221570e-01 8.744572556482071990e-01 8.632339910203821187e-01 8.858211931387264260e-01 0.000000000000000000e+00
7.124028679683696907e+00 1.740340947538516092e+00 -6.093988608606911583e-05 -1.000000000000000000e+00 -1.779534877099900238e-04 5.923665349091106306e-05 2.929996148092186559e-01 8.762525470709876529e-01 8.650914648557058717e-01 8.875523539377540017e-01 0.000000000000000000e+00
7.129969480135457616e+00 1.738890868640399878e+00 -6.769285328786551093e-05 -1.000000000000000000e+00 -1.851991375018221977e-04 5.300170681352119409e-05 3.582296520237662207e-01 8.757844068357398815e-01 8.645763142860665162e-01 8.871324845485737409e-01 0.000000000000000000e+00
7.135915234681537100e+00 1.737441997970369245e+00 -7.493022259782008900e-05 -1.000000000000000000e+00 -1.930090360677731254e-04 4.634740445676935447e-05 4.341967910513346851e-01 8.760019353275321219e-01 8.647903617572899604e-01 8.873535242384108512e-01 0.000000000000000000e+00
7.141865947453204910e+00 1.735994334521709703e+00 -7.403207635176521379e-05 -1.000000000000000000e+00 -1.927078225090781772e-04 4.785008687119849183e-05 4.204301904160274717e-01 8.758175689221494586e-01 8.645523156229992789e-01 8.872241717869046029e-01 0.000000000000000000e+00
7.147821622585176726e+00 1.734547877288545648e+00 -7.550078969372465650e-05 -1.000000000000000000e+00 -1.945707541536592015e-04 4.678389942090207089e-05 4.353401536837395724e-01 8.793560291133801776e-01 8.679465743815244494e-01 8.909096597260631745e-01 0.000000000000000000e+00
7.153782264215615250e+00 1.733102625265839913e+00 -4.830619017309630670e-05 -1.000000000000000000e+00 -1.675329950925923865e-04 7.414381684009085862e-05 1.785550558153659040e-01 8.786473936874610313e-01 8.673114912570257795e-01 8.901257588482957006e-01 0.000000000000000000e+00
7.159747876486134643e+00 1.731658577449392222e+00 1.211658105652882136e-06 1.000000000000000000e+00 -1.185409897543641467e-04 1.241705308001632890e-04 1.128872304150263517e-04 8.751971143223433725e-01 8.637617337411627183e-01 8.867778949032902869e-01 0.000000000000000000e+00
7.165718463541802308e+00 1.730215732835839626e+00 4.738471358316223087e-05 1.000000000000000000e+00 -7.269312875258658515e-05 1.706404603498216910e-04 1.732746379620664356e-01 8.752111249678692362e-01 8.638457488949385921e-01 8.867203543379327257e-01 0.000000000000000000e+00
7.171694029531142434e+00 1.728774090422655174e+00 1.018515582232447261e-04 1.000000000000000000e+00 -1.889661384030496476e-05 2.257450212503425376e-04 8.032821102746936504e-01 8.740660658589148868e-01 8.625864292505600606e-01 8.856926749026152734e-01 0.000000000000000000e+00
7.177674578606138667e+00 1.727333649208146804e+00 1.612154744796842555e-04 1.000000000000000000e+00 3.984084011466270357e-05 2.857170476990465377e-04 2.020195875023858889e+00 8.711593212629014094e-01 8.596438561199383210e-01 8.828231020122134787e-01 0.000000000000000000e+00
7.183660114922237661e+00 1.725894408191456675e+00 2.099264786657367764e-04 1.000000000000000000e+00 8.815599714471026584e-05 3.348141931287661362e-04 3.434764741239717978e+00 8.694634569112511535e-01 8.580276970431923722e-01 8.810458376455624352e-01 0.000000000000000000e+00
7.189650642638349964e+00 1.724456366372562499e+00 2.456757197594920737e-04 1.000000000000000000e+00 1.233675190322381819e-04 3.710816482758126904e-04 4.710535629684585501e+00 8.685671491386031118e-01 8.570125671857844463e-01 8.802715453329995610e-01 0.000000000000000000e+00
7.195646165916856241e+00 1.723019522752273547e+00 2.731152248470369208e-04 1.000000000000000000e+00 1.505656533683035988e-04 3.987486998124227847e-04 5.825280111578450715e+00 8.664821581904480485e-01 8.550089386033959959e-01 8.781034795474604859e-01 0.000000000000000000e+00
7.201646688923606376e+00 1.721583876332232421e+00 2.759558594781198423e-04 1.000000000000000000e+00 1.531286157385058249e-04 4.018601634172101343e-04 5.937249619554847868e+00 8.675002037765385809e-01 8.558955577769669087e-01 8.792562040841855886e-01 0.000000000000000000e+00
7.207652215827925701e+00 1.720149426114913060e+00 2.790827561768847759e-04 1.000000000000000000e+00 1.560843967246986570e-04 4.051772126131662766e-04 6.067958642691991145e+00 8.647215096045668403e-01 8.530777077322561075e-01 8.765180078887571113e-01 0.000000000000000000e+00
7.213662750802614987e+00 1.718716171103621404e+00 2.590215054105068611e-04 1.000000000000000000e+00 1.360229853457183957e-04 3.851515218611248153e-04 5.204827870176046645e+00 8.654303433482410934e-01 8.537822891914131906e-01 8.772309464792669154e-01 0.000000000000000000e+00
7.219678298023954888e+00 1.717284110302493172e+00 2.266140513283445245e-04 1.000000000000000000e+00 1.034608281152676456e-04 3.529287322609848325e-04 3.951040385247040376e+00 8.676213258661837902e-01 8.558997302559260278e-01 8.794968735373861479e-01 0.000000000000000000e+00
7.225698861671710382e+00 1.715853242716494531e+00 1.955362732188402179e-04 1.000000000000000000e+00 7.211271707947735699e-05 3.221366692609419066e-04 2.909726719926226224e+00 8.687114296989587592e-01 8.569801037785454989e-01 8.805966733462219365e-01 0.000000000000000000e+00
7.231724445929129885e+00 1.714423567351419875e+00 1.724196083288298726e-04 1.000000000000000000e+00 4.861639858208654922e-05 2.994041509852871747e-04 2.240479009094514140e+00 8.680788792279852117e-01 8.562907408727044034e-01 8.800226168715904462e-01 0.000000000000000000e+00
7.237755054982951464e+00 1.712995083213891823e+00 1.352163737420996746e-04 1.000000000000000000e+00 1.136907070286213633e-05 2.622569452788085071e-04 1.368491562461457534e+00 8.727472282877632992e-01 8.608001550074214636e-01 8.848532669877323675e-01 0.000000000000000000e+00
7.243790693023404614e+00 1.711567789311361887e+00 1.247839493460357310e-04 1.000000000000000000e+00 1.371034931795910971e-06 2.514288230702165210e-04 1.167661208486350688e+00 8.720035484581087903e-01 8.601422108838689962e-01 8.840216915661573971e-01 0.000000000000000000e+00
7.249831364244212040e+00 1.710141684652107807e+00 1.085230026260711991e-04 1.000000000000000000e+00 -1.442682690300773718e-05 2.347390034403374281e-04 8.859278040205822435e-01 8.747458458755343891e-01 8.628172387545854916e-01 8.868324895238012262e-01 0.000000000000000000e+00
7.255877072842594977e+00 1.708716768245233997e+00 1.069435047853646131e-04 1.000000000000000000e+00 -1.595884413492513934e-05 2.331235775932658156e-04 8.616869376206750530e-01 8.746200944827704493e-01 8.625678305372971311e-01 8.868336938215110044e-01 0.000000000000000000e+00
7.261927823019274086e+00 1.707293039100669763e+00 1.071149229060940137e-04 1.000000000000000000e+00 -1.586553137093015149e-05 2.333719906204431097e-04 8.613611667911982295e-01 8.744343211495030355e-01 8.624606968746492131e-01 8.865674366196029110e-01 0.000000000000000000e+00
7.267983618978473004e+00 1.705870496229170197e+00 9.289707532313827207e-05 1.000000000000000000e+00 -3.055691543567090834e-05 2.196226422461256857e-04 6.421749006318862030e-01 8.781730877102529309e-01 8.660429364100472593e-01 8.904663054823593882e-01 0.000000000000000000e+00
7.274044464927921894e+00 1.704449138642313732e+00 9.870351119780737168e-05 1.000000000000000000e+00 -2.513706126116531652e-05 2.258400567275126809e-04 7.200783375791530716e-01 8.759661562614052821e-01 8.639248318763729229e-01 8.881686195342254342e-01 0.000000000000000000e+00
7.280110365078859225e+00 1.703028965352503699e+00 9.833431299028308904e-05 1.000000000000000000e+00 -2.602320552010782713e-05 2.260185052343555764e-04 7.101795770472847380e-01 8.754167748846970465e-01 8.632467700695023449e-01 8.877513004853916367e-01 0.000000000000000000e+00
7.286181323646034436e+00 1.701609975372965211e+00 9.460948931941563582e-05 1.000000000000000000e+00 -2.992265581956907714e-05 2.224983058870341366e-04 6.534668653918487280e-01 8.760307032040176578e-01 8.639335597987541915e-01 8.882903053923526526e-01 0.000000000000000000e+00
7.292257344847713263e+00 1.700192167717745617e+00 1.103662098589951109e-04 1.000000000000000000e+00 -1.474507153945171236e-05 2.388449815347908826e-04 8.860162191044764768e-01 8.716165478556071600e-01 8.594169584520396921e-01 8.839821731510908442e-01 0.000000000000000000e+00
7.298338432905678630e+00 1.698775541401714717e+00 1.219480950530961910e-04 1.000000000000000000e+00 -3.598964067968334806e-06 2.508737705279885091e-04 1.077554673764026916e+00 8.687970637946090813e-01 8.565566110993509952e-01 8.812051722817373367e-01 0.000000000000000000e+00
7.304424592045234199e+00 1.697360095440562322e+00 1.248553234721358734e-04 1.000000000000000000e+00 -9.474689979941438439e-07 2.540599157178628125e-04 1.124447367056035318e+00 8.687215055672266040e-01 8.564878706482424997e-01 8.811226455363595500e-01 0.000000000000000000e+00
7.310515826495206149e+00 1.695945828850798032e+00 1.337382539157703533e-04 1.000000000000000000e+00 7.516524345617950830e-06 2.633916096197675078e-04 1.284600716410324139e+00 8.671657228539350060e-01 8.548824809761017551e-01 8.796180485700377805e-01 0.000000000000000000e+00
7.316612140487947613e+00 1.694532740649751679e+00 1.381524682350638417e-04 1.000000000000000000e+00 1.149674466179200004e-05 2.682672308725702324e-04 1.361573374648543222e+00 8.670418140046515232e-01 8.547641078299682560e-01 8.794884191075407198e-01 0.000000000000000000e+00
7.322713538259342236e+00 1.693120829855571774e+00 1.399987494175408654e-04 1.000000000000000000e+00 1.268832522876219980e-05 2.707818782306581134e-04 1.385281323793037700e+00 8.678615077602425121e-01 8.555148835221425552e-01 8.803787759175014660e-01 0.000000000000000000e+00
7.328820024048804171e+00 1.691710095487224841e+00 1.441230570298768221e-04 1.000000000000000000e+00 1.611114043084525176e-05 2.756133115091302503e-04 1.454308581329172512e+00 8.682841560185278196e-01 8.558705563526792792e-01 8.808703561493573808e-01 0.000000000000000000e+00
7.334931602099284298e+00 1.690300536564494527e+00 1.503853397617277085e-04 1.000000000000000000e+00 2.194221871386936346e-05 2.823166629326918269e-04 1.573337255625716580e+00 8.681005584578956880e-01 8.556941772323165551e-01 8.806794388450202016e-01 0.000000000000000000e+00
7.341048276657271110e+00 1.688892152107981603e+00 1.542548985381393103e-04 1.000000000000000000e+00 2.564774351876706942e-05 2.863690668566894778e-04 1.652198659010750248e+00 8.680454148973916206e-01 8.555807747274879471e-01 8.806842122489307867e-01 0.000000000000000000e+00
7.347170051972794269e+00 1.687484941139102412e+00 1.532412296132510256e-04 1.000000000000000000e+00 2.484181274705409372e-05 2.851809007291250249e-04 1.632465670092514642e+00 8.681135346939442554e-01 8.556604058064350982e-01 8.807405887104172715e-01 0.000000000000000000e+00
7.353296932299427269e+00 1.686078902680089531e+00 1.553753663663254834e-04 1.000000000000000000e+00 2.704724390837406206e-05 2.872807120724089587e-04 1.680800657636538631e+00 8.653815255055581357e-01 8.528884651301550379e-01 8.780500523269781921e-01 0.000000000000000000e+00
7.359428921894291875e+00 1.684674035753989330e+00 1.360725821955863040e-04 1.000000000000000000e+00 7.596059324916032505e-06 2.681550165171254054e-04 1.282792034514216084e+00 8.665419855002236549e-01 8.539024423861892865e-01 8.793607737611893738e-01 0.000000000000000000e+00
7.365566025018059015e+00 1.683270339384662417e+00 1.114775242723915625e-04 1.000000000000000000e+00 -1.722676689851818761e-05 2.438154167830850231e-04 8.518074231471643998e-01 8.672572664146872556e-01 8.546877863794400954e-01 8.800038719137931453e-01 0.000000000000000000e+00
7.371708245934952330e+00 1.681867812596783196e+00 7.932476467942363777e-05 1.000000000000000000e+00 -5.007073052231932660e-05 2.123725205262148559e-04 4.249720546378483732e-01 8.690824068840496963e-01 8.563512855615724728e-01 8.819948098943232173e-01 0.000000000000000000e+00
7.377855588912752616e+00 1.680466454415837863e+00 5.865877312921994577e-05 1.000000000000000000e+00 -7.120767989820098295e-05 1.922153654435074341e-04 2.293912677304348335e-01 8.682714941214600968e-01 8.556182667211549298e-01 8.811038857324129392e-01 0.000000000000000000e+00
7.384008058222798709e+00 1.679066263868125519e+00 3.756152811502167969e-05 1.000000000000000000e+00 -9.282613962483557369e-05 1.716829167653187297e-04 9.309723795780655564e-02 8.700759121442056543e-01 8.572637538671015189e-01 8.830711201943173272e-01 0.000000000000000000e+00
7.390165658139991045e+00 1.677667239980756175e+00 3.132362534901803649e-05 1.000000000000000000e+00 -9.943787785581090135e-05 1.658622109497531272e-04 6.430773728619953999e-02 8.717937877767978350e-01 8.589013133816744139e-01 8.848710377948232342e-01 0.000000000000000000e+00
7.396328392942796093e+00 1.676269381781650081e+00 5.077613503107071926e-05 1.000000000000000000e+00 -8.051969095218306188e-05 1.858717343639740868e-04 1.681640615379507153e-01 8.711234221163167701e-01 8.582420897631707346e-01 8.841894624647261836e-01 0.000000000000000000e+00
7.402496266913247247e+00 1.674872688299538392e+00 8.273390467932955987e-05 1.000000000000000000e+00 -4.945109714330015653e-05 2.187138207484097920e-04 4.437925353354046365e-01 8.714877085632891651e-01 8.585368361994151210e-01 8.846252643634153756e-01 0.000000000000000000e+00
7.408669284336948380e+00 1.673477158563960288e+00 1.347122236819529178e-04 1.000000000000000000e+00 1.500377075151467302e-06 2.717078470296518684e-04 1.170579819682075140e+00 8.696990654262767295e-01 8.567684137431236246e-01 8.828164771699663627e-01 0.000000000000000000e+00
7.414847449503079169e+00 1.672082791605264962e+00 1.779516232795068950e-04 1.000000000000000000e+00 4.376805199438938993e-05 3.159094397365498673e-04 2.031495527073602148e+00 8.720335845008863052e-01 8.590219117241117974e-01 8.852340282245100278e-01 0.000000000000000000e+00
7.421030766704393322e+00 1.670689586454608300e+00 2.266848088322124697e-04 1.000000000000000000e+00 9.163542987400280786e-05 3.655081482560568022e-04 3.287197096795836160e+00 8.724506416075351600e-01 8.593725894979387103e-01 8.857194487324000498e-01 0.000000000000000000e+00
7.427219240237226572e+00 1.669297542143953983e+00 2.738733028907208039e-04 1.000000000000000000e+00 1.381759031654237536e-04 4.133550410337022765e-04 4.792595395845538064e+00 8.708548631569911214e-01 8.577999235539466305e-01 8.841004259871555471e-01 0.000000000000000000e+00
7.433412874401496673e+00 1.667906657706072160e+00 2.959446652931743628e-04 1.000000000000000000e+00 1.596894770046593454e-04 4.359988757205021312e-04 5.575262507754956687e+00 8.723536584798509130e-01 8.592225507103300464e-01 8.856773154085721966e-01 0.000000000000000000e+00
7.439611673500706956e+00 1.666516932174539223e+00 3.072172375384762846e-04 1.000000000000000000e+00 1.704532858707594536e-04 4.478055794401785772e-04 5.972122984834086878e+00 8.720242161832961747e-01 8.589014793763402045e-01 8.853393891822405326e-01 0.000000000000000000e+00
7.445815641841948995e+00 1.665128364583736253e+00 2.932337438050772118e-04 1.000000000000000000e+00 1.558908182529035577e-04 4.344289418122019523e-04 5.383212763776896281e+00 8.738797601952066341e-01 8.606693893455981126e-01 8.872845667586474194e-01 0.000000000000000000e+00
7.452024783735907043e+00 1.663740953968849468e+00 2.669354069624999860e-04 1.000000000000000000e+00 1.291044294488415351e-04 4.086514789474970065e-04 4.404132673122262531e+00 8.748552554880918430e-01 8.616365626527936472e-01 8.882684051177804907e-01 0.000000000000000000e+00
7.458239103496859812e+00 1.662354699365868660e+00 2.234841133507183822e-04 1.000000000000000000e+00 8.528939753943510301e-05 3.655946285390376132e-04 3.046294178836021160e+00 8.775125577330293858e-01 8.641966400315457264e-01 8.910251096467401988e-01 0.000000000000000000e+00
7.464458605442683137e+00 1.660969599811586539e+00 1.826641922599786332e-04 1.000000000000000000e+00 4.430282951829736461e-05 3.249717278354362512e-04 2.017630598242206474e+00 8.778823367687467183e-01 8.644094629792448137e-01 8.915562320402826701e-01 0.000000000000000000e+00
7.470683293894854415e+00 1.659585654343599170e+00 1.379475742133409917e-04 1.000000000000000000e+00 2.392540572737763757e-07 2.796427227524065110e-04 1.147422671368573788e+00 8.792556879387833924e-01 8.658604504153284420e-01 8.928495172396183621e-01 0.000000000000000000e+00
7.476913173178454386e+00 1.658202862000304201e+00 9.733528744184710084e-05 1.000000000000000000e+00 -3.957434032218664819e-05 2.382644074973113064e-04 5.732460600590627564e-01 8.802739056834077980e-01 8.667297040422214938e-01 8.940209045185802950e-01 0.000000000000000000e+00
7.483148247622170679e+00 1.656821221820899526e+00 6.083131722058796709e-05 1.000000000000000000e+00 -7.475416402120461414e-05 2.004758235176541691e-04 2.254940371591089843e-01 8.808898393840014496e-01 8.674381779139374027e-01 8.945415869199092596e-01 0.000000000000000000e+00
7.489388521558299594e+00 1.655440732845385288e+00 1.120672783649489463e-05 1.000000000000000000e+00 -1.232703426666191234e-04 1.497692735348865091e-04 7.690952672149364844e-03 8.852888396690378192e-01 8.716670066382458115e-01 8.991149048836338808e-01 0.000000000000000000e+00
7.495633999322752317e+00 1.654061394114560324e+00 -2.302966011195084505e-05 -1.000000000000000000e+00 -1.566959623712426092e-04 1.147458113157757379e-04 3.258976472422148163e-02 8.842222928955582040e-01 8.705450148592375204e-01 8.981057715194638025e-01 0.000000000000000000e+00
7.501884685255054031e+00 1.652683204670022832e+00 -7.290157794583605798e-05 -1.000000000000000000e+00 -2.058474272982889247e-04 6.417190991772334151e-05 3.257961288540514033e-01 8.859592444481565465e-01 8.722778067696468351e-01 8.998468266400996285e-01 0.000000000000000000e+00
7.508140583698349246e+00 1.651306163554170148e+00 -1.353599129022736486e-04 -1.000000000000000000e+00 -2.677515189309931116e-04 1.184535210951479607e-06 1.116268608987937228e+00 8.897030059714655659e-01 8.759227406310193809e-01 9.036915924946548051e-01 0.000000000000000000e+00
7.514401698999403578e+00 1.649930269810196748e+00 -1.945248637044174310e-04 -1.000000000000000000e+00 -3.262638574267602651e-04 -5.857443966220224644e-05 2.291890258820686199e+00 8.917327163141995916e-01 8.779422747253006198e-01 9.057312380617511538e-01 0.000000000000000000e+00
7.520668035508609073e+00 1.648555522482095359e+00 -2.605467013912644673e-04 -1.000000000000000000e+00 -3.916359553455385045e-04 -1.251754557046407370e-04 4.083406389999936437e+00 8.965618964242036970e-01 8.826634472531721398e-01 9.106703758130205717e-01 0.000000000000000000e+00
7.526939597579984209e+00 1.647181920614653627e+00 -3.076795438931622176e-04 -1.000000000000000000e+00 -4.382655841892908744e-04 -1.727567231465061204e-04 5.654957434183685905e+00 8.983287263956653002e-01 8.845008627691949288e-01 9.123640031185624721e-01 0.000000000000000000e+00
7.533216389571179228e+00 1.645809463253457006e+00 -3.452823199465696502e-04 -1.000000000000000000e+00 -4.759943172059653621e-04 -2.102147613038227885e-04 7.059569850214202802e+00 9.013246648969717167e-01 8.873190093719892646e-01 9.155425805029400177e-01 0.000000000000000000e+00
7.539498415843477019e+00 1.644438149444884756e+00 -3.567734148973641939e-04 -1.000000000000000000e+00 -4.877476746213924041e-04 -2.214475104158905117e-04 7.494370808745031809e+00 9.020083465766076669e-01 8.879214595060977988e-01 9.163098997249121691e-01 0.000000000000000000e+00
7.545785680761798453e+00 1.643067978236111282e+00 -3.451905807892217222e-04 -1.000000000000000000e+00 -4.761826913244907250e-04 -2.098341395286910612e-04 7.017987541365201309e+00 9.015279932076054603e-01 8.874569170944168750e-01 9.158136014378002177e-01 0.000000000000000000e+00
7.552078188694705041e+00 1.641698948675104575e+00 -3.178881415324297135e-04 -1.000000000000000000e+00 -4.488908360804477879e-04 -1.825079060596451102e-04 5.980273585957348814e+00 9.006176856234290318e-01 8.864858322338434737e-01 9.149660945947608592e-01 0.000000000000000000e+00
7.558375944014398939e+00 1.640331059810627101e+00 -2.836247994669197016e-04 -1.000000000000000000e+00 -4.147356382913181894e-04 -1.481152353477402524e-04 4.778712604003260367e+00 8.993597702261657556e-01 8.852533118130869738e-01 9.136825391031749843e-01 0.000000000000000000e+00
7.564678951096730941e+00 1.638964310692231585e+00 -2.393605198282408759e-04 -1.000000000000000000e+00 -3.712319643328954076e-04 -1.030917252532425590e-04 3.403168711288273585e+00 8.944044284290078028e-01 8.802590874897427975e-01 9.086961536022658548e-01 0.000000000000000000e+00
7.570987214321198699e+00 1.637598700370265004e+00 -2.160085602737121455e-04 -1.000000000000000000e+00 -3.487630726443192520e-04 -7.886563253787267757e-05 2.750632857733350534e+00 8.935414116657528494e-01 8.794080771778473027e-01 9.078212659202478108e-01 0.000000000000000000e+00
7.577300738070952946e+00 1.636234227895864146e+00 -1.991483987634108666e-04 -1.000000000000000000e+00 -3.329560308292638126e-04 -6.094254652983720167e-05 2.314847813496143658e+00 8.918083482020244812e-01 8.776022327278133472e-01 9.061627698310842360e-01 0.000000000000000000e+00
7.583619526732800153e+00 1.634870892320956948e+00 -1.953059431910513313e-04 -1.000000000000000000e+00 -3.300329743849545177e-04 -5.613576258136138337e-05 2.203469065188016884e+00 8.911294370484004190e-01 8.767577482351170959e-01 9.056528953160242201e-01 0.000000000000000000e+00
7.589943584697204315e+00 1.633508692698261822e+00 -2.020359781739718477e-04 -1.000000000000000000e+00 -3.371586245395638906e-04 -6.239551883998768473e-05 2.334017519732029200e+00 8.911898960136981351e-01 8.769046859991908027e-01 9.056249372575886358e-01 0.000000000000000000e+00
7.596272916358290495e+00 1.632147628081284996e+00 -2.045706085976823426e-04 -1.000000000000000000e+00 -3.404657965876191914e-04 -6.410947479636508527e-05 2.370360994504466134e+00 8.883422818906928642e-01 8.739055004044036234e-01 9.029324853473738033e-01 0.000000000000000000e+00
7.602607526113848380e+00 1.630787697524322288e+00 -2.098309719867907930e-04 -1.000000000000000000e+00 -3.461889513795675605e-04 -6.887521506324253105e-05 2.469885876492298848e+00 8.856076643389124703e-01 8.712774382435767295e-01 9.000895334459421138e-01 0.000000000000000000e+00
7.608947418365335835e+00 1.629428900082457776e+00 -2.156124465747186734e-04 -1.000000000000000000e+00 -3.525902422364664106e-04 -7.401783478829180294e-05 2.587872077999094245e+00 8.834377341414881846e-01 8.689501155178992464e-01 8.980806482691248149e-01 0.000000000000000000e+00
7.615292597517878903e+00 1.628071234811562906e+00 -2.235851858900459181e-04 -1.000000000000000000e+00 -3.605034589517090758e-04 -8.199574699363637044e-05 2.770564418168419252e+00 8.830279930904832986e-01 8.686349605907791593e-01 8.975743973709191526e-01 0.000000000000000000e+00
7.621643067980279795e+00 1.626714700768294497e+00 -2.405383489901008628e-04 -1.000000000000000000e+00 -3.774516321886367824e-04 -9.890290915308503294e-05 3.195167081217334726e+00 8.865643519132013761e-01 8.719747712975867149e-01 9.013107803881236224e-01 0.000000000000000000e+00
7.627998834165015118e+00 1.625359297010096737e+00 -2.314649524311707335e-04 -1.000000000000000000e+00 -3.686500298770608837e-04 -8.952384316706987213e-05 2.953462310468935925e+00 8.833748295184852273e-01 8.687221683320009991e-01 8.981862758802375835e-01 0.000000000000000000e+00
7.634359900488242090e+00 1.624005022595198744e+00 -2.308870286893472442e-04 -1.000000000000000000e+00 -3.684348809589102621e-04 -8.856347405776466772e-05 2.920650994337080419e+00 8.832981278597441532e-01 8.686535912044159868e-01 8.981014556388920989e-01 0.000000000000000000e+00
7.640726271369800315e+00 1.622651876582614117e+00 -2.083046453075651180e-04 -1.000000000000000000e+00 -3.467414690134334706e-04 -6.506337540712199790e-05 2.363203674746472416e+00 8.771074655602608683e-01 8.624179147401239698e-01 8.919577915237919541e-01 0.000000000000000000e+00
7.647097951233216229e+00 1.621299858032140939e+00 -2.046917671079610378e-04 -1.000000000000000000e+00 -3.437888156884093228e-04 -6.075315663236135685e-05 2.260756923003711449e+00 8.769295312042281187e-01 8.622463561011499689e-01 8.917734487791244558e-01 0.000000000000000000e+00
7.653474944505703093e+00 1.619948966004359558e+00 -2.011362005048579493e-04 -1.000000000000000000e+00 -3.409727057422975971e-04 -5.643376086009630160e-05 2.164070222746872219e+00 8.772023203765376698e-01 8.624221752441769695e-01 8.921452233730237102e-01 0.000000000000000000e+00
7.659857255618167216e+00 1.618599199560634805e+00 -1.942726793099468349e-04 -1.000000000000000000e+00 -3.345919705946091014e-04 -4.905686236996898591e-05 2.006039062727808187e+00 8.769138708289264672e-01 8.621438286165211684e-01 8.918466370907751628e-01 0.000000000000000000e+00
7.666244889005210617e+00 1.617250557763112662e+00 -1.849336164984260122e-04 -1.000000000000000000e+00 -3.257224478069171677e-04 -3.920306383321822230e-05 1.809912467581071382e+00 8.760332785776526743e-01 8.611780952333332184e-01 8.910531488329109795e-01 0.000000000000000000e+00
7.672637849105131913e+00 1.615903039674720043e+00 -1.726251971332588083e-04 -1.000000000000000000e+00 -3.140511414749285932e-04 -2.620760183258259127e-05 1.570127712577530588e+00 8.739890751957782866e-01 8.589689002319413902e-01 8.891778233119600472e-01 0.000000000000000000e+00
7.679036140359931650e+00 1.614556644359165460e+00 -1.643693845138549583e-04 -1.000000000000000000e+00 -3.063252372470098850e-04 -1.736925302067468643e-05 1.412362710475377980e+00 8.725832425600483777e-01 8.576675147252829090e-01 8.876654013361766626e-01 0.000000000000000000e+00
7.685439767215314077e+00 1.613211370880937023e+00 -1.650628781234885552e-04 -1.000000000000000000e+00 -3.081747696055201890e-04 -1.687584854735734233e-05 1.405755586897683429e+00 8.734875956392900154e-01 8.583740479004896562e-01 8.887718893189806568e-01 0.000000000000000000e+00
7.691848734120691589e+00 1.611867218305303329e+00 -1.585261660811783033e-04 -1.000000000000000000e+00 -3.027801365445112643e-04 -9.145408519505775040e-06 1.276866121629822715e+00 8.727168076618795345e-01 8.576961659156421280e-01 8.879061905504272989e-01 0.000000000000000000e+00
7.698263045529186499e+00 1.610524185698310351e+00 -1.411228771159045198e-04 -1.000000000000000000e+00 -2.870972976746362349e-04 1.003342765486605909e-05 9.962107371992630078e-01 8.704321467781758193e-01 8.552344334993824404e-01 8.858027511897907935e-01 0.000000000000000000e+00
7.704682705897634598e+00 1.609182272126782998e+00 -1.379443641954250716e-04 -1.000000000000000000e+00 -2.851696999926622974e-04 1.451865058157077886e-05 9.349873240487340809e-01 8.750484460788738872e-01 8.599011822760473933e-01 8.903665643666041074e-01 0.000000000000000000e+00
7.711107719686588702e+00 1.607841476658323998e+00 -9.635167035975476650e-05 -1.000000000000000000e+00 -2.455120012607697852e-04 5.805893714257832038e-05 4.504716943634576864e-01 8.722047106065886624e-01 8.568871219525805438e-01 8.876975272593563560e-01 0.000000000000000000e+00
7.717538091360320429e+00 1.606501798361312572e+00 -4.404867885758251603e-05 -1.000000000000000000e+00 -1.948681157793847555e-04 1.120177972817461656e-04 9.334890369781589925e-02 8.698569769192163736e-01 8.544582219373736409e-01 8.854333422153986000e-01 0.000000000000000000e+00
7.723973825386825531e+00 1.605163236304904206e+00 1.736058868624369318e-05 1.000000000000000000e+00 -1.345736575408137362e-04 1.745588837542458413e-04 1.444820580465489002e-02 8.673346835887200124e-01 8.520599435469701222e-01 8.827849211281256769e-01 0.000000000000000000e+00
7.730414926237823892e+00 1.603825789559029547e+00 7.961490247741735541e-05 1.000000000000000000e+00 -7.359231354712521711e-05 2.381068282286291529e-04 3.034983717103614254e-01 8.650751999401210535e-01 8.496370682062752699e-01 8.806930948666008563e-01 0.000000000000000000e+00
7.736861398388765743e+00 1.602489457194395728e+00 1.288672763616982673e-04 1.000000000000000000e+00 -2.522326986752724967e-05 2.882725504432739764e-04 7.923279932695095340e-01 8.650982441988445126e-01 8.497636232256174926e-01 8.806103508065311614e-01 0.000000000000000000e+00
7.743313246318833443e+00 1.601154238282482378e+00 1.851888022537801751e-04 1.000000000000000000e+00 2.951253735451593000e-05 3.461889410295542879e-04 1.627302931552677023e+00 8.600865089049538614e-01 8.446042027616557091e-01 8.757506661692237016e-01 0.000000000000000000e+00
7.749770474510944140e+00 1.599820131895543396e+00 2.093871196254271918e-04 1.000000000000000000e+00 5.253096191043304724e-05 3.715816620836816134e-04 2.055802848056814014e+00 8.604611435963401833e-01 8.450697432777105611e-01 8.760323507385374686e-01 0.000000000000000000e+00
7.756233087451753327e+00 1.598487137106606282e+00 2.340543709315943922e-04 1.000000000000000000e+00 7.562381942804199909e-05 3.978421590564608498e-04 2.539045446787454807e+00 8.564841998107256549e-01 8.409280287009794908e-01 8.722248282939996100e-01 0.000000000000000000e+00
7.762701089631657503e+00 1.597155252989470364e+00 2.334702577261165975e-04 1.000000000000000000e+00 7.426554292012103224e-05 3.980880286086501720e-04 2.496951166452220150e+00 8.556705880850237200e-01 8.402141449748460333e-01 8.713092534402562261e-01 0.000000000000000000e+00
7.769174485544799502e+00 1.595824478618706577e+00 2.092401292066474385e-04 1.000000000000000000e+00 4.945968307432972656e-05 3.745000400537594042e-04 1.984924329142458532e+00 8.581390879664716476e-01 8.424644461595917067e-01 8.740004526305052979e-01 0.000000000000000000e+00
7.775653279689067610e+00 1.594494813069657235e+00 1.797057245896525489e-04 1.000000000000000000e+00 1.978768034586379874e-05 3.451812895798480165e-04 1.453029788362286467e+00 8.595743698358530027e-01 8.437821866233468082e-01 8.755555538900445800e-01 0.000000000000000000e+00
7.782137476566102663e+00 1.593166255418435151e+00 1.452448149084429381e-04 1.000000000000000000e+00 -1.452188656697600685e-05 3.106437262197394959e-04 9.425003944079151097e-01 8.608424342758166370e-01 8.450474928903132232e-01 8.768261296834594098e-01 0.000000000000000000e+00
7.788627080681298942e+00 1.591838804741922297e+00 1.162758142853205620e-04 1.000000000000000000e+00 -4.359110881904251853e-05 2.818354607764500096e-04 5.998323899419659710e-01 8.598440270738628710e-01 8.439514482552205044e-01 8.759279001249948848e-01 0.000000000000000000e+00
7.795122096543806833e+00 1.590512460117771143e+00 7.954574847290303899e-05 1.000000000000000000e+00 -8.026914831344414056e-05 2.451143750983824743e-04 2.782633803170142528e-01 8.611709914706895397e-01 8.452733612014539100e-01 8.772596621205257517e-01 0.000000000000000000e+00
7.801622528666539047e+00 1.589187220624400876e+00 5.234374215985464619e-05 1.000000000000000000e+00 -1.076825467482300948e-04 2.181867122065789645e-04 1.195266782916490911e-01 8.607640581979176808e-01 8.447615245536246320e-01 8.769601739466370560e-01 0.000000000000000000e+00
7.808128381566169729e+00 1.587863085341000069e+00 2.711236538796405704e-05 1.000000000000000000e+00 -1.329847489771734123e-04 1.930968090072349781e-04 3.181350354134337977e-02 8.616649138375795935e-01 8.456618251912971784e-01 8.778613823039205233e-01 0.000000000000000000e+00
7.814639659763139790e+00 1.586540053347523793e+00 2.708467083900983728e-05 1.000000000000000000e+00 -1.335403931603666207e-04 1.936544259369991038e-04 3.156925884603367649e-02 8.580554781270607334e-01 8.419756346294049454e-01 8.743313112942872056e-01 0.000000000000000000e+00
7.821156367781661345e+00 1.585218123724693617e+00 4.003719344613125482e-05 1.000000000000000000e+00 -1.214532182160703939e-04 2.075010493104762930e-04 6.862797479763571573e-02 8.538655065505190711e-01 8.376166283083402719e-01 8.703152471183577266e-01 0.000000000000000000e+00
7.827678510149716828e+00 1.583897295553998275e+00 4.378365499957357905e-05 1.000000000000000000e+00 -1.180589980271175060e-04 2.116173282240043350e-04 8.154526935358319406e-02 8.553185027921943462e-01 8.391642543604757032e-01 8.716713639758437715e-01 0.000000000000000000e+00
7.834206091399066985e+00 1.582577567917689887e+00 8.546481141138577474e-05 1.000000000000000000e+00 -7.742783072010319626e-05 2.543557429422816426e-04 3.103711439000846894e-01 8.486602428265839215e-01 8.323630168185739420e-01 8.651611704900914468e-01 0.000000000000000000e+00
7.840739116065250869e+00 1.581258939898786631e+00 1.111685902587463028e-04 1.000000000000000000e+00 -5.205119713079086469e-05 2.804197045993841141e-04 5.242899400552261113e-01 8.479539718389822456e-01 8.317755875262076160e-01 8.643334861448473960e-01 0.000000000000000000e+00
7.847277588687588512e+00 1.579941410581070071e+00 1.532817662134761149e-04 1.000000000000000000e+00 -1.084077560389520726e-05 3.234667909193615892e-04 9.970973483187890452e-01 8.427850424816161201e-01 8.264532039451445433e-01 8.593230018983021301e-01 0.000000000000000000e+00
7.853821513809187138e+00 1.578624979049085830e+00 1.710733080980595907e-04 1.000000000000000000e+00 6.533239568864773143e-06 3.417081587742923539e-04 1.236761978340531698e+00 8.434564286008473522e-01 8.272280131402233172e-01 8.598884736906483583e-01 0.000000000000000000e+00
7.860370895976941163e+00 1.577309644388141585e+00 1.873810538640645221e-04 1.000000000000000000e+00 2.184212195028865174e-05 3.590231924942348342e-04 1.474383688959619576e+00 8.425215653096475021e-01 8.260945093479103996e-01 8.591575448779843471e-01 0.000000000000000000e+00
7.866925739741537527e+00 1.575995405684307737e+00 1.834449741162189767e-04 1.000000000000000000e+00 1.740201407803915667e-05 3.556188305498458402e-04 1.399600114766869297e+00 8.447415685775978567e-01 8.283968729895294647e-01 8.612927551996810704e-01 0.000000000000000000e+00
7.873486049657457464e+00 1.574682262024415857e+00 1.798665065598720539e-04 1.000000000000000000e+00 1.298710137076386387e-05 3.529203449444196557e-04 1.334265438475554788e+00 8.440161337947470477e-01 8.274648899205382380e-01 8.607791446039364525e-01 0.000000000000000000e+00
7.880051830282980951e+00 1.573370212496058462e+00 1.695858731948042607e-04 1.000000000000000000e+00 2.461352483801656924e-06 3.429663678429653931e-04 1.177344704743063630e+00 8.426761173889615320e-01 8.262380599422545213e-01 8.593233665598111193e-01 0.000000000000000000e+00
7.886623086180188480e+00 1.572059256187587906e+00 1.501123517744683755e-04 1.000000000000000000e+00 -1.747520677130348014e-05 3.240196722469727581e-04 9.156393869826970899e-01 8.422046964743670205e-01 8.255555457165569821e-01 8.590683062160237027e-01 0.000000000000000000e+00
7.893199821914964609e+00 1.570749392188117488e+00 1.456931624879016492e-04 1.000000000000000000e+00 -2.236680907431205919e-05 3.201127372571820626e-04 8.582242805022488596e-01 8.366451277932588360e-01 8.199259159024131494e-01 8.535819619946761749e-01 0.000000000000000000e+00
7.899782042057002407e+00 1.569440619587517682e+00 1.178331765134749739e-04 1.000000000000000000e+00 -5.010376648795351569e-05 2.921453633320808410e-04 5.580157440316497741e-01 8.376752786066649081e-01 8.209544196906156666e-01 8.546137185043692908e-01 0.000000000000000000e+00
7.906369751179806116e+00 1.568132937476418354e+00 7.709514470510761693e-05 1.000000000000000000e+00 -9.032669374931288171e-05 2.509038264528085527e-04 2.380852533530202209e-01 8.427454944814835036e-01 8.258617857794607886e-01 8.598499365022879148e-01 0.000000000000000000e+00
7.912962953860692039e+00 1.566826344946206540e+00 5.190066263454905937e-05 1.000000000000000000e+00 -1.144298381780874411e-04 2.246661843052757870e-04 1.083784081707221958e-01 8.436644484463328153e-01 8.267931377868197318e-01 8.607561222750251817e-01 0.000000000000000000e+00
7.919561654680794760e+00 1.565520841089027337e+00 1.898102284243655030e-05 1.000000000000000000e+00 -1.459606620964554798e-04 1.904244727291168565e-04 1.460147509053655313e-02 8.463240446849567000e-01 8.293228508928961462e-01 8.635483986148920765e-01 0.000000000000000000e+00
7.926165858225068916e+00 1.564216424997781019e+00 -1.455218426166425654e-05 -1.000000000000000000e+00 -1.780097597058554577e-04 1.554822713320624765e-04 8.637870082878862377e-03 8.475262216996687359e-01 8.305365318205274461e-01 8.647385124222973785e-01 0.000000000000000000e+00
7.932775569082291867e+00 1.562913095766124583e+00 -6.838104568814714853e-05 -1.000000000000000000e+00 -2.308061870472515064e-04 1.006716231532103333e-04 1.904846168322720246e-01 8.520710953601328130e-01 8.349225343324779836e-01 8.694453078430612880e-01 0.000000000000000000e+00
7.939390791845069018e+00 1.561610852488469980e+00 -1.238512844189324608e-04 -1.000000000000000000e+00 -2.857092696732834716e-04 4.467502398698621358e-05 6.199923662782325096e-01 8.540330913745842745e-01 8.368707813524319805e-01 8.714210545295318910e-01 0.000000000000000000e+00
7.946011531109834714e+00 1.560309694259983226e+00 -2.129748170646583879e-04 -1.000000000000000000e+00 -3.744256751373637739e-04 -4.482533294921417066e-05 1.804826926975401591e+00 8.635049886979104805e-01 8.461193809362117513e-01 8.811196347644218996e-01 0.000000000000000000e+00
7.952637791476856677e+00 1.559009620176584621e+00 -2.837035911540494357e-04 -1.000000000000000000e+00 -4.448799500464610101e-04 -1.157337721135826762e-04 3.164831476584524239e+00 8.669016010619581269e-01 8.492456653685446222e-01 8.847927501534692540e-01 0.000000000000000000e+00
7.959269577550237784e+00 1.557710629334948083e+00 -3.485973349567953426e-04 -1.000000000000000000e+00 -5.086007142976303784e-04 -1.816383802608124737e-04 4.744128624837536279e+00 8.704975280494432477e-01 8.529189053205948889e-01 8.883081576401460344e-01 0.000000000000000000e+00
7.965906893937922284e+00 1.556412720832499597e+00 -3.862991604532121817e-04 -1.000000000000000000e+00 -5.457110612794505286e-04 -2.197886343366025632e-04 5.809560424375717957e+00 8.700037341444947225e-01 8.522005539562470533e-01 8.880445538892699497e-01 0.000000000000000000e+00
7.972549745251694908e+00 1.555115893767417656e+00 -4.070336295917909237e-04 -1.000000000000000000e+00 -5.660971191137796014e-04 -2.408014102481187207e-04 6.418193370426266142e+00 8.694660960064833910e-01 8.517839312644939209e-01 8.873829312887021592e-01 0.000000000000000000e+00
7.979198136107187977e+00 1.553820147238631932e+00 -4.202663279899609061e-04 -1.000000000000000000e+00 -5.801184068959621461e-04 -2.532592196959763996e-04 6.777709509001539345e+00 8.723366576173516851e-01 8.543911087038056351e-01 8.905232561183882289e-01 0.000000000000000000e+00
7.985852071123881402e+00 1.552525480345822828e+00 -4.000472553515387964e-04 -1.000000000000000000e+00 -5.608352949266462353e-04 -2.320800953652502432e-04 6.090818294819570156e+00 8.713153038253724780e-01 8.534958564496604172e-01 8.893729241570386135e-01 0.000000000000000000e+00
7.992511554925108008e+00 1.551231892189421036e+00 -3.567020094416636792e-04 -1.000000000000000000e+00 -5.191517685078476680e-04 -1.870413649471247260e-04 4.811810337506891244e+00 8.689415484443636650e-01 8.509128502118515902e-01 8.872146210316073089e-01 0.000000000000000000e+00
7.999176592138056208e+00 1.549939381870606869e+00 -3.052370294266142266e-04 -1.000000000000000000e+00 -4.691377547270066985e-04 -1.340735202951500512e-04 3.497816225436054083e+00 8.682436195206032492e-01 8.503431879083357403e-01 8.863852344493516888e-01 0.000000000000000000e+00
