# OBJ_NAME=4U 1822-000
#         GRID_START=6.00
#         GRID_END=8.00
#         GRID_STEP_FRACTION=0.50
#         XSPEC_FITSTAT=cstat
#         XSPEC_CONTINUUM_MODEL=tbabs*(bbodyrad + pow)*constant
#         XSPEC_LINE_MODEL=gauss
#         LINE_VELOCITY_WIDTH=500
#         INPUT_FILE=/home/simon/Downloads/tgcat/obs_3824_tgid_3848/pm_heg_abs1.pha
#         SEARCH_MODE=Sliding window
#         FIT_REGION_WIDTH=30.00
#         RUNTIME=65
#         COLUMN_NAMES=ENERGY,WAVELENGTH,NORM,NORM_SIGN,NORM_ERR_LO,NORM_ERR_HI,DELTA_FITSTAT,CONSTANT_FACTOR,CONSTANT_FACTOR_ERR_LO,CONSTANT_FACTOR_ERR_HI,FIT_ERR
6.000000000000000000e+00 2.066373137115381287e+00 4.581930794188389595e-05 1.000000000000000000e+00 -5.649072266488924343e-05 1.622931610264017797e-04 2.071016182580791565e-01 1.135481153479300342e+00 1.063357010233860978e+00 1.210700286653415114e+00 0.000000000000000000e+00
6.005003461427972589e+00 2.064651403172383937e+00 4.035784255186054224e-05 1.000000000000000000e+00 -6.195416078108681879e-05 1.566366654324878756e-04 1.599206690131964592e-01 1.137456347747749730e+00 1.064685506664945436e+00 1.213377400087342961e+00 0.000000000000000000e+00
6.010011095293655181e+00 2.062931103804642063e+00 3.290355051357669381e-05 1.000000000000000000e+00 -6.893237843207540008e-05 1.486003370403975242e-04 1.060684459687735171e-01 1.144275891071390161e+00 1.071769257801876707e+00 1.219894364869394732e+00 0.000000000000000000e+00
6.015022905076486737e+00 2.061212237816845594e+00 2.677782818538566569e-05 1.000000000000000000e+00 -7.428779485613864705e-05 1.417420927732262071e-04 7.064395312183080478e-02 1.147206227964151282e+00 1.074467014780118523e+00 1.223068095947750455e+00 0.000000000000000000e+00
6.020038894258807005e+00 2.059494804014679215e+00 2.651174976954966277e-05 1.000000000000000000e+00 -7.385915646488104861e-05 1.408286966874995616e-04 7.017825365247176705e-02 1.134854237183675174e+00 1.061918891002926024e+00 1.210961985981265476e+00 0.000000000000000000e+00
6.025059066325860080e+00 2.057778801204824592e+00 1.499076022053963179e-05 1.000000000000000000e+00 -8.471539742525717768e-05 1.283674956990561830e-04 2.259259127001200795e-02 1.143357241963219861e+00 1.069992309924153284e+00 1.219915995571120071e+00 0.000000000000000000e+00
6.030083424765796174e+00 2.056064228194956822e+00 8.278411158421370347e-06 1.000000000000000000e+00 -9.000315764681832771e-05 1.202756759370914784e-04 7.003989113783859466e-03 1.137144153002789038e+00 1.064433117063760204e+00 1.213014234077775644e+00 0.000000000000000000e+00
6.035111973069674285e+00 2.054351083793744426e+00 -6.408113380146570943e-06 -1.000000000000000000e+00 -1.026642928830599050e-04 1.038585823796987675e-04 4.267958783685799062e-03 1.145408504534523031e+00 1.071856647867742929e+00 1.222168903989396593e+00 0.000000000000000000e+00
6.040144714731465747e+00 2.052639366810848021e+00 -1.619592267103415998e-05 -1.000000000000000000e+00 -1.106102450996009610e-04 9.260240582175097883e-05 2.774804166384114978e-02 1.141010528327230933e+00 1.067447573411628436e+00 1.217791650373583501e+00 0.000000000000000000e+00
6.045181653248054232e+00 2.050929076056921652e+00 -2.335157081292536969e-05 -1.000000000000000000e+00 -1.169994220408460464e-04 8.476184928134391063e-05 5.788422689940375676e-02 1.130624321576518154e+00 1.057788574228836209e+00 1.206641184847329296e+00 0.000000000000000000e+00
6.050222792119239301e+00 2.049220210343609683e+00 -3.291423084286698117e-05 -1.000000000000000000e+00 -1.268651100372713810e-04 7.521734712413773779e-05 1.136236917620578879e-01 1.128578772239670291e+00 1.055118921724764736e+00 1.205284325470494133e+00 0.000000000000000000e+00
6.055268134847740846e+00 2.047512768483544576e+00 -3.963400172234324276e-05 -1.000000000000000000e+00 -1.334774625097758492e-04 6.815846899978103514e-05 1.642212889546073029e-01 1.127113952311665779e+00 1.053487051355904258e+00 1.204008007516399692e+00 0.000000000000000000e+00
6.060317684939197314e+00 2.045806749290351334e+00 -4.201744580612073923e-05 -1.000000000000000000e+00 -1.344571883362341851e-04 6.445229818162928918e-05 1.883252838539277718e-01 1.124604285374408930e+00 1.050950009996419299e+00 1.201531909171782209e+00 0.000000000000000000e+00
6.065371445902172809e+00 2.044102151578641724e+00 -4.374420451059566662e-05 -1.000000000000000000e+00 -1.343111576176089284e-04 6.094420075631546622e-05 2.100435373678664064e-01 1.124979855306991627e+00 1.051453923720049533e+00 1.201766537945923252e+00 0.000000000000000000e+00
6.070429421248155322e+00 2.042398974164015168e+00 -3.899422651840607604e-05 -1.000000000000000000e+00 -1.284918776007722455e-04 6.463807301306952169e-05 1.708500897614584346e-01 1.107914796968390680e+00 1.036037622594545793e+00 1.182959705230393066e+00 0.000000000000000000e+00
6.075491614491562942e+00 2.040697215863058300e+00 -4.285440695617277382e-05 -1.000000000000000000e+00 -1.320494998194340463e-04 6.059705554735846371e-05 2.062081078868942541e-01 1.105746217525297448e+00 1.033722934251298797e+00 1.180957238770253381e+00 0.000000000000000000e+00
6.080558029149742971e+00 2.038996875493343186e+00 -4.991166038015877723e-05 -1.000000000000000000e+00 -1.391209306972049690e-04 5.363029418728142823e-05 2.755612620636611609e-01 1.107372128960803837e+00 1.035228739495033023e+00 1.182705900878029848e+00 0.000000000000000000e+00
6.085628668742976366e+00 2.037297951873428659e+00 -5.262149122755201955e-05 -1.000000000000000000e+00 -1.424118363527894894e-04 5.143579714135989694e-05 3.028600892700410441e-01 1.100495145781070994e+00 1.028293750654813987e+00 1.175913061262660264e+00 0.000000000000000000e+00
6.090703536794479511e+00 2.035600443822857208e+00 -4.957577632297949878e-05 -1.000000000000000000e+00 -1.393483928792405555e-04 5.451001623813251377e-05 2.714205088878856031e-01 1.087735051454292945e+00 1.015727995166378461e+00 1.162962631203818153e+00 0.000000000000000000e+00
6.095782636830406886e+00 2.033904350162153651e+00 -4.612945597464142500e-05 -1.000000000000000000e+00 -1.344814052179795481e-04 5.676163619170627740e-05 2.417259629717705138e-01 1.081397804826416564e+00 1.009066246132555467e+00 1.156968582470386586e+00 0.000000000000000000e+00
6.100865972379854618e+00 2.032209669712826461e+00 -4.738820126473854589e-05 -1.000000000000000000e+00 -1.342722105543750738e-04 5.389721793042093136e-05 2.604284999836750103e-01 1.088498904139093781e+00 1.016481157094237808e+00 1.163732513883704467e+00 0.000000000000000000e+00
6.105953546974859592e+00 2.030516401297367324e+00 -3.857780123126272007e-05 -1.000000000000000000e+00 -1.257317736999406961e-04 6.320272748754743905e-05 1.732012734805721266e-01 1.069744598286563431e+00 9.988457053313964940e-01 1.143716417349564862e+00 0.000000000000000000e+00
6.111045364150406556e+00 2.028824543739246700e+00 -4.232185995472416049e-05 -1.000000000000000000e+00 -1.312915332911714094e-04 6.165776785859050939e-05 2.003623825352889298e-01 1.080600991057724336e+00 1.009119244784737468e+00 1.155242818482513867e+00 0.000000000000000000e+00
6.116141427444425460e+00 2.027134095862917373e+00 -3.642706890837302827e-05 -1.000000000000000000e+00 -1.287002337277031372e-04 7.115780275379816433e-05 1.404204754589102322e-01 1.077249185148225985e+00 1.006075015480806245e+00 1.151539929211876645e+00 0.000000000000000000e+00
6.121241740397799447e+00 2.025445056493809570e+00 -2.531340032498917829e-05 -1.000000000000000000e+00 -1.218121996180084483e-04 8.646874432485663199e-05 6.401962412851958106e-02 1.082293197534735629e+00 1.010222013269963970e+00 1.157562642452345525e+00 0.000000000000000000e+00
6.126346306554362187e+00 2.023757424458334508e+00 -1.751288518748484612e-06 -1.000000000000000000e+00 -1.019777025186880960e-04 1.134765099765775646e-04 2.966817285710021679e-04 1.087104652848405184e+00 1.014648906198962974e+00 1.162799217960730269e+00 0.000000000000000000e+00
6.131455129460903208e+00 2.022071198583879958e+00 3.020018643052881308e-05 1.000000000000000000e+00 -7.248273037860090344e-05 1.477795338831279829e-04 8.779442702754636230e-02 1.094638697857639897e+00 1.021851894006744255e+00 1.170698704452699301e+00 0.000000000000000000e+00
6.136568212667169675e+00 2.020386377698810687e+00 7.366473030867725269e-05 1.000000000000000000e+00 -3.139539298204019964e-05 1.935891515640264721e-04 5.274111442946320949e-01 1.084840032434954082e+00 1.012484529861661819e+00 1.160441508325390059e+00 0.000000000000000000e+00
6.141685559725869936e+00 2.018702960632467569e+00 1.125462753687252480e-04 1.000000000000000000e+00 5.226190285174018104e-06 2.348547902793657089e-04 1.228109403225040808e+00 1.081889741991229226e+00 1.009494616917613108e+00 1.157532408372889954e+00 0.000000000000000000e+00
6.146807174192673529e+00 2.017020946215167587e+00 1.434855036825619936e-04 1.000000000000000000e+00 3.274885862803656920e-05 2.690184505150655658e-04 1.950939756400430269e+00 1.089008741823058735e+00 1.015381522917248258e+00 1.165998629253030439e+00 0.000000000000000000e+00
6.151933059626216505e+00 2.015340333278202056e+00 1.769671093985496419e-04 1.000000000000000000e+00 6.234119350467722540e-05 3.061922454758199538e-04 2.876791200770043133e+00 1.081352873384430202e+00 1.007872361496152669e+00 1.158176499772751500e+00 0.000000000000000000e+00
6.157063219588101433e+00 2.013661120653835290e+00 2.065898497111796970e-04 1.000000000000000000e+00 8.843385643707842665e-05 3.392823245249575745e-04 3.798089466086551624e+00 1.071132652894402293e+00 9.976008064928310048e-01 1.147970768351705972e+00 0.000000000000000000e+00
6.162197657642900950e+00 2.011983307175305935e+00 2.288688385325081235e-04 1.000000000000000000e+00 1.081180568628624383e-04 3.640981557535478454e-04 4.563612357744133874e+00 1.062520932389955819e+00 9.888906233254131095e-01 1.139390463287295319e+00 0.000000000000000000e+00
6.167336377358160426e+00 2.010306891676824304e+00 2.384615119326513057e-04 1.000000000000000000e+00 1.166418833923494209e-04 3.748260113683856494e-04 4.922430979852968846e+00 1.063417929435861442e+00 9.891347660497957772e-01 1.141004143356817213e+00 0.000000000000000000e+00
6.172479382304400630e+00 2.008631872993570600e+00 2.435542660319442963e-04 1.000000000000000000e+00 1.222066770754458146e-04 3.796188976755215591e-04 5.209804998606557547e+00 1.056135254155958547e+00 9.824770484453362318e-01 1.132948957616431995e+00 0.000000000000000000e+00
6.177626676055119503e+00 2.006958249961698471e+00 2.323504863519161069e-04 1.000000000000000000e+00 1.126733757985453553e-04 3.668716686864048095e-04 4.831238706385349246e+00 1.066086584621921185e+00 9.916907725078927260e-01 1.143825047846041443e+00 0.000000000000000000e+00
6.182778262186794827e+00 2.005286021418328790e+00 2.189482237887184100e-04 1.000000000000000000e+00 1.013295991018316259e-04 3.514378933263393508e-04 4.386263113683369852e+00 1.065600892360703433e+00 9.910795774812087844e-01 1.143474543428536272e+00 0.000000000000000000e+00
6.187934144278887771e+00 2.003615186201552323e+00 1.937400936452101556e-04 1.000000000000000000e+00 7.831346851406313766e-05 3.238936039130702787e-04 3.472697800034168836e+00 1.075038041980734160e+00 1.000750944862246694e+00 1.152726703544410647e+00 0.000000000000000000e+00
6.193094325913842901e+00 2.001945743150427948e+00 1.551378367708597578e-04 1.000000000000000000e+00 4.220084356105852574e-05 2.828618266139259910e-04 2.226833230888900061e+00 1.096667007376709968e+00 1.021075269590163925e+00 1.175798062418252021e+00 0.000000000000000000e+00
6.198258810677093500e+00 2.000277691104981770e+00 1.134038042752462676e-04 1.000000000000000000e+00 3.505751776751651048e-06 2.383209798687103227e-04 1.196012448777779014e+00 1.108053703366659315e+00 1.031823722313691460e+00 1.187842199307735491e+00 0.000000000000000000e+00
6.203427602157062459e+00 1.998611028906206677e+00 6.485127719784182163e-05 1.000000000000000000e+00 -4.130176255686827990e-05 1.861386109426729969e-04 3.965837909432536890e-01 1.122096189766332630e+00 1.045809418551859826e+00 1.201895649392917598e+00 0.000000000000000000e+00
6.208600703945164057e+00 1.996945755396060118e+00 1.419626070203348395e-05 1.000000000000000000e+00 -8.682399717427665548e-05 1.306517250633343168e-04 1.950785105842101075e-02 1.137612587660576269e+00 1.060211273038020652e+00 1.218578591624024376e+00 0.000000000000000000e+00
6.213778119635809283e+00 1.995281869417466547e+00 -4.402809111197237684e-05 -1.000000000000000000e+00 -1.390717316459318792e-04 6.668629086586217608e-05 1.926217344813352383e-01 1.177737372522132508e+00 1.097991975738127346e+00 1.261138065549963549e+00 0.000000000000000000e+00
6.218959852826404955e+00 1.993619369814312314e+00 -8.404517074677807090e-05 -1.000000000000000000e+00 -1.736851383401383643e-04 2.162281278824391257e-05 7.254946457030087004e-01 1.189595325801224845e+00 1.109320535806321173e+00 1.273534611655971371e+00 0.000000000000000000e+00
6.224145907117359044e+00 1.991958255431448777e+00 -1.156975216864596567e-04 -1.000000000000000000e+00 -2.012588885761774850e-04 -1.402225495688985137e-05 1.397668090837697719e+00 1.197455705961967265e+00 1.116987594105361525e+00 1.281572424154822976e+00 0.000000000000000000e+00
6.229336286112081567e+00 1.990298525114688521e+00 -1.379267825336631605e-04 -1.000000000000000000e+00 -2.300276106391430358e-04 -3.695209608195822073e-05 1.948711774332451796e+00 1.199644993572202667e+00 1.118612653601205542e+00 1.284207775913083438e+00 0.000000000000000000e+00
6.234530993416986355e+00 1.988640177710806478e+00 -1.640084755942570842e-04 -1.000000000000000000e+00 -2.624280887120240434e-04 -5.146384245330212466e-05 2.280547528154428960e+00 1.206998458700757393e+00 1.124965956351426932e+00 1.292793132113644106e+00 0.000000000000000000e+00
6.239730032641496393e+00 1.986983212067538140e+00 -1.829651938314235890e-04 -1.000000000000000000e+00 -2.892994911598056125e-04 -5.075948751935964605e-05 2.184842379875846063e+00 1.220881895151289420e+00 1.137583797601161351e+00 1.307979738744835085e+00 0.000000000000000000e+00
6.244933407398043812e+00 1.985327627033580011e+00 -1.474204687184805000e-04 -1.000000000000000000e+00 -2.767356212158198457e-04 -6.765405829453261227e-06 1.263709876656307074e+00 1.225504698099081358e+00 1.141436038868938407e+00 1.313442980474342381e+00 0.000000000000000000e+00
6.250141121302072555e+00 1.983673421458586272e+00 -5.849717972837726736e-05 -1.000000000000000000e+00 -1.851914867301876987e-04 5.149897401061544205e-05 3.387904159478267729e-01 1.213711190570974319e+00 1.130170006609939382e+00 1.301132604188350639e+00 0.000000000000000000e+00
6.255353177972041934e+00 1.982020594193170782e+00 -1.129607544219867645e-05 -1.000000000000000000e+00 -1.130220817593277996e-04 1.020332915773113444e-04 1.254474363179269858e-02 1.204493208911898261e+00 1.121805878848958882e+00 1.291032740255827038e+00 0.000000000000000000e+00
6.260569581029430175e+00 1.980369144088905076e+00 3.617025397521402951e-05 1.000000000000000000e+00 -6.593386413827873570e-05 1.530162047312490030e-04 1.283388103117744095e-01 1.183722766489473166e+00 1.101520782300036139e+00 1.269816527116868432e+00 0.000000000000000000e+00
6.265790334098732650e+00 1.978719069998317037e+00 7.204492395726133072e-05 1.000000000000000000e+00 -3.195698847019754320e-05 1.907743288567041024e-04 5.111812305573835147e-01 1.167458189068007579e+00 1.085134437542277341e+00 1.253747584237088430e+00 0.000000000000000000e+00
6.271015440807469865e+00 1.977070370774890451e+00 8.677531862351762040e-05 1.000000000000000000e+00 -1.819104847541800458e-05 2.065444575158344555e-04 7.414394577320564395e-01 1.171040372034245047e+00 1.088377782322011322e+00 1.257688541327907528e+00 0.000000000000000000e+00
6.276244904786186574e+00 1.975423045273065226e+00 8.918457618567358707e-05 1.000000000000000000e+00 -1.595538327855072162e-05 2.093406727839832262e-04 7.821342319343500549e-01 1.170470451930719635e+00 1.087842210380205676e+00 1.257077260153106169e+00 0.000000000000000000e+00
6.281478729668454442e+00 1.973777092348234952e+00 7.840062909537881227e-05 1.000000000000000000e+00 -2.701371372210132444e-05 1.987810053589185292e-04 5.987699604419560728e-01 1.169805121406227055e+00 1.086859361665033052e+00 1.256757937047246587e+00 0.000000000000000000e+00
6.286716919090875599e+00 1.972132510856748011e+00 5.930349749984082774e-05 1.000000000000000000e+00 -4.550827431358720436e-05 1.791174218985357603e-04 3.388474771357863347e-01 1.160203966814584708e+00 1.077197531619691784e+00 1.247255076181980282e+00 0.000000000000000000e+00
6.291959476693084419e+00 1.970489299655904469e+00 2.220211018020444631e-05 1.000000000000000000e+00 -8.041573391462549219e-05 1.397335135574837689e-04 4.700769195019915969e-02 1.170020519170362316e+00 1.086594992507691870e+00 1.257498880554035914e+00 0.000000000000000000e+00
6.297206406117751065e+00 1.968847457603957185e+00 -2.495238264133389211e-05 -1.000000000000000000e+00 -1.347935372626325712e-04 8.888660390162872547e-05 6.014539758372450251e-02 1.190060821552330284e+00 1.105691147719286782e+00 1.278504848736642385e+00 0.000000000000000000e+00
6.302457711010582386e+00 1.967206983560110700e+00 -8.136252976961894535e-05 -1.000000000000000000e+00 -2.204429255918311545e-04 4.232142005608108151e-05 4.511347209606384467e-01 1.192801426161772982e+00 1.107729672359526463e+00 1.281994174265588926e+00 0.000000000000000000e+00
6.307713395020327241e+00 1.965567876384518575e+00 -1.669133344005386784e-04 -1.000000000000000000e+00 -2.811569833316591711e-04 -2.700132952827727253e-05 1.613736465570781320e+00 1.207440739927602591e+00 1.122193053548402153e+00 1.296746178039677622e+00 0.000000000000000000e+00
6.312973461798775610e+00 1.963930134938285832e+00 -2.014704495120991543e-04 -1.000000000000000000e+00 -2.861975766189964448e-04 -8.781937771029817217e-05 2.999661781761872703e+00 1.211554425529956847e+00 1.126526745904776527e+00 1.300637107022303285e+00 0.000000000000000000e+00
6.318237915000763039e+00 1.962293758083465844e+00 -2.155049093836127535e-04 -1.000000000000000000e+00 -3.062487565807840923e-04 -1.201261352224093415e-04 4.336139309571464651e+00 1.215590753585472639e+00 1.129782428819674056e+00 1.305552033199454565e+00 0.000000000000000000e+00
6.323506758284172413e+00 1.960658744683059451e+00 -2.365236164575113518e-04 -1.000000000000000000e+00 -3.486397159846694820e-04 -1.416067404590865822e-04 5.518541599895854688e+00 1.209624262852534438e+00 1.123847617470814741e+00 1.299635962689440261e+00 0.000000000000000000e+00
6.328779995309938400e+00 1.959025093601015399e+00 -2.516326374950957805e-04 -1.000000000000000000e+00 -3.480088196048779095e-04 -1.640711097162708535e-04 6.738210940261438964e+00 1.220769127877298965e+00 1.134069863227353592e+00 1.311866131321126616e+00 0.000000000000000000e+00
6.334057629742047446e+00 1.957392803702229900e+00 -2.477648257315341281e-04 -1.000000000000000000e+00 -3.161174968801193884e-04 -1.625969266017275431e-04 6.914398136562155628e+00 1.223104704431011713e+00 1.135396059242899547e+00 1.314581532103094474e+00 0.000000000000000000e+00
6.339339665247542221e+00 1.955761873852543076e+00 -2.173853741629876006e-04 -1.000000000000000000e+00 -2.948477283338050417e-04 -1.342557498872167291e-04 5.746895377176542752e+00 1.202618042699629131e+00 1.117164304935522212e+00 1.292225117601518036e+00 0.000000000000000000e+00
6.344626105496522506e+00 1.954132302918741848e+00 -1.914666623355761412e-04 -1.000000000000000000e+00 -2.884548224538407632e-04 -1.047199352446924659e-04 4.507045785654028691e+00 1.186983471496560139e+00 1.102016804047644793e+00 1.276128115099101956e+00 0.000000000000000000e+00
6.349916954162148741e+00 1.952504089768555939e+00 -1.830012691674175673e-04 -1.000000000000000000e+00 -2.878742354537254479e-04 -8.764306526526579471e-05 3.781153611769042300e+00 1.192385115868891621e+00 1.106325398766647927e+00 1.282690881419843221e+00 0.000000000000000000e+00
6.355212214920644698e+00 1.950877233270659206e+00 -1.661755587099578158e-04 -1.000000000000000000e+00 -2.741910800633893131e-04 -6.934844068166947414e-05 3.050513446746819568e+00 1.185822891290649439e+00 1.099230700551663498e+00 1.276769620531255311e+00 0.000000000000000000e+00
6.360511891451300137e+00 1.949251732294668749e+00 -1.474401195071569758e-04 -1.000000000000000000e+00 -2.614301224333158685e-04 -5.109395798248831972e-05 2.405942550606752661e+00 1.181853196329097466e+00 1.095476584038830081e+00 1.272559298395370186e+00 0.000000000000000000e+00
6.365815987436472589e+00 1.947627585711142251e+00 -1.221417536717177353e-04 -1.000000000000000000e+00 -2.222906264882721088e-04 -2.064770595815000479e-05 1.564094210162537024e+00 1.166055456854136141e+00 1.079697231260073220e+00 1.256776657374580886e+00 0.000000000000000000e+00
6.371124506561590906e+00 1.946004792391578420e+00 -9.854583667415972245e-05 -1.000000000000000000e+00 -1.964667531595255627e-04 7.948965768123390633e-06 9.787639928080835716e-01 1.179849027003700312e+00 1.091609914142790849e+00 1.272578827640133525e+00 0.000000000000000000e+00
6.376437452515156146e+00 1.944383351208418098e+00 -5.873254196451426829e-05 -1.000000000000000000e+00 -1.567631754438535130e-04 5.075870824667189232e-05 3.439722711247270581e-01 1.168644020396521599e+00 1.080858741023930758e+00 1.260932378877243076e+00 0.000000000000000000e+00
6.381754828988746020e+00 1.942763261035039601e+00 -2.240380274610421059e-05 -1.000000000000000000e+00 -1.208846707699125857e-04 8.987176946831300795e-05 5.003427494229129024e-02 1.168014586006520972e+00 1.080003769336588926e+00 1.260562643485016787e+00 0.000000000000000000e+00
6.387076639677015777e+00 1.941144520745761159e+00 1.710326791751037016e-05 1.000000000000000000e+00 -8.229162869972592165e-05 1.328008978013497867e-04 2.916919864075850910e-02 1.148867007002348117e+00 1.061349620419166806e+00 1.240952925374602334e+00 0.000000000000000000e+00
6.392402888277703532e+00 1.939527129215838475e+00 4.721007700876658867e-05 1.000000000000000000e+00 -5.564690855684719734e-05 1.664372447819634899e-04 2.172486764939662862e-01 1.140607064223273293e+00 1.053447579237891452e+00 1.232333814804306149e+00 0.000000000000000000e+00
6.397733578491629380e+00 1.937911085321463833e+00 7.397356501870261988e-05 1.000000000000000000e+00 -3.309643717129133770e-05 1.974976259735394249e-04 5.120480019060096311e-01 1.130148420986908375e+00 1.043011106650702624e+00 1.221898681432623146e+00 0.000000000000000000e+00
6.403068714022700725e+00 1.936296387939767438e+00 9.878223288587145278e-05 1.000000000000000000e+00 -1.316759377422548484e-05 2.275758041260816824e-04 8.629099001705782257e-01 1.119261795884220367e+00 1.031695636379335257e+00 1.211534337595210564e+00 0.000000000000000000e+00
6.408408298577912277e+00 1.934683035948813856e+00 1.214453284325453747e-04 1.000000000000000000e+00 3.954116397359723934e-06 2.567754470463740881e-04 1.208581959131663552e+00 1.115819005840504197e+00 1.028975939592723376e+00 1.207299962492933254e+00 0.000000000000000000e+00
6.413752335867351384e+00 1.933071028227602239e+00 1.425174776546832668e-04 1.000000000000000000e+00 1.775504114640195463e-05 2.868189280277005752e-04 1.498185907777482839e+00 1.127231733920777579e+00 1.039701052885630306e+00 1.219407906047054180e+00 0.000000000000000000e+00
6.419100829604198033e+00 1.931460363656067436e+00 1.783519766366229874e-04 1.000000000000000000e+00 4.311604299778968056e-05 3.352087748695153197e-04 2.058759588360970838e+00 1.123361194080344960e+00 1.035276864802374241e+00 1.216149411306438610e+00 0.000000000000000000e+00
6.424453783504729287e+00 1.929851041115075327e+00 2.188602375342003459e-04 1.000000000000000000e+00 7.075201414796813255e-05 3.664850947096759729e-04 2.653767635406353520e+00 1.126323002498978765e+00 1.038805973777637170e+00 1.218466667566799444e+00 0.000000000000000000e+00
6.429811201288321953e+00 1.928243059486426159e+00 2.367334676828131157e-04 1.000000000000000000e+00 9.698166302851614915e-05 3.756677469119561056e-04 3.234116916383413809e+00 1.117996918041054277e+00 1.030302592323955713e+00 1.210387040545477522e+00 0.000000000000000000e+00
6.435173086677453469e+00 1.926636417652850763e+00 2.312661769839761310e-04 1.000000000000000000e+00 9.527603897853401051e-05 3.689112370237833914e-04 3.147963551988610220e+00 1.122089562509436034e+00 1.034048455595323990e+00 1.214845402068710278e+00 0.000000000000000000e+00
6.440539443397706343e+00 1.925031114498011453e+00 2.110242759226015031e-04 1.000000000000000000e+00 6.725358252535323239e-05 3.472106663270855533e-04 2.411686838626891927e+00 1.135693129290837877e+00 1.047652720535457993e+00 1.228393127315419830e+00 0.000000000000000000e+00
6.445910275177769044e+00 1.923427148906499795e+00 1.620470525738812993e-04 1.000000000000000000e+00 1.483369389810237373e-05 3.152222488561188564e-04 1.367450889718327289e+00 1.146725691611838460e+00 1.057074977370470625e+00 1.241138207176487152e+00 0.000000000000000000e+00
6.451285585749439555e+00 1.921824519763838390e+00 8.441098055054816027e-05 1.000000000000000000e+00 -4.611356471741543230e-05 2.405262965735780270e-04 4.315479436975664385e-01 1.176786349258876596e+00 1.085555547998926507e+00 1.272826832828938937e+00 0.000000000000000000e+00
6.456665378847628034e+00 1.920223225956476210e+00 3.061328556032066948e-05 1.000000000000000000e+00 -8.762471458580002397e-05 1.713382260186908695e-04 6.480985391236515625e-02 1.187831134700058078e+00 1.096048017221809445e+00 1.284457307403206849e+00 0.000000000000000000e+00
6.462049658210359482e+00 1.918623266371792813e+00 3.255599994551970278e-06 1.000000000000000000e+00 -1.081630208528679767e-04 1.350390477285117819e-04 8.041070240949466097e-04 1.177609730033028157e+00 1.085689988763027358e+00 1.274457445158992064e+00 0.000000000000000000e+00
6.467438427578775517e+00 1.917024639898092353e+00 -1.406841331795274412e-05 -1.000000000000000000e+00 -1.212579995468618594e-04 1.126823752465926993e-04 1.584136702578575751e-02 1.184769215600001369e+00 1.092148054768288468e+00 1.282372274880513530e+00 0.000000000000000000e+00
6.472831690697137930e+00 1.915427345424606687e+00 -1.306792303557789467e-05 -1.000000000000000000e+00 -1.183255895943256624e-04 1.120472775722123325e-04 1.404023376396423828e-02 1.184490773624982340e+00 1.092080308235497732e+00 1.281862933654094761e+00 0.000000000000000000e+00
6.478229451312831344e+00 1.913831381841492263e+00 5.598904164433225323e-06 1.000000000000000000e+00 -1.014823120234443967e-04 1.333818671126179168e-04 2.538345836811117806e-03 1.168685718417848962e+00 1.076799776672155540e+00 1.265549295130523832e+00 0.000000000000000000e+00
6.483631713176364109e+00 1.912236748039830792e+00 3.047725959957928675e-05 1.000000000000000000e+00 -8.270333152209995793e-05 1.651710669276752969e-04 6.926020332414850600e-02 1.161385933788316338e+00 1.069848309460689206e+00 1.257914593971389605e+00 0.000000000000000000e+00
6.489038480041373624e+00 1.910643442911627687e+00 6.468586932883407911e-05 1.000000000000000000e+00 -5.974479898571781315e-05 2.030208859860085078e-04 2.679519176019624638e-01 1.155000184373844441e+00 1.063995447290010610e+00 1.250962787334717552e+00 0.000000000000000000e+00
6.494449755664626345e+00 1.909051465349812737e+00 1.034720802043275016e-04 1.000000000000000000e+00 -2.995579325899751797e-05 2.331700379658706193e-04 6.437495701175492968e-01 1.143756407969358513e+00 1.053095391341022369e+00 1.239393030729222467e+00 0.000000000000000000e+00
6.499865543806021329e+00 1.907460814248235881e+00 1.301876237347082568e-04 1.000000000000000000e+00 1.869646069689709280e-06 2.646818142655288733e-04 1.105193062266891957e+00 1.124532099559444331e+00 1.033970411151003965e+00 1.220132226542491205e+00 0.000000000000000000e+00
6.505285848228594681e+00 1.905871488501671207e+00 1.542114916911875664e-04 1.000000000000000000e+00 2.404151910868402610e-05 2.973276669424655639e-04 1.484191083947010270e+00 1.115636115532073758e+00 1.026034648815491446e+00 1.210189083946318078e+00 0.000000000000000000e+00
6.510710672698518664e+00 1.904283487005811404e+00 1.858325255762567835e-04 1.000000000000000000e+00 4.683050992343684672e-05 3.418192385106416176e-04 1.888520477282099819e+00 1.106455088763467876e+00 1.016753824717395283e+00 1.201131469105970906e+00 0.000000000000000000e+00
6.516140020985107917e+00 1.902696808657271088e+00 2.297122466083670268e-04 1.000000000000000000e+00 7.918044721345735807e-05 3.748978087291357552e-04 2.473076792852708650e+00 1.087391140457122152e+00 9.974604426184218164e-01 1.182284381054560241e+00 0.000000000000000000e+00
6.521573896860818564e+00 1.901111452353583031e+00 2.383072077048600866e-04 1.000000000000000000e+00 9.749134896774226829e-05 3.835135772178364477e-04 2.826317874505321015e+00 1.080770960835066408e+00 9.916768095219854473e-01 1.174674185946427141e+00 0.000000000000000000e+00
6.527012304101254436e+00 1.899527416993199491e+00 2.371903672922522196e-04 1.000000000000000000e+00 9.645688543501041291e-05 3.809561565256383737e-04 2.888054668487910703e+00 1.073418415675825521e+00 9.837060770093908335e-01 1.167830787424709804e+00 0.000000000000000000e+00
6.532455246485166178e+00 1.897944701475490215e+00 2.136071322000203160e-04 1.000000000000000000e+00 7.398532424023960131e-05 3.577021169883403458e-04 2.484477021991352785e+00 1.087123728913018006e+00 9.954369614473380645e-01 1.183957135034146457e+00 0.000000000000000000e+00
6.537902727794456581e+00 1.896363304700741548e+00 2.009378589809900605e-04 1.000000000000000000e+00 5.515440785658647007e-05 3.409979968127135365e-04 2.155573454381794818e+00 1.076543597321499179e+00 9.853768834268771259e-01 1.172641540775090307e+00 0.000000000000000000e+00
6.543354751814182357e+00 1.894783225570156437e+00 1.626531337591107104e-04 1.000000000000000000e+00 2.350453547036293936e-05 3.171601388737747091e-04 1.563367016846612501e+00 1.079804596463732169e+00 9.871780244638848067e-01 1.177550513276583777e+00 0.000000000000000000e+00
6.548811322332555918e+00 1.893204462985853986e+00 1.185979202959112444e-04 1.000000000000000000e+00 -8.090874239067896625e-06 2.678942432512810634e-04 9.636646206713663787e-01 1.095843060018833137e+00 1.001990962466569490e+00 1.195154868760074596e+00 0.000000000000000000e+00
6.554272443140948923e+00 1.891627015850867455e+00 8.726323013403421949e-05 1.000000000000000000e+00 -3.120025919060109658e-05 2.259984191520481532e-04 5.817234326803344402e-01 1.101496797394532212e+00 1.007077118606071853e+00 1.201481236589784896e+00 0.000000000000000000e+00
6.559738118033894949e+00 1.890050883069143817e+00 5.731776599626985899e-05 1.000000000000000000e+00 -5.531597204361169394e-05 1.880114411062489119e-04 2.727521617473769311e-01 1.120279038641420088e+00 1.023209828853995695e+00 1.223199407480199952e+00 0.000000000000000000e+00
6.565208350809092153e+00 1.888476063545543981e+00 2.557347698785600269e-05 1.000000000000000000e+00 -8.426352830331059298e-05 1.500117262588539430e-04 5.794379110375302844e-02 1.158263141967567078e+00 1.057739575910946250e+00 1.264832087714996112e+00 0.000000000000000000e+00
6.570683145267405045e+00 1.886902556185840796e+00 9.003727756327152258e-06 1.000000000000000000e+00 -9.768520023297135480e-05 1.287923227770526678e-04 7.583121102555878679e-03 1.163401140495921249e+00 1.062671562976666539e+00 1.270174616245503652e+00 0.000000000000000000e+00
6.576162505212867160e+00 1.885330359896719488e+00 -2.297356858970481445e-05 -1.000000000000000000e+00 -1.259742736603670964e-04 9.335965814459313032e-05 4.974070410688113952e-02 1.209704090348815875e+00 1.106449041204774275e+00 1.319105479485931154e+00 0.000000000000000000e+00
6.581646434452685490e+00 1.883759473585775446e+00 -3.798298756667691016e-05 -1.000000000000000000e+00 -1.368556789794047267e-04 7.637543030124992671e-05 1.379931281806108245e-01 1.198669941997728694e+00 1.094597047247143129e+00 1.309051711152843911e+00 0.000000000000000000e+00
6.587134936797241380e+00 1.882189896161514886e+00 -6.895129475352080998e-05 -1.000000000000000000e+00 -1.680136283031818402e-04 4.231514216524258126e-05 4.588979362055312095e-01 1.223731214511664334e+00 1.117918361787536341e+00 1.335935177895704928e+00 0.000000000000000000e+00
6.592628016060094076e+00 1.880621626533353297e+00 -1.004265547679159898e-04 -1.000000000000000000e+00 -2.061178787695577645e-04 6.937380201545653041e-06 9.969854593763471939e-01 1.246620096848787274e+00 1.139408705031037750e+00 1.360239565333487111e+00 0.000000000000000000e+00
6.598125676057981615e+00 1.879054663611614329e+00 -1.251847811589799756e-04 -1.000000000000000000e+00 -2.273783151380272499e-04 -2.180562842840443310e-05 1.594071778422915031e+00 1.247723816255209783e+00 1.139283918311663646e+00 1.362694773276055704e+00 0.000000000000000000e+00
6.603627920610826152e+00 1.877489006307530905e+00 -1.568585938832163214e-04 -1.000000000000000000e+00 -2.525238444559852759e-04 -5.749741145737036750e-05 2.534529237657935141e+00 1.269631664882193034e+00 1.161079333382276868e+00 1.384475620258938999e+00 0.000000000000000000e+00
6.609134753541735741e+00 1.875924653533241671e+00 -1.760177399688688589e-04 -1.000000000000000000e+00 -2.815215357988530565e-04 -7.961479525176454663e-05 3.241090166878990431e+00 1.259891022654284765e+00 1.150520412754040267e+00 1.375542354020939495e+00 0.000000000000000000e+00
6.614646178677005217e+00 1.874361604201792542e+00 -1.949985165268587389e-04 -1.000000000000000000e+00 -3.313592972352540794e-04 -9.988818108324348246e-05 3.946355426923489063e+00 1.260652560688358736e+00 1.150636244920886897e+00 1.377272060518366814e+00 0.000000000000000000e+00
6.620162199846120643e+00 1.872799857227134490e+00 -2.252839399840540313e-04 -1.000000000000000000e+00 -3.956292498275437329e-04 -1.137828263164558006e-04 4.431876315856285942e+00 1.268372699086596667e+00 1.158193740066923105e+00 1.384765674812760583e+00 0.000000000000000000e+00
6.625682820881761970e+00 1.871239411524124430e+00 -2.409600678926183904e-04 -1.000000000000000000e+00 -4.159090929780492017e-04 -1.123900975167788042e-04 4.301863874154207679e+00 1.260636534705782408e+00 1.148956073020046098e+00 1.379033810977889241e+00 0.000000000000000000e+00
6.631208045619805702e+00 1.869680266008521441e+00 -2.106473431113908119e-04 -1.000000000000000000e+00 -3.693248357594480606e-04 -1.080371668756217559e-04 4.101356277126669170e+00 1.299577729712205532e+00 1.185219179332723360e+00 1.420089291144699395e+00 0.000000000000000000e+00
6.636737877899325788e+00 1.868122419596990769e+00 -1.821288736026793341e-04 -1.000000000000000000e+00 -2.991058378593326175e-04 -8.032722923158359008e-05 3.081349640090280673e+00 1.288034711580769764e+00 1.175002028215814676e+00 1.407325889756701365e+00 0.000000000000000000e+00
6.642272321562598059e+00 1.866565871207098271e+00 -1.479182961940159581e-04 -1.000000000000000000e+00 -2.519402712940585379e-04 -4.101359704141055473e-05 1.956448142390939893e+00 1.268239827196710801e+00 1.156082675920857561e+00 1.387164517846227518e+00 0.000000000000000000e+00
6.647811380455102892e+00 1.865010619757312416e+00 -1.278236856552597003e-04 -1.000000000000000000e+00 -2.238009404494968341e-04 -1.253152477878423572e-05 1.313051057868150906e+00 1.291527188629734590e+00 1.178219450458221962e+00 1.411098584923228483e+00 0.000000000000000000e+00
6.653355058425526991e+00 1.863456664167002952e+00 -9.840665469176017495e-05 -1.000000000000000000e+00 -2.006391398689094923e-04 3.051905416612660487e-05 6.612684098066097249e-01 1.280392581513063011e+00 1.167849083077688643e+00 1.399458819025573675e+00 0.000000000000000000e+00
6.658903359325766047e+00 1.861904003356439352e+00 -6.953173166147596216e-05 -1.000000000000000000e+00 -1.870690006637831500e-04 7.926688548794868150e-05 2.669614202388146396e-01 1.275040281938705888e+00 1.162136039628764772e+00 1.394625297658215857e+00 0.000000000000000000e+00
6.664456287010930069e+00 1.860352636246791480e+00 -5.157284019690073481e-05 -1.000000000000000000e+00 -1.850030508509554897e-04 1.150157192168665867e-04 1.207889210993755569e-01 1.300103768835227269e+00 1.184645017207257567e+00 1.422202884890074959e+00 0.000000000000000000e+00
6.670013845339340719e+00 1.858802561760127592e+00 -2.876893334650670655e-05 -1.000000000000000000e+00 -1.691437805012102830e-04 1.467908157041603544e-04 3.503232201322248329e-02 1.288058054124135765e+00 1.173998977055374926e+00 1.408538131849370156e+00 0.000000000000000000e+00
6.675576038172540194e+00 1.857253778819414780e+00 -3.846763273257524008e-05 -1.000000000000000000e+00 -1.728051748472725618e-04 1.323053519493927401e-04 6.577189453247456186e-02 1.311154073727901714e+00 1.194758352314905459e+00 1.433521116430054754e+00 0.000000000000000000e+00
6.681142869375288562e+00 1.855706286348516532e+00 -6.647796354567450303e-05 -1.000000000000000000e+00 -1.890406454932486884e-04 9.118650927796981612e-05 2.212790592288342850e-01 1.347648485407704877e+00 1.227324037075840923e+00 1.471487384671345655e+00 0.000000000000000000e+00
6.686714342815570866e+00 1.854160083272192949e+00 -8.554616711773151562e-05 -1.000000000000000000e+00 -1.997120682207604767e-04 6.004055844254160021e-05 4.140189450700972884e-01 1.346169769507220337e+00 1.226357271057593845e+00 1.469018274542773339e+00 0.000000000000000000e+00
6.692290462364595349e+00 1.852615168516101862e+00 -1.065373669955405652e-04 -1.000000000000000000e+00 -2.177599978521665503e-04 3.060447225346790592e-05 6.936850931365796669e-01 1.356022635469383175e+00 1.233719596369213578e+00 1.480817906707690312e+00 0.000000000000000000e+00
6.697871231896799671e+00 1.851071541006794829e+00 -1.363668656369820863e-04 -1.000000000000000000e+00 -2.434625181307686036e-04 -5.053237856245611876e-06 1.184749265609681856e+00 1.418019373372229497e+00 1.292933208821296809e+00 1.543221731381507533e+00 0.000000000000000000e+00
6.703456655289853572e+00 1.849529199671717139e+00 -1.290430492477411028e-04 -1.000000000000000000e+00 -2.348269621808035017e-04 -1.997642383312072615e-06 1.142831526802638109e+00 1.417988691486032238e+00 1.292651118947643951e+00 1.543396764850573755e+00 0.000000000000000000e+00
6.709046736424657986e+00 1.847988143439209141e+00 -1.127252224923113474e-04 -1.000000000000000000e+00 -2.153457951495737945e-04 1.133191048847416969e-05 9.327437696237410591e-01 1.419370537587920200e+00 1.293323316150374547e+00 1.545477744776709184e+00 0.000000000000000000e+00
6.714641479185352146e+00 1.846448371238503361e+00 -1.014159096851631117e-04 -1.000000000000000000e+00 -2.076859248781236732e-04 2.106447215745445116e-05 7.821376083974485027e-01 1.441315145217743732e+00 1.315643721451299042e+00 1.568014906849570345e+00 0.000000000000000000e+00
6.720240887459313583e+00 1.844909881999724721e+00 -8.428979913474483356e-05 -1.000000000000000000e+00 -1.948405683909493766e-04 3.875717524488116932e-05 5.496611209446626845e-01 1.436158347066375685e+00 1.310023310146186892e+00 1.562829768240169726e+00 0.000000000000000000e+00
6.725844965137160791e+00 1.843372674653889876e+00 -6.376464793771718692e-05 -1.000000000000000000e+00 -1.747282300386074913e-04 6.118098539829608948e-05 3.168210094367225338e-01 1.404179776734154617e+00 1.275949500293366290e+00 1.532434374980196745e+00 0.000000000000000000e+00
6.731453716112758556e+00 1.841836748132905655e+00 -5.868868298833149048e-05 -1.000000000000000000e+00 -1.678351676168552320e-04 6.730939522964454638e-05 2.662973424479133655e-01 1.402466496458367740e+00 1.274043024892086651e+00 1.530909189181061114e+00 0.000000000000000000e+00
6.737067144283217068e+00 1.840302101369569288e+00 -5.346982724686984102e-05 -1.000000000000000000e+00 -1.636663920176808780e-04 7.343867783102818773e-05 2.214900260024137424e-01 1.384745933188227252e+00 1.254778584604762104e+00 1.514857044523026053e+00 0.000000000000000000e+00
6.742685253548897251e+00 1.838768733297566405e+00 -6.889217471504226935e-05 -1.000000000000000000e+00 -1.820807736756266209e-04 5.756281143588323659e-05 3.618230883207900206e-01 1.417056834877688631e+00 1.287071159906415740e+00 1.546745643239666013e+00 0.000000000000000000e+00
6.748308047813412536e+00 1.837236642851472368e+00 -7.698232050065217057e-05 -1.000000000000000000e+00 -1.903357454426320735e-04 5.046997649873139738e-05 4.416742984314225851e-01 1.419992533170117088e+00 1.289942424954807487e+00 1.549681637317045224e+00 0.000000000000000000e+00
6.753935530983630642e+00 1.835705828966748943e+00 -7.802383307214594342e-05 -1.000000000000000000e+00 -1.897609268794664883e-04 5.222422493099019517e-05 4.385306726419884171e-01 1.404668915375303584e+00 1.272771483472099785e+00 1.536237206164173141e+00 0.000000000000000000e+00
6.759567706969678902e+00 1.834176290579746293e+00 -8.393740347232562431e-05 -1.000000000000000000e+00 -2.004407741207664569e-04 4.785001625548603629e-05 4.932838428060364322e-01 1.419394153181146923e+00 1.285755339642470352e+00 1.552340736186937020e+00 0.000000000000000000e+00
6.765204579684944264e+00 1.832648026627699211e+00 -6.767707630258571925e-05 -1.000000000000000000e+00 -1.898890605322504877e-04 6.408296170587469943e-05 3.291253368589224237e-01 1.395518779221357031e+00 1.262339321496025901e+00 1.528105759988866774e+00 0.000000000000000000e+00
6.770846153046076843e+00 1.831121036048729556e+00 -5.033302454371173603e-05 -1.000000000000000000e+00 -1.668428166589897000e-04 7.973811464322792266e-05 1.907377938145771168e-01 1.378256185896340025e+00 1.243322178998711447e+00 1.513271879803459452e+00 0.000000000000000000e+00
6.776492430972993475e+00 1.829595317781842700e+00 -1.935782883506682758e-05 -1.000000000000000000e+00 -1.296104873940264520e-04 1.097390815542870603e-04 2.976771559549717949e-02 1.312479356696254928e+00 1.182438292652881806e+00 1.447902298414584621e+00 0.000000000000000000e+00
6.782143417388880380e+00 1.828070870766929312e+00 -1.691350633905961434e-05 -1.000000000000000000e+00 -1.261960399287222439e-04 1.117726318836459118e-04 2.283338401363721459e-02 1.318166392219149552e+00 1.189137117622687256e+00 1.452386544867464879e+00 0.000000000000000000e+00
6.787799116220194051e+00 1.826547693944761797e+00 -1.707250660862430548e-05 -1.000000000000000000e+00 -1.298095210931565161e-04 1.133014300403132333e-04 2.272355897487443599e-02 1.316828378561851975e+00 1.185943884183718211e+00 1.453088510194204153e+00 0.000000000000000000e+00
6.793459531396665696e+00 1.825025786256996740e+00 -1.952182936079616672e-05 -1.000000000000000000e+00 -1.358188953417961524e-04 1.137499588529784599e-04 2.838636277280670583e-02 1.311482160018642373e+00 1.179650006866370227e+00 1.449303949832568161e+00 0.000000000000000000e+00
6.799124666851304788e+00 1.823505146646170916e+00 -2.502216910824011867e-05 -1.000000000000000000e+00 -1.422128059077035407e-04 1.113356773703649621e-04 4.414801291021319685e-02 1.313345568596296475e+00 1.181550863672308438e+00 1.451576812652850768e+00 0.000000000000000000e+00
6.804794526520399067e+00 1.821985774055703944e+00 -2.936015982301908722e-05 -1.000000000000000000e+00 -1.486119580204895351e-04 1.093140167503503513e-04 5.794979975662784000e-02 1.320911066372759457e+00 1.188359419827357266e+00 1.460086303865569590e+00 0.000000000000000000e+00
6.810469114343518982e+00 1.820467667429894965e+00 -2.833960057070045120e-05 -1.000000000000000000e+00 -1.537292002165876852e-04 1.112492117440895523e-04 5.144145514444176115e-02 1.328610277530778649e+00 1.197594570447614526e+00 1.466286387714456074e+00 0.000000000000000000e+00
6.816148434263521239e+00 1.818950825713921748e+00 -2.248288488719255203e-05 -1.000000000000000000e+00 -1.546614629503507185e-04 1.178508331406643732e-04 2.959639582184081519e-02 1.336509093884420629e+00 1.204233620085239487e+00 1.475224835298064363e+00 0.000000000000000000e+00
6.821832490226549695e+00 1.817435247853842917e+00 -1.157753432586621783e-06 -1.000000000000000000e+00 -1.411367995296738704e-04 1.400239887115033730e-04 6.662295935200290842e-05 1.311912597941989223e+00 1.180002388319773665e+00 1.451717786510331676e+00 0.000000000000000000e+00
6.827521286182038907e+00 1.815920932796593723e+00 1.710680140796448420e-05 1.000000000000000000e+00 -1.311073904079858505e-04 1.568422337765543759e-04 1.761694343338149338e-02 1.306414104895452288e+00 1.175315201883235350e+00 1.445066523326345553e+00 0.000000000000000000e+00
6.833214826082717686e+00 1.814407879489987385e+00 2.840948063753715401e-05 1.000000000000000000e+00 -1.279538490070344480e-04 1.738131133255012566e-04 5.127107238513417542e-02 1.322579982206079530e+00 1.190483478604401624e+00 1.461766492820914864e+00 0.000000000000000000e+00
6.838913113884609984e+00 1.812896086882713975e+00 5.656015101968356876e-05 1.000000000000000000e+00 -9.931603507361351068e-05 2.094896655414000262e-04 1.865073092234013075e-01 1.312277115331806021e+00 1.179526080161181545e+00 1.452561895428635896e+00 0.000000000000000000e+00
6.844616153547039339e+00 1.811385553924339531e+00 9.671626840131256888e-05 1.000000000000000000e+00 -5.089725189038732985e-05 2.558844817742168798e-04 5.221263255779149404e-01 1.296344700143458706e+00 1.165611294089673011e+00 1.434770679154263817e+00 0.000000000000000000e+00
6.850323949032630644e+00 1.809876279565305390e+00 1.533921447481897504e-04 1.000000000000000000e+00 1.031883391501540212e-05 3.177765619283162441e-04 1.298522568071490468e+00 1.255710005704793630e+00 1.128894029681198230e+00 1.389178605068192907e+00 0.000000000000000000e+00
6.856036504307313706e+00 1.808368262756926637e+00 1.997392055594655197e-04 1.000000000000000000e+00 5.361099930828769995e-05 3.683070080442783605e-04 2.233192971447863329e+00 1.247694604336369251e+00 1.120186354998646605e+00 1.381388741401827769e+00 0.000000000000000000e+00
6.861753823340325908e+00 1.806861502451392543e+00 2.459063889183900602e-04 1.000000000000000000e+00 9.815066898592397652e-05 4.161171121730166170e-04 3.479214529804650624e+00 1.230635583728546312e+00 1.105834494472664353e+00 1.362387834730581115e+00 0.000000000000000000e+00
6.867475910104213099e+00 1.805355997601766127e+00 2.761021580140425179e-04 1.000000000000000000e+00 1.269607979416570486e-04 4.477218738387412126e-04 4.511047765519407449e+00 1.238014675880222182e+00 1.111721436444605970e+00 1.371310487086175200e+00 0.000000000000000000e+00
6.873202768574835808e+00 1.803851747161981711e+00 3.118083521252902504e-04 1.000000000000000000e+00 1.607701954462225410e-04 4.851103594121454129e-04 5.786138140496703386e+00 1.213229717984235956e+00 1.088667114225732258e+00 1.344888442441394938e+00 0.000000000000000000e+00
6.878934402731368358e+00 1.802348750086846252e+00 3.450585122018519249e-04 1.000000000000000000e+00 1.917574492740021163e-04 5.207681250946325814e-04 7.025177805614148951e+00 1.172808832430030312e+00 1.048828950786509617e+00 1.301894607495988510e+00 0.000000000000000000e+00
6.884670816556305084e+00 1.800847005332036233e+00 3.596179582326228166e-04 1.000000000000000000e+00 2.039070987992500832e-04 5.376039430592931961e-04 7.501609545943637158e+00 1.158144399078661291e+00 1.031208955358623225e+00 1.290354241868925111e+00 0.000000000000000000e+00
6.890412014035459443e+00 1.799346511854099884e+00 3.649946612639025172e-04 1.000000000000000000e+00 2.076715346914847571e-04 5.450025121409369155e-04 7.498909184367789749e+00 1.145345947630345140e+00 1.019108572254504574e+00 1.277073213287272413e+00 0.000000000000000000e+00
6.896157999157970231e+00 1.797847268610453630e+00 3.592712085128694425e-04 1.000000000000000000e+00 1.989782281551801782e-04 5.425107094846118565e-04 7.005648920149482706e+00 1.140671938175368272e+00 1.012803957135965272e+00 1.274491819155788574e+00 0.000000000000000000e+00
6.901908775916301586e+00 1.796349274559382980e+00 3.242811027063858165e-04 1.000000000000000000e+00 1.626033019472575768e-04 5.098149352342160609e-04 5.484168564915222532e+00 1.198163095321177263e+00 1.067173829556461895e+00 1.335761046502708105e+00 0.000000000000000000e+00
6.907664348306248314e+00 1.794852528660041413e+00 3.089852241639499996e-04 1.000000000000000000e+00 1.468330799647722391e-04 4.943275598884395647e-04 4.810498088990357246e+00 1.205395584180342095e+00 1.073603087654941390e+00 1.343284551997916854e+00 0.000000000000000000e+00
6.913424720326936779e+00 1.793357029872449937e+00 3.124939521259720364e-04 1.000000000000000000e+00 1.503597789909151506e-04 4.989520368434989441e-04 4.879694760039939183e+00 1.168474969841062583e+00 1.034407657187149887e+00 1.309391928881435962e+00 0.000000000000000000e+00
6.919189895980827565e+00 1.791862777157495312e+00 3.043775955881985410e-04 1.000000000000000000e+00 1.438077519280202830e-04 4.888648038471930064e-04 4.697988893369540619e+00 1.168366119910734247e+00 1.033732314423562615e+00 1.310571194445549370e+00 0.000000000000000000e+00
6.924959879273719920e+00 1.790369769476931161e+00 2.985142806924189558e-04 1.000000000000000000e+00 1.393798021602610617e-04 4.809985428023349314e-04 4.630565227662401639e+00 1.171523710660282047e+00 1.033787476825844376e+00 1.317021109390840827e+00 0.000000000000000000e+00
6.930734674214753532e+00 1.788878005793375303e+00 2.892780242084433190e-04 1.000000000000000000e+00 1.324085805479695440e-04 4.695562217306101520e-04 4.547292971645646276e+00 1.180392376921772790e+00 1.040140735192326416e+00 1.327806358009702814e+00 0.000000000000000000e+00
6.936514284816411191e+00 1.787387485070310644e+00 2.807509004671945906e-04 1.000000000000000000e+00 1.283922047960519295e-04 4.565624744778056074e-04 4.533253113777732324e+00 1.181239089551880728e+00 1.041142817355421801e+00 1.329366719775462169e+00 0.000000000000000000e+00
6.942298715094520567e+00 1.785898206272082511e+00 2.794412323076736504e-04 1.000000000000000000e+00 1.298616552688290474e-04 4.527443799865018322e-04 4.671775080404685809e+00 1.158068471984699421e+00 1.017059033758794362e+00 1.306978110951489080e+00 0.000000000000000000e+00
6.948087969068260428e+00 1.784410168363900873e+00 2.576347919895506764e-04 1.000000000000000000e+00 1.096190764358942167e-04 4.296847614648033223e-04 3.967909471529168286e+00 1.188747661983995840e+00 1.045240919742178587e+00 1.340349326158781329e+00 0.000000000000000000e+00
6.953882050760158862e+00 1.782923370311836564e+00 2.409748469460028871e-04 1.000000000000000000e+00 9.231652488349729058e-05 4.147667080281115695e-04 3.335969313375983347e+00 1.202658365728343393e+00 1.060062734578838262e+00 1.353648907126275169e+00 0.000000000000000000e+00
6.959680964196100383e+00 1.781437811082822398e+00 2.242991068771843640e-04 1.000000000000000000e+00 7.112569093445616814e-05 3.994404787541294775e-04 2.630114883082853794e+00 1.220206634225578846e+00 1.074872863648890897e+00 1.372515630697281219e+00 0.000000000000000000e+00
6.965484713405325046e+00 1.779953489644652054e+00 1.946375020680137912e-04 1.000000000000000000e+00 3.969961287011753055e-05 3.696621433722702046e-04 1.840479451022176249e+00 1.258497008693073793e+00 1.110944681596007566e+00 1.411106591960405554e+00 0.000000000000000000e+00
6.971293302420433768e+00 1.778470404965979412e+00 1.750717894435635850e-04 1.000000000000000000e+00 1.655355804487828090e-05 3.517036556359013407e-04 1.390567146414113608e+00 1.269024668682162238e+00 1.121626617800149273e+00 1.421297033016222455e+00 0.000000000000000000e+00
6.977106735277391003e+00 1.776988556016316556e+00 1.629165917083937997e-04 1.000000000000000000e+00 3.682046618790529901e-06 3.433699055214808763e-04 1.185096633319830062e+00 1.266756666311592561e+00 1.117387366512431424e+00 1.420670494581853127e+00 0.000000000000000000e+00
6.982925016015525621e+00 1.775507941766035547e+00 1.667774139058182084e-04 1.000000000000000000e+00 5.900074866339860688e-06 3.419871626804282957e-04 1.210755510578849226e+00 1.254954863244153396e+00 1.106762774019373952e+00 1.408076096642179476e+00 0.000000000000000000e+00
6.988748148677535355e+00 1.774028561186365982e+00 1.549453030905667246e-04 1.000000000000000000e+00 -7.415481443493940599e-07 3.238671174981846111e-04 1.113415168412487333e+00 1.293942405864430434e+00 1.144172661353790588e+00 1.447736720181090897e+00 0.000000000000000000e+00
6.994576137309488573e+00 1.772550413249394330e+00 1.553116483792506980e-04 1.000000000000000000e+00 5.609548370762650841e-06 3.203051157298861815e-04 1.200191566542329724e+00 1.300216405273129539e+00 1.149594767964978725e+00 1.454439181473233589e+00 0.000000000000000000e+00
7.000408985960828723e+00 1.771073496928063928e+00 1.545674945139162112e-04 1.000000000000000000e+00 8.872963421873358500e-06 3.160771167799167943e-04 1.243511211388536708e+00 1.300294747094526304e+00 1.150471058053513351e+00 1.454052018327534945e+00 0.000000000000000000e+00
7.006246698684376106e+00 1.769597811196173431e+00 1.491968990272574103e-04 1.000000000000000000e+00 3.957150950100309181e-06 3.082899937511213249e-04 1.166984332269208835e+00 1.293794488807413545e+00 1.143218256449603620e+00 1.449312286503432912e+00 0.000000000000000000e+00
7.012089279536330544e+00 1.768123355028376364e+00 1.304775783275763845e-04 1.000000000000000000e+00 -1.951648419598180583e-05 2.877507833218697990e-04 8.560796005868809289e-01 1.302529449790574612e+00 1.152181418305045391e+00 1.457633199083176345e+00 0.000000000000000000e+00
7.017936732576273151e+00 1.766650127400181791e+00 9.075341171643258370e-05 1.000000000000000000e+00 -6.306282128433195145e-05 2.487231725835224619e-04 3.887747998503812141e-01 1.340452642234701175e+00 1.187418444472147172e+00 1.494843942380740254e+00 0.000000000000000000e+00
7.023789061867172556e+00 1.765178127287950538e+00 5.450902253894048400e-05 1.000000000000000000e+00 -9.558018183242281965e-05 2.165179225501583917e-04 1.217603177679222881e-01 1.328301431593181370e+00 1.176000620630347049e+00 1.483324020139770827e+00 0.000000000000000000e+00
7.029646271475383124e+00 1.763707353668898525e+00 2.205586295055338832e-06 1.000000000000000000e+00 -1.307682994738092414e-04 1.672655485332647006e-04 2.415890019165090052e-04 1.343792350770047772e+00 1.190053822189930388e+00 1.498541484631130016e+00 0.000000000000000000e+00
7.035508365470652059e+00 1.762237805521092104e+00 -3.312907906366419932e-05 -1.000000000000000000e+00 -1.657722602102541798e-04 1.214836753959009247e-04 6.110143651761745787e-02 1.347671412297760218e+00 1.190879275613129229e+00 1.504856093893810698e+00 0.000000000000000000e+00
7.041375347926120298e+00 1.760769481823449834e+00 -7.118461910640306732e-05 -1.000000000000000000e+00 -2.055011502720538842e-04 8.235374102410797674e-05 2.436031600843904243e-01 1.362944917083705576e+00 1.203277016208829764e+00 1.522210032040316463e+00 0.000000000000000000e+00
7.047247222918324283e+00 1.759302381555740702e+00 -1.008775738361925560e-04 -1.000000000000000000e+00 -2.272623116753473354e-04 5.712672434324409844e-05 4.469755314181327321e-01 1.358577115838414340e+00 1.199556649141767961e+00 1.517419723056327330e+00 0.000000000000000000e+00
7.053123994527200402e+00 1.757836503698584130e+00 -1.423522629640539016e-04 -1.000000000000000000e+00 -2.624238089212028264e-04 1.819784686521276422e-05 8.740834696292267836e-01 1.406621215840875294e+00 1.247835473209246038e+00 1.564599356156119114e+00 0.000000000000000000e+00
7.059005666836087656e+00 1.756371847233449524e+00 -1.711802603637170204e-04 -1.000000000000000000e+00 -2.828311975380797417e-04 -1.458134992889068850e-05 1.302231747938137119e+00 1.426299696362768987e+00 1.268762718999214778e+00 1.584791159141283545e+00 0.000000000000000000e+00
7.064892243931729432e+00 1.754908411142653613e+00 -6.633021158921713475e-04 -1.000000000000000000e+00 0.000000000000000000e+00 0.000000000000000000e+00 0.000000000000000000e+00 1.532078579220491177e+00 0.000000000000000000e+00 0.000000000000000000e+00 1.000000000000000000e+00
7.070783729904277948e+00 1.753446194409361780e+00 -2.147137652066149528e-04 -1.000000000000000000e+00 -5.863064426130861363e-04 -8.547954531348733102e-05 2.539771685649483857e+00 1.459734757376111469e+00 1.301125642642744440e+00 1.621993338413970420e+00 0.000000000000000000e+00
7.076680128847296025e+00 1.751985196017586288e+00 -2.463588193351535041e-04 -1.000000000000000000e+00 -4.466452668820302188e-04 -1.125899414646734078e-04 3.202849529699022924e+00 1.458965213296052221e+00 1.298917586338995678e+00 1.625058945222362272e+00 0.000000000000000000e+00
7.082581444857760644e+00 1.750525414952186498e+00 -3.127226215653843185e-04 -1.000000000000000000e+00 -3.776417770513585998e-04 -1.529180576492620886e-04 3.850429143182509506e+00 1.442074605289769273e+00 1.330029944968589284e+00 1.625560414957016642e+00 0.000000000000000000e+00
7.088487682036063831e+00 1.749066850198867318e+00 -3.134205495718558692e-04 -1.000000000000000000e+00 -4.023558303255384341e-04 -1.814542775391926924e-04 4.242608358288208592e+00 1.452783028489793349e+00 1.311086656432739472e+00 1.628825318412695289e+00 0.000000000000000000e+00
7.094398844486017985e+00 1.747609500744178535e+00 -4.149608078803189285e-04 -1.000000000000000000e+00 -6.911104690962846997e-04 -1.596310483621730752e-04 4.012664303571241931e+00 1.482531721865723906e+00 1.317270990400171149e+00 1.652945486376451667e+00 0.000000000000000000e+00
7.100314936314857661e+00 1.746153365575515037e+00 -2.291140942570975313e-04 -1.000000000000000000e+00 -1.793502166899645350e-03 -7.577840523046965515e-05 2.557011121877749815e+00 1.428412152808954394e+00 1.257199016841835437e+00 1.732851213406926272e+00 0.000000000000000000e+00
7.106235961633242226e+00 1.744698443681114597e+00 -4.274295596257762244e-04 -1.000000000000000000e+00 0.000000000000000000e+00 0.000000000000000000e+00 0.000000000000000000e+00 1.413962389313136558e+00 0.000000000000000000e+00 0.000000000000000000e+00 1.000000000000000000e+00
7.112161924555259418e+00 1.743244734050058975e+00 -7.177228828919552479e-04 -1.000000000000000000e+00 0.000000000000000000e+00 0.000000000000000000e+00 0.000000000000000000e+00 1.441299974529507422e+00 0.000000000000000000e+00 0.000000000000000000e+00 1.000000000000000000e+00
7.118092829198427118e+00 1.741792235672271039e+00 -8.093852183472867879e-04 -1.000000000000000000e+00 0.000000000000000000e+00 0.000000000000000000e+00 0.000000000000000000e+00 1.485579255356552331e+00 0.000000000000000000e+00 0.000000000000000000e+00 1.000000000000000000e+00
7.124028679683696907e+00 1.740340947538516092e+00 -2.086545656081587638e-04 -1.000000000000000000e+00 -4.171686114545576011e-04 -2.572585093152287812e-05 1.533451550073863245e+00 1.465835790661923044e+00 1.297534096809021431e+00 1.636757551469528504e+00 0.000000000000000000e+00
7.129969480135457616e+00 1.738890868640399878e+00 -2.135883289722297356e-04 -1.000000000000000000e+00 -4.198501338451545101e-04 9.780004745789486502e-06 1.033953367631781362e+00 1.431986649917851961e+00 1.256759487493726013e+00 1.605789843622309254e+00 0.000000000000000000e+00
7.135915234681537100e+00 1.737441997970369245e+00 -1.253646367661740107e-04 -1.000000000000000000e+00 -4.193958678417560645e-04 5.248143301815643477e-05 5.038850589225916110e-01 1.412219681430057383e+00 1.234499224096734959e+00 1.586925852407917947e+00 0.000000000000000000e+00
7.141865947453204910e+00 1.735994334521709703e+00 -5.806882716231130881e-05 -1.000000000000000000e+00 -2.670571396093804947e-04 8.664165233016288162e-05 2.123559627152928897e-01 1.385290131089055965e+00 1.205759853340787613e+00 1.559324079867214330e+00 0.000000000000000000e+00
7.147821622585176726e+00 1.734547877288545648e+00 -2.735182444650809903e-05 -1.000000000000000000e+00 -1.853354458927940554e-04 1.213391655963229208e-04 4.740855171286284531e-02 1.351601533474283690e+00 1.166513928399171451e+00 1.531500174567774764e+00 0.000000000000000000e+00
7.153782264215615250e+00 1.733102625265839913e+00 -9.720856721432443768e-06 -1.000000000000000000e+00 -1.512890636124992821e-04 1.400820796518500891e-04 6.001447543454219158e-03 1.350141257769435388e+00 1.167039888034465678e+00 1.528776935262019077e+00 0.000000000000000000e+00
7.159747876486134643e+00 1.731658577449392222e+00 -4.175919909267361948e-06 -1.000000000000000000e+00 -1.399230335327397311e-04 1.470056867217996979e-04 1.099402864340959241e-03 1.370738222909237303e+00 1.185910349584762047e+00 1.549732575530077705e+00 0.000000000000000000e+00
7.165718463541802308e+00 1.730215732835839626e+00 4.803854193920045529e-06 1.000000000000000000e+00 -1.308538834658204680e-04 1.563783694330878125e-04 1.449364617513992926e-03 1.352457335483942868e+00 1.168236627808897143e+00 1.532359139623645783e+00 0.000000000000000000e+00
7.171694029531142434e+00 1.728774090422655174e+00 -5.863398233643833446e-06 -1.000000000000000000e+00 -1.444873877304933020e-04 1.475888027302638898e-04 2.082431109201365871e-03 1.381440894847547618e+00 1.195092831620647500e+00 1.560996061454096084e+00 0.000000000000000000e+00
7.177674578606138667e+00 1.727333649208146804e+00 -4.548584593397027499e-06 -1.000000000000000000e+00 -1.502234139753902918e-04 1.520896035575800540e-04 1.216764017911486917e-03 1.345720283785942106e+00 1.154186902194333175e+00 1.531915136778875031e+00 0.000000000000000000e+00
7.183660114922237661e+00 1.725894408191456675e+00 -1.356732649455546416e-05 -1.000000000000000000e+00 -1.712527047698091283e-04 1.455211040866337261e-04 1.037753216435532977e-02 1.336044622515855318e+00 1.145702435420331344e+00 1.522940954806939473e+00 0.000000000000000000e+00
7.189650642638349964e+00 1.724456366372562499e+00 -3.888010425566133506e-05 -1.000000000000000000e+00 -2.220295589278832495e-04 1.245441579625342532e-04 7.022758107405024930e-02 1.371536174942886488e+00 1.178058670524684270e+00 1.557552400799773196e+00 0.000000000000000000e+00
7.195646165916856241e+00 1.723019522752273547e+00 -6.610340634880372697e-05 -1.000000000000000000e+00 -2.872312308886494419e-04 1.174013296953476792e-04 1.122279346415666623e-01 1.361492211394127905e+00 1.169147484016725969e+00 1.548490142638311751e+00 0.000000000000000000e+00
7.201646688923606376e+00 1.721583876332232421e+00 -9.729826816136660924e-05 -1.000000000000000000e+00 -3.722699945440447714e-04 1.239265312060071930e-04 1.215053991727188532e-01 1.311844251385732685e+00 1.123926476817577180e+00 1.507088379571530856e+00 0.000000000000000000e+00
7.207652215827925701e+00 1.720149426114913060e+00 -2.204840906951848270e-04 -1.000000000000000000e+00 -6.758666675480302097e-04 9.658926373877209327e-05 3.442139166518529692e-01 1.360895363568453975e+00 1.168441259125930554e+00 1.552766604130602968e+00 0.000000000000000000e+00
7.213662750802614987e+00 1.718716171103621404e+00 -4.670573629982933679e-04 -1.000000000000000000e+00 -7.064226690060025670e-04 -1.665530119621818446e-04 1.230336020143965925e+00 1.392039657177697176e+00 1.193703237829512931e+00 1.563695098790238713e+00 0.000000000000000000e+00
7.219678298023954888e+00 1.717284110302493172e+00 -1.255565897797569601e-02 -1.000000000000000000e+00 0.000000000000000000e+00 0.000000000000000000e+00 0.000000000000000000e+00 1.529833790008892302e+00 0.000000000000000000e+00 0.000000000000000000e+00 1.000000000000000000e+00
7.225698861671710382e+00 1.715853242716494531e+00 -7.367021368115538316e-01 -1.000000000000000000e+00 0.000000000000000000e+00 0.000000000000000000e+00 0.000000000000000000e+00 2.333515303504311245e+00 0.000000000000000000e+00 0.000000000000000000e+00 1.000000000000000000e+00
7.231724445929129885e+00 1.714423567351419875e+00 -2.265140681970813086e-01 -1.000000000000000000e+00 0.000000000000000000e+00 0.000000000000000000e+00 0.000000000000000000e+00 1.821223739550103859e+00 0.000000000000000000e+00 0.000000000000000000e+00 1.000000000000000000e+00
7.237755054982951464e+00 1.712995083213891823e+00 -3.760143462494560523e-03 -1.000000000000000000e+00 0.000000000000000000e+00 0.000000000000000000e+00 0.000000000000000000e+00 1.376657687832483434e+00 0.000000000000000000e+00 0.000000000000000000e+00 1.000000000000000000e+00
7.243790693023404614e+00 1.711567789311361887e+00 -7.265729132263198942e-03 -1.000000000000000000e+00 0.000000000000000000e+00 0.000000000000000000e+00 0.000000000000000000e+00 1.409314704562271148e+00 0.000000000000000000e+00 0.000000000000000000e+00 1.000000000000000000e+00
7.249831364244212040e+00 1.710141684652107807e+00 -9.573645187918837160e-03 -1.000000000000000000e+00 0.000000000000000000e+00 0.000000000000000000e+00 0.000000000000000000e+00 1.343052552674572686e+00 0.000000000000000000e+00 0.000000000000000000e+00 1.000000000000000000e+00
7.255877072842594977e+00 1.708716768245233997e+00 -9.043949445179551988e-03 -1.000000000000000000e+00 0.000000000000000000e+00 0.000000000000000000e+00 0.000000000000000000e+00 1.276503827650086853e+00 0.000000000000000000e+00 0.000000000000000000e+00 1.000000000000000000e+00
7.261927823019274086e+00 1.707293039100669763e+00 -3.937293368133985665e-03 -1.000000000000000000e+00 0.000000000000000000e+00 0.000000000000000000e+00 0.000000000000000000e+00 1.255170548475055936e+00 0.000000000000000000e+00 0.000000000000000000e+00 1.000000000000000000e+00
7.267983618978473004e+00 1.705870496229170197e+00 -7.162155526884841361e-01 -1.000000000000000000e+00 0.000000000000000000e+00 0.000000000000000000e+00 0.000000000000000000e+00 2.237091034290568103e+00 0.000000000000000000e+00 0.000000000000000000e+00 1.000000000000000000e+00
7.274044464927921894e+00 1.704449138642313732e+00 -7.437069806028588637e-03 -1.000000000000000000e+00 -2.790534676377412135e-02 1.026885393427484985e-04 6.554929679436440892e+00 1.353776505337999314e+00 1.153662336250275144e+00 1.574311375267706259e+00 0.000000000000000000e+00
7.280110365078859225e+00 1.703028965352503699e+00 -4.655027233379627205e-01 -1.000000000000000000e+00 0.000000000000000000e+00 0.000000000000000000e+00 0.000000000000000000e+00 1.471816160203510693e+00 0.000000000000000000e+00 0.000000000000000000e+00 1.000000000000000000e+00
7.286181323646034436e+00 1.701609975372965211e+00 -2.822970857353387375e-01 -1.000000000000000000e+00 0.000000000000000000e+00 0.000000000000000000e+00 0.000000000000000000e+00 1.408355024698879188e+00 0.000000000000000000e+00 0.000000000000000000e+00 1.000000000000000000e+00
7.292257344847713263e+00 1.700192167717745617e+00 -1.308263112247483928e+00 -1.000000000000000000e+00 0.000000000000000000e+00 0.000000000000000000e+00 0.000000000000000000e+00 2.568693848173129624e+00 0.000000000000000000e+00 0.000000000000000000e+00 1.000000000000000000e+00
7.298338432905678630e+00 1.698775541401714717e+00 -1.395662224845243937e+00 -1.000000000000000000e+00 0.000000000000000000e+00 0.000000000000000000e+00 0.000000000000000000e+00 2.438757997969930535e+00 0.000000000000000000e+00 0.000000000000000000e+00 1.000000000000000000e+00
7.304424592045234199e+00 1.697360095440562322e+00 -1.522599171876789725e+00 -1.000000000000000000e+00 0.000000000000000000e+00 0.000000000000000000e+00 0.000000000000000000e+00 2.396030589090745622e+00 0.000000000000000000e+00 0.000000000000000000e+00 1.000000000000000000e+00
7.310515826495206149e+00 1.695945828850798032e+00 -4.819771906826209040e-01 -1.000000000000000000e+00 0.000000000000000000e+00 0.000000000000000000e+00 0.000000000000000000e+00 1.716715371623837694e+00 0.000000000000000000e+00 0.000000000000000000e+00 1.000000000000000000e+00
7.316612140487947613e+00 1.694532740649751679e+00 -2.921531675854098786e-01 -1.000000000000000000e+00 0.000000000000000000e+00 0.000000000000000000e+00 0.000000000000000000e+00 1.444702799205329846e+00 0.000000000000000000e+00 0.000000000000000000e+00 1.000000000000000000e+00
7.322713538259342236e+00 1.693120829855571774e+00 -7.211661028566858367e-02 -1.000000000000000000e+00 0.000000000000000000e+00 0.000000000000000000e+00 0.000000000000000000e+00 1.338263216912570774e+00 0.000000000000000000e+00 0.000000000000000000e+00 1.000000000000000000e+00
7.328820024048804171e+00 1.691710095487224841e+00 -4.703287687713045978e-02 -1.000000000000000000e+00 0.000000000000000000e+00 0.000000000000000000e+00 0.000000000000000000e+00 1.123645654677403627e+00 0.000000000000000000e+00 0.000000000000000000e+00 1.000000000000000000e+00
7.334931602099284298e+00 1.690300536564494527e+00 -4.735946221691814963e-04 -1.000000000000000000e+00 0.000000000000000000e+00 0.000000000000000000e+00 0.000000000000000000e+00 9.403480472845519023e-01 0.000000000000000000e+00 0.000000000000000000e+00 1.000000000000000000e+00
7.341048276657271110e+00 1.688892152107981603e+00 -3.237373236794160547e-04 -1.000000000000000000e+00 0.000000000000000000e+00 0.000000000000000000e+00 0.000000000000000000e+00 9.102323919297641286e-01 0.000000000000000000e+00 0.000000000000000000e+00 1.000000000000000000e+00
7.347170051972794269e+00 1.687484941139102412e+00 -3.625853654630631449e-04 -1.000000000000000000e+00 0.000000000000000000e+00 0.000000000000000000e+00 0.000000000000000000e+00 9.280041540816517109e-01 0.000000000000000000e+00 0.000000000000000000e+00 1.000000000000000000e+00
7.353296932299427269e+00 1.686078902680089531e+00 -1.726731169153126414e-03 -1.000000000000000000e+00 0.000000000000000000e+00 0.000000000000000000e+00 0.000000000000000000e+00 8.976406081108423418e-01 0.000000000000000000e+00 0.000000000000000000e+00 1.000000000000000000e+00
7.359428921894291875e+00 1.684674035753989330e+00 -1.013906941309512940e-03 -1.000000000000000000e+00 0.000000000000000000e+00 0.000000000000000000e+00 0.000000000000000000e+00 8.198666611386262737e-01 0.000000000000000000e+00 0.000000000000000000e+00 1.000000000000000000e+00
7.365566025018059015e+00 1.683270339384662417e+00 -9.915749565652148823e-02 -1.000000000000000000e+00 -1.423787143126662158e-01 -3.739861731553385110e-02 1.004801000312539117e+01 1.163675932020979964e+00 9.748419481795190800e-01 1.634174786244058986e+00 0.000000000000000000e+00
7.371708245934952330e+00 1.681867812596783196e+00 -1.478704471995723191e-01 -1.000000000000000000e+00 0.000000000000000000e+00 0.000000000000000000e+00 0.000000000000000000e+00 1.338242612539752185e+00 0.000000000000000000e+00 0.000000000000000000e+00 1.000000000000000000e+00
7.377855588912752616e+00 1.680466454415837863e+00 -2.612320447350399144e-01 -1.000000000000000000e+00 0.000000000000000000e+00 0.000000000000000000e+00 0.000000000000000000e+00 1.106559725698483598e+00 0.000000000000000000e+00 0.000000000000000000e+00 1.000000000000000000e+00
7.384008058222798709e+00 1.679066263868125519e+00 -1.442875096493669018e-01 -1.000000000000000000e+00 0.000000000000000000e+00 0.000000000000000000e+00 0.000000000000000000e+00 1.214238294093896275e+00 0.000000000000000000e+00 0.000000000000000000e+00 1.000000000000000000e+00
7.390165658139991045e+00 1.677667239980756175e+00 -3.283690016616906959e-01 -1.000000000000000000e+00 0.000000000000000000e+00 0.000000000000000000e+00 0.000000000000000000e+00 7.889342061042822207e-01 0.000000000000000000e+00 0.000000000000000000e+00 1.000000000000000000e+00
7.396328392942796093e+00 1.676269381781650081e+00 0.000000000000000000e+00 1.000000000000000000e+00 0.000000000000000000e+00 0.000000000000000000e+00 0.000000000000000000e+00 0.000000000000000000e+00 0.000000000000000000e+00 0.000000000000000000e+00 1.000000000000000000e+00
7.402496266913247247e+00 1.674872688299538392e+00 0.000000000000000000e+00 1.000000000000000000e+00 0.000000000000000000e+00 0.000000000000000000e+00 0.000000000000000000e+00 0.000000000000000000e+00 0.000000000000000000e+00 0.000000000000000000e+00 1.000000000000000000e+00
7.408669284336948380e+00 1.673477158563960288e+00 -1.210684765469166035e-01 -1.000000000000000000e+00 0.000000000000000000e+00 0.000000000000000000e+00 0.000000000000000000e+00 5.411198673247928914e-01 0.000000000000000000e+00 0.000000000000000000e+00 1.000000000000000000e+00
7.414847449503079169e+00 1.672082791605264962e+00 -2.862125024561892328e-01 -1.000000000000000000e+00 0.000000000000000000e+00 0.000000000000000000e+00 0.000000000000000000e+00 6.676379304223253319e-01 0.000000000000000000e+00 0.000000000000000000e+00 1.000000000000000000e+00
7.421030766704393322e+00 1.670689586454608300e+00 0.000000000000000000e+00 1.000000000000000000e+00 0.000000000000000000e+00 0.000000000000000000e+00 0.000000000000000000e+00 0.000000000000000000e+00 0.000000000000000000e+00 0.000000000000000000e+00 1.000000000000000000e+00
7.427219240237226572e+00 1.669297542143953983e+00 0.000000000000000000e+00 1.000000000000000000e+00 0.000000000000000000e+00 0.000000000000000000e+00 0.000000000000000000e+00 0.000000000000000000e+00 0.000000000000000000e+00 0.000000000000000000e+00 1.000000000000000000e+00
7.433412874401496673e+00 1.667906657706072160e+00 0.000000000000000000e+00 1.000000000000000000e+00 0.000000000000000000e+00 0.000000000000000000e+00 0.000000000000000000e+00 0.000000000000000000e+00 0.000000000000000000e+00 0.000000000000000000e+00 1.000000000000000000e+00
7.439611673500706956e+00 1.666516932174539223e+00 0.000000000000000000e+00 1.000000000000000000e+00 0.000000000000000000e+00 0.000000000000000000e+00 0.000000000000000000e+00 0.000000000000000000e+00 0.000000000000000000e+00 0.000000000000000000e+00 1.000000000000000000e+00
7.445815641841948995e+00 1.665128364583736253e+00 0.000000000000000000e+00 1.000000000000000000e+00 0.000000000000000000e+00 0.000000000000000000e+00 0.000000000000000000e+00 0.000000000000000000e+00 0.000000000000000000e+00 0.000000000000000000e+00 1.000000000000000000e+00
7.452024783735907043e+00 1.663740953968849468e+00 0.000000000000000000e+00 1.000000000000000000e+00 0.000000000000000000e+00 0.000000000000000000e+00 0.000000000000000000e+00 0.000000000000000000e+00 0.000000000000000000e+00 0.000000000000000000e+00 1.000000000000000000e+00
7.458239103496859812e+00 1.662354699365868660e+00 0.000000000000000000e+00 1.000000000000000000e+00 0.000000000000000000e+00 0.000000000000000000e+00 0.000000000000000000e+00 0.000000000000000000e+00 0.000000000000000000e+00 0.000000000000000000e+00 1.000000000000000000e+00
7.464458605442683137e+00 1.660969599811586539e+00 0.000000000000000000e+00 1.000000000000000000e+00 0.000000000000000000e+00 0.000000000000000000e+00 0.000000000000000000e+00 0.000000000000000000e+00 0.000000000000000000e+00 0.000000000000000000e+00 1.000000000000000000e+00
7.470683293894854415e+00 1.659585654343599170e+00 0.000000000000000000e+00 1.000000000000000000e+00 0.000000000000000000e+00 0.000000000000000000e+00 0.000000000000000000e+00 0.000000000000000000e+00 0.000000000000000000e+00 0.000000000000000000e+00 1.000000000000000000e+00
7.476913173178454386e+00 1.658202862000304201e+00 0.000000000000000000e+00 1.000000000000000000e+00 0.000000000000000000e+00 0.000000000000000000e+00 0.000000000000000000e+00 0.000000000000000000e+00 0.000000000000000000e+00 0.000000000000000000e+00 1.000000000000000000e+00
7.483148247622170679e+00 1.656821221820899526e+00 0.000000000000000000e+00 1.000000000000000000e+00 0.000000000000000000e+00 0.000000000000000000e+00 0.000000000000000000e+00 0.000000000000000000e+00 0.000000000000000000e+00 0.000000000000000000e+00 1.000000000000000000e+00
7.489388521558299594e+00 1.655440732845385288e+00 -1.480269705152156723e+00 -1.000000000000000000e+00 0.000000000000000000e+00 0.000000000000000000e+00 0.000000000000000000e+00 1.783629136618782418e+00 0.000000000000000000e+00 0.000000000000000000e+00 1.000000000000000000e+00
7.495633999322752317e+00 1.654061394114560324e+00 0.000000000000000000e+00 1.000000000000000000e+00 0.000000000000000000e+00 0.000000000000000000e+00 0.000000000000000000e+00 0.000000000000000000e+00 0.000000000000000000e+00 0.000000000000000000e+00 1.000000000000000000e+00
7.501884685255054031e+00 1.652683204670022832e+00 0.000000000000000000e+00 1.000000000000000000e+00 0.000000000000000000e+00 0.000000000000000000e+00 0.000000000000000000e+00 0.000000000000000000e+00 0.000000000000000000e+00 0.000000000000000000e+00 1.000000000000000000e+00
7.508140583698349246e+00 1.651306163554170148e+00 0.000000000000000000e+00 1.000000000000000000e+00 0.000000000000000000e+00 0.000000000000000000e+00 0.000000000000000000e+00 0.000000000000000000e+00 0.000000000000000000e+00 0.000000000000000000e+00 1.000000000000000000e+00
7.514401698999403578e+00 1.649930269810196748e+00 0.000000000000000000e+00 1.000000000000000000e+00 0.000000000000000000e+00 0.000000000000000000e+00 0.000000000000000000e+00 0.000000000000000000e+00 0.000000000000000000e+00 0.000000000000000000e+00 1.000000000000000000e+00
7.520668035508609073e+00 1.648555522482095359e+00 0.000000000000000000e+00 1.000000000000000000e+00 0.000000000000000000e+00 0.000000000000000000e+00 0.000000000000000000e+00 0.000000000000000000e+00 0.000000000000000000e+00 0.000000000000000000e+00 1.000000000000000000e+00
7.526939597579984209e+00 1.647181920614653627e+00 0.000000000000000000e+00 1.000000000000000000e+00 0.000000000000000000e+00 0.000000000000000000e+00 0.000000000000000000e+00 0.000000000000000000e+00 0.000000000000000000e+00 0.000000000000000000e+00 1.000000000000000000e+00
7.533216389571179228e+00 1.645809463253457006e+00 0.000000000000000000e+00 1.000000000000000000e+00 0.000000000000000000e+00 0.000000000000000000e+00 0.000000000000000000e+00 0.000000000000000000e+00 0.000000000000000000e+00 0.000000000000000000e+00 1.000000000000000000e+00
7.539498415843477019e+00 1.644438149444884756e+00 0.000000000000000000e+00 1.000000000000000000e+00 0.000000000000000000e+00 0.000000000000000000e+00 0.000000000000000000e+00 0.000000000000000000e+00 0.000000000000000000e+00 0.000000000000000000e+00 1.000000000000000000e+00
7.545785680761798453e+00 1.643067978236111282e+00 0.000000000000000000e+00 1.000000000000000000e+00 0.000000000000000000e+00 0.000000000000000000e+00 0.000000000000000000e+00 0.000000000000000000e+00 0.000000000000000000e+00 0.000000000000000000e+00 1.000000000000000000e+00
7.552078188694705041e+00 1.641698948675104575e+00 0.000000000000000000e+00 1.000000000000000000e+00 0.000000000000000000e+00 0.000000000000000000e+00 0.000000000000000000e+00 0.000000000000000000e+00 0.000000000000000000e+00 0.000000000000000000e+00 1.000000000000000000e+00
7.558375944014398939e+00 1.640331059810627101e+00 0.000000000000000000e+00 1.000000000000000000e+00 0.000000000000000000e+00 0.000000000000000000e+00 0.000000000000000000e+00 0.000000000000000000e+00 0.000000000000000000e+00 0.000000000000000000e+00 1.000000000000000000e+00
7.564678951096730941e+00 1.638964310692231585e+00 0.000000000000000000e+00 1.000000000000000000e+00 0.000000000000000000e+00 0.000000000000000000e+00 0.000000000000000000e+00 0.000000000000000000e+00 0.000000000000000000e+00 0.000000000000000000e+00 1.000000000000000000e+00
7.570987214321198699e+00 1.637598700370265004e+00 4.446214613649654619e-04 1.000000000000000000e+00 0.000000000000000000e+00 0.000000000000000000e+00 0.000000000000000000e+00 1.047997028118508673e-17 0.000000000000000000e+00 0.000000000000000000e+00 1.000000000000000000e+00
7.577300738070952946e+00 1.636234227895864146e+00 2.990716142461944185e-04 1.000000000000000000e+00 0.000000000000000000e+00 5.347754530532922851e-04 1.039319944617034253e+00 6.860365710356386990e-05 0.000000000000000000e+00 7.149462278932847137e-02 0.000000000000000000e+00
7.583619526732800153e+00 1.634870892320956948e+00 3.648040463889238292e-04 1.000000000000000000e+00 0.000000000000000000e+00 0.000000000000000000e+00 0.000000000000000000e+00 2.501319641805473272e-05 0.000000000000000000e+00 0.000000000000000000e+00 1.000000000000000000e+00
7.589943584697204315e+00 1.633508692698261822e+00 5.999700883457686519e-04 1.000000000000000000e+00 0.000000000000000000e+00 0.000000000000000000e+00 0.000000000000000000e+00 2.725158304466574327e-17 0.000000000000000000e+00 0.000000000000000000e+00 1.000000000000000000e+00
7.596272916358290495e+00 1.632147628081284996e+00 6.226198070281693722e-04 1.000000000000000000e+00 0.000000000000000000e+00 0.000000000000000000e+00 0.000000000000000000e+00 2.736454647975085243e-16 0.000000000000000000e+00 0.000000000000000000e+00 1.000000000000000000e+00
7.602607526113848380e+00 1.630787697524322288e+00 7.005391660115951186e-04 1.000000000000000000e+00 0.000000000000000000e+00 0.000000000000000000e+00 0.000000000000000000e+00 2.618215699124061181e-10 0.000000000000000000e+00 0.000000000000000000e+00 1.000000000000000000e+00
7.608947418365335835e+00 1.629428900082457776e+00 6.934567840332283781e-04 1.000000000000000000e+00 0.000000000000000000e+00 0.000000000000000000e+00 0.000000000000000000e+00 3.444897040196459506e-14 0.000000000000000000e+00 0.000000000000000000e+00 1.000000000000000000e+00
7.615292597517878903e+00 1.628071234811562906e+00 7.087541054741110236e-04 1.000000000000000000e+00 0.000000000000000000e+00 0.000000000000000000e+00 0.000000000000000000e+00 4.606175066862340465e-19 0.000000000000000000e+00 0.000000000000000000e+00 1.000000000000000000e+00
7.621643067980279795e+00 1.626714700768294497e+00 8.170299556138517624e-04 1.000000000000000000e+00 0.000000000000000000e+00 0.000000000000000000e+00 0.000000000000000000e+00 4.795928338319381395e-18 0.000000000000000000e+00 0.000000000000000000e+00 1.000000000000000000e+00
7.627998834165015118e+00 1.625359297010096737e+00 9.231136351262142449e-04 1.000000000000000000e+00 0.000000000000000000e+00 0.000000000000000000e+00 0.000000000000000000e+00 3.384739697737512468e-18 0.000000000000000000e+00 0.000000000000000000e+00 1.000000000000000000e+00
7.634359900488242090e+00 1.624005022595198744e+00 8.428647909289373880e-04 1.000000000000000000e+00 0.000000000000000000e+00 0.000000000000000000e+00 0.000000000000000000e+00 1.808516842995972482e-18 0.000000000000000000e+00 0.000000000000000000e+00 1.000000000000000000e+00
7.640726271369800315e+00 1.622651876582614117e+00 1.024157529230678744e-03 1.000000000000000000e+00 0.000000000000000000e+00 0.000000000000000000e+00 0.000000000000000000e+00 1.519209464602330609e-09 0.000000000000000000e+00 0.000000000000000000e+00 1.000000000000000000e+00
7.647097951233216229e+00 1.621299858032140939e+00 6.135541833518802154e-04 1.000000000000000000e+00 0.000000000000000000e+00 0.000000000000000000e+00 0.000000000000000000e+00 5.290258883742683490e-11 0.000000000000000000e+00 0.000000000000000000e+00 1.000000000000000000e+00
7.653474944505703093e+00 1.619948966004359558e+00 9.252817370038593286e-04 1.000000000000000000e+00 0.000000000000000000e+00 0.000000000000000000e+00 0.000000000000000000e+00 3.337362288229026876e-05 0.000000000000000000e+00 0.000000000000000000e+00 1.000000000000000000e+00
7.659857255618167216e+00 1.618599199560634805e+00 7.905133432369196387e-04 1.000000000000000000e+00 0.000000000000000000e+00 0.000000000000000000e+00 0.000000000000000000e+00 1.238378573697895478e-10 0.000000000000000000e+00 0.000000000000000000e+00 1.000000000000000000e+00
7.666244889005210617e+00 1.617250557763112662e+00 7.450942855992350898e-04 1.000000000000000000e+00 0.000000000000000000e+00 0.000000000000000000e+00 0.000000000000000000e+00 3.044986235970654780e-16 0.000000000000000000e+00 0.000000000000000000e+00 1.000000000000000000e+00
7.672637849105131913e+00 1.615903039674720043e+00 6.433396276689026805e-04 1.000000000000000000e+00 0.000000000000000000e+00 0.000000000000000000e+00 0.000000000000000000e+00 1.460209415651215184e-12 0.000000000000000000e+00 0.000000000000000000e+00 1.000000000000000000e+00
7.679036140359931650e+00 1.614556644359165460e+00 0.000000000000000000e+00 1.000000000000000000e+00 0.000000000000000000e+00 0.000000000000000000e+00 0.000000000000000000e+00 0.000000000000000000e+00 0.000000000000000000e+00 0.000000000000000000e+00 1.000000000000000000e+00
7.685439767215314077e+00 1.613211370880937023e+00 -9.936340642403651202e+01 -1.000000000000000000e+00 0.000000000000000000e+00 0.000000000000000000e+00 0.000000000000000000e+00 6.352777337304877392e+01 0.000000000000000000e+00 0.000000000000000000e+00 1.000000000000000000e+00
7.691848734120691589e+00 1.611867218305303329e+00 0.000000000000000000e+00 1.000000000000000000e+00 0.000000000000000000e+00 0.000000000000000000e+00 0.000000000000000000e+00 0.000000000000000000e+00 0.000000000000000000e+00 0.000000000000000000e+00 1.000000000000000000e+00
7.698263045529186499e+00 1.610524185698310351e+00 0.000000000000000000e+00 1.000000000000000000e+00 0.000000000000000000e+00 0.000000000000000000e+00 0.000000000000000000e+00 0.000000000000000000e+00 0.000000000000000000e+00 0.000000000000000000e+00 1.000000000000000000e+00
7.704682705897634598e+00 1.609182272126782998e+00 0.000000000000000000e+00 1.000000000000000000e+00 0.000000000000000000e+00 0.000000000000000000e+00 0.000000000000000000e+00 0.000000000000000000e+00 0.000000000000000000e+00 0.000000000000000000e+00 1.000000000000000000e+00
7.711107719686588702e+00 1.607841476658323998e+00 0.000000000000000000e+00 1.000000000000000000e+00 0.000000000000000000e+00 0.000000000000000000e+00 0.000000000000000000e+00 0.000000000000000000e+00 0.000000000000000000e+00 0.000000000000000000e+00 1.000000000000000000e+00
7.717538091360320429e+00 1.606501798361312572e+00 0.000000000000000000e+00 1.000000000000000000e+00 0.000000000000000000e+00 0.000000000000000000e+00 0.000000000000000000e+00 0.000000000000000000e+00 0.000000000000000000e+00 0.000000000000000000e+00 1.000000000000000000e+00
7.723973825386825531e+00 1.605163236304904206e+00 0.000000000000000000e+00 1.000000000000000000e+00 0.000000000000000000e+00 0.000000000000000000e+00 0.000000000000000000e+00 0.000000000000000000e+00 0.000000000000000000e+00 0.000000000000000000e+00 1.000000000000000000e+00
7.730414926237823892e+00 1.603825789559029547e+00 0.000000000000000000e+00 1.000000000000000000e+00 0.000000000000000000e+00 0.000000000000000000e+00 0.000000000000000000e+00 0.000000000000000000e+00 0.000000000000000000e+00 0.000000000000000000e+00 1.000000000000000000e+00
7.736861398388765743e+00 1.602489457194395728e+00 0.000000000000000000e+00 1.000000000000000000e+00 0.000000000000000000e+00 0.000000000000000000e+00 0.000000000000000000e+00 0.000000000000000000e+00 0.000000000000000000e+00 0.000000000000000000e+00 1.000000000000000000e+00
7.743313246318833443e+00 1.601154238282482378e+00 0.000000000000000000e+00 1.000000000000000000e+00 0.000000000000000000e+00 0.000000000000000000e+00 0.000000000000000000e+00 0.000000000000000000e+00 0.000000000000000000e+00 0.000000000000000000e+00 1.000000000000000000e+00
7.749770474510944140e+00 1.599820131895543396e+00 0.000000000000000000e+00 1.000000000000000000e+00 0.000000000000000000e+00 0.000000000000000000e+00 0.000000000000000000e+00 0.000000000000000000e+00 0.000000000000000000e+00 0.000000000000000000e+00 1.000000000000000000e+00
7.756233087451753327e+00 1.598487137106606282e+00 0.000000000000000000e+00 1.000000000000000000e+00 0.000000000000000000e+00 0.000000000000000000e+00 0.000000000000000000e+00 0.000000000000000000e+00 0.000000000000000000e+00 0.000000000000000000e+00 1.000000000000000000e+00
7.762701089631657503e+00 1.597155252989470364e+00 0.000000000000000000e+00 1.000000000000000000e+00 0.000000000000000000e+00 0.000000000000000000e+00 0.000000000000000000e+00 0.000000000000000000e+00 0.000000000000000000e+00 0.000000000000000000e+00 1.000000000000000000e+00
7.769174485544799502e+00 1.595824478618706577e+00 0.000000000000000000e+00 1.000000000000000000e+00 0.000000000000000000e+00 0.000000000000000000e+00 0.000000000000000000e+00 0.000000000000000000e+00 0.000000000000000000e+00 0.000000000000000000e+00 1.000000000000000000e+00
7.775653279689067610e+00 1.594494813069657235e+00 0.000000000000000000e+00 1.000000000000000000e+00 0.000000000000000000e+00 0.000000000000000000e+00 0.000000000000000000e+00 0.000000000000000000e+00 0.000000000000000000e+00 0.000000000000000000e+00 1.000000000000000000e+00
7.782137476566102663e+00 1.593166255418435151e+00 0.000000000000000000e+00 1.000000000000000000e+00 0.000000000000000000e+00 0.000000000000000000e+00 0.000000000000000000e+00 0.000000000000000000e+00 0.000000000000000000e+00 0.000000000000000000e+00 1.000000000000000000e+00
7.788627080681298942e+00 1.591838804741922297e+00 0.000000000000000000e+00 1.000000000000000000e+00 0.000000000000000000e+00 0.000000000000000000e+00 0.000000000000000000e+00 0.000000000000000000e+00 0.000000000000000000e+00 0.000000000000000000e+00 1.000000000000000000e+00
7.795122096543806833e+00 1.590512460117771143e+00 0.000000000000000000e+00 1.000000000000000000e+00 0.000000000000000000e+00 0.000000000000000000e+00 0.000000000000000000e+00 0.000000000000000000e+00 0.000000000000000000e+00 0.000000000000000000e+00 1.000000000000000000e+00
7.801622528666539047e+00 1.589187220624400876e+00 0.000000000000000000e+00 1.000000000000000000e+00 0.000000000000000000e+00 0.000000000000000000e+00 0.000000000000000000e+00 0.000000000000000000e+00 0.000000000000000000e+00 0.000000000000000000e+00 1.000000000000000000e+00
7.808128381566169729e+00 1.587863085341000069e+00 0.000000000000000000e+00 1.000000000000000000e+00 0.000000000000000000e+00 0.000000000000000000e+00 0.000000000000000000e+00 0.000000000000000000e+00 0.000000000000000000e+00 0.000000000000000000e+00 1.000000000000000000e+00
7.814639659763139790e+00 1.586540053347523793e+00 0.000000000000000000e+00 1.000000000000000000e+00 0.000000000000000000e+00 0.000000000000000000e+00 0.000000000000000000e+00 0.000000000000000000e+00 0.000000000000000000e+00 0.000000000000000000e+00 1.000000000000000000e+00
7.821156367781661345e+00 1.585218123724693617e+00 0.000000000000000000e+00 1.000000000000000000e+00 0.000000000000000000e+00 0.000000000000000000e+00 0.000000000000000000e+00 0.000000000000000000e+00 0.000000000000000000e+00 0.000000000000000000e+00 1.000000000000000000e+00
7.827678510149716828e+00 1.583897295553998275e+00 0.000000000000000000e+00 1.000000000000000000e+00 0.000000000000000000e+00 0.000000000000000000e+00 0.000000000000000000e+00 0.000000000000000000e+00 0.000000000000000000e+00 0.000000000000000000e+00 1.000000000000000000e+00
7.834206091399066985e+00 1.582577567917689887e+00 -9.936340642403651202e+01 -1.000000000000000000e+00 0.000000000000000000e+00 0.000000000000000000e+00 0.000000000000000000e+00 6.739145840287582701e+01 0.000000000000000000e+00 0.000000000000000000e+00 1.000000000000000000e+00
7.840739116065250869e+00 1.581258939898786631e+00 0.000000000000000000e+00 1.000000000000000000e+00 0.000000000000000000e+00 0.000000000000000000e+00 0.000000000000000000e+00 0.000000000000000000e+00 0.000000000000000000e+00 0.000000000000000000e+00 1.000000000000000000e+00
7.847277588687588512e+00 1.579941410581070071e+00 0.000000000000000000e+00 1.000000000000000000e+00 0.000000000000000000e+00 0.000000000000000000e+00 0.000000000000000000e+00 0.000000000000000000e+00 0.000000000000000000e+00 0.000000000000000000e+00 1.000000000000000000e+00
7.853821513809187138e+00 1.578624979049085830e+00 0.000000000000000000e+00 1.000000000000000000e+00 0.000000000000000000e+00 0.000000000000000000e+00 0.000000000000000000e+00 0.000000000000000000e+00 0.000000000000000000e+00 0.000000000000000000e+00 1.000000000000000000e+00
7.860370895976941163e+00 1.577309644388141585e+00 0.000000000000000000e+00 1.000000000000000000e+00 0.000000000000000000e+00 0.000000000000000000e+00 0.000000000000000000e+00 0.000000000000000000e+00 0.000000000000000000e+00 0.000000000000000000e+00 1.000000000000000000e+00
7.866925739741537527e+00 1.575995405684307737e+00 0.000000000000000000e+00 1.000000000000000000e+00 0.000000000000000000e+00 0.000000000000000000e+00 0.000000000000000000e+00 0.000000000000000000e+00 0.000000000000000000e+00 0.000000000000000000e+00 1.000000000000000000e+00
7.873486049657457464e+00 1.574682262024415857e+00 0.000000000000000000e+00 1.000000000000000000e+00 0.000000000000000000e+00 0.000000000000000000e+00 0.000000000000000000e+00 0.000000000000000000e+00 0.000000000000000000e+00 0.000000000000000000e+00 1.000000000000000000e+00
7.880051830282980951e+00 1.573370212496058462e+00 0.000000000000000000e+00 1.000000000000000000e+00 0.000000000000000000e+00 0.000000000000000000e+00 0.000000000000000000e+00 0.000000000000000000e+00 0.000000000000000000e+00 0.000000000000000000e+00 1.000000000000000000e+00
7.886623086180188480e+00 1.572059256187587906e+00 0.000000000000000000e+00 1.000000000000000000e+00 0.000000000000000000e+00 0.000000000000000000e+00 0.000000000000000000e+00 0.000000000000000000e+00 0.000000000000000000e+00 0.000000000000000000e+00 1.000000000000000000e+00
7.893199821914964609e+00 1.570749392188117488e+00 0.000000000000000000e+00 1.000000000000000000e+00 0.000000000000000000e+00 0.000000000000000000e+00 0.000000000000000000e+00 0.000000000000000000e+00 0.000000000000000000e+00 0.000000000000000000e+00 1.000000000000000000e+00
7.899782042057002407e+00 1.569440619587517682e+00 0.000000000000000000e+00 1.000000000000000000e+00 0.000000000000000000e+00 0.000000000000000000e+00 0.000000000000000000e+00 0.000000000000000000e+00 0.000000000000000000e+00 0.000000000000000000e+00 1.000000000000000000e+00
7.906369751179806116e+00 1.568132937476418354e+00 0.000000000000000000e+00 1.000000000000000000e+00 0.000000000000000000e+00 0.000000000000000000e+00 0.000000000000000000e+00 0.000000000000000000e+00 0.000000000000000000e+00 0.000000000000000000e+00 1.000000000000000000e+00
7.912962953860692039e+00 1.566826344946206540e+00 0.000000000000000000e+00 1.000000000000000000e+00 0.000000000000000000e+00 0.000000000000000000e+00 0.000000000000000000e+00 0.000000000000000000e+00 0.000000000000000000e+00 0.000000000000000000e+00 1.000000000000000000e+00
7.919561654680794760e+00 1.565520841089027337e+00 0.000000000000000000e+00 1.000000000000000000e+00 0.000000000000000000e+00 0.000000000000000000e+00 0.000000000000000000e+00 0.000000000000000000e+00 0.000000000000000000e+00 0.000000000000000000e+00 1.000000000000000000e+00
7.926165858225068916e+00 1.564216424997781019e+00 0.000000000000000000e+00 1.000000000000000000e+00 0.000000000000000000e+00 0.000000000000000000e+00 0.000000000000000000e+00 0.000000000000000000e+00 0.000000000000000000e+00 0.000000000000000000e+00 1.000000000000000000e+00
7.932775569082291867e+00 1.562913095766124583e+00 0.000000000000000000e+00 1.000000000000000000e+00 0.000000000000000000e+00 0.000000000000000000e+00 0.000000000000000000e+00 0.000000000000000000e+00 0.000000000000000000e+00 0.000000000000000000e+00 1.000000000000000000e+00
7.939390791845069018e+00 1.561610852488469980e+00 0.000000000000000000e+00 1.000000000000000000e+00 0.000000000000000000e+00 0.000000000000000000e+00 0.000000000000000000e+00 0.000000000000000000e+00 0.000000000000000000e+00 0.000000000000000000e+00 1.000000000000000000e+00
7.946011531109834714e+00 1.560309694259983226e+00 0.000000000000000000e+00 1.000000000000000000e+00 0.000000000000000000e+00 0.000000000000000000e+00 0.000000000000000000e+00 0.000000000000000000e+00 0.000000000000000000e+00 0.000000000000000000e+00 1.000000000000000000e+00
7.952637791476856677e+00 1.559009620176584621e+00 0.000000000000000000e+00 1.000000000000000000e+00 0.000000000000000000e+00 0.000000000000000000e+00 0.000000000000000000e+00 0.000000000000000000e+00 0.000000000000000000e+00 0.000000000000000000e+00 1.000000000000000000e+00
7.959269577550237784e+00 1.557710629334948083e+00 0.000000000000000000e+00 1.000000000000000000e+00 0.000000000000000000e+00 0.000000000000000000e+00 0.000000000000000000e+00 0.000000000000000000e+00 0.000000000000000000e+00 0.000000000000000000e+00 1.000000000000000000e+00
7.965906893937922284e+00 1.556412720832499597e+00 0.000000000000000000e+00 1.000000000000000000e+00 0.000000000000000000e+00 0.000000000000000000e+00 0.000000000000000000e+00 0.000000000000000000e+00 0.000000000000000000e+00 0.000000000000000000e+00 1.000000000000000000e+00
7.972549745251694908e+00 1.555115893767417656e+00 0.000000000000000000e+00 1.000000000000000000e+00 0.000000000000000000e+00 0.000000000000000000e+00 0.000000000000000000e+00 0.000000000000000000e+00 0.000000000000000000e+00 0.000000000000000000e+00 1.000000000000000000e+00
7.979198136107187977e+00 1.553820147238631932e+00 0.000000000000000000e+00 1.000000000000000000e+00 0.000000000000000000e+00 0.000000000000000000e+00 0.000000000000000000e+00 0.000000000000000000e+00 0.000000000000000000e+00 0.000000000000000000e+00 1.000000000000000000e+00
7.985852071123881402e+00 1.552525480345822828e+00 0.000000000000000000e+00 1.000000000000000000e+00 0.000000000000000000e+00 0.000000000000000000e+00 0.000000000000000000e+00 0.000000000000000000e+00 0.000000000000000000e+00 0.000000000000000000e+00 1.000000000000000000e+00
7.992511554925108008e+00 1.551231892189421036e+00 0.000000000000000000e+00 1.000000000000000000e+00 0.000000000000000000e+00 0.000000000000000000e+00 0.000000000000000000e+00 0.000000000000000000e+00 0.000000000000000000e+00 0.000000000000000000e+00 1.000000000000000000e+00
7.999176592138056208e+00 1.549939381870606869e+00 0.000000000000000000e+00 1.000000000000000000e+00 0.000000000000000000e+00 0.000000000000000000e+00 0.000000000000000000e+00 0.000000000000000000e+00 0.000000000000000000e+00 0.000000000000000000e+00 1.000000000000000000e+00
