# OBJ_NAME=4U 1916-053
#         GRID_START=6.00
#         GRID_END=8.00
#         GRID_STEP_FRACTION=0.50
#         XSPEC_FITSTAT=cstat
#         XSPEC_CONTINUUM_MODEL=tbabs*(bbodyrad + pow)*constant
#         XSPEC_LINE_MODEL=gauss
#         LINE_VELOCITY_WIDTH=500
#         INPUT_FILE=/home/simon/Downloads/tgcat/obs_21103_tgid_5612/pm_heg_abs1.pha
#         SEARCH_MODE=Sliding window
#         FIT_REGION_WIDTH=30.00
#         RUNTIME=69
#         COLUMN_NAMES=ENERGY,WAVELENGTH,NORM,NORM_SIGN,NORM_ERR_LO,NORM_ERR_HI,DELTA_FITSTAT,CONSTANT_FACTOR,CONSTANT_FACTOR_ERR_LO,CONSTANT_FACTOR_ERR_HI,FIT_ERR
6.000000000000000000e+00 2.066373137115381287e+00 -1.119252885445264577e-06 -1.000000000000000000e+00 -2.238990642001593070e-05 2.124840237545498752e-05 2.910251787710649296e-03 1.017958641904322725e+00 9.941928023206487719e-01 1.042091243873331852e+00 0.000000000000000000e+00
6.005003461427972589e+00 2.064651403172383937e+00 8.780596396350409589e-07 1.000000000000000000e+00 -2.044434832945535342e-05 2.329720922423573595e-05 1.792763676164099707e-03 1.015654538946369145e+00 9.917424978333420071e-01 1.039938682515750168e+00 0.000000000000000000e+00
6.010011095293655181e+00 2.062931103804642063e+00 9.671583636216424336e-07 1.000000000000000000e+00 -2.029993450800706982e-05 2.333706912966275910e-05 2.181422986637926442e-03 1.016242534528559283e+00 9.924765890137986490e-01 1.040375862032576038e+00 0.000000000000000000e+00
6.015022905076486737e+00 2.061212237816845594e+00 -4.745997921498574541e-07 -1.000000000000000000e+00 -2.166255806820726373e-05 2.181781691858152570e-05 5.270200945659553327e-04 1.017145646251303770e+00 9.933392811647430154e-01 1.041320364758813399e+00 0.000000000000000000e+00
6.020038894258807005e+00 2.059494804014679215e+00 -4.620469434161133552e-06 -1.000000000000000000e+00 -2.570782728734721844e-05 1.757297097370260852e-05 4.995034675749820963e-02 1.022031796003083359e+00 9.979949750593986035e-01 1.046442608997226076e+00 0.000000000000000000e+00
6.025059066325860080e+00 2.057778801204824592e+00 -7.940121098611380431e-06 -1.000000000000000000e+00 -2.892694999825133021e-05 1.416403513738183157e-05 1.476303057471426428e-01 1.019067491701800776e+00 9.950272695287371016e-01 1.043482652180420578e+00 0.000000000000000000e+00
6.030083424765796174e+00 2.056064228194956822e+00 -1.400557905127423256e-05 -1.000000000000000000e+00 -3.487350218938953619e-05 7.996228959278973164e-06 4.565645201555099675e-01 1.022954930887846281e+00 9.990107415412364800e-01 1.047269320970135809e+00 0.000000000000000000e+00
6.035111973069674285e+00 2.054351083793744426e+00 -1.902563778749104148e-05 -1.000000000000000000e+00 -3.988231171068120810e-05 2.973564920309668905e-06 8.345183320470681565e-01 1.023529822377373444e+00 9.993879373457938975e-01 1.048047523191774300e+00 0.000000000000000000e+00
6.040144714731465747e+00 2.052639366810848021e+00 -2.332429479831320780e-05 -1.000000000000000000e+00 -4.420386413259667235e-05 -1.303281720792874137e-06 1.240242242913865311e+00 1.026024476813679254e+00 1.001804563218012367e+00 1.050621744455834783e+00 0.000000000000000000e+00
6.045181653248054232e+00 2.050929076056921652e+00 -2.427603272727137240e-05 -1.000000000000000000e+00 -4.514911706155445782e-05 -2.261800944977751440e-06 1.339510015954815003e+00 1.024999667276378812e+00 1.000937430709588849e+00 1.049434903594762325e+00 0.000000000000000000e+00
6.050222792119239301e+00 2.049220210343609683e+00 -2.418125636053164036e-05 -1.000000000000000000e+00 -4.500917128847314007e-05 -2.206321002417855866e-06 1.333956975851265270e+00 1.029367937453538051e+00 1.005086906965836135e+00 1.054026847368628728e+00 0.000000000000000000e+00
6.055268134847740846e+00 2.047512768483544576e+00 -2.031881558276611520e-05 -1.000000000000000000e+00 -4.115207346972340303e-05 1.665396270099414979e-06 9.488231118051544399e-01 1.026987135839597887e+00 1.002709980611057761e+00 1.051643134116103218e+00 0.000000000000000000e+00
6.060317684939197314e+00 2.045806749290351334e+00 -1.369832934477919104e-05 -1.000000000000000000e+00 -3.465805898764434456e-05 8.400254857589378970e-06 4.336028148030095508e-01 1.017203330553933638e+00 9.930051998803249846e-01 1.041781869542832917e+00 0.000000000000000000e+00
6.065371445902172809e+00 2.044102151578641724e+00 -9.842207218105011868e-06 -1.000000000000000000e+00 -3.089986784108792974e-05 1.233818134871867821e-05 2.240408093380068522e-01 1.015857782040288981e+00 9.916841123915998146e-01 1.040412440699039820e+00 0.000000000000000000e+00
6.070429421248155322e+00 2.042398974164015168e+00 -8.591686694799414932e-06 -1.000000000000000000e+00 -2.964350700683298853e-05 1.358205358769171446e-05 1.711948096868809444e-01 1.019102253559837967e+00 9.948615717589576191e-01 1.043724918436443883e+00 0.000000000000000000e+00
6.075491614491562942e+00 2.040697215863058300e+00 -7.483536592828251024e-06 -1.000000000000000000e+00 -2.847309811993341912e-05 1.464129687048301099e-05 1.307836668692061721e-01 1.015641056290135458e+00 9.914113012327619989e-01 1.040253666335881677e+00 0.000000000000000000e+00
6.080558029149742971e+00 2.038996875493343186e+00 -9.723041309934236413e-06 -1.000000000000000000e+00 -3.066490769802755723e-05 1.237004231029949020e-05 2.202660058488987715e-01 1.016411586406745338e+00 9.921736987969890231e-01 1.041031643235841742e+00 0.000000000000000000e+00
6.085628668742976366e+00 2.037297951873428659e+00 -1.479285450303916859e-05 -1.000000000000000000e+00 -3.579913931411478323e-05 7.377579817758785080e-06 5.009937415035778940e-01 1.021415800539621888e+00 9.970599355988122303e-01 1.046155149240445725e+00 0.000000000000000000e+00
6.090703536794479511e+00 2.035600443822857208e+00 -1.881471455471135320e-05 -1.000000000000000000e+00 -4.002683005927851298e-05 3.567368628247411601e-06 7.901177500613698612e-01 1.021486226462451130e+00 9.970571382973441033e-01 1.046300812526557600e+00 0.000000000000000000e+00
6.095782636830406886e+00 2.033904350162153651e+00 -2.099450593257978244e-05 -1.000000000000000000e+00 -4.243132168456897077e-05 1.612691241834412711e-06 9.633874664045123382e-01 1.021115859919878188e+00 9.964727665340907814e-01 1.046151300629324599e+00 0.000000000000000000e+00
6.100865972379854618e+00 2.032209669712826461e+00 -1.920400905781480207e-05 -1.000000000000000000e+00 -4.069664792974001015e-05 3.470291006775933244e-06 8.038397519247126866e-01 1.018969537429585737e+00 9.944994237707506235e-01 1.043826975605247842e+00 0.000000000000000000e+00
6.105953546974859592e+00 2.030516401297367324e+00 -1.491063086733729050e-05 -1.000000000000000000e+00 -3.638701321802533667e-05 7.751852964431955786e-06 4.898438192875147479e-01 1.020112723427750279e+00 9.954616673236102997e-01 1.045156324373899714e+00 0.000000000000000000e+00
6.111045364150406556e+00 2.028824543739246700e+00 -7.260909397583517089e-06 -1.000000000000000000e+00 -2.876259189049474658e-05 1.541754290513081945e-05 1.179049159949698833e-01 1.016340201700300705e+00 9.917159071602974496e-01 1.041358297449202164e+00 0.000000000000000000e+00
6.116141427444425460e+00 2.027134095862917373e+00 -4.558257743369195761e-09 -1.000000000000000000e+00 -2.158997222512968361e-05 2.274363069798760918e-05 4.733196590223087696e-08 1.014110647810084975e+00 9.896801279470711643e-01 1.038930133282763846e+00 0.000000000000000000e+00
6.121241740397799447e+00 2.025445056493809570e+00 6.193376119472211708e-06 1.000000000000000000e+00 -1.556486063962832215e-05 2.910110936569051981e-05 8.654972926939308309e-02 1.010592272518501478e+00 9.860205702909641268e-01 1.035559164012118893e+00 0.000000000000000000e+00
6.126346306554362187e+00 2.023757424458334508e+00 9.906618719152439649e-06 1.000000000000000000e+00 -1.201196684805417068e-05 3.297248229573075955e-05 2.203237804160806945e-01 1.007737739775596664e+00 9.831546610396566521e-01 1.032717669609235056e+00 0.000000000000000000e+00
6.131455129460903208e+00 2.022071198583879958e+00 1.084333219001794280e-05 1.000000000000000000e+00 -1.121511996423637343e-05 3.405905213336980574e-05 2.614258378200844390e-01 1.005925619332080911e+00 9.813112785223681023e-01 1.030938330772714018e+00 0.000000000000000000e+00
6.136568212667169675e+00 2.020386377698810687e+00 9.096166631694430662e-06 1.000000000000000000e+00 -1.308199101419932133e-05 3.244557365935402685e-05 1.813689474157342829e-01 1.006549790396667143e+00 9.819132127058962656e-01 1.031584615805329452e+00 0.000000000000000000e+00
6.141685559725869936e+00 2.018702960632467569e+00 7.056237019809332377e-06 1.000000000000000000e+00 -1.525118268963653083e-05 3.054305636890242040e-05 1.075442172981553313e-01 1.004752263896495634e+00 9.800748527693498025e-01 1.029829716183318089e+00 0.000000000000000000e+00
6.146807174192673529e+00 2.017020946215167587e+00 4.615370756743678944e-06 1.000000000000000000e+00 -1.777896152494168309e-05 2.819347510791047481e-05 4.545575052731010146e-02 1.005097866189825551e+00 9.803555242223138677e-01 1.030241957443143619e+00 0.000000000000000000e+00
6.151933059626216505e+00 2.015340333278202056e+00 3.392710004418580401e-06 1.000000000000000000e+00 -1.901145786798130350e-05 2.698808279104195263e-05 2.446350184132484173e-02 1.005531990657043018e+00 9.807842321556106135e-01 1.030681155098644997e+00 0.000000000000000000e+00
6.157063219588101433e+00 2.013661120653835290e+00 3.974010548021456321e-06 1.000000000000000000e+00 -1.839826961220092805e-05 2.754309747458670132e-05 3.367912547766138687e-02 1.005554264037851642e+00 9.807719097773256456e-01 1.030739272459441302e+00 0.000000000000000000e+00
6.162197657642900950e+00 2.011983307175305935e+00 6.700265491910523471e-06 1.000000000000000000e+00 -1.566419694182472348e-05 3.025858861142876696e-05 9.636376294213278015e-02 1.003071499126889643e+00 9.782862374138425743e-01 1.028260572580339538e+00 0.000000000000000000e+00
6.167336377358160426e+00 2.010306891676824304e+00 1.068910318583283740e-05 1.000000000000000000e+00 -1.173194829137024680e-05 3.429713779683498488e-05 2.465966265234413868e-01 9.987046101600032255e-01 9.737861379370461590e-01 1.024033389717746489e+00 0.000000000000000000e+00
6.172479382304400630e+00 2.008631872993570600e+00 1.411455677734147514e-05 1.000000000000000000e+00 -8.360659634980951562e-06 3.777688141376190208e-05 4.306077194615767212e-01 9.961410994454974466e-01 9.714125876732554454e-01 1.021275009013721258e+00 0.000000000000000000e+00
6.177626676055119503e+00 2.006958249961698471e+00 1.772646052843608431e-05 1.000000000000000000e+00 -4.866967974898620881e-06 4.150708010564106796e-05 6.789305152080800099e-01 9.907220474271123400e-01 9.658656125844912177e-01 1.015990147284083100e+00 0.000000000000000000e+00
6.182778262186794827e+00 2.005286021418328790e+00 1.805297988601299082e-05 1.000000000000000000e+00 -4.597636183762334204e-06 4.188696194218867659e-05 7.012296279167031798e-01 9.929779894061785406e-01 9.680486538738914959e-01 1.018320883949700884e+00 0.000000000000000000e+00
6.187934144278887771e+00 2.003615186201552323e+00 1.769343942123342072e-05 1.000000000000000000e+00 -4.936264002088268599e-06 4.150539525057847208e-05 6.731292889155184866e-01 9.929750967763869562e-01 9.682007156263160441e-01 1.018158243481384728e+00 0.000000000000000000e+00
6.193094325913842901e+00 2.001945743150427948e+00 1.654346740167278630e-05 1.000000000000000000e+00 -6.026057990783222637e-06 4.030400961556302418e-05 5.905629645740191336e-01 9.907261841260900370e-01 9.657882487558462348e-01 1.016078818789473592e+00 0.000000000000000000e+00
6.198258810677093500e+00 2.000277691104981770e+00 1.398052007543626040e-05 1.000000000000000000e+00 -8.482647687598616587e-06 3.765105909542180269e-05 4.229968458167974177e-01 9.888171061703716624e-01 9.638579873131629672e-01 1.014191839694961850e+00 0.000000000000000000e+00
6.203427602157062459e+00 1.998611028906206677e+00 1.047020713377046929e-05 1.000000000000000000e+00 -1.190084178909484855e-05 3.405682698118542241e-05 2.368556406398170111e-01 9.866815410563311017e-01 9.618967230588386652e-01 1.011877069192153922e+00 0.000000000000000000e+00
6.208600703945164057e+00 1.996945755396060118e+00 4.770977268613478706e-06 1.000000000000000000e+00 -1.754499232146546677e-05 2.829520769585943543e-05 4.885104268589657295e-02 9.899566205612723158e-01 9.649286238185516007e-01 1.015402449392149187e+00 0.000000000000000000e+00
6.213778119635809283e+00 1.995281869417466547e+00 1.380790149320852457e-07 1.000000000000000000e+00 -2.204598147474803836e-05 2.352627678798209249e-05 4.095410881177485862e-05 9.889241161636456168e-01 9.638621710631385398e-01 1.014405758410209080e+00 0.000000000000000000e+00
6.218959852826404955e+00 1.993619369814312314e+00 -3.829619161276841797e-06 -1.000000000000000000e+00 -2.572916164450788208e-05 1.928558341494164804e-05 3.194539805726037685e-02 9.862125041240750178e-01 9.611494853709353636e-01 1.011696139130740857e+00 0.000000000000000000e+00
6.224145907117359044e+00 1.991958255431448777e+00 -8.906726904434870919e-06 -1.000000000000000000e+00 -3.041858896588270925e-05 1.383610822703540752e-05 1.760049311455276211e-01 9.880233311949594421e-01 9.629671047430230502e-01 1.013499072427520353e+00 0.000000000000000000e+00
6.229336286112081567e+00 1.990298525114688521e+00 -1.504400576122029582e-05 -1.000000000000000000e+00 -3.624387378014526248e-05 7.389454758872189547e-06 5.074710502040034044e-01 9.932744135606651481e-01 9.681229419686354642e-01 1.018846699566511971e+00 0.000000000000000000e+00
6.234530993416986355e+00 1.988640177710806478e+00 -1.965420721390912599e-05 -1.000000000000000000e+00 -4.074568319198206261e-05 2.675201179990724002e-06 8.654108281100292288e-01 9.921165082644656241e-01 9.667765171916476996e-01 1.017884166788702860e+00 0.000000000000000000e+00
6.239730032641496393e+00 1.986983212067538140e+00 -2.450057553789191403e-05 -1.000000000000000000e+00 -4.559714873241110258e-05 -2.147756787078464104e-06 1.325932596836075561e+00 9.927583658789266297e-01 9.675457049108135976e-01 1.018393616206693997e+00 0.000000000000000000e+00
6.244933407398043812e+00 1.985327627033580011e+00 -2.856503021153929963e-05 -1.000000000000000000e+00 -4.980677408397073434e-05 -6.045996172840306968e-06 1.762625279371910381e+00 9.961419402261670886e-01 9.708115119379069347e-01 1.021896579425227936e+00 0.000000000000000000e+00
6.250141121302072555e+00 1.983673421458586272e+00 -2.858958456599489743e-05 -1.000000000000000000e+00 -5.011191560916479596e-05 -5.791760716888196610e-06 1.730263254924004457e+00 9.967134144557993070e-01 9.711474608902405103e-01 1.022711115839133766e+00 0.000000000000000000e+00
6.255353177972041934e+00 1.982020594193170782e+00 -2.247363135261384528e-05 -1.000000000000000000e+00 -4.423495562281303575e-05 5.500656721467603414e-07 1.063490454044597300e+00 9.912463471813469651e-01 9.659029946536117350e-01 1.017016784184908484e+00 0.000000000000000000e+00
6.260569581029430175e+00 1.980369144088905076e+00 -1.184887450029258170e-05 -1.000000000000000000e+00 -3.376260961283040297e-05 1.131961163028501987e-05 2.991890247847521778e-01 9.828556453403604065e-01 9.575892218657111599e-01 1.008550413718117156e+00 0.000000000000000000e+00
6.265790334098732650e+00 1.978719069998317037e+00 -1.232261331766185831e-06 -1.000000000000000000e+00 -2.326320267701191327e-05 2.205109626444229910e-05 3.284805504634391582e-03 9.793761240506529964e-01 9.539843265501822822e-01 1.005202318917250537e+00 0.000000000000000000e+00
6.271015440807469865e+00 1.977070370774890451e+00 8.520831872064684739e-06 1.000000000000000000e+00 -1.368946062407486698e-05 3.197413326885961411e-05 1.582231303687251511e-01 9.765551987321504646e-01 9.511710069031344972e-01 1.002375305819439122e+00 0.000000000000000000e+00
6.276244904786186574e+00 1.975423045273065226e+00 1.631169950916914893e-05 1.000000000000000000e+00 -6.169510974758336071e-06 4.002731454242791263e-05 5.770048785879851039e-01 9.737449582521521263e-01 9.484023920329233137e-01 9.995237811474673162e-01 0.000000000000000000e+00
6.281478729668454442e+00 1.973777092348234952e+00 2.174718980427045909e-05 1.000000000000000000e+00 -1.079726139366671316e-06 4.580844633860024079e-05 1.009404558072517943e+00 9.706856108298330676e-01 9.453151662415385514e-01 9.964943727887480840e-01 0.000000000000000000e+00
6.286716919090875599e+00 1.972132510856748011e+00 2.516314071901658799e-05 1.000000000000000000e+00 1.965344084641325794e-06 4.960324581365844251e-05 1.321853872475699632e+00 9.669978122803265519e-01 9.415916661476272376e-01 9.928444343474471800e-01 0.000000000000000000e+00
6.291959476693084419e+00 1.970489299655904469e+00 2.609885474561329734e-05 1.000000000000000000e+00 2.590441692860411671e-06 5.085767435725808858e-05 1.389581205631898797e+00 9.666838258123819916e-01 9.412544833740094097e-01 9.925540195028456081e-01 0.000000000000000000e+00
6.297206406117751065e+00 1.968847457603957185e+00 2.539908065535286151e-05 1.000000000000000000e+00 1.714127397369052670e-06 5.033585279766218418e-05 1.295644674580486821e+00 9.694902929295519112e-01 9.439570744642126199e-01 9.954667792290718964e-01 0.000000000000000000e+00
6.302457711010582386e+00 1.967206983560110700e+00 2.642287210499058504e-05 1.000000000000000000e+00 2.738677175355950805e-06 5.135705107186830875e-05 1.405509928021686505e+00 9.657297320892478387e-01 9.402010297823730767e-01 9.917035168229875186e-01 0.000000000000000000e+00
6.307713395020327241e+00 1.965567876384518575e+00 2.585709112428091820e-05 1.000000000000000000e+00 2.394275759034606316e-06 5.057368274819082007e-05 1.367003411365971033e+00 9.659599941436054493e-01 9.404605944424619945e-01 9.919037057058291973e-01 0.000000000000000000e+00
6.312973461798775610e+00 1.963930134938285832e+00 2.618695480619605840e-05 1.000000000000000000e+00 3.004065157376822393e-06 5.063506914486839153e-05 1.435262718827175377e+00 9.597630403787041908e-01 9.343232830179611925e-01 9.856476765780886051e-01 0.000000000000000000e+00
6.318237915000763039e+00 1.962293758083465844e+00 2.205378760255972636e-05 1.000000000000000000e+00 -8.915703852615058608e-07 4.627613917560498920e-05 1.028712129769132844e+00 9.639471427460406527e-01 9.382654133866243917e-01 9.900801799874253684e-01 0.000000000000000000e+00
6.323506758284172413e+00 1.960658744683059451e+00 1.658113396185442945e-05 1.000000000000000000e+00 -6.264532674339312563e-06 4.071146427910632751e-05 5.779187002534911244e-01 9.669903385593743295e-01 9.414217267359696883e-01 9.930049882057531141e-01 0.000000000000000000e+00
6.328779995309938400e+00 1.959025093601015399e+00 1.098323768350491522e-05 1.000000000000000000e+00 -1.194895553670770951e-05 3.519812328870733852e-05 2.488225722741077561e-01 9.655364046870150707e-01 9.399058183990739446e-01 9.916159366818803056e-01 0.000000000000000000e+00
6.334057629742047446e+00 1.957392803702229900e+00 4.115771428242257941e-06 1.000000000000000000e+00 -1.890642417857748777e-05 2.841797537185069910e-05 3.423694097676843739e-02 9.669290605197515820e-01 9.410390467291169792e-01 9.932763834979863038e-01 0.000000000000000000e+00
6.339339665247542221e+00 1.955761873852543076e+00 -2.115042444967791354e-06 -1.000000000000000000e+00 -2.499838832899988367e-05 2.206414265297078651e-05 8.995928423459531587e-03 9.697098264836471193e-01 9.439391948523336850e-01 9.959318960758681838e-01 0.000000000000000000e+00
6.344626105496522506e+00 1.954132302918741848e+00 -4.891743197840960566e-06 -1.000000000000000000e+00 -2.749151826121049551e-05 1.902879744908807130e-05 4.882249920322578873e-02 9.682396324256713482e-01 9.424555004234016486e-01 9.944755998443515210e-01 0.000000000000000000e+00
6.349916954162148741e+00 1.952504089768555939e+00 -5.710946606225617078e-06 -1.000000000000000000e+00 -2.806353349367616878e-05 1.797060092700120281e-05 6.773823768415354607e-02 9.673296640774222688e-01 9.413757450511854863e-01 9.937417962785555225e-01 0.000000000000000000e+00
6.355212214920644698e+00 1.950877233270659206e+00 -5.080741960455612321e-06 -1.000000000000000000e+00 -2.734209323610377080e-05 1.849661728549180934e-05 5.410388012901989896e-02 9.659209652962941206e-01 9.399475823214586967e-01 9.923546221214770702e-01 0.000000000000000000e+00
6.360511891451300137e+00 1.949251732294668749e+00 -4.230683144704996374e-06 -1.000000000000000000e+00 -2.652166796928155361e-05 1.936359784740214913e-05 3.750509435757010124e-02 9.656064342528922761e-01 9.396441678698502775e-01 9.920295495345664571e-01 0.000000000000000000e+00
6.365815987436472589e+00 1.947627585711142251e+00 -5.347301200332876898e-06 -1.000000000000000000e+00 -2.767712334424733496e-05 1.829215382057152844e-05 5.952748333717750029e-02 9.725030273286079385e-01 9.463956555778200164e-01 9.990733123301827057e-01 0.000000000000000000e+00
6.371124506561590906e+00 1.946004792391578420e+00 -3.961473265703179649e-06 -1.000000000000000000e+00 -2.637071656102175777e-05 1.977379751523286109e-05 3.254948798011980671e-02 9.703446546477224599e-01 9.442087768836210371e-01 9.969450766662214525e-01 0.000000000000000000e+00
6.376437452515156146e+00 1.944383351208418098e+00 -3.093256366387862315e-06 -1.000000000000000000e+00 -2.560532834385583054e-05 2.074862217669601612e-05 1.971446156385070481e-02 9.700238309904154477e-01 9.438897959495763379e-01 9.966223768307099773e-01 0.000000000000000000e+00
6.381754828988746020e+00 1.942763261035039601e+00 -2.518016332354472939e-06 -1.000000000000000000e+00 -2.514938253707419395e-05 2.143494719095172181e-05 1.296334711940971829e-02 9.712018679030237633e-01 9.449906400913481441e-01 9.978800928231554845e-01 0.000000000000000000e+00
6.387076639677015777e+00 1.941144520745761159e+00 -2.416378439427703031e-06 -1.000000000000000000e+00 -2.510798885171489951e-05 2.159283127930239821e-05 1.188167853089794335e-02 9.745879337048112268e-01 9.482785876253650992e-01 1.001366559902705067e+00 0.000000000000000000e+00
6.392402888277703532e+00 1.939527129215838475e+00 -1.234921800343862251e-06 -1.000000000000000000e+00 -2.391797404450034557e-05 2.277194503066121478e-05 3.110742907665553503e-03 9.741534643883099642e-01 9.478625830776450378e-01 1.000913004578577015e+00 0.000000000000000000e+00
6.397733578491629380e+00 1.937911085321463833e+00 9.899249937470211926e-07 1.000000000000000000e+00 -2.168257146707262427e-05 2.499593594218562471e-05 2.010255933996063504e-03 9.689357510865779233e-01 9.426662580315904316e-01 9.956754010120925091e-01 0.000000000000000000e+00
6.403068714022700725e+00 1.936296387939767438e+00 1.558870456401087248e-06 1.000000000000000000e+00 -2.115749111427696965e-05 2.561720234583896629e-05 4.978382556558358374e-03 9.678741341645455964e-01 9.414030822959705835e-01 9.948228342138708546e-01 0.000000000000000000e+00
6.408408298577912277e+00 1.934683035948813856e+00 1.799659570200441650e-06 1.000000000000000000e+00 -2.103396975056674072e-05 2.598635480519511339e-05 6.565851359695784595e-03 9.668972767004011537e-01 9.405922921081980581e-01 9.936742041411816828e-01 0.000000000000000000e+00
6.413752335867351384e+00 1.933071028227602239e+00 4.528764993634524361e-06 1.000000000000000000e+00 -1.858469288774151324e-05 2.900261269605870133e-05 4.096546249743937551e-02 9.581567591409042572e-01 9.318842502435578101e-01 9.849036019113441842e-01 0.000000000000000000e+00
6.419100829604198033e+00 1.931460363656067436e+00 3.378984415094843623e-06 1.000000000000000000e+00 -1.998728348942532465e-05 2.810153964182506210e-05 2.232745499040333925e-02 9.660251156032930719e-01 9.394071602718792047e-01 9.931261986276931353e-01 0.000000000000000000e+00
6.424453783504729287e+00 1.929851041115075327e+00 7.071268128605413373e-06 1.000000000000000000e+00 -1.645442205570520620e-05 3.194480031016728305e-05 9.726294710132776800e-02 9.619330832029713285e-01 9.355328737755482793e-01 9.888110713617412895e-01 0.000000000000000000e+00
6.429811201288321953e+00 1.928243059486426159e+00 1.133425730545111077e-05 1.000000000000000000e+00 -1.220025536903717553e-05 3.621284310243923384e-05 2.523089004674119451e-01 9.591627703301603969e-01 9.326010319014270689e-01 9.862096661953787535e-01 0.000000000000000000e+00
6.435173086677453469e+00 1.926636417652850763e+00 1.320528635069518307e-05 1.000000000000000000e+00 -1.018198933747405200e-05 3.794469654177891403e-05 3.474009035233507348e-01 9.644652189539005827e-01 9.378080363966015964e-01 9.916086498403459126e-01 0.000000000000000000e+00
6.440539443397706343e+00 1.925031114498011453e+00 1.555760981891554241e-05 1.000000000000000000e+00 -7.728418947468125252e-06 4.020604818612481644e-05 4.875126331458261575e-01 9.642955539538081711e-01 9.378320539575830672e-01 9.912384135552747555e-01 0.000000000000000000e+00
6.445910275177769044e+00 1.923427148906499795e+00 1.761842002846249436e-05 1.000000000000000000e+00 -5.762228986577302482e-06 4.236130417427044379e-05 6.244170983855781287e-01 9.589391093038116543e-01 9.323261472914231573e-01 9.860395656917444462e-01 0.000000000000000000e+00
6.451285585749439555e+00 1.921824519763838390e+00 1.565675399690115682e-05 1.000000000000000000e+00 -7.883738664876663082e-06 4.055297228396445445e-05 4.848030701766106176e-01 9.611573178159695807e-01 9.344352528081364406e-01 9.883701499722381545e-01 0.000000000000000000e+00
6.456665378847628034e+00 1.920223225956476210e+00 1.231647614900702310e-05 1.000000000000000000e+00 -1.135590264074575346e-05 3.734295139093498272e-05 2.946682709213206408e-01 9.624105912113659622e-01 9.356520436391083662e-01 9.896607871162003134e-01 0.000000000000000000e+00
6.462049658210359482e+00 1.918623266371792813e+00 7.090447337742625967e-06 1.000000000000000000e+00 -1.652993445460101282e-05 3.207538640104406910e-05 9.687173781000524286e-02 9.666608903788487250e-01 9.397792947600145386e-01 9.940363867921664376e-01 0.000000000000000000e+00
6.467438427578775517e+00 1.917024639898092353e+00 2.858779943653325656e-06 1.000000000000000000e+00 -2.050631512804149307e-05 2.760365197546901447e-05 1.589643048855293728e-02 9.663047251833063456e-01 9.393819838584805959e-01 9.937226857521905821e-01 0.000000000000000000e+00
6.472831690697137930e+00 1.915427345424606687e+00 -2.090541935682825349e-06 -1.000000000000000000e+00 -2.506619915429907710e-05 2.227366347724503927e-05 8.648767566256765349e-03 9.681311365696867455e-01 9.412191800545564035e-01 9.955372817293438592e-01 0.000000000000000000e+00
6.478229451312831344e+00 1.913831381841492263e+00 -8.330083258273325803e-06 -1.000000000000000000e+00 -3.092749181037710211e-05 1.565938294242661969e-05 1.392286291498407991e-01 9.733863451762295727e-01 9.463686148481005311e-01 1.000899928312340537e+00 0.000000000000000000e+00
6.483631713176364109e+00 1.912236748039830792e+00 -1.521006846703967029e-05 -1.000000000000000000e+00 -3.753278221442327855e-05 8.510105711043612159e-06 4.661535296334307077e-01 9.784270404825196055e-01 9.512924726333371606e-01 1.006059483506318575e+00 0.000000000000000000e+00
6.489038480041373624e+00 1.910643442911627687e+00 -2.215146627174881667e-05 -1.000000000000000000e+00 -4.431777095644015682e-05 1.426715862368596106e-06 9.829011432924801284e-01 9.809578351199338409e-01 9.537857175728325920e-01 1.008628033476668628e+00 0.000000000000000000e+00
6.494449755664626345e+00 1.909051465349812737e+00 -3.084762640910945660e-05 -1.000000000000000000e+00 -5.292896293684075761e-05 -7.348661557031623801e-06 1.878529416468467161e+00 9.893841148500301941e-01 9.620194518479259216e-01 1.017249721835784326e+00 0.000000000000000000e+00
6.499865543806021329e+00 1.907460814248235881e+00 -3.672637842889258606e-05 -1.000000000000000000e+00 -5.875038033427457758e-05 -1.327137654564651954e-05 2.638270285514963120e+00 9.918260732008307157e-01 9.641835196646288964e-01 1.019978215671920596e+00 0.000000000000000000e+00
6.505285848228594681e+00 1.905871488501671207e+00 -3.978593646772766307e-05 -1.000000000000000000e+00 -6.167580282170002351e-05 -1.644056036300862119e-05 3.092317650365615123e+00 9.928781554035046586e-01 9.653948460247596675e-01 1.020864069485379666e+00 0.000000000000000000e+00
6.510710672698518664e+00 1.904283487005811404e+00 -3.896807627171771862e-05 -1.000000000000000000e+00 -6.083051828562580055e-05 -1.564380947520723741e-05 2.976434021806326768e+00 9.901418651207630761e-01 9.626374155806466382e-01 1.018150867859552333e+00 0.000000000000000000e+00
6.516140020985107917e+00 1.902696808657271088e+00 -3.689846256915446670e-05 -1.000000000000000000e+00 -5.884223739395707533e-05 -1.351798491984570653e-05 2.674076553390690947e+00 9.915613859538352504e-01 9.638107208107112855e-01 1.019825815506964828e+00 0.000000000000000000e+00
6.521573896860818564e+00 1.901111452353583031e+00 -3.379784064633346380e-05 -1.000000000000000000e+00 -5.575589251255355216e-05 -1.043482484239981536e-05 2.258786226185776513e+00 9.948829297319280451e-01 9.672788930945723784e-01 1.022995124945358381e+00 0.000000000000000000e+00
6.527012304101254436e+00 1.899527416993199491e+00 -2.833185976137606632e-05 -1.000000000000000000e+00 -5.023027212815815430e-05 -5.037462974500553478e-06 1.617493672780994984e+00 9.900821428037759331e-01 9.623382153818227369e-01 1.018342418428919594e+00 0.000000000000000000e+00
6.532455246485166178e+00 1.897944701475490215e+00 -2.397286395545177631e-05 -1.000000000000000000e+00 -4.574702015164159360e-05 -7.805317096372560470e-07 1.179204857641963144e+00 9.838800975964849815e-01 9.561836937966851080e-01 1.012094120693405763e+00 0.000000000000000000e+00
6.537902727794456581e+00 1.896363304700741548e+00 -2.453369348195790766e-05 -1.000000000000000000e+00 -4.627727677917037438e-05 -1.345921494038411612e-06 1.231530790695828159e+00 9.872815130214583901e-01 9.597103983129186000e-01 1.015363142065234037e+00 0.000000000000000000e+00
6.543354751814182357e+00 1.894783225570156437e+00 -2.755252931069781440e-05 -1.000000000000000000e+00 -4.955270855289332205e-05 -4.105893476247342506e-06 1.514015614641877505e+00 9.911462698676292149e-01 9.632515224354094574e-01 1.019561271065740904e+00 0.000000000000000000e+00
6.548811322332555918e+00 1.893204462985853986e+00 -3.075256802767749960e-05 -1.000000000000000000e+00 -5.314637570271487217e-05 -6.928231118361318440e-06 1.822175253701175279e+00 9.912554481511919313e-01 9.632357181557885673e-01 1.019800175287167709e+00 0.000000000000000000e+00
6.554272443140948923e+00 1.891627015850867455e+00 -3.331961441535591113e-05 -1.000000000000000000e+00 -5.590505991626601424e-05 -9.302161536137436049e-06 2.096811711487532648e+00 9.921817318065079272e-01 9.641245090943861840e-01 1.020764762945312265e+00 0.000000000000000000e+00
6.559738118033894949e+00 1.890050883069143817e+00 -3.235041642597056346e-05 -1.000000000000000000e+00 -5.478407118692132347e-05 -8.451657921959775620e-06 1.997038810840066958e+00 9.886730647563778396e-01 9.606170615620531761e-01 1.017255858445448968e+00 0.000000000000000000e+00
6.565208350809092153e+00 1.888476063545543981e+00 -3.145451716865469013e-05 -1.000000000000000000e+00 -5.358894416878219559e-05 -7.837262904842471272e-06 1.928929002069352805e+00 9.916228013542555120e-01 9.635011067987010458e-01 1.020272194776870034e+00 0.000000000000000000e+00
6.570683145267405045e+00 1.886902556185840796e+00 -2.936500792382618419e-05 -1.000000000000000000e+00 -5.134990972531970567e-05 -5.913195644132173838e-06 1.708892409103015098e+00 9.908014858290583593e-01 9.627275228237914817e-01 1.019402616077764057e+00 0.000000000000000000e+00
6.576162505212867160e+00 1.885330359896719488e+00 -2.816390199498331384e-05 -1.000000000000000000e+00 -5.016984305583115989e-05 -4.712235139250015384e-06 1.576476630638453003e+00 9.893715106819959137e-01 9.612571538108811708e-01 1.018016285310695768e+00 0.000000000000000000e+00
6.581646434452685490e+00 1.883759473585775446e+00 -3.010871320498771693e-05 -1.000000000000000000e+00 -5.220148627118789111e-05 -6.568951391395381936e-06 1.783017147435288052e+00 9.941743934773025204e-01 9.657406565526652775e-01 1.023148011685360625e+00 0.000000000000000000e+00
6.587134936797241380e+00 1.882189896161514886e+00 -3.245615282460696197e-05 -1.000000000000000000e+00 -5.462318195403535715e-05 -8.811422434304002553e-06 2.040739269851229665e+00 9.957719791855675906e-01 9.674769802440104094e-01 1.024599951216431215e+00 0.000000000000000000e+00
6.592628016060094076e+00 1.880621626533353297e+00 -3.744693221640932497e-05 -1.000000000000000000e+00 -5.972299384689439786e-05 -1.366638294061569097e-05 2.656389529878680378e+00 1.005443749920459817e+00 9.769182882455095251e-01 1.034505059426680473e+00 0.000000000000000000e+00
6.598125676057981615e+00 1.879054663611614329e+00 -3.824690292562740664e-05 -1.000000000000000000e+00 -6.075308652710405060e-05 -1.423290209948347690e-05 2.724294309657807389e+00 1.002568564389118455e+00 9.738092758586460729e-01 1.031873871352775751e+00 0.000000000000000000e+00
6.603627920610826152e+00 1.877489006307530905e+00 -3.733164875567068417e-05 -1.000000000000000000e+00 -5.996587669753658783e-05 -1.319290852118337271e-05 2.573811995328270541e+00 1.000761032293541186e+00 9.721999157356642218e-01 1.029861928843826213e+00 0.000000000000000000e+00
6.609134753541735741e+00 1.875924653533241671e+00 -3.371185661532950150e-05 -1.000000000000000000e+00 -5.638850687983953654e-05 -9.528738370520315387e-06 2.111320070635230195e+00 9.974498830485433176e-01 9.687022702823763209e-01 1.026745993258866285e+00 0.000000000000000000e+00
6.614646178677005217e+00 1.874361604201792542e+00 -2.934759798349829510e-05 -1.000000000000000000e+00 -5.198888529494412813e-05 -5.194365353185294998e-06 1.618545163747583615e+00 9.962192916618154426e-01 9.674448353192535155e-01 1.025544220439889020e+00 0.000000000000000000e+00
6.620162199846120643e+00 1.872799857227134490e+00 -2.319725183100401926e-05 -1.000000000000000000e+00 -4.588373527289716801e-05 1.003304400740342441e-06 1.020725663492484614e+00 9.881589016058980324e-01 9.596981244198039551e-01 1.017163101139872516e+00 0.000000000000000000e+00
6.625682820881761970e+00 1.871239411524124430e+00 -1.942064301309270617e-05 -1.000000000000000000e+00 -4.230314852710919554e-05 4.975187036862870993e-06 7.122358702274595998e-01 9.853272819569341978e-01 9.566611811200453896e-01 1.014546290401563189e+00 0.000000000000000000e+00
6.631208045619805702e+00 1.869680266008521441e+00 -1.680857227166477792e-05 -1.000000000000000000e+00 -3.999844313685599155e-05 7.895132033860615610e-06 5.249525325801869258e-01 9.825385074963660648e-01 9.538193559291282542e-01 1.011813798239356910e+00 0.000000000000000000e+00
6.636737877899325788e+00 1.868122419596990769e+00 -1.554758970649821096e-05 -1.000000000000000000e+00 -3.909288202027905005e-05 9.520123738729095519e-06 4.385818502001228580e-01 9.820416077289725321e-01 9.533033865954135821e-01 1.011336542459100984e+00 0.000000000000000000e+00
6.642272321562598059e+00 1.866565871207098271e+00 -1.281434079232930780e-05 -1.000000000000000000e+00 -3.672661767353009447e-05 1.262592545146795499e-05 2.920769903009272639e-01 9.767503346357875316e-01 9.479787087905238163e-01 1.006082395561270104e+00 0.000000000000000000e+00
6.647811380455102892e+00 1.865010619757312416e+00 -7.239088227377257073e-06 -1.000000000000000000e+00 -3.143813723508810014e-05 1.850001897088400922e-05 9.250919576052751836e-02 9.649701904442792300e-01 9.362726470900974984e-01 9.942313261237225586e-01 0.000000000000000000e+00
6.653355058425526991e+00 1.863456664167002952e+00 -3.384269270705099932e-06 -1.000000000000000000e+00 -2.770431967406786770e-05 2.249366485283305211e-05 2.018919028108712155e-02 9.635098865103022270e-01 9.348422092167198993e-01 9.927404033955001816e-01 0.000000000000000000e+00
6.658903359325766047e+00 1.861904003356439352e+00 4.968702865131756908e-06 1.000000000000000000e+00 -1.949763448544503867e-05 3.099700705034021228e-05 4.392312934785991274e-02 9.491815264064057400e-01 9.206564290693316499e-01 9.782719586742710804e-01 0.000000000000000000e+00
6.664456287010930069e+00 1.860352636246791480e+00 9.465510339975440355e-06 1.000000000000000000e+00 -1.508875070468757494e-05 3.556419634515969506e-05 1.602624993689829580e-01 9.482311478475777822e-01 9.194833527684522778e-01 9.775545772583336124e-01 0.000000000000000000e+00
6.670013845339340719e+00 1.858802561760127592e+00 1.437661744845488073e-05 1.000000000000000000e+00 -1.019695890650074784e-05 4.048090417150492545e-05 3.729088221171394935e-01 9.420387493613567864e-01 9.135802153279779514e-01 9.710668144950767022e-01 0.000000000000000000e+00
6.675576038172540194e+00 1.857253778819414780e+00 1.401733003835231101e-05 1.000000000000000000e+00 -1.050351898631387436e-05 4.006596920980070383e-05 3.558151560995526097e-01 9.474700137216134355e-01 9.186922101794032791e-01 9.768262311511216600e-01 0.000000000000000000e+00
6.681142869375288562e+00 1.855706286348516532e+00 1.343905562221574772e-05 1.000000000000000000e+00 -1.098784506818520002e-05 3.940387204450021151e-05 3.289338963418941830e-01 9.442272608410623436e-01 9.154300430585602388e-01 9.736064494454826912e-01 0.000000000000000000e+00
6.686714342815570866e+00 1.854160083272192949e+00 9.478830244769101477e-06 1.000000000000000000e+00 -1.480143409864090673e-05 3.531149456178779810e-05 1.636200126978621938e-01 9.433156509867367534e-01 9.147092942438148633e-01 9.724967053560086283e-01 0.000000000000000000e+00
6.692290462364595349e+00 1.852615168516101862e+00 3.284250866442641957e-06 1.000000000000000000e+00 -2.090973494184058311e-05 2.905228464059474402e-05 1.950465469290918463e-02 9.423142110647264591e-01 9.134523889721043455e-01 9.717609927134732706e-01 0.000000000000000000e+00
6.697871231896799671e+00 1.851071541006794829e+00 -7.986388071548059035e-06 -1.000000000000000000e+00 -3.207271659233674603e-05 1.770990397955798018e-05 1.130079189611308266e-01 9.551669342899398174e-01 9.260004147736511371e-01 9.849207039506917560e-01 0.000000000000000000e+00
6.703456655289853572e+00 1.849529199671717139e+00 -1.602694645902795706e-05 -1.000000000000000000e+00 -4.013770590170244652e-05 9.747960320127323181e-06 4.444746210887160487e-01 9.582475711828661868e-01 9.289988979375581879e-01 9.880836121925529181e-01 0.000000000000000000e+00
6.709046736424657986e+00 1.847988143439209141e+00 -1.982045146990688963e-05 -1.000000000000000000e+00 -4.418767991062160763e-05 6.229549768628236223e-06 6.619786540563978861e-01 9.561060044230498267e-01 9.267491151340431221e-01 9.860547380336368573e-01 0.000000000000000000e+00
6.714641479185352146e+00 1.846448371238503361e+00 -1.886345572144835286e-05 -1.000000000000000000e+00 -4.358024579306355492e-05 7.517420914979089266e-06 5.877467039307759933e-01 9.547478350818628945e-01 9.252882513588082114e-01 9.848046450676050112e-01 0.000000000000000000e+00
6.720240887459313583e+00 1.844909881999724721e+00 -1.158298362030311432e-05 -1.000000000000000000e+00 -3.652658398409005798e-05 1.501199128158621503e-05 2.217171604052055045e-01 9.519205469978577749e-01 9.225211741066569049e-01 9.819170190267573206e-01 0.000000000000000000e+00
6.725844965137160791e+00 1.843372674653889876e+00 -7.301362177585038037e-07 -1.000000000000000000e+00 -2.581100395770425171e-05 2.600487677145233630e-05 8.931237295399796494e-04 9.518426097566372590e-01 9.223986378516710882e-01 9.818849837991383556e-01 0.000000000000000000e+00
6.731453716112758556e+00 1.841836748132905655e+00 1.357637582969376872e-05 1.000000000000000000e+00 -1.177411592634470855e-05 4.057761383279928852e-05 3.126898420108261689e-01 9.463347029945826661e-01 9.170172533024227857e-01 9.762492356885362765e-01 0.000000000000000000e+00
6.737067144283217068e+00 1.840302101369569288e+00 2.829110354862378112e-05 1.000000000000000000e+00 2.488624661968493845e-06 5.571711986590583831e-05 1.359874058594911617e+00 9.389557211908103884e-01 9.096754355469232056e-01 9.688384101678297888e-01 0.000000000000000000e+00
6.742685253548897251e+00 1.838768733297566405e+00 4.005091980467711046e-05 1.000000000000000000e+00 1.375210670289543408e-05 6.794532844995869220e-05 2.698003720839096786e+00 9.368375845391947454e-01 9.074976715506789526e-01 9.667849867143235576e-01 0.000000000000000000e+00
6.748308047813412536e+00 1.837236642851472368e+00 4.998261830141931099e-05 1.000000000000000000e+00 2.318773102658638866e-05 7.837051285068605537e-05 4.140103011040878300e+00 9.330453681760566553e-01 9.037547079983873077e-01 9.629440096652427394e-01 0.000000000000000000e+00
6.753935530983630642e+00 1.835705828966748943e+00 5.773251435940386704e-05 1.000000000000000000e+00 3.042724812801549808e-05 8.665242904421559754e-05 5.420825808209130514e+00 9.282868429900313911e-01 8.989436610498157121e-01 9.582418665936436319e-01 0.000000000000000000e+00
6.759567706969678902e+00 1.834176290579746293e+00 6.257576372576812275e-05 1.000000000000000000e+00 3.474588208717476704e-05 9.204381995179759378e-05 6.214680286481552685e+00 9.268836140191217821e-01 8.972454184076427142e-01 9.571449750456977323e-01 0.000000000000000000e+00
6.765204579684944264e+00 1.832648026627699211e+00 6.422948075169746885e-05 1.000000000000000000e+00 3.596684217116052787e-05 9.413893398782462022e-05 6.359370074308756671e+00 9.324438818481957103e-01 9.028610586301689667e-01 9.626435059239765168e-01 0.000000000000000000e+00
6.770846153046076843e+00 1.831121036048729556e+00 6.653543947000303089e-05 1.000000000000000000e+00 3.785225784526970839e-05 9.685572378657455908e-05 6.663373445949360985e+00 9.346290996229532633e-01 9.047018541346092402e-01 9.651861983991464333e-01 0.000000000000000000e+00
6.776492430972993475e+00 1.829595317781842700e+00 7.087054736869143306e-05 1.000000000000000000e+00 4.191283615023320730e-05 1.014621311525453927e-04 7.484417034729219154e+00 9.302633434761470310e-01 9.002961458756796320e-01 9.608652442073013500e-01 0.000000000000000000e+00
6.782143417388880380e+00 1.828070870766929312e+00 7.343777861089648216e-05 1.000000000000000000e+00 4.444362992005006230e-05 1.040825140901641127e-04 8.044252521742606632e+00 9.313459816245767131e-01 9.015648793850110643e-01 9.617530860741063670e-01 0.000000000000000000e+00
6.787799116220194051e+00 1.826547693944761797e+00 7.912181433141289284e-05 1.000000000000000000e+00 5.009022846064389303e-05 1.098253139329616844e-04 9.453724248897117377e+00 9.216603826908880137e-01 8.917752234945585110e-01 9.521813141647871293e-01 0.000000000000000000e+00
6.793459531396665696e+00 1.825025786256996740e+00 7.907033074819047331e-05 1.000000000000000000e+00 5.010081344676812641e-05 1.097195643507261557e-04 9.473606612656766401e+00 9.292491871223976796e-01 8.991771482333734689e-01 9.599599564935152873e-01 0.000000000000000000e+00
6.799124666851304788e+00 1.823505146646170916e+00 8.074452668840602127e-05 1.000000000000000000e+00 5.173693781930120087e-05 1.114223444973162715e-04 9.870304228085728937e+00 9.287116762235144707e-01 8.986673099498917461e-01 9.593949891317339329e-01 0.000000000000000000e+00
6.804794526520399067e+00 1.821985774055703944e+00 8.067096323964573212e-05 1.000000000000000000e+00 5.158360815638474584e-05 1.114138188509391071e-04 9.782862351839014536e+00 9.293563283753324411e-01 8.992038935677292288e-01 9.601531369984642739e-01 0.000000000000000000e+00
6.810469114343518982e+00 1.820467667429894965e+00 7.778607541593749602e-05 1.000000000000000000e+00 4.870459306761433255e-05 1.085217302934596707e-04 9.022957961654185510e+00 9.327017594672808443e-01 9.026781012333674470e-01 9.633626770660659311e-01 0.000000000000000000e+00
6.816148434263521239e+00 1.818950825713921748e+00 7.364316063595146655e-05 1.000000000000000000e+00 4.463451255092411394e-05 1.043203342395986760e-04 8.078835709326526171e+00 9.328481243528801148e-01 9.025423034958343083e-01 9.638026452314688575e-01 0.000000000000000000e+00
6.821832490226549695e+00 1.817435247853842917e+00 6.653346416360224271e-05 1.000000000000000000e+00 3.778492396126886658e-05 9.697535301153470291e-05 6.623149091131850241e+00 9.364057986939601230e-01 9.059564182558605960e-01 9.675068820922811952e-01 0.000000000000000000e+00
6.827521286182038907e+00 1.815920932796593723e+00 5.818391272004833249e-05 1.000000000000000000e+00 2.980049135647027772e-05 8.828134009207928541e-05 5.103114386649920675e+00 9.397768102471685259e-01 9.092975132951660600e-01 9.709066420639308470e-01 0.000000000000000000e+00
6.833214826082717686e+00 1.814407879489987385e+00 4.975101674029130770e-05 1.000000000000000000e+00 2.170531989894537974e-05 7.952135279859205729e-05 3.752362080142134459e+00 9.410804186182137876e-01 9.104893656762143017e-01 9.723259065022272774e-01 0.000000000000000000e+00
6.838913113884609984e+00 1.812896086882713975e+00 3.871599493512460779e-05 1.000000000000000000e+00 1.097039581226185397e-05 6.819252751571597802e-05 2.267414999794141295e+00 9.501622826799556165e-01 9.191402930931386051e-01 9.818510166477729673e-01 0.000000000000000000e+00
6.844616153547039339e+00 1.811385553924339531e+00 2.860793522061191651e-05 1.000000000000000000e+00 1.159202914620101002e-06 5.779610323496500360e-05 1.233759435896729428e+00 9.565183038802477222e-01 9.255876888177344552e-01 9.881068228015157384e-01 0.000000000000000000e+00
6.850323949032630644e+00 1.809876279565305390e+00 1.892742199550470934e-05 1.000000000000000000e+00 -8.233147917893622370e-06 4.783930350437125322e-05 5.389746269504627207e-01 9.637959862163975044e-01 9.326482522231818173e-01 9.956062301524203351e-01 0.000000000000000000e+00
6.856036504307313706e+00 1.808368262756926637e+00 1.174884683919903351e-05 1.000000000000000000e+00 -1.513596102615133629e-05 4.039470470120729999e-05 2.084820390649326782e-01 9.672473752566627114e-01 9.357655574178841418e-01 9.994040891796072135e-01 0.000000000000000000e+00
6.861753823340325908e+00 1.806861502451392543e+00 6.373922373147173484e-06 1.000000000000000000e+00 -2.017233158993027352e-05 3.470192333469297703e-05 6.184962431217400081e-02 9.707946359035491968e-01 9.394764536323265691e-01 1.002778595940653439e+00 0.000000000000000000e+00
6.867475910104213099e+00 1.805355997601766127e+00 2.006035052973021931e-06 1.000000000000000000e+00 -2.429739003283818476e-05 3.010459774562413825e-05 6.166962615935744907e-03 9.774702588290278271e-01 9.457734946497711181e-01 1.009844321902532371e+00 0.000000000000000000e+00
6.873202768574835808e+00 1.803851747161981711e+00 3.222981924535063371e-07 1.000000000000000000e+00 -2.584017027298081767e-05 2.827592799120475346e-05 1.597246183848710643e-04 9.804491929480878554e-01 9.489215645066735316e-01 1.012646123818759625e+00 0.000000000000000000e+00
6.878934402731368358e+00 1.802348750086846252e+00 1.697213109258849924e-07 1.000000000000000000e+00 -2.601441753820257576e-05 2.812499357156491734e-05 4.428498931474678102e-05 9.820225210982127528e-01 9.501851075644462963e-01 1.014542686715996345e+00 0.000000000000000000e+00
6.884670816556305084e+00 1.800847005332036233e+00 3.562910024783041044e-06 1.000000000000000000e+00 -2.267493838925458313e-05 3.156080512145404663e-05 1.961231232405680203e-02 9.730282353074323209e-01 9.412338538661575438e-01 1.005510355359080954e+00 0.000000000000000000e+00
6.890412014035459443e+00 1.799346511854099884e+00 4.517494542177316448e-06 1.000000000000000000e+00 -2.163468927864167744e-05 3.243001658240757251e-05 3.170845393346155561e-02 9.722034208062466654e-01 9.406367528486309082e-01 1.004449160027809818e+00 0.000000000000000000e+00
6.896157999157970231e+00 1.797847268610453630e+00 2.835660172692595293e-06 1.000000000000000000e+00 -2.316501618306784487e-05 3.059101044429709176e-05 1.258182655411133055e-02 9.776880194452851613e-01 9.457623447672572903e-01 1.010305093762482231e+00 0.000000000000000000e+00
6.901908775916301586e+00 1.796349274559382980e+00 -2.074696684232714736e-06 -1.000000000000000000e+00 -2.779869232493317199e-05 2.539137382990326952e-05 6.781733533557599003e-03 9.891385615938443898e-01 9.569525916730539095e-01 1.022020681282393317e+00 0.000000000000000000e+00
6.907664348306248314e+00 1.794852528660041413e+00 -6.645272715797016448e-06 -1.000000000000000000e+00 -3.202113162186860028e-05 2.046531699215086607e-05 7.046451429644662312e-02 9.909625398842604183e-01 9.587822555888360077e-01 1.023838412919018781e+00 0.000000000000000000e+00
6.913424720326936779e+00 1.793357029872449937e+00 -1.368781568001150500e-05 -1.000000000000000000e+00 -3.861151493850423124e-05 1.297977855619256568e-05 3.032443586527762136e-01 9.918326245437063537e-01 9.595487189987874643e-01 1.024816380191930554e+00 0.000000000000000000e+00
6.919189895980827565e+00 1.791862777157495312e+00 -2.446003930474717017e-05 -1.000000000000000000e+00 -4.879364951987945527e-05 1.648491284332759976e-06 9.801005943716063484e-01 9.961178473652954057e-01 9.637903074910172396e-01 1.029143954290385521e+00 0.000000000000000000e+00
6.924959879273719920e+00 1.790369769476931161e+00 -3.822465566081350972e-05 -1.000000000000000000e+00 -6.193692151640446881e-05 -1.272278608389446086e-05 2.412392632592954556e+00 1.001742667865971548e+00 9.692195015321595220e-01 1.034969024932037795e+00 0.000000000000000000e+00
6.930734674214753532e+00 1.788878005793375303e+00 -5.347243253886326626e-05 -1.000000000000000000e+00 -7.655370233271044616e-05 -2.860429030741246732e-05 4.746921492817918420e+00 1.005177959821716982e+00 9.724834070605936631e-01 1.038581534441085585e+00 0.000000000000000000e+00
6.936514284816411191e+00 1.787387485070310644e+00 -7.015718730048971956e-05 -1.000000000000000000e+00 -9.238536841624627187e-05 -4.609011919569808526e-05 8.245268703636412511e+00 1.011781560237053013e+00 9.789971824165277781e-01 1.045273841958369365e+00 0.000000000000000000e+00
6.942298715094520567e+00 1.785898206272082511e+00 -8.522756478655770711e-05 -1.000000000000000000e+00 -1.064339761951834474e-04 -6.211102060540879305e-05 1.239439730565112541e+01 1.016789957781441656e+00 9.838365321332234181e-01 1.050453403297246568e+00 0.000000000000000000e+00
6.948087969068260428e+00 1.784410168363900873e+00 -1.001926280657877379e-04 -1.000000000000000000e+00 -1.205486112825223473e-04 -7.789579073310841156e-05 1.731330765933347493e+01 1.029052038812571235e+00 9.956074909984357069e-01 1.063219379657290409e+00 0.000000000000000000e+00
6.953882050760158862e+00 1.782923370311836564e+00 -1.112699132955070056e-04 -1.000000000000000000e+00 -1.311027128857597209e-04 -8.951061747239621373e-05 2.139212311067839778e+01 1.036016356118588000e+00 1.002669890666503028e+00 1.070077493176001759e+00 0.000000000000000000e+00
6.959680964196100383e+00 1.781437811082822398e+00 -1.183406614453961039e-04 -1.000000000000000000e+00 -1.377867461329345018e-04 -9.692808600103164504e-05 2.421225219025421893e+01 1.044365020192659532e+00 1.010576973390750588e+00 1.078880932056252018e+00 0.000000000000000000e+00
6.965484713405325046e+00 1.779953489644652054e+00 -1.171600463012390571e-04 -1.000000000000000000e+00 -1.364795384201272278e-04 -9.584523321399764833e-05 2.386852371802164186e+01 1.040024966836306630e+00 1.006204019918210069e+00 1.074578239692161485e+00 0.000000000000000000e+00
6.971293302420433768e+00 1.778470404965979412e+00 -1.124898802239082337e-04 -1.000000000000000000e+00 -1.321095861789979651e-04 -9.088340335067274418e-05 2.186301912118652524e+01 1.037882694372481263e+00 1.004108184037579621e+00 1.072389017249013365e+00 0.000000000000000000e+00
6.977106735277391003e+00 1.776988556016316556e+00 -1.034344650783952825e-04 -1.000000000000000000e+00 -1.238245240717723058e-04 -8.109125976889465439e-05 1.814279371234800919e+01 1.031158604480582275e+00 9.973479438460806090e-01 1.065707579419418627e+00 0.000000000000000000e+00
6.982925016015525621e+00 1.775507941766035547e+00 -9.294014494564057424e-05 -1.000000000000000000e+00 -1.142045873824331585e-04 -6.973646418796186977e-05 1.426336296525929015e+01 1.031658349823237675e+00 9.980203876133058039e-01 1.066026902614358285e+00 0.000000000000000000e+00
6.988748148677535355e+00 1.774028561186365982e+00 -7.819751673814605731e-05 -1.000000000000000000e+00 -1.004762120344853386e-04 -5.399886933452296127e-05 9.873917703526743139e+00 1.025786512080541169e+00 9.919024740099200432e-01 1.060416252078984378e+00 0.000000000000000000e+00
6.994576137309488573e+00 1.772550413249394330e+00 -6.422986705961632300e-05 -1.000000000000000000e+00 -8.739787127928133799e-05 -3.917583569170861356e-05 6.532496945626903084e+00 1.028569486457125981e+00 9.945185913345770956e-01 1.063372961778106696e+00 0.000000000000000000e+00
7.000408985960828723e+00 1.771073496928063928e+00 -4.821759984756042639e-05 -1.000000000000000000e+00 -7.212651203898040966e-05 -2.242611886538767473e-05 3.644129034023436020e+00 1.021946097741248449e+00 9.880275641819128429e-01 1.056616609320566225e+00 0.000000000000000000e+00
7.006246698684376106e+00 1.769597811196173431e+00 -3.588093091070040848e-05 -1.000000000000000000e+00 -6.047828284488584484e-05 -9.371746864857921714e-06 1.980900519931481085e+00 1.022037354800368059e+00 9.879970316540873654e-01 1.056834147687466086e+00 0.000000000000000000e+00
7.012089279536330544e+00 1.768123355028376364e+00 -2.494286511849298627e-05 -1.000000000000000000e+00 -5.037112887635752554e-05 2.414555349265476490e-06 9.285313943499886591e-01 1.017547152883962580e+00 9.835698167932280800e-01 1.052280546624587032e+00 0.000000000000000000e+00
7.017936732576273151e+00 1.766650127400181791e+00 -1.556529919472880759e-05 -1.000000000000000000e+00 -4.195817196377096185e-05 1.277262493947654354e-05 3.468372608693925940e-01 1.010706002171701146e+00 9.766666644956836230e-01 1.045508764539545776e+00 0.000000000000000000e+00
7.023789061867172556e+00 1.765178127287950538e+00 -9.924997485600054164e-06 -1.000000000000000000e+00 -3.723601252413478568e-05 1.934516950716633473e-05 1.345043038442668148e-01 1.012602248167449703e+00 9.783475458998949215e-01 1.047628088201331131e+00 0.000000000000000000e+00
7.029646271475383124e+00 1.763707353668898525e+00 -3.751446694978524612e-06 -1.000000000000000000e+00 -3.181277006280905091e-05 2.630707658174629251e-05 1.852769925456243527e-02 1.010139574366992532e+00 9.758976063491369146e-01 1.045152833862373010e+00 0.000000000000000000e+00
7.035508365470652059e+00 1.762237805521092104e+00 3.282961732574358053e-06 1.000000000000000000e+00 -2.535772567849678026e-05 3.397024334705262048e-05 1.386874627688428063e-02 1.004468974527472191e+00 9.701762020952438004e-01 1.039538121957285011e+00 0.000000000000000000e+00
7.041375347926120298e+00 1.760769481823449834e+00 9.238810544849431410e-06 1.000000000000000000e+00 -1.986750748056765773e-05 4.042348476049806207e-05 1.080652296534054813e-01 1.003375604526541398e+00 9.687569735891727873e-01 1.038784972427880815e+00 0.000000000000000000e+00
7.047247222918324283e+00 1.759302381555740702e+00 1.523383694594806728e-05 1.000000000000000000e+00 -1.425330382371876968e-05 4.681341690691574921e-05 2.899000993045888208e-01 1.002970970606734236e+00 9.685728551582342138e-01 1.038150120364824014e+00 0.000000000000000000e+00
7.053123994527200402e+00 1.757836503698584130e+00 2.158332496584288029e-05 1.000000000000000000e+00 -8.352186019578701856e-06 5.360898558875810060e-05 5.745517308876486595e-01 1.001643009292761066e+00 9.669159912643194854e-01 1.037166991924328263e+00 0.000000000000000000e+00
7.059005666836087656e+00 1.756371847233449524e+00 2.775114905776045741e-05 1.000000000000000000e+00 -2.548142648955686862e-06 6.014492435325261704e-05 9.387951352816941153e-01 1.000400282510521377e+00 9.659003950064323218e-01 1.035688081516997316e+00 0.000000000000000000e+00
7.064892243931729432e+00 1.754908411142653613e+00 3.310027195198611587e-05 1.000000000000000000e+00 2.445728680130179647e-06 6.584394701655344644e-05 1.323629161444145552e+00 1.000423188627538540e+00 9.655645927565749131e-01 1.036086015386592729e+00 0.000000000000000000e+00
7.070783729904277948e+00 1.753446194409361780e+00 3.366381097083883544e-05 1.000000000000000000e+00 2.824277691499588367e-06 6.659577058009964311e-05 1.354167529285888349e+00 1.014618750504994171e+00 9.793742536882735772e-01 1.050673718373771548e+00 0.000000000000000000e+00
7.076680128847296025e+00 1.751985196017586288e+00 3.795610534489123088e-05 1.000000000000000000e+00 6.946827229998399974e-06 7.106878577918465808e-05 1.716575315462321782e+00 1.013078637998459541e+00 9.780706498658034986e-01 1.048887194971194647e+00 0.000000000000000000e+00
7.082581444857760644e+00 1.750525414952186498e+00 3.948706503688608361e-05 1.000000000000000000e+00 8.322212628904594961e-06 7.275280348980521852e-05 1.848785219697916204e+00 1.018025406320423265e+00 9.825729228320606579e-01 1.054294938544819038e+00 0.000000000000000000e+00
7.088487682036063831e+00 1.749066850198867318e+00 4.264693149781488817e-05 1.000000000000000000e+00 1.135379211413458381e-05 7.603016038878579160e-05 2.155507353849927199e+00 1.013780623112332080e+00 9.782524288761842435e-01 1.050133490769240341e+00 0.000000000000000000e+00
7.094398844486017985e+00 1.747609500744178535e+00 4.345212728688315840e-05 1.000000000000000000e+00 1.214245012084111272e-05 7.684818047912577821e-05 2.237948740405911963e+00 1.013488624525648030e+00 9.779763205606000209e-01 1.049825834820268700e+00 0.000000000000000000e+00
7.100314936314857661e+00 1.746153365575515037e+00 4.417531454903428335e-05 1.000000000000000000e+00 1.288696672145818586e-05 7.756483913600658935e-05 2.321794078255877025e+00 1.008787364795606489e+00 9.732071077719338659e-01 1.045198691647268197e+00 0.000000000000000000e+00
7.106235961633242226e+00 1.744698443681114597e+00 4.196752427313070688e-05 1.000000000000000000e+00 1.078127414770573423e-05 7.528037605985672784e-05 2.097984513198142054e+00 1.009729413742101567e+00 9.741459505050674705e-01 1.046142659926042828e+00 0.000000000000000000e+00
7.112161924555259418e+00 1.743244734050058975e+00 3.879880765552292911e-05 1.000000000000000000e+00 7.686283453081692524e-06 7.205331625981860897e-05 1.789989329327838163e+00 1.010095853197842120e+00 9.743521083709855146e-01 1.046676012175494330e+00 0.000000000000000000e+00
7.118092829198427118e+00 1.741792235672271039e+00 3.792075112630894035e-05 1.000000000000000000e+00 6.768168892284862341e-06 7.121697852145080160e-05 1.707227357926981881e+00 9.995080003683743941e-01 9.635622858596200047e-01 1.036308301199946991e+00 0.000000000000000000e+00
7.124028679683696907e+00 1.740340947538516092e+00 3.449216521747628430e-05 1.000000000000000000e+00 3.392145146895402094e-06 6.774298255710436653e-05 1.404705426040521843e+00 9.959977039249952036e-01 9.603241918775763386e-01 1.032516151712239871e+00 0.000000000000000000e+00
7.129969480135457616e+00 1.738890868640399878e+00 2.846993052712894407e-05 1.000000000000000000e+00 -2.515771878428427959e-06 6.162517520832376799e-05 9.514046914699605395e-01 1.001040817002571526e+00 9.651206679714823267e-01 1.037812980850707945e+00 0.000000000000000000e+00
7.135915234681537100e+00 1.737441997970369245e+00 2.372215079647408041e-05 1.000000000000000000e+00 -7.081523043117262956e-06 5.671367677484644794e-05 6.607289685256745315e-01 1.003006999957137824e+00 9.670677188693758142e-01 1.039796583860626900e+00 0.000000000000000000e+00
7.141865947453204910e+00 1.735994334521709703e+00 1.979270138220240146e-05 1.000000000000000000e+00 -1.080503358765975213e-05 5.259566000087145376e-05 4.616335498185861752e-01 1.004813124799669444e+00 9.686989251270669010e-01 1.041784387944993506e+00 0.000000000000000000e+00
7.147821622585176726e+00 1.734547877288545648e+00 1.881810842346218950e-05 1.000000000000000000e+00 -1.166498533519865546e-05 5.151303076391298920e-05 4.200394150608559585e-01 9.995007077112609828e-01 9.631153270638149744e-01 1.036760936178006132e+00 0.000000000000000000e+00
7.153782264215615250e+00 1.733102625265839913e+00 1.882339942562869325e-05 1.000000000000000000e+00 -1.154063563256947186e-05 5.140967291751942432e-05 4.225462364779275504e-01 9.936274657110161224e-01 9.575820398426148072e-01 1.030537093716203501e+00 0.000000000000000000e+00
7.159747876486134643e+00 1.731658577449392222e+00 2.120268730904404731e-05 1.000000000000000000e+00 -9.191704484845104444e-06 5.382411339758490633e-05 5.393238555507622323e-01 9.817161751809782011e-01 9.455080319640741804e-01 1.018806525631447801e+00 0.000000000000000000e+00
7.165718463541802308e+00 1.730215732835839626e+00 2.000866904712624562e-05 1.000000000000000000e+00 -1.030355676230517367e-05 5.254822713811701618e-05 4.802974878209624876e-01 9.837567729889494794e-01 9.477468463972575918e-01 1.020638816036736340e+00 0.000000000000000000e+00
7.171694029531142434e+00 1.728774090422655174e+00 1.950671723944264195e-05 1.000000000000000000e+00 -1.078264991425263299e-05 5.201729257166176255e-05 4.572845352943772923e-01 9.838924392953436460e-01 9.475209362655996337e-01 1.021154460054583435e+00 0.000000000000000000e+00
7.177674578606138667e+00 1.727333649208146804e+00 1.961968036137918338e-05 1.000000000000000000e+00 -1.060149895000586979e-05 5.206798056764692451e-05 4.646951338501139617e-01 9.813408375499462766e-01 9.448665269150964274e-01 1.018713544265267945e+00 0.000000000000000000e+00
7.183660114922237661e+00 1.725894408191456675e+00 1.904399195262742328e-05 1.000000000000000000e+00 -1.104290288009181757e-05 5.137904964454948192e-05 4.397150607331212768e-01 9.797700244248853663e-01 9.435666548227455985e-01 1.016859936939592979e+00 0.000000000000000000e+00
7.189650642638349964e+00 1.724456366372562499e+00 1.979216645115220797e-05 1.000000000000000000e+00 -1.028522308140213692e-05 5.213538365934526831e-05 4.768469043599026236e-01 9.713472997531162889e-01 9.349236352349048484e-01 1.008675234897354889e+00 0.000000000000000000e+00
7.195646165916856241e+00 1.723019522752273547e+00 1.580455452713407701e-05 1.000000000000000000e+00 -1.418077158340888967e-05 4.806472137542679965e-05 3.021016672562666372e-01 9.775103596424660202e-01 9.412029768218838077e-01 1.014711597199465798e+00 0.000000000000000000e+00
7.201646688923606376e+00 1.721583876332232421e+00 1.196752777375829951e-05 1.000000000000000000e+00 -1.802794217141499150e-05 4.423193220958519074e-05 1.718339698810638083e-01 9.807407462408769261e-01 9.439856987998690441e-01 1.018409078968501635e+00 0.000000000000000000e+00
7.207652215827925701e+00 1.720149426114913060e+00 7.965182763451944417e-06 1.000000000000000000e+00 -2.196771605765533402e-05 4.016487366371902388e-05 7.573098139415890273e-02 9.825578164422901217e-01 9.456004884155065904e-01 1.020437620153191283e+00 0.000000000000000000e+00
7.213662750802614987e+00 1.718716171103621404e+00 3.570859084054337375e-06 1.000000000000000000e+00 -2.614284743444088291e-05 3.556457473030072506e-05 1.524783170231103213e-02 9.843920106968021555e-01 9.474236930223809416e-01 1.022281912266628234e+00 0.000000000000000000e+00
7.219678298023954888e+00 1.717284110302493172e+00 -1.466270837003790716e-06 -1.000000000000000000e+00 -3.083594270975911056e-05 3.020815272553861239e-05 2.591679859989426404e-03 9.877206478743038032e-01 9.505437532556533231e-01 1.025826527727728088e+00 0.000000000000000000e+00
7.225698861671710382e+00 1.715853242716494531e+00 -6.312092239420008486e-06 -1.000000000000000000e+00 -3.528359689113603971e-05 2.499465837515358067e-05 4.852443282240415101e-02 9.897238998774582353e-01 9.525500233721805321e-01 1.027824836545335963e+00 0.000000000000000000e+00
7.231724445929129885e+00 1.714423567351419875e+00 -1.331877541898512541e-05 -1.000000000000000000e+00 -4.194931760131312924e-05 1.767391814617360688e-05 2.165065603015960960e-01 9.990498707237004394e-01 9.615471255576171217e-01 1.037487398878958578e+00 0.000000000000000000e+00
7.237755054982951464e+00 1.712995083213891823e+00 -1.861667718623710149e-05 -1.000000000000000000e+00 -4.712917341786358120e-05 1.228422614554820007e-05 4.207783691855553343e-01 1.001585347618935584e+00 9.636253333602907700e-01 1.040499725061478253e+00 0.000000000000000000e+00
7.243790693023404614e+00 1.711567789311361887e+00 -2.382394493349842735e-05 -1.000000000000000000e+00 -5.234322685118300382e-05 7.105108560094796206e-06 6.784276890248577274e-01 1.004766208864853239e+00 9.669548338055482528e-01 1.043521225871025138e+00 0.000000000000000000e+00
7.249831364244212040e+00 1.710141684652107807e+00 -2.998611825178964409e-05 -1.000000000000000000e+00 -5.862520292971625256e-05 1.069288196093159260e-06 1.051551054195684287e+00 1.015292427118737795e+00 9.770728998578459557e-01 1.054466501014299729e+00 0.000000000000000000e+00
7.255877072842594977e+00 1.708716768245233997e+00 -3.103510372616928603e-05 -1.000000000000000000e+00 -5.984533031651152290e-05 1.732091579059537897e-07 1.115750028109246728e+00 1.014723241191461289e+00 9.760875896979035460e-01 1.054335406102875794e+00 0.000000000000000000e+00
7.261927823019274086e+00 1.707293039100669763e+00 -2.944628035989394337e-05 -1.000000000000000000e+00 -5.815607112155500580e-05 1.686157181699785213e-06 1.009617969998032549e+00 1.013887887458568393e+00 9.755364506273866976e-01 1.053202530383850366e+00 0.000000000000000000e+00
7.267983618978473004e+00 1.705870496229170197e+00 -2.498212083916061688e-05 -1.000000000000000000e+00 -5.365559257088942525e-05 6.155087620707420037e-06 7.348372820078452605e-01 1.009655990507847934e+00 9.710163595824932159e-01 1.049276004721138911e+00 0.000000000000000000e+00
7.274044464927921894e+00 1.704449138642313732e+00 -1.927610921411528346e-05 -1.000000000000000000e+00 -4.813010810435054622e-05 1.209870996875501176e-05 4.366340031280913081e-01 1.004653110019128714e+00 9.663559690871800223e-01 1.043917162595358716e+00 0.000000000000000000e+00
7.280110365078859225e+00 1.703028965352503699e+00 -1.418695091487133125e-05 -1.000000000000000000e+00 -4.372242400679330487e-05 1.787803061800448385e-05 2.304153815044003295e-01 1.005079649225564031e+00 9.663207208986482888e-01 1.044827897996498001e+00 0.000000000000000000e+00
7.286181323646034436e+00 1.701609975372965211e+00 -8.105828915417662132e-06 -1.000000000000000000e+00 -3.858565934751843473e-05 2.486711489348441309e-05 7.225120173454513406e-02 1.006825424953296855e+00 9.682036327528620312e-01 1.046429580449326879e+00 0.000000000000000000e+00
7.292257344847713263e+00 1.700192167717745617e+00 3.371340679212010322e-06 1.000000000000000000e+00 -2.813412492549172318e-05 3.731918507294759452e-05 1.214709777070765995e-02 9.963138791077191803e-01 9.574152261065578262e-01 1.036220926812453591e+00 0.000000000000000000e+00
7.298338432905678630e+00 1.698775541401714717e+00 9.312445297460997124e-06 1.000000000000000000e+00 -2.269243611673192617e-05 4.375038729212480233e-05 9.112565955743434642e-02 1.010399431080493127e+00 9.710488572808255725e-01 1.050768397275638533e+00 0.000000000000000000e+00
7.304424592045234199e+00 1.697360095440562322e+00 2.079062993063177179e-05 1.000000000000000000e+00 -1.147162469441911402e-05 5.551277818365811664e-05 4.577376165412232467e-01 1.005608730158365161e+00 9.664123880368944430e-01 1.045819692087988528e+00 0.000000000000000000e+00
7.310515826495206149e+00 1.695945828850798032e+00 3.038657093623908201e-05 1.000000000000000000e+00 -2.056432176108629597e-06 6.532385195473555727e-05 9.866651515246900317e-01 1.003090916835486679e+00 9.637936271015299372e-01 1.043410235999895797e+00 0.000000000000000000e+00
7.316612140487947613e+00 1.694532740649751679e+00 3.818264588553769528e-05 1.000000000000000000e+00 5.449161014977387603e-06 7.341962418183859015e-05 1.556357083630061311e+00 9.998966855639039863e-01 9.606945252531839952e-01 1.040119565126530476e+00 0.000000000000000000e+00
7.322713538259342236e+00 1.693120829855571774e+00 4.080951032355214245e-05 1.000000000000000000e+00 7.643528760801542932e-06 7.647515720775733931e-05 1.742860473905366803e+00 1.007434605426035468e+00 9.678699392107484867e-01 1.048032051385844987e+00 0.000000000000000000e+00
7.328820024048804171e+00 1.691710095487224841e+00 3.914946157056811715e-05 1.000000000000000000e+00 5.457659727820996409e-06 7.534081442153511485e-05 1.550079129616385387e+00 1.022334788823712426e+00 9.822204799158729127e-01 1.063495007620268495e+00 0.000000000000000000e+00
7.334931602099284298e+00 1.690300536564494527e+00 3.982745638294467024e-05 1.000000000000000000e+00 5.561870332635967173e-06 7.660924268686842903e-05 1.555456355147470049e+00 1.022131639085869237e+00 9.819626663822131896e-01 1.063348491353196756e+00 0.000000000000000000e+00
7.341048276657271110e+00 1.688892152107981603e+00 3.640371546654496755e-05 1.000000000000000000e+00 1.759332487475731013e-06 7.358973872227648171e-05 1.263994085708660009e+00 1.032497652007082101e+00 9.918641475721048373e-01 1.074191069246786867e+00 0.000000000000000000e+00
7.347170051972794269e+00 1.687484941139102412e+00 3.580521462652809809e-05 1.000000000000000000e+00 9.923116730781338167e-07 7.319397463427461501e-05 1.209171595998640214e+00 1.032822647290019269e+00 9.921750036201620881e-01 1.074529288591799414e+00 0.000000000000000000e+00
7.353296932299427269e+00 1.686078902680089531e+00 3.436988669319760104e-05 1.000000000000000000e+00 -4.092941520493460295e-07 7.175751146683140964e-05 1.112397613486251657e+00 1.038316679297025535e+00 9.973657668285300648e-01 1.080335903900904615e+00 0.000000000000000000e+00
7.359428921894291875e+00 1.684674035753989330e+00 3.337577878798445735e-05 1.000000000000000000e+00 -1.322758729396339384e-06 7.070376331570643624e-05 1.051920257200357867e+00 1.045533367702864425e+00 1.004013779841411047e+00 1.088143226411947051e+00 0.000000000000000000e+00
7.365566025018059015e+00 1.683270339384662417e+00 3.327636879140701074e-05 1.000000000000000000e+00 -1.332766268587793647e-06 7.052117111426575323e-05 1.047052569446556447e+00 1.052082701186040969e+00 1.010716394578992983e+00 1.094525385032018461e+00 0.000000000000000000e+00
7.371708245934952330e+00 1.681867812596783196e+00 3.322541989370392804e-05 1.000000000000000000e+00 -1.454162070212166756e-06 7.052336100606354605e-05 1.040578191353674242e+00 1.058999538594553647e+00 1.017054456833909049e+00 1.102045479101848136e+00 0.000000000000000000e+00
7.377855588912752616e+00 1.680466454415837863e+00 3.546769612746845848e-05 1.000000000000000000e+00 7.087048012499624254e-07 7.283280323007093994e-05 1.183500619802373421e+00 1.056054328034514045e+00 1.014431954997626839e+00 1.098765716353870436e+00 0.000000000000000000e+00
7.384008058222798709e+00 1.679066263868125519e+00 3.757337293704289511e-05 1.000000000000000000e+00 2.715875181553188092e-06 7.503479865298326554e-05 1.329338345735422422e+00 1.049796913348212568e+00 1.007839103375284928e+00 1.092868625621294498e+00 0.000000000000000000e+00
7.390165658139991045e+00 1.677667239980756175e+00 3.813950892004013818e-05 1.000000000000000000e+00 3.341645338054317091e-06 7.555576667105429645e-05 1.376414217307718957e+00 1.043534133881687920e+00 1.001499528085622259e+00 1.086693813594576952e+00 0.000000000000000000e+00
7.396328392942796093e+00 1.676269381781650081e+00 3.468091458287744908e-05 1.000000000000000000e+00 1.482014301138937602e-07 7.185204067969831417e-05 1.144657830816562694e+00 1.045111674218815345e+00 1.003090587808031842e+00 1.088256016974047835e+00 0.000000000000000000e+00
7.402496266913247247e+00 1.674872688299538392e+00 2.809226724481728402e-05 1.000000000000000000e+00 -6.067903403769446974e-06 6.490877667294738711e-05 7.554252028276948749e-01 1.050755507432966196e+00 1.008437354359827287e+00 1.094207363013328216e+00 0.000000000000000000e+00
7.408669284336948380e+00 1.673477158563960288e+00 1.998864664994735347e-05 1.000000000000000000e+00 -1.372490891529582702e-05 5.638583530966487836e-05 3.844853253084750122e-01 1.054309678604237410e+00 1.011961773542730203e+00 1.097789586719400745e+00 0.000000000000000000e+00
7.414847449503079169e+00 1.672082791605264962e+00 1.019310172666082079e-05 1.000000000000000000e+00 -2.308583651862350500e-05 4.618300599596578322e-05 1.002189278111558224e-01 1.056594196528492846e+00 1.013991333611830692e+00 1.100337732961205628e+00 0.000000000000000000e+00
7.421030766704393322e+00 1.670689586454608300e+00 -5.413617585319880173e-06 -1.000000000000000000e+00 -3.815136681516612002e-05 3.008121315668295330e-05 2.805660165930845551e-02 1.074069818532519482e+00 1.030911791983046832e+00 1.118381115084437827e+00 0.000000000000000000e+00
7.427219240237226572e+00 1.669297542143953983e+00 -1.903363964046645679e-05 -1.000000000000000000e+00 -5.128937439959773309e-05 1.600930786350304060e-05 3.446165046706113344e-01 1.079904907120776913e+00 1.036636874657160368e+00 1.124325770177820649e+00 0.000000000000000000e+00
7.433412874401496673e+00 1.667906657706072160e+00 -3.312497852737267945e-05 -1.000000000000000000e+00 -6.485464156288559380e-05 1.442212707911340504e-06 1.037703744212265633e+00 1.087252241206405623e+00 1.043605491841529620e+00 1.132063127889657128e+00 0.000000000000000000e+00
7.439611673500706956e+00 1.666516932174539223e+00 -4.527846380945798536e-05 -1.000000000000000000e+00 -7.635185791103737810e-05 -1.127845444468490238e-05 1.939846609759662499e+00 1.092371417445646697e+00 1.048650669558251147e+00 1.137253276915016986e+00 0.000000000000000000e+00
7.445815641841948995e+00 1.665128364583736253e+00 -5.800234407072846980e-05 -1.000000000000000000e+00 -8.843765923455294017e-05 -2.460536802213755071e-05 3.183958777289973341e+00 1.109057373888498121e+00 1.064808093205876771e+00 1.154478912265539892e+00 0.000000000000000000e+00
7.452024783735907043e+00 1.663740953968849468e+00 -6.377571917950139793e-05 -1.000000000000000000e+00 -9.381142069276407231e-05 -3.080425334588868626e-05 3.876021216210347120e+00 1.111383178058996890e+00 1.067128953544851822e+00 1.156810210713552722e+00 0.000000000000000000e+00
7.458239103496859812e+00 1.662354699365868660e+00 -6.255690562579247242e-05 -1.000000000000000000e+00 -9.229827194872532842e-05 -2.986556628642670627e-05 3.792236659755985784e+00 1.099428590660076699e+00 1.055204564679320667e+00 1.144836949618042388e+00 0.000000000000000000e+00
7.464458605442683137e+00 1.660969599811586539e+00 -6.228360850659640227e-05 -1.000000000000000000e+00 -9.175986867535022569e-05 -2.980727969593552140e-05 3.800172290735872593e+00 1.100604780165548746e+00 1.055912497649028170e+00 1.146504692729732211e+00 0.000000000000000000e+00
7.470683293894854415e+00 1.659585654343599170e+00 -6.259057682572154180e-05 -1.000000000000000000e+00 -9.205539313702519794e-05 -3.008659731192976536e-05 3.815082119114386217e+00 1.109169095441548958e+00 1.064591246560051108e+00 1.154939031769563362e+00 0.000000000000000000e+00
7.476913173178454386e+00 1.658202862000304201e+00 -5.951739126949234381e-05 -1.000000000000000000e+00 -8.961059078166140233e-05 -2.641110890295039358e-05 3.378708388111590466e+00 1.107555060639152877e+00 1.062468874504588046e+00 1.153863064728647414e+00 0.000000000000000000e+00
7.483148247622170679e+00 1.656821221820899526e+00 -5.392538810453623670e-05 -1.000000000000000000e+00 -8.482231185547299979e-05 -2.006650758239306886e-05 2.703883755310016568e+00 1.102019350539342968e+00 1.057252065123960749e+00 1.147999048770397046e+00 0.000000000000000000e+00
7.489388521558299594e+00 1.655440732845385288e+00 -4.402995392510957969e-05 -1.000000000000000000e+00 -7.566099200753253280e-05 -9.422595163975949382e-06 1.779038812967463912e+00 1.088689617484996486e+00 1.043658433971813571e+00 1.134961132784290339e+00 0.000000000000000000e+00
7.495633999322752317e+00 1.654061394114560324e+00 -3.780047806677735165e-05 -1.000000000000000000e+00 -6.986916198485619729e-05 -2.688729232097902962e-06 1.294970987848884647e+00 1.096072254468392071e+00 1.050647306025827676e+00 1.142748603525465256e+00 0.000000000000000000e+00
7.501884685255054031e+00 1.652683204670022832e+00 -2.753129637825368672e-05 -1.000000000000000000e+00 -6.022189666601539542e-05 8.236880373688721351e-06 6.793926609832325880e-01 1.091509335382819357e+00 1.046192475263718169e+00 1.138075741870007818e+00 0.000000000000000000e+00
7.508140583698349246e+00 1.651306163554170148e+00 -1.579916161582514610e-05 -1.000000000000000000e+00 -4.937594802519685916e-05 2.082594342668369337e-05 2.200489213085745632e-01 1.082816468325696668e+00 1.037393901208682578e+00 1.129505558312619673e+00 0.000000000000000000e+00
7.514401698999403578e+00 1.649930269810196748e+00 -5.031064454241583971e-06 -1.000000000000000000e+00 -3.946211180127271693e-05 3.240163443149918107e-05 2.189299838023828215e-02 1.078103273089183078e+00 1.032770775720192935e+00 1.124705251213246271e+00 0.000000000000000000e+00
7.520668035508609073e+00 1.648555522482095359e+00 5.905115971360004278e-06 1.000000000000000000e+00 -2.925143869548965902e-05 4.405896205132668874e-05 2.977356901389782706e-02 1.071225207267320290e+00 1.025764001930302705e+00 1.117971472180458337e+00 0.000000000000000000e+00
7.526939597579984209e+00 1.647181920614653627e+00 1.357999134924889498e-05 1.000000000000000000e+00 -2.206205969668460377e-05 5.227467286898089180e-05 1.555077162961140402e-01 1.072686482336113079e+00 1.027471410045726286e+00 1.119169395585158489e+00 0.000000000000000000e+00
7.533216389571179228e+00 1.645809463253457006e+00 2.067636242986643585e-05 1.000000000000000000e+00 -1.556483973891120457e-05 6.002798875246413349e-05 3.551619729310715456e-01 1.071584923494895980e+00 1.025862162632875885e+00 1.118602851406236054e+00 0.000000000000000000e+00
7.539498415843477019e+00 1.644438149444884756e+00 2.731727381109777062e-05 1.000000000000000000e+00 -9.642667818304108505e-06 6.740289608566670367e-05 6.066483143646337339e-01 1.068120676134673985e+00 1.022163267297586220e+00 1.115389791992496660e+00 0.000000000000000000e+00
7.545785680761798453e+00 1.643067978236111282e+00 3.282121979316283299e-05 1.000000000000000000e+00 -4.867090245337271192e-06 7.360577192087332894e-05 8.537552362033125064e-01 1.065806755967124486e+00 1.019866237710385315e+00 1.113062862865883851e+00 0.000000000000000000e+00
7.552078188694705041e+00 1.641698948675104575e+00 3.654405951783978157e-05 1.000000000000000000e+00 -1.719070627224685282e-06 7.788007752671273075e-05 1.036859678267276763e+00 1.067123389733223071e+00 1.020854907081521157e+00 1.114726225374044422e+00 0.000000000000000000e+00
7.558375944014398939e+00 1.640331059810627101e+00 4.014185722627778934e-05 1.000000000000000000e+00 1.623916297458347275e-06 8.176313463898509716e-05 1.242478727219392454e+00 1.065663101641304955e+00 1.019446379392737523e+00 1.113212559210289943e+00 0.000000000000000000e+00
7.564678951096730941e+00 1.638964310692231585e+00 4.392910187017055548e-05 1.000000000000000000e+00 5.369101994117059327e-06 8.564917766795763620e-05 1.496440338713540541e+00 1.059485639356946285e+00 1.013154327736798699e+00 1.107161697506337639e+00 0.000000000000000000e+00
7.570987214321198699e+00 1.637598700370265004e+00 4.471069472244238547e-05 1.000000000000000000e+00 6.279291442239325180e-06 8.634826574033799946e-05 1.559699517787919376e+00 1.059272379944016906e+00 1.013006697302152759e+00 1.106878932914888480e+00 0.000000000000000000e+00
7.577300738070952946e+00 1.636234227895864146e+00 4.418682182444507150e-05 1.000000000000000000e+00 5.782469499136955605e-06 8.582231697361179280e-05 1.523447710814068046e+00 1.058664223511825986e+00 1.012160807166197163e+00 1.106523070204106896e+00 0.000000000000000000e+00
7.583619526732800153e+00 1.634870892320956948e+00 4.095077910141967651e-05 1.000000000000000000e+00 2.403717280218263834e-06 8.275283660208801722e-05 1.291957143829307597e+00 1.062767446469235599e+00 1.015611322375638670e+00 1.111311430755951513e+00 0.000000000000000000e+00
7.589943584697204315e+00 1.633508692698261822e+00 3.533112452430612027e-05 1.000000000000000000e+00 -3.407247074018277748e-06 7.736651698046466755e-05 9.388372632256221095e-01 1.071113027490386616e+00 1.024030295347206687e+00 1.119568065178932370e+00 0.000000000000000000e+00
7.596272916358290495e+00 1.632147628081284996e+00 2.980318305115326128e-05 1.000000000000000000e+00 -9.281886834449369942e-06 7.221140919105479574e-05 6.506029370077754947e-01 1.076712974757181085e+00 1.028900084318992825e+00 1.125933256328421672e+00 0.000000000000000000e+00
7.602607526113848380e+00 1.630787697524322288e+00 2.489300533306092466e-05 1.000000000000000000e+00 -1.434480760743558800e-05 6.745855614452899243e-05 4.450896808918969327e-01 1.080713058666471715e+00 1.033070749500667240e+00 1.129748659544678846e+00 0.000000000000000000e+00
7.608947418365335835e+00 1.629428900082457776e+00 2.130499306326609125e-05 1.000000000000000000e+00 -1.787115490886066044e-05 6.380518255475614575e-05 3.250647698316129208e-01 1.083122412229685860e+00 1.034873948614752903e+00 1.132798153389720230e+00 0.000000000000000000e+00
7.615292597517878903e+00 1.628071234811562906e+00 2.022400362120953832e-05 1.000000000000000000e+00 -1.844575460799079291e-05 6.225936369760964146e-05 2.981150174733784297e-01 1.080086745124070546e+00 1.032281969168952873e+00 1.129298045825244401e+00 0.000000000000000000e+00
7.621643067980279795e+00 1.626714700768294497e+00 1.760156623853395590e-05 1.000000000000000000e+00 -2.041702434327692751e-05 5.904277281669278950e-05 2.314085391483189369e-01 1.083799911711258890e+00 1.035449842137208476e+00 1.133583575350761929e+00 0.000000000000000000e+00
7.627998834165015118e+00 1.625359297010096737e+00 1.495880037634773786e-05 1.000000000000000000e+00 -2.250551050498506196e-05 5.589227488821527822e-05 1.703713678772231788e-01 1.085659454647273314e+00 1.037052902674872712e+00 1.135712641526450017e+00 0.000000000000000000e+00
7.634359900488242090e+00 1.624005022595198744e+00 1.099206740695774767e-05 1.000000000000000000e+00 -2.620758322593428840e-05 5.167865643923583646e-05 9.217832024954475401e-02 1.087436389699332873e+00 1.038840053113269324e+00 1.137478157636763854e+00 0.000000000000000000e+00
7.640726271369800315e+00 1.622651876582614117e+00 1.770238126813277235e-06 1.000000000000000000e+00 -3.544390806738859599e-05 4.245700068751789022e-05 2.341108165595073842e-03 1.102365170741283151e+00 1.053117655280634501e+00 1.153079109600851693e+00 0.000000000000000000e+00
7.647097951233216229e+00 1.621299858032140939e+00 -6.039625902260477767e-06 -1.000000000000000000e+00 -4.344331636707326940e-05 3.482937463317870149e-05 2.655691974116791698e-02 1.105765303124335297e+00 1.056399848757560100e+00 1.156601052182243405e+00 0.000000000000000000e+00
7.653474944505703093e+00 1.619948966004359558e+00 -1.615257896199195559e-05 -1.000000000000000000e+00 -5.354859682410688241e-05 2.474221485252581701e-05 1.859238589588159130e-01 1.115398381847176212e+00 1.065478966328618826e+00 1.166807925258631196e+00 0.000000000000000000e+00
7.659857255618167216e+00 1.618599199560634805e+00 -2.362890968276253994e-05 -1.000000000000000000e+00 -6.061501191295367766e-05 1.695458446205121248e-05 3.970470665235694696e-01 1.118581738668587677e+00 1.068628817598429093e+00 1.170019877623527993e+00 0.000000000000000000e+00
7.666244889005210617e+00 1.617250557763112662e+00 -2.937251587973071764e-05 -1.000000000000000000e+00 -6.575632782680783991e-05 1.070976239612649410e-05 6.197780171339601907e-01 1.122061074513242218e+00 1.071780676847164715e+00 1.173839285643803576e+00 0.000000000000000000e+00
7.672637849105131913e+00 1.615903039674720043e+00 -3.548732820384189888e-05 -1.000000000000000000e+00 -7.140363357865570667e-05 4.167450078155032311e-06 9.099635307359363878e-01 1.133385413141136500e+00 1.082303120585233591e+00 1.185998927044130014e+00 0.000000000000000000e+00
7.679036140359931650e+00 1.614556644359165460e+00 -3.479662300458734862e-05 -1.000000000000000000e+00 -7.065635318958350523e-05 4.781715314075049409e-06 8.773374150834598595e-01 1.123158505130771756e+00 1.072633891980332654e+00 1.175198087797337587e+00 0.000000000000000000e+00
7.685439767215314077e+00 1.613211370880937023e+00 -3.921261563037654825e-05 -1.000000000000000000e+00 -7.514802939841751738e-05 3.554600605853435878e-07 1.104287898920375710e+00 1.135704135339774767e+00 1.084297763729564101e+00 1.188667196304048046e+00 0.000000000000000000e+00
7.691848734120691589e+00 1.611867218305303329e+00 -4.161966938713563521e-05 -1.000000000000000000e+00 -7.737476865016837098e-05 -2.275642744225113315e-06 1.245708227855459427e+00 1.143195354632956295e+00 1.091970940310908134e+00 1.195958472322035337e+00 0.000000000000000000e+00
7.698263045529186499e+00 1.610524185698310351e+00 -3.984324301905967374e-05 -1.000000000000000000e+00 -7.520280495893115155e-05 -8.320701736938429668e-07 1.164051849096068736e+00 1.134349110270149952e+00 1.082783789202590885e+00 1.187485294810285197e+00 0.000000000000000000e+00
7.704682705897634598e+00 1.609182272126782998e+00 -4.014621196188757443e-05 -1.000000000000000000e+00 -7.494892523278223664e-05 -1.552347430066807019e-06 1.199939096317635290e+00 1.128733230013011513e+00 1.077671233455644195e+00 1.181339708572467062e+00 0.000000000000000000e+00
7.711107719686588702e+00 1.607841476658323998e+00 -4.239191920744158932e-05 -1.000000000000000000e+00 -7.718204557000146087e-05 -3.694834602062843621e-06 1.326918026699459574e+00 1.122789583971852911e+00 1.071224909231372591e+00 1.175933357852859462e+00 0.000000000000000000e+00
7.717538091360320429e+00 1.606501798361312572e+00 -4.996140896600460070e-05 -1.000000000000000000e+00 -8.534576007547802433e-05 -1.058981325066430361e-05 1.759535288236136807e+00 1.131233325542596369e+00 1.079037839697566614e+00 1.185031454467102341e+00 0.000000000000000000e+00
7.723973825386825531e+00 1.605163236304904206e+00 -5.395677666840929001e-05 -1.000000000000000000e+00 -9.065996310806225585e-05 -1.320140196061488986e-05 1.918767176102363692e+00 1.127569439375298854e+00 1.075564923895546698e+00 1.181166133994445033e+00 0.000000000000000000e+00
7.730414926237823892e+00 1.603825789559029547e+00 -5.422838643339505206e-05 -1.000000000000000000e+00 -9.254020276019053271e-05 -1.182692088082284141e-05 1.818080614118912308e+00 1.128978267785323064e+00 1.076090477467670059e+00 1.183505543214759426e+00 0.000000000000000000e+00
7.736861398388765743e+00 1.602489457194395728e+00 -4.156879936747469838e-05 -1.000000000000000000e+00 -8.105006029390104819e-05 2.069097595236413754e-06 1.040629633065378812e+00 1.118227820565071751e+00 1.065845335758351276e+00 1.172230518394789200e+00 0.000000000000000000e+00
7.743313246318833443e+00 1.601154238282482378e+00 -2.178720912739280828e-05 -1.000000000000000000e+00 -6.213561582784847385e-05 2.270993319608378825e-05 2.871798405762149287e-01 1.112902480955436202e+00 1.060065434980139276e+00 1.167396670735234343e+00 0.000000000000000000e+00
7.749770474510944140e+00 1.599820131895543396e+00 5.688248491848774291e-06 1.000000000000000000e+00 -3.543434853030837356e-05 5.089381488181802436e-05 1.999519831881002574e-02 1.095988565698671646e+00 1.043991902110300352e+00 1.149620358181954627e+00 0.000000000000000000e+00
7.756233087451753327e+00 1.598487137106606282e+00 3.385590244673664285e-05 1.000000000000000000e+00 -8.190614327149285288e-06 7.990688089727107874e-05 7.225637920048200158e-01 1.077067295108714795e+00 1.024990254994012640e+00 1.130818727460431994e+00 0.000000000000000000e+00
7.762701089631657503e+00 1.597155252989470364e+00 5.847992422466023038e-05 1.000000000000000000e+00 1.554571828040169723e-05 1.053681774579688093e-04 2.173731421492291815e+00 1.062282444145106419e+00 1.010967236484298315e+00 1.115251309477120367e+00 0.000000000000000000e+00
7.769174485544799502e+00 1.595824478618706577e+00 7.850306564126885921e-05 1.000000000000000000e+00 3.449444244017110090e-05 1.264381099338288161e-04 3.890953146324648060e+00 1.051025195658844558e+00 9.993914132989463184e-01 1.104354207794019604e+00 0.000000000000000000e+00
7.775653279689067610e+00 1.594494813069657235e+00 9.523151280547077259e-05 1.000000000000000000e+00 5.004085924857501016e-05 1.443531697516113187e-04 5.617915324034157720e+00 1.036434961389468112e+00 9.847863788761215265e-01 1.089803809674356527e+00 0.000000000000000000e+00
7.782137476566102663e+00 1.593166255418435151e+00 1.046256270046068941e-04 1.000000000000000000e+00 5.830114755620220457e-05 1.549006404350920275e-04 6.556838672736716944e+00 1.032753724419584351e+00 9.811506222419787981e-01 1.086079563431241679e+00 0.000000000000000000e+00
7.788627080681298942e+00 1.591838804741922297e+00 1.130623747751596461e-04 1.000000000000000000e+00 6.558743399124923612e-05 1.645157964463256719e-04 7.411225130434942798e+00 1.016855774635867515e+00 9.651900123199526060e-01 1.070273257092750896e+00 0.000000000000000000e+00
7.795122096543806833e+00 1.590512460117771143e+00 1.124663143343143998e-04 1.000000000000000000e+00 6.422770410505711626e-05 1.647334689130805615e-04 7.080480415416872120e+00 1.017594144859833794e+00 9.658425567317761029e-01 1.071099934695078693e+00 0.000000000000000000e+00
7.801622528666539047e+00 1.589187220624400876e+00 1.086588833153407415e-04 1.000000000000000000e+00 5.996955764234648513e-05 1.614548567413955223e-04 6.450717818078516075e+00 1.016299614708463084e+00 9.641508078599925202e-01 1.070227771231357927e+00 0.000000000000000000e+00
7.808128381566169729e+00 1.587863085341000069e+00 1.004645872652872951e-04 1.000000000000000000e+00 5.181450718190878474e-05 1.533267859479511320e-04 5.441424407148303999e+00 1.020258223464103775e+00 9.680114913100161811e-01 1.074279964297974788e+00 0.000000000000000000e+00
7.814639659763139790e+00 1.586540053347523793e+00 9.423505792509548752e-05 1.000000000000000000e+00 4.585913508888736490e-05 1.469310271925169757e-04 4.799566851162254011e+00 1.012575826373082633e+00 9.601629125336922366e-01 1.066784032009856942e+00 0.000000000000000000e+00
7.821156367781661345e+00 1.585218123724693617e+00 8.035217460671215139e-05 1.000000000000000000e+00 3.265146191937193671e-05 1.324586531873591386e-04 3.495885117725322289e+00 1.028236348811064405e+00 9.748202272594993500e-01 1.083487834857048693e+00 0.000000000000000000e+00
7.827678510149716828e+00 1.583897295553998275e+00 7.005671134095915352e-05 1.000000000000000000e+00 2.305796933222494004e-05 1.215248244229836676e-04 2.672766818389845866e+00 1.032498481302929427e+00 9.793532543033345306e-01 1.087454891780687216e+00 0.000000000000000000e+00
7.834206091399066985e+00 1.582577567917689887e+00 6.029826887279247021e-05 1.000000000000000000e+00 1.375747644945079899e-05 1.113544561971691028e-04 1.982231716153449952e+00 1.036225610950181730e+00 9.823236463154351172e-01 1.091983571385875873e+00 0.000000000000000000e+00
7.840739116065250869e+00 1.581258939898786631e+00 5.278217230043418483e-05 1.000000000000000000e+00 6.592478793261203392e-06 1.035435073082312116e-04 1.514924259511261084e+00 1.034300447110618748e+00 9.807589524820828908e-01 1.089676398331167251e+00 0.000000000000000000e+00
7.847277588687588512e+00 1.579941410581070071e+00 4.052955476613888153e-05 1.000000000000000000e+00 -5.350235025670496388e-06 9.099605209212088060e-05 8.831929263518247808e-01 1.051597607041861560e+00 9.969153497968681332e-01 1.108162511006643980e+00 0.000000000000000000e+00
7.853821513809187138e+00 1.578624979049085830e+00 3.314608959088710173e-05 1.000000000000000000e+00 -1.243950082778873993e-05 8.328725389132741314e-05 5.878308888639338647e-01 1.057111404720663561e+00 1.002608810772727566e+00 1.113479427279872036e+00 0.000000000000000000e+00
7.860370895976941163e+00 1.577309644388141585e+00 2.693130281547521991e-05 1.000000000000000000e+00 -1.828744609603250569e-05 7.666610801963040490e-05 3.898972146527768246e-01 1.064353943708082895e+00 1.008987038036863071e+00 1.121636217768477550e+00 0.000000000000000000e+00
7.866925739741537527e+00 1.575995405684307737e+00 2.578011706729434232e-05 1.000000000000000000e+00 -1.876656316731107024e-05 7.487935568562998257e-05 3.654144417686069346e-01 1.059466372412992019e+00 1.004619713461520680e+00 1.116202907941632905e+00 0.000000000000000000e+00
7.873486049657457464e+00 1.574682262024415857e+00 2.424289850750772446e-05 1.000000000000000000e+00 -1.957485195007400099e-05 7.267143364060330707e-05 3.322665913788114267e-01 1.059197997240100664e+00 1.003740215657705548e+00 1.116587308373586440e+00 0.000000000000000000e+00
7.880051830282980951e+00 1.573370212496058462e+00 2.110984494873839492e-05 1.000000000000000000e+00 -2.199073557454551281e-05 6.886255028651070049e-05 2.569400520869749016e-01 1.065692319468391158e+00 1.010477746129106791e+00 1.122811356915486281e+00 0.000000000000000000e+00
7.886623086180188480e+00 1.572059256187587906e+00 1.467574097913246202e-05 1.000000000000000000e+00 -2.811824647517950377e-05 6.211405035663495407e-05 1.241376520327150956e-01 1.083502052821013972e+00 1.027146954544014612e+00 1.141809982530144651e+00 0.000000000000000000e+00
7.893199821914964609e+00 1.570749392188117488e+00 1.428248228171383579e-05 1.000000000000000000e+00 -2.881939557669178090e-05 6.202258652976712079e-05 1.162404312772196135e-01 1.076982954971174022e+00 1.020323461589314640e+00 1.135627889910709509e+00 0.000000000000000000e+00
7.899782042057002407e+00 1.569440619587517682e+00 1.178967338146876314e-05 1.000000000000000000e+00 -3.184014170106565591e-05 6.004999362276831323e-05 7.710514731968487467e-02 1.078138557694335642e+00 1.021373424438927202e+00 1.136894191442118229e+00 0.000000000000000000e+00
7.906369751179806116e+00 1.568132937476418354e+00 9.013746536129904385e-06 1.000000000000000000e+00 -3.522520132710146325e-05 5.785958032275744856e-05 4.380081374957001117e-02 1.083290659567563541e+00 1.025887969037457603e+00 1.142719680069292920e+00 0.000000000000000000e+00
7.912962953860692039e+00 1.566826344946206540e+00 9.444092143245944390e-06 1.000000000000000000e+00 -3.512781698475560163e-05 5.860583761278758666e-05 4.745884355496343687e-02 1.083120703340407776e+00 1.025721484710778064e+00 1.142548836691615888e+00 0.000000000000000000e+00
7.919561654680794760e+00 1.565520841089027337e+00 8.093239275277380558e-06 1.000000000000000000e+00 -3.629353244516626468e-05 5.708294020614280615e-05 3.495403183455891849e-02 1.095850772323743838e+00 1.037783398815617986e+00 1.155973236928646397e+00 0.000000000000000000e+00
7.926165858225068916e+00 1.564216424997781019e+00 1.170275628454205897e-05 1.000000000000000000e+00 -3.220455710792023300e-05 6.026276836437138254e-05 7.476799637129261100e-02 1.094241299830727598e+00 1.036374351004770489e+00 1.154154647769481734e+00 0.000000000000000000e+00
7.932775569082291867e+00 1.562913095766124583e+00 1.940225663699242400e-05 1.000000000000000000e+00 -2.415980829534943543e-05 6.766309212876083000e-05 2.118142948059471564e-01 1.074733969610060624e+00 1.017082155101731056e+00 1.134455065707868693e+00 0.000000000000000000e+00
7.939390791845069018e+00 1.561610852488469980e+00 2.011860145814137822e-05 1.000000000000000000e+00 -2.313010823514464629e-05 6.809224662379552092e-05 2.304813727484429364e-01 1.074478045985158614e+00 1.016941483875165142e+00 1.134078637287233349e+00 0.000000000000000000e+00
7.946011531109834714e+00 1.560309694259983226e+00 2.129612057078105838e-05 1.000000000000000000e+00 -2.208121254586717846e-05 6.941374980811210508e-05 2.577682708291604285e-01 1.062968114160194544e+00 1.005324899007188799e+00 1.122706028444746762e+00 0.000000000000000000e+00
7.952637791476856677e+00 1.559009620176584621e+00 1.201581351930189506e-05 1.000000000000000000e+00 -3.161115384223570291e-05 6.038345222735013893e-05 7.965233113131375831e-02 1.081703546463479215e+00 1.022744160034211536e+00 1.142816888783147133e+00 0.000000000000000000e+00
7.959269577550237784e+00 1.557710629334948083e+00 3.593447216893958936e-06 1.000000000000000000e+00 -4.039225110957631775e-05 5.236066024968117467e-05 6.878532106483703501e-03 1.088563447778166937e+00 1.029688262037128155e+00 1.149571593824620486e+00 0.000000000000000000e+00
7.965906893937922284e+00 1.556412720832499597e+00 6.805325274541851292e-07 1.000000000000000000e+00 -4.386508692099186238e-05 5.006978845284778813e-05 2.407136969608814070e-04 1.072140648998660462e+00 1.012793128846146917e+00 1.133677552463613569e+00 0.000000000000000000e+00
7.972549745251694908e+00 1.555115893767417656e+00 -6.739284043995577785e-06 -1.000000000000000000e+00 -5.122900339469559669e-05 4.271821310951582653e-05 2.317847066809264334e-02 1.075807311180432713e+00 1.016690014669168640e+00 1.137085580169463706e+00 0.000000000000000000e+00
7.979198136107187977e+00 1.553820147238631932e+00 -1.093058689770800966e-05 -1.000000000000000000e+00 -5.517219564802814644e-05 3.837171033766718188e-05 6.098371250354261974e-02 1.077101300332609979e+00 1.017184447768601396e+00 1.139232528144213941e+00 0.000000000000000000e+00
7.985852071123881402e+00 1.552525480345822828e+00 -1.102142864679653792e-05 -1.000000000000000000e+00 -5.474211569563588417e-05 3.779981101346083781e-05 6.295659418153576325e-02 1.074481712608815975e+00 1.015111275991750883e+00 1.136036368572690192e+00 0.000000000000000000e+00
7.992511554925108008e+00 1.551231892189421036e+00 -6.294346380055417266e-06 -1.000000000000000000e+00 -4.968801643172144434e-05 4.218540748783522606e-05 2.105302771884964841e-02 1.062095963236294294e+00 1.002386909784970914e+00 1.124046267246480602e+00 0.000000000000000000e+00
7.999176592138056208e+00 1.549939381870606869e+00 -3.091154841300820496e-06 -1.000000000000000000e+00 -4.605996109917975470e-05 4.497924673641231163e-05 5.180278562015416810e-03 1.058222387640267659e+00 9.991138479434037434e-01 1.119541102646570696e+00 0.000000000000000000e+00
