# OBJ_NAME=4U 1916-053
#         GRID_START=6.00
#         GRID_END=8.00
#         GRID_STEP_FRACTION=0.50
#         XSPEC_FITSTAT=cstat
#         XSPEC_CONTINUUM_MODEL=tbabs*(bbodyrad + pow)*constant
#         XSPEC_LINE_MODEL=gauss
#         LINE_VELOCITY_WIDTH=500
#         INPUT_FILE=/home/simon/Downloads/tgcat/obs_20172_tgid_5611/pm_heg_abs1.pha
#         SEARCH_MODE=Sliding window
#         FIT_REGION_WIDTH=30.00
#         RUNTIME=69
#         COLUMN_NAMES=ENERGY,WAVELENGTH,NORM,NORM_SIGN,NORM_ERR_LO,NORM_ERR_HI,DELTA_FITSTAT,CONSTANT_FACTOR,CONSTANT_FACTOR_ERR_LO,CONSTANT_FACTOR_ERR_HI,FIT_ERR
6.000000000000000000e+00 2.066373137115381287e+00 1.983345282772929708e-06 1.000000000000000000e+00 -1.231993011500536051e-05 1.733576654536587777e-05 1.996082492357231786e-02 9.879068240085397967e-01 9.558761820669778864e-01 1.020627718241264859e+00 0.000000000000000000e+00
6.005003461427972589e+00 2.064651403172383937e+00 2.422890802294393087e-06 1.000000000000000000e+00 -1.190942185058161276e-05 1.781897870674031657e-05 2.973310923682959128e-02 9.907581261745255219e-01 9.584493352313980807e-01 1.023766564321436645e+00 0.000000000000000000e+00
6.010011095293655181e+00 2.062931103804642063e+00 2.446904635221142309e-06 1.000000000000000000e+00 -1.207386891646674060e-05 1.803955353181719212e-05 2.958602316498115670e-02 9.895607010514387847e-01 9.574270357273786392e-01 1.022386774225077177e+00 0.000000000000000000e+00
6.015022905076486737e+00 2.061212237816845594e+00 1.900923226778984074e-06 1.000000000000000000e+00 -1.294112647211085031e-05 1.781238735333604686e-05 1.714380045346786119e-02 9.900446466432729631e-01 9.577891350475822296e-01 1.022997263625618380e+00 0.000000000000000000e+00
6.020038894258807005e+00 2.059494804014679215e+00 3.447174012963976399e-06 1.000000000000000000e+00 -1.170603054150265557e-05 1.966457803802044388e-05 5.482370864021390844e-02 9.812821933845959910e-01 9.488664281781188370e-01 1.014407582615226788e+00 0.000000000000000000e+00
6.025059066325860080e+00 2.057778801204824592e+00 5.261392972252263835e-06 1.000000000000000000e+00 -9.974206145702099570e-06 2.156844581645269782e-05 1.273569641843437239e-01 9.799722181380379205e-01 9.475312720264859045e-01 1.013124439270657540e+00 0.000000000000000000e+00
6.030083424765796174e+00 2.056064228194956822e+00 8.410264308147245125e-06 1.000000000000000000e+00 -6.749960246983078045e-06 2.465521016056862198e-05 3.318346063437616067e-01 9.778604662302615713e-01 9.456991475077523024e-01 1.010722053064921244e+00 0.000000000000000000e+00
6.035111973069674285e+00 2.054351083793744426e+00 1.184165771160210074e-05 1.000000000000000000e+00 -3.283094626942063848e-06 2.804877459023185686e-05 6.709182444419070634e-01 9.765072971300943205e-01 9.441768279344513459e-01 1.009547032244532350e+00 0.000000000000000000e+00
6.040144714731465747e+00 2.052639366810848021e+00 1.366292423459489719e-05 1.000000000000000000e+00 -1.494449831108276712e-06 2.988688331333035558e-05 8.959353829324925300e-01 9.832166431697799691e-01 9.507591360270383207e-01 1.016385881656109769e+00 0.000000000000000000e+00
6.045181653248054232e+00 2.050929076056921652e+00 1.523375601397602436e-05 1.000000000000000000e+00 -2.782637642205273575e-08 3.154871579259601612e-05 1.105235350785619630e+00 9.841947572285996149e-01 9.519181683637687463e-01 1.017175529094997533e+00 0.000000000000000000e+00
6.050222792119239301e+00 2.049220210343609683e+00 1.613869939355845219e-05 1.000000000000000000e+00 7.478895634990324372e-07 3.258093770607710989e-05 1.227329905958086442e+00 9.797320012080308338e-01 9.472694567364989826e-01 1.012910152569439060e+00 0.000000000000000000e+00
6.055268134847740846e+00 2.047512768483544576e+00 1.346797218212495911e-05 1.000000000000000000e+00 -1.939126792039051167e-06 2.993589783019137517e-05 8.428336480471045888e-01 9.895690344724197285e-01 9.568824070319238428e-01 1.022973427929245060e+00 0.000000000000000000e+00
6.060317684939197314e+00 2.045806749290351334e+00 1.096330466972123630e-05 1.000000000000000000e+00 -4.381825086356026442e-06 2.738074468181704379e-05 5.567497111834711632e-01 9.902729674821306727e-01 9.575132032601979537e-01 1.023752636760607793e+00 0.000000000000000000e+00
6.065371445902172809e+00 2.044102151578641724e+00 7.475695772217550851e-06 1.000000000000000000e+00 -7.712831426053499815e-06 2.374617516618293591e-05 2.597698616132220195e-01 9.926777965425416239e-01 9.598855543483056918e-01 1.026189616576711039e+00 0.000000000000000000e+00
6.070429421248155322e+00 2.042398974164015168e+00 3.556155309123042890e-06 1.000000000000000000e+00 -1.141436317663774103e-05 1.961810633775842044e-05 5.930881068860571759e-02 9.957271707478837497e-01 9.628511910797792339e-01 1.029324498466711812e+00 0.000000000000000000e+00
6.075491614491562942e+00 2.040697215863058300e+00 -1.186099928152650918e-06 -1.000000000000000000e+00 -1.590354744433962973e-05 1.463285158700176346e-05 6.655592770599128016e-03 1.004094784668779106e+00 9.710473111549599023e-01 1.037865097570219275e+00 0.000000000000000000e+00
6.080558029149742971e+00 2.038996875493343186e+00 -4.933873791055033215e-06 -1.000000000000000000e+00 -1.944241651679327914e-05 1.068629267364467388e-05 1.160252599869977530e-01 1.006670919913710716e+00 9.735941989604435243e-01 1.040469609718010391e+00 0.000000000000000000e+00
6.085628668742976366e+00 2.037297951873428659e+00 -7.504288933700300443e-06 -1.000000000000000000e+00 -2.190411101077614897e-05 8.014164468205688113e-06 2.688169719301498617e-01 1.003566971156393706e+00 9.704807022079871004e-01 1.037377210139715844e+00 0.000000000000000000e+00
6.090703536794479511e+00 2.035600443822857208e+00 -9.300218930955345774e-06 -1.000000000000000000e+00 -2.368936985193166990e-05 6.210069269354231153e-06 4.103068419493069996e-01 1.000075615283904762e+00 9.669769723720055277e-01 1.033901125766180762e+00 0.000000000000000000e+00
6.095782636830406886e+00 2.033904350162153651e+00 -1.000772678654768673e-05 -1.000000000000000000e+00 -2.445633340807478709e-05 5.561429599118648278e-06 4.711613792665048095e-01 9.974381252569333167e-01 9.641090166643824233e-01 1.031505795873456810e+00 0.000000000000000000e+00
6.100865972379854618e+00 2.032209669712826461e+00 -1.033130356161527052e-05 -1.000000000000000000e+00 -2.479936121054955307e-05 5.257556588461786198e-06 4.993197378227449690e-01 1.002950773166223497e+00 9.697354750067423979e-01 1.036896062462476342e+00 0.000000000000000000e+00
6.105953546974859592e+00 2.030516401297367324e+00 -7.609764581125119178e-06 -1.000000000000000000e+00 -2.212705316916017576e-05 8.023928920604226121e-06 2.729876388464163028e-01 9.979156584804916852e-01 9.645423919457702944e-01 1.032029919698034037e+00 0.000000000000000000e+00
6.111045364150406556e+00 2.028824543739246700e+00 -5.477841499155930473e-06 -1.000000000000000000e+00 -1.998810150734419244e-05 1.013991451399864139e-05 1.428711969787599401e-01 1.002653655630909579e+00 9.691793230380152391e-01 1.036871159834340972e+00 0.000000000000000000e+00
6.116141427444425460e+00 2.027134095862917373e+00 -2.818580399670093848e-06 -1.000000000000000000e+00 -1.731188722187090607e-05 1.277328521662263265e-05 3.829702586897099081e-02 1.003136814749952421e+00 9.698927207108076765e-01 1.037115082032988189e+00 0.000000000000000000e+00
6.121241740397799447e+00 2.025445056493809570e+00 -6.696596577301634727e-07 -1.000000000000000000e+00 -1.517180194898847900e-05 1.492599142465086194e-05 2.182282246437239337e-03 1.000484773234809444e+00 9.670535716646385671e-01 1.034661083808174897e+00 0.000000000000000000e+00
6.126346306554362187e+00 2.023757424458334508e+00 -5.615514169420975697e-07 -1.000000000000000000e+00 -1.506369631494546945e-05 1.503169648686966712e-05 1.534959550454573218e-03 1.001765785072486148e+00 9.682695632650429873e-01 1.036008875131402718e+00 0.000000000000000000e+00
6.131455129460903208e+00 2.022071198583879958e+00 -1.935003560272283293e-06 -1.000000000000000000e+00 -1.644991092939791997e-05 1.367744852109829801e-05 1.807962125099038531e-02 1.001887206522752205e+00 9.683227357364512233e-01 1.036201562404084342e+00 0.000000000000000000e+00
6.136568212667169675e+00 2.020386377698810687e+00 -4.971830332896953580e-06 -1.000000000000000000e+00 -1.950740797213566959e-05 1.067757584382858689e-05 1.172960236090432318e-01 1.003995766608125839e+00 9.703722376900869584e-01 1.038368820359785616e+00 0.000000000000000000e+00
6.141685559725869936e+00 2.018702960632467569e+00 -9.548176819520133493e-06 -1.000000000000000000e+00 -2.411035975414183897e-05 6.137492109141531757e-06 4.223148711300694913e-01 1.011556548241959730e+00 9.777140409184716940e-01 1.046151873902942508e+00 0.000000000000000000e+00
6.146807174192673529e+00 2.017020946215167587e+00 -1.291691207562229120e-05 -1.000000000000000000e+00 -2.749094724356120002e-05 2.770445299807851615e-06 7.619635155417228134e-01 1.012055601363655466e+00 9.781169788498939033e-01 1.046751394651395106e+00 0.000000000000000000e+00
6.151933059626216505e+00 2.015340333278202056e+00 -1.528075007732453087e-05 -1.000000000000000000e+00 -2.968123207238694496e-05 2.380875246964511899e-07 1.075673724371853268e+00 1.013680445334234292e+00 9.797342595561359113e-01 1.048383831892914841e+00 0.000000000000000000e+00
6.157063219588101433e+00 2.013661120653835290e+00 -1.613942011525151227e-05 -1.000000000000000000e+00 -3.020014470980420717e-05 -9.294185734354870398e-07 1.237852403364072984e+00 1.014542530648310903e+00 9.805821033840019796e-01 1.049259696033178590e+00 0.000000000000000000e+00
6.162197657642900950e+00 2.011983307175305935e+00 -1.626861797648603805e-05 -1.000000000000000000e+00 -3.008425638715956531e-05 -1.277028565969049714e-06 1.288627504849429783e+00 1.014911105078746711e+00 9.809320039220655874e-01 1.049646645257515942e+00 0.000000000000000000e+00
6.167336377358160426e+00 2.010306891676824304e+00 -1.685530290106546002e-05 -1.000000000000000000e+00 -3.073805430734923597e-05 -1.800051354726226848e-06 1.370479694244451707e+00 1.018395033547548678e+00 9.840849175909378577e-01 1.053473788198536543e+00 0.000000000000000000e+00
6.172479382304400630e+00 2.008631872993570600e+00 -1.610631027936438423e-05 -1.000000000000000000e+00 -3.032796068971697613e-05 -7.375668685483344287e-07 1.210605079689543118e+00 1.013052500787289478e+00 9.789774190464105574e-01 1.047890621559606439e+00 0.000000000000000000e+00
6.177626676055119503e+00 2.006958249961698471e+00 -1.500110542989273412e-05 -1.000000000000000000e+00 -2.956428159000792688e-05 6.854525410024362185e-07 1.019309309430383337e+00 1.012105228581266836e+00 9.777300720558278480e-01 1.047258413943980004e+00 0.000000000000000000e+00
6.182778262186794827e+00 2.005286021418328790e+00 -1.322526718532341254e-05 -1.000000000000000000e+00 -2.785309551922126166e-05 2.529606592354036561e-06 7.915267540978021543e-01 1.016617400492151990e+00 9.821232633445842186e-01 1.051891147515104263e+00 0.000000000000000000e+00
6.187934144278887771e+00 2.003615186201552323e+00 -9.861129674093920900e-06 -1.000000000000000000e+00 -2.437699671311969758e-05 5.806628315518796594e-06 4.500951409125804048e-01 1.015921690214855344e+00 9.817050980368634550e-01 1.050905343170356332e+00 0.000000000000000000e+00
6.193094325913842901e+00 2.001945743150427948e+00 -5.518515824604932711e-06 -1.000000000000000000e+00 -2.004082508142386574e-05 1.016335530227150861e-05 1.436918792718131499e-01 1.006272436443142126e+00 9.719900985332704524e-01 1.041332336388671953e+00 0.000000000000000000e+00
6.198258810677093500e+00 2.000277691104981770e+00 -4.169724602289377116e-06 -1.000000000000000000e+00 -1.882314344913396228e-05 1.163314615336812695e-05 8.128962314907539621e-02 1.012090985910173213e+00 9.776477237195805303e-01 1.047315623338612056e+00 0.000000000000000000e+00
6.203427602157062459e+00 1.998611028906206677e+00 -1.806666867402199389e-06 -1.000000000000000000e+00 -1.674011789512809705e-05 1.427332106746518337e-05 1.491591143825132804e-02 1.004777834537346370e+00 9.706234552977670571e-01 1.039706141769678460e+00 0.000000000000000000e+00
6.208600703945164057e+00 1.996945755396060118e+00 -1.648865023994402352e-06 -1.000000000000000000e+00 -1.689693640888647916e-05 1.475849288195629102e-05 1.198973376301637472e-02 1.010624823050571441e+00 9.760474956707612115e-01 1.045988988565996092e+00 0.000000000000000000e+00
6.213778119635809283e+00 1.995281869417466547e+00 2.878650233992875143e-07 1.000000000000000000e+00 -1.527851432543253282e-05 1.703089671248392072e-05 3.551342667407197951e-04 1.007410962746081884e+00 9.727706929181434425e-01 1.042841612565458931e+00 0.000000000000000000e+00
6.218959852826404955e+00 1.993619369814312314e+00 2.638907864982069472e-07 1.000000000000000000e+00 -1.553005967155891522e-05 1.723914165116901043e-05 2.904162802650489539e-04 1.025257181937076378e+00 9.902292166654641514e-01 1.061078478688360249e+00 0.000000000000000000e+00
6.224145907117359044e+00 1.991958255431448777e+00 4.919706010119335168e-06 1.000000000000000000e+00 -1.111543386885339242e-05 2.213111544433876265e-05 1.001197979344681244e-01 1.021968806567386423e+00 9.869963193251599654e-01 1.057734828005970407e+00 0.000000000000000000e+00
6.229336286112081567e+00 1.990298525114688521e+00 1.049704100067983384e-05 1.000000000000000000e+00 -5.723521791810079739e-06 2.787820737340151111e-05 4.566848831219374460e-01 1.019411793762015073e+00 9.844361868017681427e-01 1.055184036596034325e+00 0.000000000000000000e+00
6.234530993416986355e+00 1.988640177710806478e+00 1.580711970237927121e-05 1.000000000000000000e+00 -5.156052442261236529e-07 3.327603707450450213e-05 1.045862101455057314e+00 1.018478773285310890e+00 9.832816955998515684e-01 1.054485435016920825e+00 0.000000000000000000e+00
6.239730032641496393e+00 1.986983212067538140e+00 2.022339683156975358e-05 1.000000000000000000e+00 3.897240398816555792e-06 3.768552140787407331e-05 1.738357133510547214e+00 1.015205841076929794e+00 9.803298617850205732e-01 1.050880916921138830e+00 0.000000000000000000e+00
6.244933407398043812e+00 1.985327627033580011e+00 2.333087955441842564e-05 1.000000000000000000e+00 7.028914742691432210e-06 4.076857832617483181e-05 2.350678836999904320e+00 1.005821865851243224e+00 9.710733331471553820e-01 1.041371504005659698e+00 0.000000000000000000e+00
6.250141121302072555e+00 1.983673421458586272e+00 2.300639529894599791e-05 1.000000000000000000e+00 6.751281489987898056e-06 4.040184202902581830e-05 2.298829768073431978e+00 1.001947907126771620e+00 9.669968513201313565e-01 1.037712405716903818e+00 0.000000000000000000e+00
6.255353177972041934e+00 1.982020594193170782e+00 1.920028630146562075e-05 1.000000000000000000e+00 3.032963796689921863e-06 3.651689983279547528e-05 1.590382953732742521e+00 1.003674370534204385e+00 9.688911071886915360e-01 1.039261343039879382e+00 0.000000000000000000e+00
6.260569581029430175e+00 1.980369144088905076e+00 1.237442206550417979e-05 1.000000000000000000e+00 -3.700537800930467686e-06 2.960950314780543653e-05 6.495751308904686994e-01 1.010055157641467805e+00 9.750547855744345904e-01 1.045863043405719228e+00 0.000000000000000000e+00
6.265790334098732650e+00 1.978719069998317037e+00 3.327558634329133916e-06 1.000000000000000000e+00 -1.260046919189939615e-05 2.045244617984715488e-05 4.599374174082981881e-02 1.021383492757698797e+00 9.858575929532056303e-01 1.057729480319132609e+00 0.000000000000000000e+00
6.271015440807469865e+00 1.977070370774890451e+00 -5.355673686612112459e-06 -1.000000000000000000e+00 -2.108380825974671041e-05 1.161623787455009010e-05 1.171794023927787975e-01 1.030339148339078470e+00 9.945490170030499844e-01 1.066951242033313818e+00 0.000000000000000000e+00
6.276244904786186574e+00 1.975423045273065226e+00 -1.152877117154661596e-05 -1.000000000000000000e+00 -2.710857982301102088e-05 5.316543417331144242e-06 5.368447732078891477e-01 1.034755604791594008e+00 9.988660700974469897e-01 1.071466575693423851e+00 0.000000000000000000e+00
6.281478729668454442e+00 1.973777092348234952e+00 -1.545903371242567559e-05 -1.000000000000000000e+00 -3.096011544204398743e-05 1.295662715509650088e-06 9.583113999782995052e-01 1.046040421003597398e+00 1.009885279089230314e+00 1.083021044366527130e+00 0.000000000000000000e+00
6.286716919090875599e+00 1.972132510856748011e+00 -1.389874244880302561e-05 -1.000000000000000000e+00 -2.936478530195756861e-05 2.814744274179974818e-06 7.825349111252393186e-01 1.046602648230520627e+00 1.010397873349388354e+00 1.083635734468287426e+00 0.000000000000000000e+00
6.291959476693084419e+00 1.970489299655904469e+00 -8.734498982495230400e-06 -1.000000000000000000e+00 -2.421278370098915939e-05 7.991207016182135664e-06 3.149884845133783529e-01 1.042874765914413082e+00 1.006791370981844347e+00 1.079784605487229987e+00 0.000000000000000000e+00
6.297206406117751065e+00 1.968847457603957185e+00 -2.113037620171013857e-06 -1.000000000000000000e+00 -1.774326182497104241e-05 1.475121473751708979e-05 1.865330594100100825e-02 1.038666200002308138e+00 1.002623721542711399e+00 1.075537734125688427e+00 0.000000000000000000e+00
6.302457711010582386e+00 1.967206983560110700e+00 5.736289019986790536e-06 1.000000000000000000e+00 -1.018443009304379336e-05 2.286414425255544036e-05 1.378191106268218391e-01 1.026797078447916123e+00 9.909040806183098127e-01 1.063524018496931234e+00 0.000000000000000000e+00
6.307713395020327241e+00 1.965567876384518575e+00 1.169291294620197633e-05 1.000000000000000000e+00 -4.507916184234077466e-06 2.907355278615855379e-05 5.690098358285808899e-01 1.022537027709382373e+00 9.867276364425259239e-01 1.059181947037732607e+00 0.000000000000000000e+00
6.312973461798775610e+00 1.963930134938285832e+00 1.437430476810226324e-05 1.000000000000000000e+00 -2.000364038418067230e-06 3.192521846432829619e-05 8.509513157284374074e-01 1.030364048169090108e+00 9.943551815618176803e-01 1.067212529110431518e+00 0.000000000000000000e+00
6.318237915000763039e+00 1.962293758083465844e+00 1.728315441311592714e-05 1.000000000000000000e+00 7.787241195149043277e-07 3.497400759599796213e-05 1.228349321118045623e+00 1.022859666103395071e+00 9.866917466842166640e-01 1.059880340977045643e+00 0.000000000000000000e+00
6.323506758284172413e+00 1.960658744683059451e+00 1.804517375734232331e-05 1.000000000000000000e+00 1.484706951823546275e-06 3.581392874291279376e-05 1.333169612248809699e+00 1.016839479314543659e+00 9.809854806495343915e-01 1.053534873442488973e+00 0.000000000000000000e+00
6.328779995309938400e+00 1.959025093601015399e+00 1.636716310099676312e-05 1.000000000000000000e+00 -2.634998688010153889e-07 3.422385060700208488e-05 1.080688634567877671e+00 1.017197943019084949e+00 9.812302566795085834e-01 1.054010280994290838e+00 0.000000000000000000e+00
6.334057629742047446e+00 1.957392803702229900e+00 1.311976980128496156e-05 1.000000000000000000e+00 -3.616718230765948906e-06 3.108844711954663936e-05 6.780114185173431451e-01 1.021891377565975256e+00 9.855009308616851094e-01 1.059141362964742150e+00 0.000000000000000000e+00
6.339339665247542221e+00 1.955761873852543076e+00 9.356725109011994888e-06 1.000000000000000000e+00 -7.436615803846586479e-06 2.737657185021000395e-05 3.372302864327707539e-01 1.028407533947444552e+00 9.920850007708477136e-01 1.065580749018733453e+00 0.000000000000000000e+00
6.344626105496522506e+00 1.954132302918741848e+00 5.521320102728030162e-06 1.000000000000000000e+00 -1.119771180135886360e-05 2.346976777459901952e-05 1.164973412291061550e-01 1.038750268358128448e+00 1.002171484872364182e+00 1.076183336133408774e+00 0.000000000000000000e+00
6.349916954162148741e+00 1.952504089768555939e+00 3.903053770676917991e-06 1.000000000000000000e+00 -1.262117231148325474e-05 2.167613812971570092e-05 5.905385949294839065e-02 1.041418088271625075e+00 1.004535073384562605e+00 1.079166427914721282e+00 0.000000000000000000e+00
6.355212214920644698e+00 1.950877233270659206e+00 4.615028885962372926e-06 1.000000000000000000e+00 -1.172566588843335238e-05 2.223315045838886994e-05 8.436049076213691933e-02 1.035297385932882674e+00 9.984870048166645251e-01 1.072973579075153783e+00 0.000000000000000000e+00
6.360511891451300137e+00 1.949251732294668749e+00 5.235705006457437879e-06 1.000000000000000000e+00 -1.109062964531034951e-05 2.285085899880399580e-05 1.089054850969262134e-01 1.034857558487920937e+00 9.980748884151734446e-01 1.072504979647556977e+00 0.000000000000000000e+00
6.365815987436472589e+00 1.947627585711142251e+00 7.689669376245728620e-06 1.000000000000000000e+00 -8.889287277239476618e-06 2.554166699897520142e-05 2.311950736953320984e-01 1.026403176089427660e+00 9.896595963416199293e-01 1.064017748590078805e+00 0.000000000000000000e+00
6.371124506561590906e+00 1.946004792391578420e+00 1.057756317527859686e-05 1.000000000000000000e+00 -6.340194419058563924e-06 2.874157522816212185e-05 4.272500614467134028e-01 1.020047727783328639e+00 9.832969938175979419e-01 1.057677152107377783e+00 0.000000000000000000e+00
6.376437452515156146e+00 1.944383351208418098e+00 1.345997110389823247e-05 1.000000000000000000e+00 -3.664667034196038463e-06 3.182847072796601362e-05 6.835447070384788049e-01 1.017989105103759062e+00 9.812686085665757174e-01 1.055589460017102965e+00 0.000000000000000000e+00
6.381754828988746020e+00 1.942763261035039601e+00 1.752652391366585986e-05 1.000000000000000000e+00 3.452825406112897892e-07 3.596344851487393035e-05 1.170289993515709170e+00 1.009651741642967337e+00 9.730338449015376590e-01 1.047151186889403895e+00 0.000000000000000000e+00
6.387076639677015777e+00 1.941144520745761159e+00 2.077831244725066894e-05 1.000000000000000000e+00 3.643841802371897831e-06 3.917579959460223049e-05 1.674661564510600442e+00 1.004145226307874728e+00 9.675976378742874306e-01 1.041575925025322480e+00 0.000000000000000000e+00
6.392402888277703532e+00 1.939527129215838475e+00 2.247111141261203825e-05 1.000000000000000000e+00 5.397123487057025362e-06 4.080293746731576449e-05 1.983682445210135370e+00 1.002970732290998646e+00 9.664909617921200180e-01 1.040332521980585456e+00 0.000000000000000000e+00
6.397733578491629380e+00 1.937911085321463833e+00 2.282319445385600680e-05 1.000000000000000000e+00 5.756937966114731214e-06 4.114063590249839887e-05 2.050507178658222074e+00 1.001987380433984054e+00 9.654617710627445559e-01 1.039399106896031544e+00 0.000000000000000000e+00
6.403068714022700725e+00 1.936296387939767438e+00 2.147258571481165036e-05 1.000000000000000000e+00 4.365629248827844662e-06 3.983456262692275124e-05 1.799188430231325242e+00 1.002287845308093228e+00 9.654370069639406360e-01 1.040040127328460295e+00 0.000000000000000000e+00
6.408408298577912277e+00 1.934683035948813856e+00 1.864936619938643465e-05 1.000000000000000000e+00 1.528631709491824390e-06 3.704277553605536699e-05 1.337871466026243183e+00 1.003095572182251871e+00 9.664262369437480737e-01 1.040655723368984154e+00 0.000000000000000000e+00
6.413752335867351384e+00 1.933071028227602239e+00 1.471941344845732381e-05 1.000000000000000000e+00 -2.386659588681504815e-06 3.311527449175541307e-05 8.216904452020941108e-01 1.005222770716181824e+00 9.683998926058412504e-01 1.042940529397174965e+00 0.000000000000000000e+00
6.419100829604198033e+00 1.931460363656067436e+00 9.915138662499482631e-06 1.000000000000000000e+00 -7.112273860109732390e-06 2.823639038931910966e-05 3.693120707132209191e-01 1.011872302820785219e+00 9.746047199244990411e-01 1.050050146495984382e+00 0.000000000000000000e+00
6.424453783504729287e+00 1.929851041115075327e+00 6.650378797793502107e-06 1.000000000000000000e+00 -1.019454988989541250e-05 2.479781626915441794e-05 1.668617175430426869e-01 1.011738264036535995e+00 9.747135579420754814e-01 1.049661798670058932e+00 0.000000000000000000e+00
6.429811201288321953e+00 1.928243059486426159e+00 3.462280261911199238e-06 1.000000000000000000e+00 -1.313605577688294374e-05 2.137318847697068441e-05 4.583463821504096813e-02 1.017143677717890604e+00 9.797482326478513803e-01 1.055451020570926657e+00 0.000000000000000000e+00
6.435173086677453469e+00 1.926636417652850763e+00 2.763856534440849310e-06 1.000000000000000000e+00 -1.361755881331940454e-05 2.047381305149880624e-05 2.978951004027408089e-02 1.011919321633105939e+00 9.745752603937675174e-01 1.050177266762818862e+00 0.000000000000000000e+00
6.440539443397706343e+00 1.925031114498011453e+00 2.289698340167713988e-06 1.000000000000000000e+00 -1.398072048794564635e-05 1.990547305404390439e-05 2.059751674961773915e-02 1.009854906356783655e+00 9.727990694015261619e-01 1.047811895197862331e+00 0.000000000000000000e+00
6.445910275177769044e+00 1.923427148906499795e+00 2.237164446590618641e-06 1.000000000000000000e+00 -1.414840827451685959e-05 1.997155938493316559e-05 1.943783565671708402e-02 1.009077176011901500e+00 9.717050825299273775e-01 1.047366339749783215e+00 0.000000000000000000e+00
6.451285585749439555e+00 1.921824519763838390e+00 1.937926728788738107e-06 1.000000000000000000e+00 -1.468297641460711262e-05 1.989039031796133633e-05 1.421450311980265724e-02 1.014950394663701294e+00 9.773467947637658471e-01 1.053478065908634687e+00 0.000000000000000000e+00
6.456665378847628034e+00 1.920223225956476210e+00 3.602969900913228714e-06 1.000000000000000000e+00 -1.324014354945733340e-05 2.175303800254511772e-05 4.836414367923680402e-02 1.013737837183930734e+00 9.761372571771660400e-01 1.052265305970933928e+00 0.000000000000000000e+00
6.462049658210359482e+00 1.918623266371792813e+00 6.013340035591612862e-06 1.000000000000000000e+00 -1.085930363632754976e-05 2.418844482678211816e-05 1.355924469187215209e-01 1.012438659564475874e+00 9.748013213895044826e-01 1.051006472218144472e+00 0.000000000000000000e+00
6.467438427578775517e+00 1.917024639898092353e+00 9.458574792026531181e-06 1.000000000000000000e+00 -7.301792990980450270e-06 2.753375009393126512e-05 3.442316665430951161e-01 1.004510341492122150e+00 9.670035502872510458e-01 1.042948838338833228e+00 0.000000000000000000e+00
6.472831690697137930e+00 1.915427345424606687e+00 1.129441852325139703e-05 1.000000000000000000e+00 -5.340045847641268831e-06 2.925417664035971643e-05 5.010036201556147262e-01 1.003189243048301815e+00 9.657675631298333618e-01 1.041539530077157272e+00 0.000000000000000000e+00
6.478229451312831344e+00 1.913831381841492263e+00 1.073692524946688548e-05 1.000000000000000000e+00 -5.891039326629533249e-06 2.869552076581058321e-05 4.515174004180408929e-01 1.011982875535113457e+00 9.743303519106275568e-01 1.050567592690538898e+00 0.000000000000000000e+00
6.483631713176364109e+00 1.912236748039830792e+00 1.011779316200056614e-05 1.000000000000000000e+00 -6.704626003185194149e-06 2.827504051245864538e-05 3.914115720684776534e-01 1.014238918756789953e+00 9.764111170082726554e-01 1.053004782652752880e+00 0.000000000000000000e+00
6.489038480041373624e+00 1.910643442911627687e+00 9.016531528157384654e-06 1.000000000000000000e+00 -8.103459421144434868e-06 2.746718278780866545e-05 2.996955600950741427e-01 1.015066446369040198e+00 9.771529798586844340e-01 1.053921262912274726e+00 0.000000000000000000e+00
6.494449755664626345e+00 1.909051465349812737e+00 8.772476941969054365e-06 1.000000000000000000e+00 -8.580670121455407471e-06 2.744328009904216045e-05 2.769116235159998496e-01 1.009432422211223201e+00 9.714764163906032257e-01 1.048338052926873543e+00 0.000000000000000000e+00
6.499865543806021329e+00 1.907460814248235881e+00 7.010332555574903356e-06 1.000000000000000000e+00 -1.027745093977234780e-05 2.561875604960847243e-05 1.768803545101462760e-01 1.016232844751381093e+00 9.778447152072691217e-01 1.055586055730925787e+00 0.000000000000000000e+00
6.505285848228594681e+00 1.905871488501671207e+00 7.012871558916119254e-06 1.000000000000000000e+00 -9.947173637400859406e-06 2.532156483176412447e-05 1.825841078909746784e-01 1.014133028964407046e+00 9.761031920132013928e-01 1.053111448405251283e+00 0.000000000000000000e+00
6.510710672698518664e+00 1.904283487005811404e+00 5.443385227425422441e-06 1.000000000000000000e+00 -1.115024960345998466e-05 2.340380875393938088e-05 1.133952688503399031e-01 1.022646561169148649e+00 9.844585794323287287e-01 1.061783280492392123e+00 0.000000000000000000e+00
6.516140020985107917e+00 1.902696808657271088e+00 4.137659497793769963e-06 1.000000000000000000e+00 -1.229169849240242156e-05 2.193183766084651673e-05 6.636021782790635370e-02 1.025303695166362994e+00 9.867825312816563832e-01 1.064788688805228034e+00 0.000000000000000000e+00
6.521573896860818564e+00 1.901111452353583031e+00 2.225073539521904782e-06 1.000000000000000000e+00 -1.424658498555946119e-05 2.005864039516014915e-05 1.891893562061852663e-02 1.025781601725780368e+00 9.874613698087276736e-01 1.065055658751047352e+00 0.000000000000000000e+00
6.527012304101254436e+00 1.899527416993199491e+00 6.501763539681371865e-07 1.000000000000000000e+00 -1.606733212177808133e-05 1.873675982080457992e-05 1.566314069648910845e-03 1.019118775672428701e+00 9.805163553040138202e-01 1.058694024609749373e+00 0.000000000000000000e+00
6.532455246485166178e+00 1.897944701475490215e+00 -1.916515023193193561e-06 -1.000000000000000000e+00 -1.886558421236565498e-05 1.641707424108298971e-05 1.314417698856118477e-02 1.020508138040866930e+00 9.817085752331953241e-01 1.060287509270126272e+00 0.000000000000000000e+00
6.537902727794456581e+00 1.896363304700741548e+00 -2.481517305162977470e-06 -1.000000000000000000e+00 -1.954405971967099228e-05 1.598025563361435682e-05 2.169017260361272292e-02 1.017666301013745001e+00 9.791258592184708398e-01 1.057175189906077950e+00 0.000000000000000000e+00
6.543354751814182357e+00 1.894783225570156437e+00 -7.677962009334894540e-07 -1.000000000000000000e+00 -1.783069788610598116e-05 1.770856982682293801e-05 2.091786564193398590e-03 1.013655099993887809e+00 9.748792660355688477e-01 1.053414380864196032e+00 0.000000000000000000e+00
6.548811322332555918e+00 1.893204462985853986e+00 2.131119376706127111e-06 1.000000000000000000e+00 -1.486481546478154348e-05 2.054726075202753250e-05 1.640434699426407406e-02 1.013608648336777884e+00 9.747963680748001902e-01 1.053406764173781651e+00 0.000000000000000000e+00
6.554272443140948923e+00 1.891627015850867455e+00 6.286372264701177940e-06 1.000000000000000000e+00 -1.071209767600800694e-05 2.468463178045120983e-05 1.452271965799383224e-01 1.010546930744711247e+00 9.718550646259042081e-01 1.050224018069544574e+00 0.000000000000000000e+00
6.559738118033894949e+00 1.890050883069143817e+00 1.123885959479527484e-05 1.000000000000000000e+00 -5.824222101579160142e-06 2.966607128951524925e-05 4.715594088689414320e-01 9.996570321800032355e-01 9.611235705342690006e-01 1.039182094566188930e+00 0.000000000000000000e+00
6.565208350809092153e+00 1.888476063545543981e+00 1.344643674754266025e-05 1.000000000000000000e+00 -3.619516021881426105e-06 3.185634276269925380e-05 6.812274424315063470e-01 9.987622158730443678e-01 9.601875222241239571e-01 1.038333668177987557e+00 0.000000000000000000e+00
6.570683145267405045e+00 1.886902556185840796e+00 1.360549477854595331e-05 1.000000000000000000e+00 -3.405189580198894267e-06 3.197011775133516546e-05 7.014641201848093033e-01 9.986777546741016920e-01 9.601321246412971577e-01 1.038218577439079304e+00 0.000000000000000000e+00
6.576162505212867160e+00 1.885330359896719488e+00 1.090428943174968962e-05 1.000000000000000000e+00 -6.024005077312780406e-06 2.921508902130005370e-05 4.488117779607563307e-01 1.004185432562018976e+00 9.654365704125940084e-01 1.043932990232453006e+00 0.000000000000000000e+00
6.581646434452685490e+00 1.883759473585775446e+00 8.523688349649411903e-06 1.000000000000000000e+00 -8.413777458862949532e-06 2.687040020012509929e-05 2.715066361684534968e-01 9.945808734687980879e-01 9.556472127849994225e-01 1.034530670690703591e+00 0.000000000000000000e+00
6.587134936797241380e+00 1.882189896161514886e+00 3.047481329491679729e-06 1.000000000000000000e+00 -1.390678919711055059e-05 2.142593493356316056e-05 3.376179636376264170e-02 9.986794935956294639e-01 9.598493507597990471e-01 1.038515745639493781e+00 0.000000000000000000e+00
6.592628016060094076e+00 1.880621626533353297e+00 -3.891467259230386034e-06 -1.000000000000000000e+00 -2.086710586256273984e-05 1.451796406699294077e-05 5.330988050910434595e-02 1.011513570152918984e+00 9.722760560117769124e-01 1.051764760499658724e+00 0.000000000000000000e+00
6.598125676057981615e+00 1.879054663611614329e+00 -8.464364025016739973e-06 -1.000000000000000000e+00 -2.538326286547750720e-05 9.918362928033223143e-06 2.486731802282946546e-01 1.017173099773401423e+00 9.774569591553297077e-01 1.057919530889481097e+00 0.000000000000000000e+00
6.603627920610826152e+00 1.877489006307530905e+00 -1.048780688697768056e-05 -1.000000000000000000e+00 -2.721438571029545007e-05 7.751285614247178956e-06 3.833002298683680920e-01 1.022770601713743233e+00 9.832284348664621643e-01 1.063326345812414475e+00 0.000000000000000000e+00
6.609134753541735741e+00 1.875924653533241671e+00 -8.777911199495150817e-06 -1.000000000000000000e+00 -2.548701954030546489e-05 9.444419085248237654e-06 2.710787983820921454e-01 1.021015523216377563e+00 9.811996521107357871e-01 1.061861418129938617e+00 0.000000000000000000e+00
6.614646178677005217e+00 1.874361604201792542e+00 -7.204986501699013621e-06 -1.000000000000000000e+00 -2.399835533841588052e-05 1.104853772031551109e-05 1.827018530917428052e-01 1.033529229738407773e+00 9.934122494371729895e-01 1.074683681825060466e+00 0.000000000000000000e+00
6.620162199846120643e+00 1.872799857227134490e+00 -1.963572116580085643e-06 -1.000000000000000000e+00 -1.887345959019099488e-05 1.636211841993365945e-05 1.371883524437578217e-02 1.026803939195497950e+00 9.871096397401717404e-01 1.067524848226661272e+00 0.000000000000000000e+00
6.625682820881761970e+00 1.871239411524124430e+00 1.930447314433051605e-06 1.000000000000000000e+00 -1.499635352089224255e-05 2.025493986652862502e-05 1.347098901491960987e-02 1.026261931354143009e+00 9.862921825400211562e-01 1.067275152017620465e+00 0.000000000000000000e+00
6.631208045619805702e+00 1.869680266008521441e+00 4.464970071050034221e-06 1.000000000000000000e+00 -1.238253736539849887e-05 2.270715892882223873e-05 7.343260675841634111e-02 1.023738320875460461e+00 9.837627280017368081e-01 1.064761258902742647e+00 0.000000000000000000e+00
6.636737877899325788e+00 1.868122419596990769e+00 4.281542225622284369e-06 1.000000000000000000e+00 -1.243457896789862230e-05 2.239481486445038351e-05 6.835632667196023249e-02 1.023885168136009494e+00 9.839485988291030161e-01 1.064867764723402388e+00 0.000000000000000000e+00
6.642272321562598059e+00 1.866565871207098271e+00 2.335556878401902934e-06 1.000000000000000000e+00 -1.425940384443856251e-05 2.033947673561932744e-05 2.043089443948531425e-02 1.017588532659042588e+00 9.776611345720468416e-01 1.058567681321437304e+00 0.000000000000000000e+00
6.647811380455102892e+00 1.865010619757312416e+00 -2.617258234672777754e-06 -1.000000000000000000e+00 -1.908066769925260465e-05 1.527704301070837066e-05 2.544206423891637314e-02 1.015087965428165040e+00 9.750626329795215597e-01 1.056171530632666000e+00 0.000000000000000000e+00
6.653355058425526991e+00 1.863456664167002952e+00 -1.070693760749528947e-05 -1.000000000000000000e+00 -2.699369883015092326e-05 7.031345776661900295e-06 4.179503039781025109e-01 1.021084052900685490e+00 9.808941424354630234e-01 1.062332956086744939e+00 0.000000000000000000e+00
6.658903359325766047e+00 1.861904003356439352e+00 -1.788898278027735073e-05 -1.000000000000000000e+00 -3.396526343332488171e-05 -3.384050914600904606e-07 1.154633021042528185e+00 1.014302426969530435e+00 9.740723637831867343e-01 1.055599055447203671e+00 0.000000000000000000e+00
6.664456287010930069e+00 1.860352636246791480e+00 -2.568187001783162933e-05 -1.000000000000000000e+00 -4.137069513195428211e-05 -8.480645988610599072e-06 2.383955095770147636e+00 1.017582063876568244e+00 9.769184753377267993e-01 1.059329293518783466e+00 0.000000000000000000e+00
6.670013845339340719e+00 1.858802561760127592e+00 -3.049225894852525953e-05 -1.000000000000000000e+00 -4.563723196730195148e-05 -1.377933854093515824e-05 3.439387875972826691e+00 1.016022845175000855e+00 9.756824841166481521e-01 1.057429386219851830e+00 0.000000000000000000e+00
6.675576038172540194e+00 1.857253778819414780e+00 -3.312597127043208876e-05 -1.000000000000000000e+00 -4.790017837619049218e-05 -1.678092119230387003e-05 4.160089038454003685e+00 1.016853037193662157e+00 9.761835700232812663e-01 1.058606770974171774e+00 0.000000000000000000e+00
6.681142869375288562e+00 1.855706286348516532e+00 -3.502133350294341026e-05 -1.000000000000000000e+00 -4.960954880486302362e-05 -1.890083948005038365e-05 4.714736053010128103e+00 1.027158105181828596e+00 9.862026951281211984e-01 1.069205656183282782e+00 0.000000000000000000e+00
6.686714342815570866e+00 1.854160083272192949e+00 -3.385693933213731690e-05 -1.000000000000000000e+00 -4.834366847281597492e-05 -1.785518509187376444e-05 4.480282768260465787e+00 1.025684292881553272e+00 9.850377495886103452e-01 1.067410139787261514e+00 0.000000000000000000e+00
6.692290462364595349e+00 1.852615168516101862e+00 -3.166266974713405032e-05 -1.000000000000000000e+00 -4.612554254513317857e-05 -1.570567142159280598e-05 3.984640006935634915e+00 1.021334061557717998e+00 9.804465337884368248e-01 1.063319517229167843e+00 0.000000000000000000e+00
6.697871231896799671e+00 1.851071541006794829e+00 -2.959432850745945004e-05 -1.000000000000000000e+00 -4.405694843842326375e-05 -1.364532757359098293e-05 3.520529620944060412e+00 1.016487404351118951e+00 9.755976468963946102e-01 1.058481264077715922e+00 0.000000000000000000e+00
6.703456655289853572e+00 1.849529199671717139e+00 -2.876037289671720979e-05 -1.000000000000000000e+00 -4.325901117161194183e-05 -1.277626149816725074e-05 3.324748588651587511e+00 1.015796218094332515e+00 9.749322988818257540e-01 1.057763901778700610e+00 0.000000000000000000e+00
6.709046736424657986e+00 1.847988143439209141e+00 -2.874534496177570412e-05 -1.000000000000000000e+00 -4.334072244495609398e-05 -1.265111727365550966e-05 3.283474346577548886e+00 1.015427219728588071e+00 9.744265201167416901e-01 1.057538413915674935e+00 0.000000000000000000e+00
6.714641479185352146e+00 1.846448371238503361e+00 -2.945931223341768631e-05 -1.000000000000000000e+00 -4.421953130824972687e-05 -1.316649671465460549e-05 3.365453164948064568e+00 1.017243153479943318e+00 9.760394824719306195e-01 1.059563923412719433e+00 0.000000000000000000e+00
6.720240887459313583e+00 1.844909881999724721e+00 -2.967494541963928113e-05 -1.000000000000000000e+00 -4.472194275556648518e-05 -1.304871481506065620e-05 3.295856893661564868e+00 1.017339936786496368e+00 9.760740977468104207e-01 1.059722575247179277e+00 0.000000000000000000e+00
6.725844965137160791e+00 1.843372674653889876e+00 -2.797629380910143560e-05 -1.000000000000000000e+00 -4.378491038188389172e-05 -1.075106000744059155e-05 2.792303330506101133e+00 1.012465503982718174e+00 9.709368631265089533e-01 1.055064523649822394e+00 0.000000000000000000e+00
6.731453716112758556e+00 1.841836748132905655e+00 -2.493918940384171423e-05 -1.000000000000000000e+00 -4.179672481722436516e-05 -6.506615709505531085e-06 2.014377234215103840e+00 1.009137815414300698e+00 9.677630814828941386e-01 1.051650273651771883e+00 0.000000000000000000e+00
6.737067144283217068e+00 1.840302101369569288e+00 -1.876461271277368438e-05 -1.000000000000000000e+00 -3.722328623365364029e-05 5.828188107103074282e-07 1.048108243125014383e+00 1.002591431297642721e+00 9.612950013399054194e-01 1.045025292737926659e+00 0.000000000000000000e+00
6.742685253548897251e+00 1.838768733297566405e+00 -8.898362970000147742e-06 -1.000000000000000000e+00 -2.952524819992884348e-05 8.954795571135882226e-06 2.885599812083086135e-01 9.912568836159718622e-01 9.501553864914212832e-01 1.033565880066493525e+00 0.000000000000000000e+00
6.748308047813412536e+00 1.837236642851472368e+00 -2.982460809134678089e-06 -1.000000000000000000e+00 -2.197143077196186706e-05 1.487545711965229341e-05 3.336067336820747187e-02 9.867229671138291192e-01 9.458045866484379172e-01 1.028778540986800438e+00 0.000000000000000000e+00
6.753935530983630642e+00 1.835705828966748943e+00 8.076784183726478790e-07 1.000000000000000000e+00 -1.690930871853613089e-05 1.886792870460533226e-05 2.445738115994799955e-03 9.833867409802701243e-01 9.424277235847865475e-01 1.025489629093748523e+00 0.000000000000000000e+00
6.759567706969678902e+00 1.834176290579746293e+00 1.908392001405889622e-06 1.000000000000000000e+00 -1.551957118717623644e-05 2.022018747623148888e-05 1.328590259930706452e-02 9.848018359753474282e-01 9.433937958166886961e-01 1.027378098349884583e+00 0.000000000000000000e+00
6.765204579684944264e+00 1.832648026627699211e+00 4.610168758131073997e-07 1.000000000000000000e+00 -1.702203372789627678e-05 1.909674565053414390e-05 7.435471241024060873e-04 9.911321661193905896e-01 9.497649024159899867e-01 1.033657995146510356e+00 0.000000000000000000e+00
6.770846153046076843e+00 1.831121036048729556e+00 -1.764124774455877424e-06 -1.000000000000000000e+00 -1.925307720987913906e-05 1.713250709863763538e-05 1.053271987956350131e-02 9.935804806664381150e-01 9.517043620840113238e-01 1.036638259041712473e+00 0.000000000000000000e+00
6.776492430972993475e+00 1.829595317781842700e+00 -4.996305925803421045e-06 -1.000000000000000000e+00 -2.234981602822639835e-05 1.392303300649526103e-05 8.326266395623349581e-02 1.000462974555861084e+00 9.582851896082963394e-01 1.043827907412096190e+00 0.000000000000000000e+00
6.782143417388880380e+00 1.828070870766929312e+00 -8.108376871830175095e-06 -1.000000000000000000e+00 -2.524337868290387729e-05 1.062093348523394251e-05 2.200259634440016043e-01 1.009689027944671080e+00 9.676091776206668937e-01 1.052938794894620722e+00 0.000000000000000000e+00
6.787799116220194051e+00 1.826547693944761797e+00 -8.698095850526250321e-06 -1.000000000000000000e+00 -2.565628946352262261e-05 9.855491752440711731e-06 2.572698718356889458e-01 1.006117991361819897e+00 9.637651216279616850e-01 1.049660999347962642e+00 0.000000000000000000e+00
6.793459531396665696e+00 1.825025786256996740e+00 -1.035720099454435814e-05 -1.000000000000000000e+00 -2.713207799744650446e-05 8.004184979590889541e-06 3.686460052310565061e-01 1.013267556206953746e+00 9.706675056477206409e-01 1.057064510788582545e+00 0.000000000000000000e+00
6.799124666851304788e+00 1.823505146646170916e+00 -1.111991523534882207e-05 -1.000000000000000000e+00 -2.776033047380540710e-05 7.096170797617224200e-06 4.291550430741750688e-01 1.013831427008360597e+00 9.712589787840538724e-01 1.057600711116311709e+00 0.000000000000000000e+00
6.804794526520399067e+00 1.821985774055703944e+00 -1.482040424727932125e-05 -1.000000000000000000e+00 -3.128079940137145894e-05 3.202442088885065817e-06 7.629333187948645900e-01 1.032872552768460128e+00 9.898026088065259298e-01 1.077146613562032673e+00 0.000000000000000000e+00
6.810469114343518982e+00 1.820467667429894965e+00 -1.695759489532130826e-05 -1.000000000000000000e+00 -3.319187147019325127e-05 8.532468051224547040e-07 1.008110326551104663e+00 1.034843486406699764e+00 9.920230431010378380e-01 1.078853231620755304e+00 0.000000000000000000e+00
6.816148434263521239e+00 1.818950825713921748e+00 -1.876442911397357068e-05 -1.000000000000000000e+00 -3.478285570683046027e-05 -1.147207461479657462e-06 1.249851432949739660e+00 1.027317178049754531e+00 9.842775848522471449e-01 1.071565899295464863e+00 0.000000000000000000e+00
6.821832490226549695e+00 1.817435247853842917e+00 -2.313733883605685731e-05 -1.000000000000000000e+00 -3.892077735546988415e-05 -5.731602520976928131e-06 1.900274813620384862e+00 1.032111763933863058e+00 9.888367437830470896e-01 1.076602349493815503e+00 0.000000000000000000e+00
6.827521286182038907e+00 1.815920932796593723e+00 -2.808700463171260304e-05 -1.000000000000000000e+00 -4.372522776573588364e-05 -1.081193799026282897e-05 2.769108455235794963e+00 1.035883711120820783e+00 9.925120083290253081e-01 1.080470958120742120e+00 0.000000000000000000e+00
6.833214826082717686e+00 1.814407879489987385e+00 -3.199713313441823601e-05 -1.000000000000000000e+00 -4.759852872046209973e-05 -1.474224020231875798e-05 3.537862774596476356e+00 1.031944635642701336e+00 9.884614875784240029e-01 1.076653056706347700e+00 0.000000000000000000e+00
6.838913113884609984e+00 1.812896086882713975e+00 -3.698653175767465133e-05 -1.000000000000000000e+00 -5.247949036180168416e-05 -1.978277554482343116e-05 4.636714148478716879e+00 1.045227714281383946e+00 1.001031286793496955e+00 1.090671217220823719e+00 0.000000000000000000e+00
6.844616153547039339e+00 1.811385553924339531e+00 -3.742465707616874325e-05 -1.000000000000000000e+00 -5.287122292863703966e-05 -2.018806663177914206e-05 4.701938271303561123e+00 1.042634751086582545e+00 9.987518852566339422e-01 1.087745929318956861e+00 0.000000000000000000e+00
6.850323949032630644e+00 1.809876279565305390e+00 -3.564711723522606332e-05 -1.000000000000000000e+00 -5.138616552089447494e-05 -1.809736673284900374e-05 4.176934413063648321e+00 1.044475204470171503e+00 1.000373514051355661e+00 1.089812347677225013e+00 0.000000000000000000e+00
6.856036504307313706e+00 1.808368262756926637e+00 -2.793409227811464429e-05 -1.000000000000000000e+00 -4.442619278863895978e-05 -9.663671643382239771e-06 2.498959447523688482e+00 1.027024707377937052e+00 9.827947457137142795e-01 1.072518274804746818e+00 0.000000000000000000e+00
6.861753823340325908e+00 1.806861502451392543e+00 -1.828487459066361685e-05 -1.000000000000000000e+00 -3.553007438413395737e-05 6.766667260348329781e-07 1.047398746184398988e+00 1.020340072404842147e+00 9.764890949177555957e-01 1.065444994920864863e+00 0.000000000000000000e+00
6.867475910104213099e+00 1.805355997601766127e+00 -5.915821362645187068e-06 -1.000000000000000000e+00 -2.382975761044080470e-05 1.368769663317616782e-05 1.089653129884453620e-01 1.011106772817349730e+00 9.670586511441645605e-01 1.056432776233976689e+00 0.000000000000000000e+00
6.873202768574835808e+00 1.803851747161981711e+00 7.083883371925117507e-06 1.000000000000000000e+00 -1.142960921028407533e-05 2.728294551725655862e-05 1.556583621293299302e-01 1.002137144018244719e+00 9.585824883065832136e-01 1.046952760428814910e+00 0.000000000000000000e+00
6.878934402731368358e+00 1.802348750086846252e+00 1.975738347928748958e-05 1.000000000000000000e+00 5.788907040110561394e-07 4.060192713934827229e-05 1.199463323670102000e+00 9.921261509539726076e-01 9.483854418946304765e-01 1.037152515951751175e+00 0.000000000000000000e+00
6.884670816556305084e+00 1.800847005332036233e+00 2.989559327796349720e-05 1.000000000000000000e+00 1.013223508360410353e-05 5.128987065623324265e-05 2.701293098927607161e+00 9.908487648999442232e-01 9.469965667183463109e-01 1.035998340543127227e+00 0.000000000000000000e+00
6.890412014035459443e+00 1.799346511854099884e+00 3.848422996033849742e-05 1.000000000000000000e+00 1.826988903737662909e-05 6.030483288663858823e-05 4.417888759165819579e+00 9.858362325586479402e-01 9.423713319847544234e-01 1.030585506072306368e+00 0.000000000000000000e+00
6.896157999157970231e+00 1.797847268610453630e+00 4.400509124947087980e-05 1.000000000000000000e+00 2.346826401243144020e-05 6.614046416284836191e-05 5.721875541072634519e+00 9.829009920043464410e-01 9.390920441026632259e-01 1.028019552279784143e+00 0.000000000000000000e+00
6.901908775916301586e+00 1.796349274559382980e+00 4.714062430568954172e-05 1.000000000000000000e+00 2.644194302955932822e-05 6.945056111468038917e-05 6.551453798718782195e+00 9.746013514035583025e-01 9.308199951206571621e-01 1.019700940967120939e+00 0.000000000000000000e+00
6.907664348306248314e+00 1.794852528660041413e+00 4.571563814906891889e-05 1.000000000000000000e+00 2.503765064460217193e-05 6.802719571371233082e-05 6.141451090465139373e+00 9.758977081254491814e-01 9.320956361676827617e-01 1.021016107997885225e+00 0.000000000000000000e+00
6.913424720326936779e+00 1.793357029872449937e+00 4.045615082380833103e-05 1.000000000000000000e+00 1.994140761933706150e-05 6.262327426781927114e-05 4.786881246581728533e+00 9.832458869138210877e-01 9.391230466108355657e-01 1.028693604945617013e+00 0.000000000000000000e+00
6.919189895980827565e+00 1.791862777157495312e+00 3.269074731813089471e-05 1.000000000000000000e+00 1.245861565698453484e-05 5.459021536836255236e-05 3.112200548316451432e+00 9.895417975822418111e-01 9.452801056438162597e-01 1.035128344120362698e+00 0.000000000000000000e+00
6.924959879273719920e+00 1.790369769476931161e+00 2.303414747186696975e-05 1.000000000000000000e+00 3.193525913266875816e-06 4.456333966279382231e-05 1.543704822589049286e+00 9.931603990705646368e-01 9.486483390217232969e-01 1.039006733188175380e+00 0.000000000000000000e+00
6.930734674214753532e+00 1.788878005793375303e+00 1.091134546856069284e-05 1.000000000000000000e+00 -8.366201944881375795e-06 3.190989587711956824e-05 3.476043177115286653e-01 1.002366533975908691e+00 9.574967032469787753e-01 1.048577806493788733e+00 0.000000000000000000e+00
6.936514284816411191e+00 1.787387485070310644e+00 -2.044993475885569190e-06 -1.000000000000000000e+00 -2.056416275297034651e-05 1.825825066882772265e-05 1.235382178482780091e-02 1.012592212581147288e+00 9.675424675263440966e-01 1.058978080233182739e+00 0.000000000000000000e+00
6.942298715094520567e+00 1.785898206272082511e+00 -1.452699212302689024e-05 -1.000000000000000000e+00 -3.223175345795760920e-05 5.018435406868930438e-06 6.332056418428351208e-01 1.022012664165127038e+00 9.766460424496112847e-01 1.068719122137649524e+00 0.000000000000000000e+00
6.948087969068260428e+00 1.784410168363900873e+00 -2.755124858967594810e-05 -1.000000000000000000e+00 -4.450220595814822946e-05 -8.708683466279992775e-06 2.285450721357761950e+00 1.043080163381643555e+00 9.968584090308297840e-01 1.090665118716885207e+00 0.000000000000000000e+00
6.953882050760158862e+00 1.782923370311836564e+00 -3.786795389282860558e-05 -1.000000000000000000e+00 -5.431994780657619732e-05 -1.950094812928915706e-05 4.279381736776073808e+00 1.056410037792343104e+00 1.010187280763669149e+00 1.103980047575428225e+00 0.000000000000000000e+00
6.959680964196100383e+00 1.781437811082822398e+00 -4.335031448678961348e-05 -1.000000000000000000e+00 -5.954489658697444094e-05 -2.517771527711753067e-05 5.558965066568674729e+00 1.054933550930103214e+00 1.008281170474394361e+00 1.102958977942295693e+00 0.000000000000000000e+00
6.965484713405325046e+00 1.779953489644652054e+00 -4.712631238861306063e-05 -1.000000000000000000e+00 -6.310907086765462151e-05 -2.911991283904462864e-05 6.524084738889357027e+00 1.070977186485822408e+00 1.023838825051124335e+00 1.119495782750879576e+00 0.000000000000000000e+00
6.971293302420433768e+00 1.778470404965979412e+00 -4.405752201942181133e-05 -1.000000000000000000e+00 -6.016932574440019623e-05 -2.594256284522581668e-05 5.725331401708338319e+00 1.068352325766079636e+00 1.021314935205808405e+00 1.116769715340422353e+00 0.000000000000000000e+00
6.977106735277391003e+00 1.776988556016316556e+00 -3.658842491920990121e-05 -1.000000000000000000e+00 -5.307477083554945060e-05 -1.817858353011091396e-05 3.991911691403679185e+00 1.056816177021156378e+00 1.009905363930296174e+00 1.105120185624164586e+00 0.000000000000000000e+00
6.982925016015525621e+00 1.775507941766035547e+00 -2.942447780252300201e-05 -1.000000000000000000e+00 -4.618644069617017049e-05 -1.076946030133580607e-05 2.604699975907990961e+00 1.058797642364911251e+00 1.012198508836355870e+00 1.106773007019997479e+00 0.000000000000000000e+00
6.988748148677535355e+00 1.774028561186365982e+00 -2.048410775170687181e-05 -1.000000000000000000e+00 -3.763284748432580763e-05 -1.462192607949240310e-06 1.274101827202485993e+00 1.046103825716576008e+00 9.993942355357903207e-01 1.094215826270091840e+00 0.000000000000000000e+00
6.994576137309488573e+00 1.772550413249394330e+00 -1.258458970072579636e-05 -1.000000000000000000e+00 -3.016276973628415222e-05 6.848165296132200912e-06 4.804436559766713799e-01 1.031906890969530366e+00 9.853565363553284939e-01 1.079869903591083258e+00 0.000000000000000000e+00
7.000408985960828723e+00 1.771073496928063928e+00 -7.624367029852043089e-06 -1.000000000000000000e+00 -2.562879852599368293e-05 1.225351377458579514e-05 1.730294746923135563e-01 1.028012278238533916e+00 9.815398022864000316e-01 1.075897014001074625e+00 0.000000000000000000e+00
7.006246698684376106e+00 1.769597811196173431e+00 -2.812386002776007754e-06 -1.000000000000000000e+00 -2.136695569419387922e-05 1.765209280292869866e-05 2.284552077202306464e-02 1.014364124031085890e+00 9.679535296919228315e-01 1.062198944311083970e+00 0.000000000000000000e+00
7.012089279536330544e+00 1.768123355028376364e+00 -4.914473084046136088e-07 -1.000000000000000000e+00 -1.964852906086201692e-05 2.059527921678276345e-05 6.664615521572159196e-04 1.012558887858306500e+00 9.660896232628599645e-01 1.060455283010109051e+00 0.000000000000000000e+00
7.017936732576273151e+00 1.766650127400181791e+00 1.047826859016560839e-06 1.000000000000000000e+00 -1.869957827156842192e-05 2.271515572499763680e-05 2.896657405486280368e-03 1.014916077968227137e+00 9.681050557655601629e-01 1.063170988428415953e+00 0.000000000000000000e+00
7.023789061867172556e+00 1.765178127287950538e+00 3.434007473896074006e-06 1.000000000000000000e+00 -1.672282013840873765e-05 2.550775556576876925e-05 3.033006127337500857e-02 1.014926415903707912e+00 9.678803754974225626e-01 1.063430561740603464e+00 0.000000000000000000e+00
7.029646271475383124e+00 1.763707353668898525e+00 7.029007204519586358e-06 1.000000000000000000e+00 -1.329019261791785511e-05 2.929770593969318416e-05 1.268863778791597952e-01 1.012140938254497247e+00 9.651792113850646837e-01 1.060557119913171586e+00 0.000000000000000000e+00
7.035508365470652059e+00 1.762237805521092104e+00 1.039650930640836389e-05 1.000000000000000000e+00 -9.998449012276680112e-06 3.277992478107973648e-05 2.791868840697588894e-01 1.015186409624889485e+00 9.680104404395145634e-01 1.063822483789709006e+00 0.000000000000000000e+00
7.041375347926120298e+00 1.760769481823449834e+00 1.443318848694088430e-05 1.000000000000000000e+00 -6.178380067533952429e-06 3.705923248217097773e-05 5.368132073106153257e-01 1.016586457958160494e+00 9.689211570663824880e-01 1.065738541003214301e+00 0.000000000000000000e+00
7.047247222918324283e+00 1.759302381555740702e+00 1.907986275439569086e-05 1.000000000000000000e+00 -1.942214379015230898e-06 4.210813255387824432e-05 9.206073702646619950e-01 1.016220009927613743e+00 9.688264327306436163e-01 1.065084826786997230e+00 0.000000000000000000e+00
7.053123994527200402e+00 1.757836503698584130e+00 2.429154247684553686e-05 1.000000000000000000e+00 2.659400239431565852e-06 4.790349614084110337e-05 1.447189861390597798e+00 1.014613662136194527e+00 9.667086978418890642e-01 1.064024882501960478e+00 0.000000000000000000e+00
7.059005666836087656e+00 1.756371847233449524e+00 3.045644119807850307e-05 1.000000000000000000e+00 8.224697266974814893e-06 5.465351919717812969e-05 2.208410999636939209e+00 1.009179150157161864e+00 9.616224489978770773e-01 1.058228948421633175e+00 0.000000000000000000e+00
7.064892243931729432e+00 1.754908411142653613e+00 3.637996688910693143e-05 1.000000000000000000e+00 1.361564610005025919e-05 6.111016000507798324e-05 3.083279331267405610e+00 1.006825628996527611e+00 9.587906071497798166e-01 1.056386010362282635e+00 0.000000000000000000e+00
7.070783729904277948e+00 1.753446194409361780e+00 4.018874270551363537e-05 1.000000000000000000e+00 1.709005318902819136e-05 6.526416150687863499e-05 3.705391174167090185e+00 1.018070479364577396e+00 9.695688554672869941e-01 1.068108849561365314e+00 0.000000000000000000e+00
7.076680128847296025e+00 1.751985196017586288e+00 4.644026176201907250e-05 1.000000000000000000e+00 2.306605710652750009e-05 7.179914219278358406e-05 4.937978752895986645e+00 1.012532020396802235e+00 9.644645794262918237e-01 1.062116305061806543e+00 0.000000000000000000e+00
7.082581444857760644e+00 1.750525414952186498e+00 5.135556809778386107e-05 1.000000000000000000e+00 2.772725018608977193e-05 7.696221758991677339e-05 6.021309436517995550e+00 1.013014835082150178e+00 9.644674026327365590e-01 1.063109235866985358e+00 0.000000000000000000e+00
7.088487682036063831e+00 1.749066850198867318e+00 5.516942428300708370e-05 1.000000000000000000e+00 3.132443052311978588e-05 8.097896065793272892e-05 6.907851956862714360e+00 1.016136434772590746e+00 9.673295930154875988e-01 1.066503993864729827e+00 0.000000000000000000e+00
7.094398844486017985e+00 1.747609500744178535e+00 5.877487133595665108e-05 1.000000000000000000e+00 3.473564206263616351e-05 8.476569423438640096e-05 7.798948268988581844e+00 1.013417078334319488e+00 9.646957005297849275e-01 1.063700073422017667e+00 0.000000000000000000e+00
7.100314936314857661e+00 1.746153365575515037e+00 6.066660386848091353e-05 1.000000000000000000e+00 3.651225403305206608e-05 8.677820176828865612e-05 8.271928133880834366e+00 1.011773078525399994e+00 9.628868366934540957e-01 1.062235356467327918e+00 0.000000000000000000e+00
7.106235961633242226e+00 1.744698443681114597e+00 6.040209542119566628e-05 1.000000000000000000e+00 3.624148355724034535e-05 8.652745664306395852e-05 8.182663977854218729e+00 1.012173359536362005e+00 9.632971844967312958e-01 1.062624559870843033e+00 0.000000000000000000e+00
7.112161924555259418e+00 1.743244734050058975e+00 6.025584222437934778e-05 1.000000000000000000e+00 3.613340850621423546e-05 8.634857367080222136e-05 8.196544783664279521e+00 9.992388956600817274e-01 9.504187768152732030e-01 1.049608211225601551e+00 0.000000000000000000e+00
7.118092829198427118e+00 1.741792235672271039e+00 5.539357073047425004e-05 1.000000000000000000e+00 3.147675015803361339e-05 8.130037863731882951e-05 6.942133084454603420e+00 1.005234892815128234e+00 9.558064920179339952e-01 1.056269985481870677e+00 0.000000000000000000e+00
7.124028679683696907e+00 1.740340947538516092e+00 4.908840598076583898e-05 1.000000000000000000e+00 2.550224484093259385e-05 7.469251017013223669e-05 5.472575867537969430e+00 1.010599770835515443e+00 9.613754837193488889e-01 1.061421208349027756e+00 0.000000000000000000e+00
7.129969480135457616e+00 1.738890868640399878e+00 3.972941636301418743e-05 1.000000000000000000e+00 1.654345451948270032e-05 6.496226058519652033e-05 3.579827288080842607e+00 1.028520415799870413e+00 9.786477159894797495e-01 1.080002553001863097e+00 0.000000000000000000e+00
7.135915234681537100e+00 1.737441997970369245e+00 3.134645083895531449e-05 1.000000000000000000e+00 8.548268830646786495e-06 5.622721141927451846e-05 2.229598069674764815e+00 1.035389289739068408e+00 9.853598206381043445e-01 1.087026167252811870e+00 0.000000000000000000e+00
7.141865947453204910e+00 1.735994334521709703e+00 2.278998417542587991e-05 1.000000000000000000e+00 3.660387435425296919e-07 4.733654710366908588e-05 1.176723951767542076e+00 1.042349004323395834e+00 9.919162177788660717e-01 1.094401952124377964e+00 0.000000000000000000e+00
7.147821622585176726e+00 1.734547877288545648e+00 1.433890206807477388e-05 1.000000000000000000e+00 -7.729215348662884412e-06 3.856095734945545126e-05 4.645047023507942185e-01 1.051753115699630259e+00 1.000563707177085426e+00 1.104595285449447628e+00 0.000000000000000000e+00
7.153782264215615250e+00 1.733102625265839913e+00 6.080748071079354773e-06 1.000000000000000000e+00 -1.558397181309049311e-05 2.991318739493952468e-05 8.327653525053335670e-02 1.067430649369565998e+00 1.016202410697301550e+00 1.120291856856132862e+00 0.000000000000000000e+00
7.159747876486134643e+00 1.731658577449392222e+00 1.206655057695144636e-06 1.000000000000000000e+00 -2.015732033173505547e-05 2.474166243359082941e-05 3.299974158949225966e-03 1.071711992264929192e+00 1.019871561466828780e+00 1.125219301139746442e+00 0.000000000000000000e+00
7.165718463541802308e+00 1.730215732835839626e+00 -3.394320529944504506e-07 -1.000000000000000000e+00 -2.138114017413584924e-05 2.288666700813013258e-05 2.657330182529449303e-04 1.066168991640251251e+00 1.014833071083937499e+00 1.119146340599168843e+00 0.000000000000000000e+00
7.171694029531142434e+00 1.728774090422655174e+00 -1.936955024480340265e-06 -1.000000000000000000e+00 -2.268949285091996957e-05 2.101027741629991029e-05 8.801082875933730065e-03 1.072168088315761159e+00 1.020231642107056969e+00 1.125775939439997098e+00 0.000000000000000000e+00
7.177674578606138667e+00 1.727333649208146804e+00 -1.864467893272297375e-06 -1.000000000000000000e+00 -2.245620407284446197e-05 2.092284063145593870e-05 8.260075904814812020e-03 1.074235316797381046e+00 1.022070346822002707e+00 1.128088629810417576e+00 0.000000000000000000e+00
7.183660114922237661e+00 1.725894408191456675e+00 -5.227208868923315771e-07 -1.000000000000000000e+00 -2.111782458564087211e-05 2.225790285040133768e-05 6.517458562882438855e-04 1.071038384352642536e+00 1.019293220053388627e+00 1.124448701118435423e+00 0.000000000000000000e+00
7.189650642638349964e+00 1.724456366372562499e+00 2.987216985133500180e-07 1.000000000000000000e+00 -2.045226659274253426e-05 2.322959132438956039e-05 2.110491052604857032e-04 1.072881356858375046e+00 1.020557222105315187e+00 1.126910676417494317e+00 0.000000000000000000e+00
7.195646165916856241e+00 1.723019522752273547e+00 1.156339094981066156e-06 1.000000000000000000e+00 -1.978483660646866067e-05 2.427847877771271059e-05 3.116786919420633239e-03 1.074837758952263300e+00 1.022763885838558373e+00 1.128598594905902308e+00 0.000000000000000000e+00
7.201646688923606376e+00 1.721583876332232421e+00 6.782153377753077525e-07 1.000000000000000000e+00 -2.047101821123882630e-05 2.401336972997060332e-05 1.052188044795343558e-03 1.086889153264899877e+00 1.033956070527740856e+00 1.141545480928565004e+00 0.000000000000000000e+00
7.207652215827925701e+00 1.720149426114913060e+00 1.473313939084898321e-06 1.000000000000000000e+00 -1.987291396495113771e-05 2.502282600524294233e-05 4.897560286195812296e-03 1.091312725409863127e+00 1.038004053433488894e+00 1.146360920591033228e+00 0.000000000000000000e+00
7.213662750802614987e+00 1.718716171103621404e+00 3.443601159500268690e-06 1.000000000000000000e+00 -1.809861093814023171e-05 2.720680575722481752e-05 2.650205185419451936e-02 1.089692578940322898e+00 1.036423731839428708e+00 1.144699728378817838e+00 0.000000000000000000e+00
7.219678298023954888e+00 1.717284110302493172e+00 4.205954748083883165e-06 1.000000000000000000e+00 -1.751378548234053053e-05 2.814548051723825902e-05 3.906236012119279621e-02 1.099025537548912634e+00 1.045278366332713205e+00 1.154528287851230406e+00 0.000000000000000000e+00
7.225698861671710382e+00 1.715853242716494531e+00 6.830524672925263006e-06 1.000000000000000000e+00 -1.508212004185025352e-05 3.094954379222720846e-05 1.024357314834105637e-01 1.096877749959999093e+00 1.043203940228333071e+00 1.152308197297821524e+00 0.000000000000000000e+00
7.231724445929129885e+00 1.714423567351419875e+00 7.840710045271170048e-06 1.000000000000000000e+00 -1.418767872604084629e-05 3.206760242353970592e-05 1.341472972201600555e-01 1.106184507506525971e+00 1.052055644705287341e+00 1.162087161852386696e+00 0.000000000000000000e+00
7.237755054982951464e+00 1.712995083213891823e+00 1.055173384854035036e-05 1.000000000000000000e+00 -1.161115502486245340e-05 3.493015233519794244e-05 2.431028405817627913e-01 1.101432943648276153e+00 1.046858682776766747e+00 1.157816970679784063e+00 0.000000000000000000e+00
7.243790693023404614e+00 1.711567789311361887e+00 1.338937267527718408e-05 1.000000000000000000e+00 -8.900051140606460268e-06 3.792979426587736143e-05 3.907701002039729588e-01 1.092436625558749652e+00 1.038420683116210830e+00 1.148238405303680709e+00 0.000000000000000000e+00
7.249831364244212040e+00 1.710141684652107807e+00 1.457405671697047026e-05 1.000000000000000000e+00 -7.927490043662474103e-06 3.934284799313875203e-05 4.570997508210297156e-01 1.091933970321965486e+00 1.037540438125102327e+00 1.148028001940379239e+00 0.000000000000000000e+00
7.255877072842594977e+00 1.708716768245233997e+00 1.507292766501237008e-05 1.000000000000000000e+00 -7.714500408170346158e-06 4.011288727247712741e-05 4.795549822142248786e-01 1.093468210563290466e+00 1.038412579882322717e+00 1.150274530245448235e+00 0.000000000000000000e+00
7.261927823019274086e+00 1.707293039100669763e+00 1.697222174775398141e-05 1.000000000000000000e+00 -6.049660100748282003e-06 4.222899350674744136e-05 6.005449223840457762e-01 1.083036342961647192e+00 1.028424683208790213e+00 1.139271151019125572e+00 0.000000000000000000e+00
7.267983618978473004e+00 1.705870496229170197e+00 1.974093768046239068e-05 1.000000000000000000e+00 -3.423720895200143747e-06 4.515842357027925074e-05 8.141872035698156651e-01 1.064583298825577673e+00 1.009494366204286342e+00 1.120999588710071659e+00 0.000000000000000000e+00
7.274044464927921894e+00 1.704449138642313732e+00 1.908964389717880743e-05 1.000000000000000000e+00 -3.906817753112989895e-06 4.436490599845693209e-05 7.672006298486593323e-01 1.066699526887801897e+00 1.011998872972743602e+00 1.122758136198426460e+00 0.000000000000000000e+00
7.280110365078859225e+00 1.703028965352503699e+00 1.898199126228023616e-05 1.000000000000000000e+00 -3.782599123476509712e-06 4.405618922730770515e-05 7.736420504300696166e-01 1.060278934418152019e+00 1.005063233828399127e+00 1.116728830614116319e+00 0.000000000000000000e+00
7.286181323646034436e+00 1.701609975372965211e+00 1.677346952906187777e-05 1.000000000000000000e+00 -5.607086803771302856e-06 4.144325799894920672e-05 6.162499678604120845e-01 1.061350971611164873e+00 1.006569658922510602e+00 1.117383578085548557e+00 0.000000000000000000e+00
7.292257344847713263e+00 1.700192167717745617e+00 1.382122780772783814e-05 1.000000000000000000e+00 -8.169677294482875597e-06 3.807776500150416194e-05 4.279337107667942064e-01 1.056928825630996993e+00 1.001677948635790960e+00 1.113445012878159668e+00 0.000000000000000000e+00
7.298338432905678630e+00 1.698775541401714717e+00 6.190564281755152734e-06 1.000000000000000000e+00 -1.522896694013536618e-05 2.985542924830499948e-05 8.705711803396809501e-02 1.073804053202528141e+00 1.018219468934387972e+00 1.130930367195454256e+00 0.000000000000000000e+00
7.304424592045234199e+00 1.697360095440562322e+00 -2.044403357158079712e-06 -1.000000000000000000e+00 -2.292531985264370452e-05 2.099510732849713492e-05 9.663779943224426461e-03 1.080753453804984554e+00 1.025173399653656947e+00 1.137982917793029625e+00 0.000000000000000000e+00
7.310515826495206149e+00 1.695945828850798032e+00 -1.083009773960592357e-05 -1.000000000000000000e+00 -3.373826887356902004e-05 1.166178817772787117e-05 2.749526821603325288e-01 1.078010383682433071e+00 1.022189736606132771e+00 1.135442186519771024e+00 0.000000000000000000e+00
7.316612140487947613e+00 1.694532740649751679e+00 -2.605551222100956893e-05 -1.000000000000000000e+00 -5.257269083018987154e-05 -1.236373731684403714e-06 1.247385683828881042e+00 1.088922319611804301e+00 1.032686232962171768e+00 1.146914521311217294e+00 0.000000000000000000e+00
7.322713538259342236e+00 1.693120829855571774e+00 -4.673472284663643942e-05 -1.000000000000000000e+00 -6.884674793007672952e-05 -2.016005505686701437e-05 3.577383402908296262e+00 1.115675532180979701e+00 1.058751065624350618e+00 1.174526295532398956e+00 0.000000000000000000e+00
7.328820024048804171e+00 1.691710095487224841e+00 -6.007153011322117066e-05 -1.000000000000000000e+00 -7.948288311104186325e-05 -3.664150238419173263e-05 6.539962075053985302e+00 1.148514209778513706e+00 1.090430043484839961e+00 1.208560826958011480e+00 0.000000000000000000e+00
7.334931602099284298e+00 1.690300536564494527e+00 -6.342566757585938917e-05 -1.000000000000000000e+00 -8.203788465848820292e-05 -4.159444985827328125e-05 7.993441831757884586e+00 1.154006509182866846e+00 1.095600550684350249e+00 1.214398652561744729e+00 0.000000000000000000e+00
7.341048276657271110e+00 1.688892152107981603e+00 -6.241569138982247349e-05 -1.000000000000000000e+00 -8.330527469792563689e-05 -4.192724594894203284e-05 8.293790474755255104e+00 1.169115629053539829e+00 1.110258612038356851e+00 1.229950299809287717e+00 0.000000000000000000e+00
7.347170051972794269e+00 1.687484941139102412e+00 -5.422109758477508057e-05 -1.000000000000000000e+00 -7.636855788628577708e-05 -3.393364043379552261e-05 6.558533140000577077e+00 1.161948336323353814e+00 1.103475145358270293e+00 1.222389372499940396e+00 0.000000000000000000e+00
7.353296932299427269e+00 1.686078902680089531e+00 -4.596461222760438333e-05 -1.000000000000000000e+00 -6.477604262099334132e-05 -2.528032350713400978e-05 4.769099674904055064e+00 1.166121895843101441e+00 1.107331508994608527e+00 1.226901063861197683e+00 0.000000000000000000e+00
7.359428921894291875e+00 1.684674035753989330e+00 -3.558261527581144579e-05 -1.000000000000000000e+00 -5.460722902040946272e-05 -1.403924970647492786e-05 2.823786736169083156e+00 1.155466564295166476e+00 1.096296736160220942e+00 1.216676567555140309e+00 0.000000000000000000e+00
7.365566025018059015e+00 1.683270339384662417e+00 -2.419619473996251845e-05 -1.000000000000000000e+00 -4.418017972499515428e-05 -1.756134150652424172e-06 1.282180565505299796e+00 1.136596213168540093e+00 1.078223618031516340e+00 1.196991624847393076e+00 0.000000000000000000e+00
7.371708245934952330e+00 1.681867812596783196e+00 -1.525996058294233851e-05 -1.000000000000000000e+00 -3.610052597523870837e-05 7.959103381941966748e-06 4.993330342285275947e-01 1.132107940995160877e+00 1.073207012464316046e+00 1.193080212076969238e+00 0.000000000000000000e+00
7.377855588912752616e+00 1.680466454415837863e+00 -7.456510695319655024e-06 -1.000000000000000000e+00 -2.897651594758526232e-05 1.628035047331181679e-05 1.179683727744489374e-01 1.125114004598167572e+00 1.066757593843234986e+00 1.185520172362682034e+00 0.000000000000000000e+00
7.384008058222798709e+00 1.679066263868125519e+00 -1.402518378404812591e-06 -1.000000000000000000e+00 -2.333756507750777277e-05 2.265563748505835878e-05 4.178662444175529345e-03 1.114234342702477676e+00 1.055562770714985721e+00 1.174995051645282063e+00 0.000000000000000000e+00
7.390165658139991045e+00 1.677667239980756175e+00 -3.874396808812800090e-07 -1.000000000000000000e+00 -2.255274011440797227e-05 2.378377875023846797e-05 3.175154776684507851e-04 1.121851141153893394e+00 1.062719390298276556e+00 1.183092775158423704e+00 0.000000000000000000e+00
7.396328392942796093e+00 1.676269381781650081e+00 -1.252808567717646490e-06 -1.000000000000000000e+00 -2.379688853065275796e-05 2.300954778434123591e-05 3.287692561166011274e-03 1.122585186652187206e+00 1.063440489627908381e+00 1.183834608152634527e+00 0.000000000000000000e+00
7.402496266913247247e+00 1.674872688299538392e+00 -4.454170108973483156e-06 -1.000000000000000000e+00 -2.779378143433605520e-05 2.006729013444715051e-05 4.048860838982903942e-02 1.122194041681904064e+00 1.062662939167129172e+00 1.183852925727682859e+00 0.000000000000000000e+00
7.408669284336948380e+00 1.673477158563960288e+00 -1.022770358511104444e-05 -1.000000000000000000e+00 -3.443418273722933598e-05 1.450083198869299210e-05 2.040292781207071471e-01 1.127063731793694901e+00 1.067271133441238140e+00 1.188989000058554124e+00 0.000000000000000000e+00
7.414847449503079169e+00 1.672082791605264962e+00 -1.445848595403939996e-05 -1.000000000000000000e+00 -3.853671079379306460e-05 1.075847799702804961e-05 3.898801219851151245e-01 1.115689739766893007e+00 1.055672046679984044e+00 1.177867309108432403e+00 0.000000000000000000e+00
7.421030766704393322e+00 1.670689586454608300e+00 -2.000023486260335597e-05 -1.000000000000000000e+00 -4.315114866782161150e-05 5.380339638198481815e-06 7.205012330363445017e-01 1.123122544703588854e+00 1.062465958272477584e+00 1.185968667706214674e+00 0.000000000000000000e+00
7.427219240237226572e+00 1.669297542143953983e+00 -2.141996830125820190e-05 -1.000000000000000000e+00 -4.391950369264164319e-05 3.890943111989354482e-06 8.249497706208899217e-01 1.124223655476516148e+00 1.063581562176528994e+00 1.187048370479972137e+00 0.000000000000000000e+00
7.433412874401496673e+00 1.667906657706072160e+00 -2.021408110391512836e-05 -1.000000000000000000e+00 -4.247294608976137946e-05 4.893158827296579107e-06 7.475441849676656147e-01 1.132000058808317666e+00 1.070943547334344936e+00 1.195255394189608245e+00 0.000000000000000000e+00
7.439611673500706956e+00 1.666516932174539223e+00 -1.488432494212037609e-05 -1.000000000000000000e+00 -3.714694036128237222e-05 1.019639069986590118e-05 4.140927987373714814e-01 1.127370694968234277e+00 1.066583789351086553e+00 1.190352497526827591e+00 0.000000000000000000e+00
7.445815641841948995e+00 1.665128364583736253e+00 -7.100881697804408611e-06 -1.000000000000000000e+00 -2.966850485303043508e-05 1.821551065583296175e-05 9.563226189943918598e-02 1.111469389505435723e+00 1.050831594824667814e+00 1.174309292305665942e+00 0.000000000000000000e+00
7.452024783735907043e+00 1.663740953968849468e+00 -8.438164196879472705e-07 -1.000000000000000000e+00 -2.377590797006159918e-05 2.477958767412980596e-05 1.350788336893060659e-03 1.106141444218182279e+00 1.045693450735042829e+00 1.168767338948445644e+00 0.000000000000000000e+00
7.458239103496859812e+00 1.662354699365868660e+00 5.421580781953440144e-06 1.000000000000000000e+00 -1.794105877056285529e-05 3.144102563715295626e-05 5.550239852202309976e-02 1.094343176292143838e+00 1.033786995876531556e+00 1.157000309222397716e+00 0.000000000000000000e+00
7.464458605442683137e+00 1.660969599811586539e+00 1.038337917269408232e-05 1.000000000000000000e+00 -1.337205500683826350e-05 3.678048944258479247e-05 2.021704541387947529e-01 1.081988549334255145e+00 1.020898027484040682e+00 1.145047785766064363e+00 0.000000000000000000e+00
7.470683293894854415e+00 1.659585654343599170e+00 1.340322225563297735e-05 1.000000000000000000e+00 -1.058040524250203104e-05 4.005523942259389447e-05 3.344330024338262319e-01 1.071606466540207414e+00 1.010964642176547690e+00 1.134002755782469896e+00 0.000000000000000000e+00
7.476913173178454386e+00 1.658202862000304201e+00 1.515339018701996936e-05 1.000000000000000000e+00 -9.028807970210683950e-06 4.209056248970909238e-05 4.246658308698414430e-01 1.058153690037276329e+00 9.968059856896346327e-01 1.120942243346002343e+00 0.000000000000000000e+00
7.483148247622170679e+00 1.656821221820899526e+00 1.317651046989098944e-05 1.000000000000000000e+00 -1.105822318752362285e-05 4.022953439551941025e-05 3.159044303381932650e-01 1.061696107714378723e+00 1.000687569464672189e+00 1.124234949809400863e+00 0.000000000000000000e+00
7.489388521558299594e+00 1.655440732845385288e+00 1.122974889387211067e-05 1.000000000000000000e+00 -1.322162439149232248e-05 3.848886792724182397e-05 2.253163539810429938e-01 1.057817660798994863e+00 9.960366572968263332e-01 1.121044686654124822e+00 0.000000000000000000e+00
7.495633999322752317e+00 1.654061394114560324e+00 1.080108873663453147e-05 1.000000000000000000e+00 -1.397114662510316098e-05 3.828432518718590292e-05 2.053142316455236482e-01 1.040287922285377364e+00 9.785592049489008071e-01 1.103948458873612148e+00 0.000000000000000000e+00
7.501884685255054031e+00 1.652683204670022832e+00 7.670003715095486310e-06 1.000000000000000000e+00 -1.713701192663126131e-05 3.519813134996985893e-05 1.018281004709606918e-01 1.043098888092075072e+00 9.812703637143103119e-01 1.106804199641408415e+00 0.000000000000000000e+00
7.508140583698349246e+00 1.651306163554170148e+00 6.694988654636005686e-06 1.000000000000000000e+00 -1.793560386107976190e-05 3.419795892662226225e-05 7.760731697308642651e-02 1.035536550774346587e+00 9.735682865383261664e-01 1.099577306031099821e+00 0.000000000000000000e+00
7.514401698999403578e+00 1.649930269810196748e+00 5.386995680492875604e-06 1.000000000000000000e+00 -1.896695526662258021e-05 3.268457003499059904e-05 5.069986460222253299e-02 1.036724246268797112e+00 9.748273516999753641e-01 1.100673718167554549e+00 0.000000000000000000e+00
7.520668035508609073e+00 1.648555522482095359e+00 5.298562850449960096e-06 1.000000000000000000e+00 -1.883301260348929453e-05 3.239452608615151852e-05 4.973739494177209508e-02 1.035057163547675518e+00 9.729502967133155655e-01 1.099277151185838353e+00 0.000000000000000000e+00
7.526939597579984209e+00 1.647181920614653627e+00 4.520046577221056756e-06 1.000000000000000000e+00 -1.939423848927385245e-05 3.140419867201246177e-05 3.646025109479467119e-02 1.041780780038611631e+00 9.799843912466384976e-01 1.105545133188551299e+00 0.000000000000000000e+00
7.533216389571179228e+00 1.645809463253457006e+00 4.366539474771557521e-06 1.000000000000000000e+00 -1.949691855591034794e-05 3.119825713748188868e-05 3.408786318458112419e-02 1.044442408311794912e+00 9.819534787626185146e-01 1.108901650410774931e+00 0.000000000000000000e+00
7.539498415843477019e+00 1.644438149444884756e+00 1.721014354636936478e-06 1.000000000000000000e+00 -2.211679415774376399e-05 2.852040197891588053e-05 5.270932919572146602e-03 1.064026197868114920e+00 1.000142557893498152e+00 1.129939294257132021e+00 0.000000000000000000e+00
7.545785680761798453e+00 1.643067978236111282e+00 1.189650528142742758e-06 1.000000000000000000e+00 -2.268949908892539563e-05 2.803632237449122790e-05 2.504558948601243173e-03 1.064502175264949724e+00 1.000773325853226092e+00 1.130404497232538219e+00 0.000000000000000000e+00
7.552078188694705041e+00 1.641698948675104575e+00 1.039818658145088808e-06 1.000000000000000000e+00 -2.313704125488134591e-05 2.804237861206575446e-05 1.895951824067765301e-03 1.059220112223334453e+00 9.953014680620524413e-01 1.125420507513530621e+00 0.000000000000000000e+00
7.558375944014398939e+00 1.640331059810627101e+00 -1.546936264744743615e-07 -1.000000000000000000e+00 -2.506317245275103747e-05 2.706187030818732421e-05 4.126933595216542017e-05 1.060276404141971218e+00 9.964461132111439579e-01 1.126534168259509805e+00 0.000000000000000000e+00
7.564678951096730941e+00 1.638964310692231585e+00 -1.148706113322698750e-06 -1.000000000000000000e+00 -2.734285590782077049e-05 2.643487019963836887e-05 1.831011902424961590e-03 1.059162566437115371e+00 9.950577413786266812e-01 1.125882059429745397e+00 0.000000000000000000e+00
7.570987214321198699e+00 1.637598700370265004e+00 -2.324183458251446437e-06 -1.000000000000000000e+00 -3.056852090937929372e-05 2.576680561758718429e-05 6.344506850865627712e-03 1.059864420562164566e+00 9.957683229211240494e-01 1.126565256584485697e+00 0.000000000000000000e+00
7.577300738070952946e+00 1.636234227895864146e+00 -1.685356285777732016e-06 -1.000000000000000000e+00 -3.290793011779550914e-05 2.670213419341205141e-05 2.731808140211455793e-03 1.050028240020333570e+00 9.857375502141071388e-01 1.116979002112564068e+00 0.000000000000000000e+00
7.583619526732800153e+00 1.634870892320956948e+00 -2.797116593472834780e-06 -1.000000000000000000e+00 -3.703853006081695538e-05 2.612876737536580765e-05 6.292753095152647802e-03 1.052470578521436106e+00 9.872032602744996721e-01 1.120543547792468564e+00 0.000000000000000000e+00
7.589943584697204315e+00 1.633508692698261822e+00 -5.007347085465740135e-06 -1.000000000000000000e+00 -4.039169489269466229e-05 2.475830449848655414e-05 1.884550493527115123e-02 1.060909853607769238e+00 9.956837982362417572e-01 1.128865720051978938e+00 0.000000000000000000e+00
7.596272916358290495e+00 1.632147628081284996e+00 -4.867470039307215288e-06 -1.000000000000000000e+00 -3.857542735163416490e-05 2.494741419542116610e-05 1.941944871643386250e-02 1.058995384996078926e+00 9.931324148311425626e-01 1.127612798345894563e+00 0.000000000000000000e+00
7.602607526113848380e+00 1.630787697524322288e+00 -2.514059449914949704e-06 -1.000000000000000000e+00 -3.313811020367610026e-05 2.673861660775455463e-05 6.254474548356370178e-03 1.046206954693926550e+00 9.813326249915141908e-01 1.113775582824254817e+00 0.000000000000000000e+00
7.608947418365335835e+00 1.629428900082457776e+00 -1.519671513870244970e-06 -1.000000000000000000e+00 -2.944310510991422723e-05 2.743829160128722196e-05 2.770078565689004790e-03 1.043177168215120965e+00 9.777084619238028962e-01 1.111413925613492504e+00 0.000000000000000000e+00
7.615292597517878903e+00 1.628071234811562906e+00 -1.678841791742153753e-06 -1.000000000000000000e+00 -2.776468665900444046e-05 2.675167783164957578e-05 3.899897705565535944e-03 1.051231726479244788e+00 9.859028533005042005e-01 1.119310366622157993e+00 0.000000000000000000e+00
7.621643067980279795e+00 1.626714700768294497e+00 -5.262664610457333606e-07 -1.000000000000000000e+00 -2.579880847204897760e-05 2.774738111510404516e-05 4.171110030597446894e-04 1.051708867561733873e+00 9.854107781907675001e-01 1.120668051966815959e+00 0.000000000000000000e+00
7.627998834165015118e+00 1.625359297010096737e+00 4.468132053057226986e-06 1.000000000000000000e+00 -2.083530789143447131e-05 3.323867914613485387e-05 3.126243553937513298e-02 1.025073379325719847e+00 9.589263766223685703e-01 1.093956150433656349e+00 0.000000000000000000e+00
7.634359900488242090e+00 1.624005022595198744e+00 7.136327767595784556e-06 1.000000000000000000e+00 -1.855664552156165631e-05 3.633617083377625560e-05 7.876593974624768180e-02 1.022686626205330240e+00 9.563420625207500470e-01 1.091691501705115197e+00 0.000000000000000000e+00
7.640726271369800315e+00 1.622651876582614117e+00 1.281265245758550472e-05 1.000000000000000000e+00 -1.375952205378207017e-05 4.272990933707068668e-05 2.478387319652455290e-01 1.006470973708378791e+00 9.397324400827076207e-01 1.075857305159940713e+00 0.000000000000000000e+00
7.647097951233216229e+00 1.621299858032140939e+00 1.787596854901612304e-05 1.000000000000000000e+00 -9.332350690890082827e-06 4.830410784332624607e-05 4.739165664799429578e-01 1.001942662507702364e+00 9.351318659737599681e-01 1.071328353305265546e+00 0.000000000000000000e+00
7.653474944505703093e+00 1.619948966004359558e+00 2.039314010780237689e-05 1.000000000000000000e+00 -6.947451950056314512e-06 5.094285422438408681e-05 6.161947511533441002e-01 1.016635961940665300e+00 9.492093330237346693e-01 1.086730818405118759e+00 0.000000000000000000e+00
7.659857255618167216e+00 1.618599199560634805e+00 2.471396045121825735e-05 1.000000000000000000e+00 -2.453457927053767797e-06 5.512132502497994892e-05 9.294784538699616405e-01 1.012841868803341816e+00 9.456691149857658907e-01 1.082695237909727881e+00 0.000000000000000000e+00
7.666244889005210617e+00 1.617250557763112662e+00 2.737360133337177930e-05 1.000000000000000000e+00 4.640896431400257137e-07 5.755124680523483727e-05 1.176670034584816449e+00 1.008725191176479630e+00 9.404637496652615836e-01 1.079725008156904531e+00 0.000000000000000000e+00
7.672637849105131913e+00 1.615903039674720043e+00 2.866199206890834861e-05 1.000000000000000000e+00 1.989502311509767072e-06 5.862657910143053656e-05 1.322148952941134326e+00 9.981148683386259490e-01 9.290733581827387288e-01 1.069749062910101634e+00 0.000000000000000000e+00
7.679036140359931650e+00 1.614556644359165460e+00 2.742234720516671984e-05 1.000000000000000000e+00 9.428180737248902858e-07 5.722915956220653679e-05 1.218564927706808021e+00 9.881418403831938591e-01 9.194835534645410258e-01 1.058992740754069128e+00 0.000000000000000000e+00
7.685439767215314077e+00 1.613211370880937023e+00 2.126149375265189165e-05 1.000000000000000000e+00 -5.129777403366173061e-06 5.101762136710372191e-05 7.188485323585922515e-01 9.968247209436489342e-01 9.272102579957359758e-01 1.069021724688258512e+00 0.000000000000000000e+00
7.691848734120691589e+00 1.611867218305303329e+00 1.241516832975388383e-05 1.000000000000000000e+00 -1.383284285811907438e-05 4.207644318533343821e-05 2.378645083551731432e-01 1.006890751429042163e+00 9.375803561027714617e-01 1.079012710034907840e+00 0.000000000000000000e+00
7.698263045529186499e+00 1.610524185698310351e+00 4.639856464880124700e-06 1.000000000000000000e+00 -2.144208516387116295e-05 3.420857146290231008e-05 3.259454821996143892e-02 9.950872696852818278e-01 9.245814754501627819e-01 1.068134142594376224e+00 0.000000000000000000e+00
7.704682705897634598e+00 1.609182272126782998e+00 -6.490072427918010023e-06 -1.000000000000000000e+00 -3.191090543480771424e-05 2.250935437002102280e-05 6.320398229260604239e-02 1.003032931909118464e+00 9.329743506629184502e-01 1.075864525080928447e+00 0.000000000000000000e+00
7.711107719686588702e+00 1.607841476658323998e+00 -1.855198840115452778e-05 -1.000000000000000000e+00 -4.287659117215291164e-05 9.466051399708373101e-06 5.253955181237586203e-01 1.026191663665151355e+00 9.549190039316093337e-01 1.100313547250991952e+00 0.000000000000000000e+00
7.717538091360320429e+00 1.606501798361312572e+00 -2.864674705354603809e-05 -1.000000000000000000e+00 -5.149586633639645470e-05 -2.105727868650498320e-06 1.302294045153416846e+00 1.054579102207063412e+00 9.821479042565205431e-01 1.128980505024018477e+00 0.000000000000000000e+00
7.723973825386825531e+00 1.605163236304904206e+00 -3.317341649556674986e-05 -1.000000000000000000e+00 -5.534655348076399604e-05 -7.564847573226925702e-06 1.802564298756465178e+00 1.055765957062474003e+00 9.839565172729379805e-01 1.129476062153869753e+00 0.000000000000000000e+00
7.730414926237823892e+00 1.603825789559029547e+00 -4.015889736324046845e-05 -1.000000000000000000e+00 -6.158845541785416529e-05 -1.487367138995057751e-05 2.586943438022814235e+00 1.083427786822654726e+00 1.010519101108532380e+00 1.158571228331382930e+00 0.000000000000000000e+00
7.736861398388765743e+00 1.602489457194395728e+00 -4.406588680102000615e-05 -1.000000000000000000e+00 -6.649275840680770504e-05 -1.798551676461688842e-05 2.925982085354348783e+00 1.092343504845990854e+00 1.019448741489554111e+00 1.167362007151783621e+00 0.000000000000000000e+00
7.743313246318833443e+00 1.601154238282482378e+00 -4.643821243731563459e-05 -1.000000000000000000e+00 -7.069957739699551317e-05 -1.734638599263228263e-05 2.758377559497475318e+00 1.090931054423881719e+00 1.017059462180985863e+00 1.167117975176981126e+00 0.000000000000000000e+00
7.749770474510944140e+00 1.599820131895543396e+00 -4.324708945504583641e-05 -1.000000000000000000e+00 -7.057262009495382038e-05 -1.059753868640270880e-05 2.007795415394483030e+00 1.078247667173129143e+00 1.004858838250873632e+00 1.153831304962991355e+00 0.000000000000000000e+00
7.756233087451753327e+00 1.598487137106606282e+00 -3.430554372619211981e-05 -1.000000000000000000e+00 -6.664743004073135158e-05 -7.114193011451968056e-07 1.186695496156076501e+00 1.078710160666008333e+00 1.004346930149881079e+00 1.155321155349771090e+00 0.000000000000000000e+00
7.762701089631657503e+00 1.597155252989470364e+00 -1.704081595662224166e-05 -1.000000000000000000e+00 -5.258971902596259757e-05 1.065181539332817832e-05 4.476279961121463202e-01 1.064862127142990555e+00 9.916199061482022792e-01 1.140419527990629955e+00 0.000000000000000000e+00
7.769174485544799502e+00 1.595824478618706577e+00 -9.022188676259736506e-06 -1.000000000000000000e+00 -3.753218799146636675e-05 1.904452296653994203e-05 1.288956078819580853e-01 1.050946506026960048e+00 9.771468962873406383e-01 1.126885897958074478e+00 0.000000000000000000e+00
7.775653279689067610e+00 1.594494813069657235e+00 -3.596768675518289717e-06 -1.000000000000000000e+00 -2.962352277650450366e-05 2.467436125566968393e-05 2.045219163491651670e-02 1.036172947180392656e+00 9.623646281364888200e-01 1.112695543384937480e+00 0.000000000000000000e+00
7.782137476566102663e+00 1.593166255418435151e+00 -2.402457513159640523e-06 -1.000000000000000000e+00 -2.799749576424523839e-05 2.638734139744185802e-05 8.848744004822606257e-03 1.035028683161331342e+00 9.611795873786218580e-01 1.111634726490470459e+00 0.000000000000000000e+00
7.788627080681298942e+00 1.591838804741922297e+00 -1.767372283987687162e-06 -1.000000000000000000e+00 -2.756786397940383379e-05 2.765405526052013157e-05 4.623651970049991178e-03 1.019392936117873738e+00 9.453427887490226667e-01 1.096678465905680744e+00 0.000000000000000000e+00
7.795122096543806833e+00 1.590512460117771143e+00 -5.279644080632760767e-06 -1.000000000000000000e+00 -3.137316753006321270e-05 2.463911768375384747e-05 3.964034973803620687e-02 1.022700865307240026e+00 9.483718959233341517e-01 1.100186904969294499e+00 0.000000000000000000e+00
7.801622528666539047e+00 1.589187220624400876e+00 -9.755349978140657696e-06 -1.000000000000000000e+00 -3.586026563665153585e-05 2.034895730106848973e-05 1.317910200145888666e-01 1.027126917844956244e+00 9.519702026843790410e-01 1.105344168615484346e+00 0.000000000000000000e+00
7.808128381566169729e+00 1.587863085341000069e+00 -1.378044279356576203e-05 -1.000000000000000000e+00 -3.969530217221340393e-05 1.623329572607102374e-05 2.599540463222069775e-01 1.030876801421785505e+00 9.555763046121430460e-01 1.109115595846435154e+00 0.000000000000000000e+00
7.814639659763139790e+00 1.586540053347523793e+00 -1.710540698170027641e-05 -1.000000000000000000e+00 -4.279181104338310572e-05 1.268852457213689612e-05 3.999069656453002608e-01 1.038707087707844590e+00 9.625916357821209246e-01 1.117521770803507009e+00 0.000000000000000000e+00
7.821156367781661345e+00 1.585218123724693617e+00 -1.954250749023159103e-05 -1.000000000000000000e+00 -4.479131404509782732e-05 9.925337589925165336e-06 5.241741018782164474e-01 1.052550273860456853e+00 9.749801551389570831e-01 1.132254418224699188e+00 0.000000000000000000e+00
7.827678510149716828e+00 1.583897295553998275e+00 -1.972312364306117992e-05 -1.000000000000000000e+00 -4.482822375654519178e-05 9.640875740376997398e-06 5.339427234159188629e-01 1.061160852067623006e+00 9.840528929464870123e-01 1.140143209173759331e+00 0.000000000000000000e+00
7.834206091399066985e+00 1.582577567917689887e+00 -1.661252594768313374e-05 -1.000000000000000000e+00 -4.219417783459344213e-05 1.343151405864599987e-05 3.714438485914257626e-01 1.054099140181717020e+00 9.760819653081538316e-01 1.134167388428048984e+00 0.000000000000000000e+00
7.840739116065250869e+00 1.581258939898786631e+00 -1.124381845927096581e-05 -1.000000000000000000e+00 -3.797280165276365664e-05 1.985197105901327977e-05 1.628210383052675070e-01 1.042135827289080385e+00 9.650578022806591827e-01 1.121816460197811338e+00 0.000000000000000000e+00
7.847277588687588512e+00 1.579941410581070071e+00 -4.384107053749140659e-06 -1.000000000000000000e+00 -3.252558293553666521e-05 2.803416206348937768e-05 2.347181722868185716e-02 1.036155822968003903e+00 9.582876372676240040e-01 1.116929589649844790e+00 0.000000000000000000e+00
7.853821513809187138e+00 1.578624979049085830e+00 3.577361214670339713e-06 1.000000000000000000e+00 -2.571089267586687001e-05 3.729237319077458295e-05 1.484576904688594823e-02 1.038868673539708798e+00 9.616953126334446544e-01 1.118815145611128825e+00 0.000000000000000000e+00
7.860370895976941163e+00 1.577309644388141585e+00 1.686218239838348484e-05 1.000000000000000000e+00 -1.393825200959343118e-05 5.121884035577166047e-05 3.141372035161111853e-01 1.013025761513082879e+00 9.360090779760352753e-01 1.093527982591871339e+00 0.000000000000000000e+00
7.866925739741537527e+00 1.575995405684307737e+00 2.845518932067543690e-05 1.000000000000000000e+00 -2.726897932727542653e-06 6.205347977666641763e-05 9.256162173824407091e-01 9.924387733154000912e-01 9.164919434753642236e-01 1.071595885633459533e+00 0.000000000000000000e+00
7.873486049657457464e+00 1.574682262024415857e+00 3.417535213271149602e-05 1.000000000000000000e+00 3.881863040172092342e-06 6.777818955257673326e-05 1.426864645165707657e+00 9.911700486657301079e-01 9.143639547591912997e-01 1.071191762573149964e+00 0.000000000000000000e+00
7.880051830282980951e+00 1.573370212496058462e+00 3.897759057220085294e-05 1.000000000000000000e+00 9.115087154428866303e-06 7.262947297039409032e-05 1.901312698187410888e+00 9.762218862612010994e-01 8.998211000940011806e-01 1.055074533015666782e+00 0.000000000000000000e+00
7.886623086180188480e+00 1.572059256187587906e+00 4.258731355600711097e-05 1.000000000000000000e+00 1.258615342286971956e-05 7.655982643080494433e-05 2.248362094185907267e+00 9.490161340458546091e-01 8.723624750520775351e-01 1.028087733451466868e+00 0.000000000000000000e+00
7.893199821914964609e+00 1.570749392188117488e+00 3.827896470224051060e-05 1.000000000000000000e+00 7.742835941606790310e-06 7.245690096992443859e-05 1.741641528202819700e+00 9.624031995991526589e-01 8.850659051710788594e-01 1.042701486799273880e+00 0.000000000000000000e+00
7.899782042057002407e+00 1.569440619587517682e+00 3.219393681562556392e-05 1.000000000000000000e+00 1.280277472410175561e-07 6.665669390435916388e-05 1.133716157597305596e+00 9.685938766852004722e-01 8.910691494896572085e-01 1.049357993695303248e+00 0.000000000000000000e+00
7.906369751179806116e+00 1.568132937476418354e+00 2.357911408431082124e-05 1.000000000000000000e+00 -1.148112207463568245e-05 5.835827302161602950e-05 5.120902122065018602e-01 9.760541408194005619e-01 8.976145846910659198e-01 1.058052996109004606e+00 0.000000000000000000e+00
7.912962953860692039e+00 1.566826344946206540e+00 1.012040407997897166e-05 1.000000000000000000e+00 -2.386712513654282473e-05 4.735034741764049921e-05 8.783173557482371052e-02 9.866107124689518226e-01 9.078975993295530511e-01 1.069107374974515023e+00 0.000000000000000000e+00
7.919561654680794760e+00 1.565520841089027337e+00 -2.463672300718367071e-06 -1.000000000000000000e+00 -3.340146295945501368e-05 3.360064148240673434e-05 6.100688788166053200e-03 1.004822608136716422e+00 9.249955160760068296e-01 1.088506630491427263e+00 0.000000000000000000e+00
7.926165858225068916e+00 1.564216424997781019e+00 -8.903360482223751979e-06 -1.000000000000000000e+00 -4.058555366087346025e-05 2.447676540252111889e-05 9.003853548090035019e-02 1.010525157996816636e+00 9.305362226904178025e-01 1.094325747966973017e+00 0.000000000000000000e+00
7.932775569082291867e+00 1.562913095766124583e+00 -1.128367757122347198e-05 -1.000000000000000000e+00 -4.723403000500226909e-05 2.045205433319319092e-05 1.578870779609360397e-01 1.005001696550028578e+00 9.244517305500716819e-01 1.089491151335489683e+00 0.000000000000000000e+00
7.939390791845069018e+00 1.561610852488469980e+00 -1.338160906126439420e-05 -1.000000000000000000e+00 -5.842375641626387350e-05 1.744472566018249446e-05 2.293307098957484413e-01 1.007184063914170480e+00 9.265183672154452266e-01 1.092452429147690030e+00 0.000000000000000000e+00
7.946011531109834714e+00 1.560309694259983226e+00 -1.917713923463077567e-05 -1.000000000000000000e+00 -7.739054574638156055e-05 1.436565692645783759e-05 3.444019943986802446e-01 1.020617411215092529e+00 9.381806372312772035e-01 1.107210111343294612e+00 0.000000000000000000e+00
7.952637791476856677e+00 1.559009620176584621e+00 -2.936563699529767295e-05 -1.000000000000000000e+00 -9.493521000794511420e-05 1.426633488406706300e-05 3.733267817924144083e-01 1.013223361801153244e+00 9.285972541790175061e-01 1.101893185474937642e+00 0.000000000000000000e+00
7.959269577550237784e+00 1.557710629334948083e+00 -4.342356796155915244e-05 -1.000000000000000000e+00 -1.163558321093982920e-04 1.076724769707666297e-05 5.711734560196504162e-01 1.030776205250384381e+00 9.444203580822342348e-01 1.120259089454406221e+00 0.000000000000000000e+00
7.965906893937922284e+00 1.556412720832499597e+00 -3.801107372199438961e-05 -1.000000000000000000e+00 -1.179835857543754088e-04 1.073317776369011407e-05 5.670532850409699677e-01 1.032914813496268680e+00 9.457384510135983247e-01 1.123229112729338119e+00 0.000000000000000000e+00
7.972549745251694908e+00 1.555115893767417656e+00 -2.728877373572095427e-05 -1.000000000000000000e+00 -8.086556905056582962e-05 1.378089058231411919e-05 4.262531622825491695e-01 1.029453251397412838e+00 9.437287915861364285e-01 1.118487360144979403e+00 0.000000000000000000e+00
7.979198136107187977e+00 1.553820147238631932e+00 -1.718606506624291866e-05 -1.000000000000000000e+00 -6.500242237324076503e-05 1.721303180751965393e-05 2.944324385211984918e-01 1.041029882812724905e+00 9.545487951768313328e-01 1.130362947882488589e+00 0.000000000000000000e+00
7.985852071123881402e+00 1.552525480345822828e+00 -1.006185671350765666e-05 -1.000000000000000000e+00 -5.033428599960820175e-05 2.522626697134138131e-05 1.017415918185093915e-01 1.034780477007096078e+00 9.910287119690279756e-01 1.122931351271473366e+00 0.000000000000000000e+00
7.992511554925108008e+00 1.551231892189421036e+00 2.622666628302824829e-06 1.000000000000000000e+00 -3.461902796195549993e-05 3.910918692914717049e-05 6.551778297136934270e-03 9.960143966653113301e-01 9.138671919108767305e-01 1.082493294772302495e+00 0.000000000000000000e+00
7.999176592138056208e+00 1.549939381870606869e+00 1.010213280824101541e-05 1.000000000000000000e+00 -2.659191375782509153e-05 4.520978751899103892e-05 8.755521304072999556e-02 1.002479104945770194e+00 9.199948384549163638e-01 1.089355654539109874e+00 0.000000000000000000e+00
