# OBJ_NAME=4U 1626-67
#         GRID_START=6.00
#         GRID_END=8.00
#         GRID_STEP_FRACTION=0.50
#         XSPEC_FITSTAT=cstat
#         XSPEC_CONTINUUM_MODEL=tbabs*(bbodyrad + pow)*constant
#         XSPEC_LINE_MODEL=gauss
#         LINE_VELOCITY_WIDTH=500
#         INPUT_FILE=/home/simon/Downloads/tgcat/obs_26204_tgid_6489/pm_heg_abs1.pha
#         SEARCH_MODE=Sliding window
#         FIT_REGION_WIDTH=30.00
#         RUNTIME=69
#         COLUMN_NAMES=ENERGY,WAVELENGTH,NORM,NORM_SIGN,NORM_ERR_LO,NORM_ERR_HI,DELTA_FITSTAT,CONSTANT_FACTOR,CONSTANT_FACTOR_ERR_LO,CONSTANT_FACTOR_ERR_HI,FIT_ERR
6.000000000000000000e+00 2.066373137115381287e+00 -3.482364794062500320e-06 -1.000000000000000000e+00 -2.662947940146317020e-05 2.157514479925758854e-05 2.287680350076470859e-02 1.052493347834906334e+00 1.015572165366424029e+00 1.090273584368221638e+00 0.000000000000000000e+00
6.005003461427972589e+00 2.064651403172383937e+00 -1.190364436908757067e-05 -1.000000000000000000e+00 -3.481668792210876318e-05 1.293612078331053945e-05 2.652124034180616263e-01 1.058632206235490703e+00 1.021327651142759807e+00 1.096808199054765121e+00 0.000000000000000000e+00
6.010011095293655181e+00 2.062931103804642063e+00 -1.664757560791097694e-05 -1.000000000000000000e+00 -3.965641172995406657e-05 8.256397752213767981e-06 5.085065815798373023e-01 1.056067583308846647e+00 1.019002176842834340e+00 1.093997199444120660e+00 0.000000000000000000e+00
6.015022905076486737e+00 2.061212237816845594e+00 -1.858159266943771072e-05 -1.000000000000000000e+00 -4.168633346653728168e-05 6.390577842353161223e-06 6.267576655907163286e-01 1.055570167080546629e+00 1.018464707070091402e+00 1.093543344755513180e+00 0.000000000000000000e+00
6.020038894258807005e+00 2.059494804014679215e+00 -1.706414484571158789e-05 -1.000000000000000000e+00 -4.001990373578131674e-05 7.792742711559218330e-06 5.355711270162402116e-01 1.056841961242362293e+00 1.019486604591136825e+00 1.095074294912593338e+00 0.000000000000000000e+00
6.025059066325860080e+00 2.057778801204824592e+00 -9.584383755620124389e-06 -1.000000000000000000e+00 -3.249597424350718393e-05 1.525228989762491354e-05 1.730610199402207172e-01 1.041881445816869700e+00 1.004796327705236969e+00 1.079843181147819298e+00 0.000000000000000000e+00
6.030083424765796174e+00 2.056064228194956822e+00 -2.779320262340078890e-06 -1.000000000000000000e+00 -2.588080641612632227e-05 2.222603919333496900e-05 1.463939100629829682e-02 1.035230247210108923e+00 9.984990914701924458e-01 1.072814075097529241e+00 0.000000000000000000e+00
6.035111973069674285e+00 2.054351083793744426e+00 4.225445709812229131e-06 1.000000000000000000e+00 -1.931208589507753688e-05 2.963495135701376816e-05 3.352168684553191724e-02 1.028690500104024741e+00 9.917503269369841723e-01 1.066452845692473561e+00 0.000000000000000000e+00
6.040144714731465747e+00 2.052639366810848021e+00 1.085962428103338629e-05 1.000000000000000000e+00 -1.313880703080220858e-05 3.671534278787312252e-05 2.181955322597701752e-01 1.022643848818300505e+00 9.856810635468699067e-01 1.060364167384057366e+00 0.000000000000000000e+00
6.045181653248054232e+00 2.050929076056921652e+00 1.590884761189577553e-05 1.000000000000000000e+00 -8.416416356532921834e-06 4.208512014320460373e-05 4.629971610963252715e-01 1.020740648854558286e+00 9.840074536431110408e-01 1.058198868212851362e+00 0.000000000000000000e+00
6.050222792119239301e+00 2.049220210343609683e+00 1.993214809973468696e-05 1.000000000000000000e+00 -4.561977169036691971e-06 4.627823997380342200e-05 7.262570438831801312e-01 1.017868268143413468e+00 9.808712048052189436e-01 1.055550841093799042e+00 0.000000000000000000e+00
6.055268134847740846e+00 2.047512768483544576e+00 2.278944939474256763e-05 1.000000000000000000e+00 -1.697225895561087379e-06 4.913123182557990623e-05 9.578993236124517807e-01 1.012266285042416225e+00 9.752326012240161157e-01 1.049874363517088405e+00 0.000000000000000000e+00
6.060317684939197314e+00 2.045806749290351334e+00 2.211053734827514580e-05 1.000000000000000000e+00 -2.243490602544949864e-06 4.833326381756204758e-05 9.087149916222330148e-01 1.013618095740727032e+00 9.765692650126345242e-01 1.051266790978651500e+00 0.000000000000000000e+00
6.065371445902172809e+00 2.044102151578641724e+00 1.919568034930115965e-05 1.000000000000000000e+00 -5.002607658586196571e-06 4.527701058200796040e-05 6.868983492704359151e-01 1.015055038333034343e+00 9.780155953144747949e-01 1.052719430290802949e+00 0.000000000000000000e+00
6.070429421248155322e+00 2.042398974164015168e+00 1.343762032682621725e-05 1.000000000000000000e+00 -1.061550835078881749e-05 3.937179014073401666e-05 3.347368615812911230e-01 1.020001323792215420e+00 9.829098234957380775e-01 1.057805225750617639e+00 0.000000000000000000e+00
6.075491614491562942e+00 2.040697215863058300e+00 8.649506165713495838e-06 1.000000000000000000e+00 -1.527417478975602279e-05 3.447003223174854083e-05 1.381597984253346567e-01 1.012164142853512860e+00 9.749903890883314661e-01 1.049895438989353780e+00 0.000000000000000000e+00
6.080558029149742971e+00 2.038996875493343186e+00 6.903022471461978657e-07 1.000000000000000000e+00 -2.297931901922174307e-05 2.629593855434615100e-05 8.745647702568248860e-04 1.016034360210592125e+00 9.788571463692360419e-01 1.053847140375794522e+00 0.000000000000000000e+00
6.085628668742976366e+00 2.037297951873428659e+00 -6.001771447321056983e-06 -1.000000000000000000e+00 -2.938804542960772500e-05 1.937485419482136981e-05 6.601918225095460002e-02 1.016325803232239533e+00 9.790942111122596936e-01 1.054195475502511359e+00 0.000000000000000000e+00
6.090703536794479511e+00 2.035600443822857208e+00 -1.239662455984870655e-05 -1.000000000000000000e+00 -3.557356914651402268e-05 1.278262010905243072e-05 2.802379045323988294e-01 1.022854483728537378e+00 9.855745308575331043e-01 1.060884804072835141e+00 0.000000000000000000e+00
6.095782636830406886e+00 2.033904350162153651e+00 -1.580556407274094126e-05 -1.000000000000000000e+00 -3.892917028991407986e-05 9.283402822521997811e-06 4.540377942479807416e-01 1.026106421533206081e+00 9.885365147420476228e-01 1.064480767103811898e+00 0.000000000000000000e+00
6.100865972379854618e+00 2.032209669712826461e+00 -1.569919157877575186e-05 -1.000000000000000000e+00 -3.868561268129496649e-05 9.235300656914168947e-06 4.521873010377817081e-01 1.024295428720357171e+00 9.870043385845120865e-01 1.062360482884531221e+00 0.000000000000000000e+00
6.105953546974859592e+00 2.030516401297367324e+00 -1.303524980024842159e-05 -1.000000000000000000e+00 -3.585370709103059470e-05 1.174110497072321298e-05 3.181761960790225885e-01 1.018369513096771151e+00 9.808613794504830175e-01 1.056563180580195604e+00 0.000000000000000000e+00
6.111045364150406556e+00 2.028824543739246700e+00 -1.215463884753915219e-05 -1.000000000000000000e+00 -3.486895240796734387e-05 1.253490209225734429e-05 2.789747882566473436e-01 1.023974802111224269e+00 9.864495653817232368e-01 1.062277082065810507e+00 0.000000000000000000e+00
6.116141427444425460e+00 2.027134095862917373e+00 -1.035941514265632555e-05 -1.000000000000000000e+00 -3.328901194702480994e-05 1.456790728848317138e-05 1.999964329756380721e-01 1.025202339527722106e+00 9.878953299354273909e-01 1.063295510588938786e+00 0.000000000000000000e+00
6.121241740397799447e+00 2.025445056493809570e+00 -6.630379719336171168e-06 -1.000000000000000000e+00 -3.023093314851610657e-05 1.898490324255443370e-05 7.897058125396938522e-02 1.019776653311209369e+00 9.821254430350018216e-01 1.058139728922625533e+00 0.000000000000000000e+00
6.126346306554362187e+00 2.023757424458334508e+00 -3.195015776756888692e-06 -1.000000000000000000e+00 -2.766515089011779369e-05 2.328729431431398423e-05 1.740706057955776487e-02 1.025485585659783982e+00 9.876758293419691803e-01 1.064098233398327986e+00 0.000000000000000000e+00
6.131455129460903208e+00 2.022071198583879958e+00 5.722082645247445710e-06 1.000000000000000000e+00 -1.960475810512905126e-05 3.303484452595392565e-05 5.395528341875888145e-02 1.022216890290746028e+00 9.843056738793719562e-01 1.060887115318255081e+00 0.000000000000000000e+00
6.136568212667169675e+00 2.020386377698810687e+00 1.863269876616461439e-05 1.000000000000000000e+00 -7.231580825369682172e-06 4.645700597217538338e-05 5.706273407763688965e-01 1.015928506499727213e+00 9.780303897380648870e-01 1.054471220975906842e+00 0.000000000000000000e+00
6.141685559725869936e+00 2.018702960632467569e+00 3.484218138740183268e-05 1.000000000000000000e+00 8.643942390724757154e-06 6.302518341586371502e-05 2.038016899647331570e+00 1.000085371557225988e+00 9.622047224033288826e-01 1.038456197840379902e+00 0.000000000000000000e+00
6.146807174192673529e+00 2.017020946215167587e+00 4.720948178166132006e-05 1.000000000000000000e+00 2.073948858959080911e-05 7.564880001630396782e-05 3.794636125884281341e+00 9.976322728892913494e-01 9.598092508329657546e-01 1.036009958757600158e+00 0.000000000000000000e+00
6.151933059626216505e+00 2.015340333278202056e+00 5.821365412243665639e-05 1.000000000000000000e+00 3.135611014415379651e-05 8.700979452300795249e-05 5.775365745839295073e+00 9.921664632093301073e-01 9.544720349681402594e-01 1.030542885735366232e+00 0.000000000000000000e+00
6.157063219588101433e+00 2.013661120653835290e+00 6.630843189626057946e-05 1.000000000000000000e+00 3.902629531621703922e-05 9.549543531391771803e-05 7.407198485958303991e+00 9.866361389949419580e-01 9.489896430270420291e-01 1.025071911398040880e+00 0.000000000000000000e+00
6.162197657642900950e+00 2.011983307175305935e+00 6.946226896654668706e-05 1.000000000000000000e+00 4.187290647091613914e-05 9.893182098944929437e-05 7.996659813891781710e+00 9.860610128578225497e-01 9.483514613693760920e-01 1.024572752078411142e+00 0.000000000000000000e+00
6.167336377358160426e+00 2.010306891676824304e+00 6.851079310162905495e-05 1.000000000000000000e+00 4.082213018002218106e-05 9.808333430526854264e-05 7.717168275763356178e+00 9.834218314485230206e-01 9.454428623495384487e-01 1.022253402275451695e+00 0.000000000000000000e+00
6.172479382304400630e+00 2.008631872993570600e+00 6.136276928597476552e-05 1.000000000000000000e+00 3.394242789598736146e-05 9.070272297524409777e-05 6.198038165509530018e+00 9.887381809187922865e-01 9.509067200842077350e-01 1.027325306620515022e+00 0.000000000000000000e+00
6.177626676055119503e+00 2.006958249961698471e+00 4.880627159135588400e-05 1.000000000000000000e+00 2.195468804827715669e-05 7.764780800937407369e-05 3.951391505701778328e+00 1.002705097928077160e+00 9.643315203684522663e-01 1.041504350571020199e+00 0.000000000000000000e+00
6.182778262186794827e+00 2.005286021418328790e+00 3.583265111062311205e-05 1.000000000000000000e+00 9.643355509570128708e-06 6.402915612657676127e-05 2.156750871668393188e+00 1.007859074754990703e+00 9.694557686335605329e-01 1.046710871341711702e+00 0.000000000000000000e+00
6.187934144278887771e+00 2.003615186201552323e+00 2.121669152369004760e-05 1.000000000000000000e+00 -4.304735767372434765e-06 4.874493576956074963e-05 7.608801051079439048e-01 1.013861751341623929e+00 9.757484409685177607e-01 1.052578592754125575e+00 0.000000000000000000e+00
6.193094325913842901e+00 2.001945743150427948e+00 6.315398668790816599e-06 1.000000000000000000e+00 -1.860801814264715639e-05 3.327377019544513212e-05 6.754133492584912801e-02 1.018413430861467184e+00 9.800028730954727374e-01 1.057528809278100335e+00 0.000000000000000000e+00
6.198258810677093500e+00 2.000277691104981770e+00 -7.404372117780132768e-06 -1.000000000000000000e+00 -3.170397998331464219e-05 1.898881877049900013e-05 9.308388352769725316e-02 1.021159934809444891e+00 9.826890953758555813e-01 1.060385487108559843e+00 0.000000000000000000e+00
6.203427602157062459e+00 1.998611028906206677e+00 -1.858813903069655445e-05 -1.000000000000000000e+00 -4.233512574300148112e-05 7.289576734260027404e-06 5.881280118533851464e-01 1.024067264691465029e+00 9.858386505466066874e-01 1.063089792765291364e+00 0.000000000000000000e+00
6.208600703945164057e+00 1.996945755396060118e+00 -2.768976121395889657e-05 -1.000000000000000000e+00 -5.106826770220210737e-05 -2.155514980871235718e-06 1.301229636924389865e+00 1.036451292008245373e+00 9.978385525363294706e-01 1.075994632738841439e+00 0.000000000000000000e+00
6.213778119635809283e+00 1.995281869417466547e+00 -3.042234328437422506e-05 -1.000000000000000000e+00 -5.370489646483420933e-05 -4.978170467378570954e-06 1.566568660151446579e+00 1.043042245089425446e+00 1.004287741375051279e+00 1.082749736601888557e+00 0.000000000000000000e+00
6.218959852826404955e+00 1.993619369814312314e+00 -2.429387218716252576e-05 -1.000000000000000000e+00 -4.783842682063802203e-05 1.373198881557471669e-06 1.002363501891409214e+00 1.032103265038488260e+00 9.934493347303086086e-01 1.071660660052082825e+00 0.000000000000000000e+00
6.224145907117359044e+00 1.991958255431448777e+00 -1.573170289383864551e-05 -1.000000000000000000e+00 -3.957600841429471456e-05 1.018412268001702339e-05 4.231006512130903729e-01 1.027883433461364904e+00 9.892936434144801172e-01 1.067333744243624372e+00 0.000000000000000000e+00
6.229336286112081567e+00 1.990298525114688521e+00 -7.813473351391072807e-06 -1.000000000000000000e+00 -3.183298631959684738e-05 1.822589230376839948e-05 1.055981305266158188e-01 1.034621673872908154e+00 9.959802450054517919e-01 1.074191773252908488e+00 0.000000000000000000e+00
6.234530993416986355e+00 1.988640177710806478e+00 -1.620840076838406246e-07 -1.000000000000000000e+00 -2.428105612968927212e-05 2.595478371359132024e-05 4.616874633711631759e-05 1.038852350120014423e+00 9.999218418029186539e-01 1.078746803084301487e+00 0.000000000000000000e+00
6.239730032641496393e+00 1.986983212067538140e+00 5.521355109996852624e-06 1.000000000000000000e+00 -1.869761842959339080e-05 3.174946881961782195e-05 5.394985249101580393e-02 1.040110455945065793e+00 1.001447088797317253e+00 1.079728912873592073e+00 0.000000000000000000e+00
6.244933407398043812e+00 1.985327627033580011e+00 8.255215402218846139e-06 1.000000000000000000e+00 -1.624648506377477758e-05 3.478196227159997893e-05 1.190047973424555039e-01 1.040204574354193667e+00 1.001472581827428376e+00 1.079894394250107803e+00 0.000000000000000000e+00
6.250141121302072555e+00 1.983673421458586272e+00 8.327503825007474326e-06 1.000000000000000000e+00 -1.664525626274567747e-05 3.532499020940522408e-05 1.172104865322438627e-01 1.038997157976413899e+00 9.999241495626037812e-01 1.079040070636708259e+00 0.000000000000000000e+00
6.255353177972041934e+00 1.982020594193170782e+00 5.090868527644418969e-06 1.000000000000000000e+00 -2.029251952650980626e-05 3.248872932057764255e-05 4.211231605503940045e-02 1.043392930688471942e+00 1.004424008873699536e+00 1.083333530540143474e+00 0.000000000000000000e+00
6.260569581029430175e+00 1.980369144088905076e+00 2.425357652462701713e-06 1.000000000000000000e+00 -2.310911801035698485e-05 2.998227088614928163e-05 9.390141490172254635e-03 1.040800665826546290e+00 1.001782523315027706e+00 1.080790476736679606e+00 0.000000000000000000e+00
6.265790334098732650e+00 1.978719069998317037e+00 -1.884548656778038956e-06 -1.000000000000000000e+00 -2.709402939172925949e-05 2.538446537487930129e-05 5.723934035501088147e-03 1.046932675709474347e+00 1.007537608729352829e+00 1.087315720378927653e+00 0.000000000000000000e+00
6.271015440807469865e+00 1.977070370774890451e+00 -8.156761498054312042e-06 -1.000000000000000000e+00 -3.272741806434614905e-05 1.849934798145111571e-05 1.097702055819098632e-01 1.065119505976006575e+00 1.025416550666841120e+00 1.105808314439246987e+00 0.000000000000000000e+00
6.276244904786186574e+00 1.975423045273065226e+00 -1.113296592040070419e-05 -1.000000000000000000e+00 -3.521302210348862540e-05 1.503047240726150775e-05 2.096432657074558392e-01 1.066565276100696735e+00 1.026899748352421815e+00 1.107214656876771119e+00 0.000000000000000000e+00
6.281478729668454442e+00 1.973777092348234952e+00 -1.796102333451873463e-05 -1.000000000000000000e+00 -4.172737345730161851e-05 7.871768341265163659e-06 5.467009280727666010e-01 1.081123650028222194e+00 1.041157988625915243e+00 1.122075552351124328e+00 0.000000000000000000e+00
6.286716919090875599e+00 1.972132510856748011e+00 -2.048113166002793128e-05 -1.000000000000000000e+00 -4.417691536783024562e-05 5.273905103875662666e-06 7.105171733150967839e-01 1.066128671593659538e+00 1.026356223173543469e+00 1.106894095096700115e+00 0.000000000000000000e+00
6.291959476693084419e+00 1.970489299655904469e+00 -2.773698960809521427e-05 -1.000000000000000000e+00 -5.123024731889264257e-05 -2.161768132346285082e-06 1.292163551341616312e+00 1.069666875786896565e+00 1.029807494786077138e+00 1.110519621835358350e+00 0.000000000000000000e+00
6.297206406117751065e+00 1.968847457603957185e+00 -3.321651743934355127e-05 -1.000000000000000000e+00 -5.635471110762378379e-05 -7.929774141664781931e-06 1.860478320540480013e+00 1.065676138061896872e+00 1.025827861241947137e+00 1.106518803118115013e+00 0.000000000000000000e+00
6.302457711010582386e+00 1.967206983560110700e+00 -4.180872806452399679e-05 -1.000000000000000000e+00 -6.450076555502068506e-05 -1.691454923776508187e-05 2.944590464645173711e+00 1.083508332886379044e+00 1.043281584261770201e+00 1.124729942522699311e+00 0.000000000000000000e+00
6.307713395020327241e+00 1.965567876384518575e+00 -4.520388279251968223e-05 -1.000000000000000000e+00 -6.777959934223281484e-05 -2.040983930758395742e-05 3.428033853371346140e+00 1.085135516714289761e+00 1.044875183665868512e+00 1.126390582485863989e+00 0.000000000000000000e+00
6.312973461798775610e+00 1.963930134938285832e+00 -4.555005468494371652e-05 -1.000000000000000000e+00 -6.832687833613435707e-05 -2.056572882507952553e-05 3.435487113502901479e+00 1.084146247968269527e+00 1.043820272734519605e+00 1.125471226185260187e+00 0.000000000000000000e+00
6.318237915000763039e+00 1.962293758083465844e+00 -4.199915842613390142e-05 -1.000000000000000000e+00 -6.513899674882460324e-05 -1.667953183938597101e-05 2.891842338402398127e+00 1.080021507815814408e+00 1.039444350231260250e+00 1.121614843243716075e+00 0.000000000000000000e+00
6.323506758284172413e+00 1.960658744683059451e+00 -3.525739273865796533e-05 -1.000000000000000000e+00 -5.865725763818650546e-05 -9.689622059953364406e-06 2.040671770736082635e+00 1.075311726305020699e+00 1.035100819205576617e+00 1.116525937666963175e+00 0.000000000000000000e+00
6.328779995309938400e+00 1.959025093601015399e+00 -2.554868488903050546e-05 -1.000000000000000000e+00 -4.923491282115444883e-05 2.974220049494389023e-07 1.081719480241702058e+00 1.063837210515479192e+00 1.023810766318518084e+00 1.104868645222139012e+00 0.000000000000000000e+00
6.334057629742047446e+00 1.957392803702229900e+00 -2.029263112935680930e-05 -1.000000000000000000e+00 -4.427806833941634558e-05 5.827799232989689488e-06 6.798063775618317095e-01 1.073818689319776309e+00 1.033321173392441450e+00 1.115336651725431283e+00 0.000000000000000000e+00
6.339339665247542221e+00 1.955761873852543076e+00 -1.229422078278386649e-05 -1.000000000000000000e+00 -3.668422109752622937e-05 1.421206704488251107e-05 2.483004760073868056e-01 1.064532720626863549e+00 1.024464273083786292e+00 1.105607955570659273e+00 0.000000000000000000e+00
6.344626105496522506e+00 1.954132302918741848e+00 -7.163947335607021507e-06 -1.000000000000000000e+00 -3.197029456249917589e-05 1.976006864184580219e-05 8.311411873079066481e-02 1.061349244980851037e+00 1.021274735495452779e+00 1.102434555764953084e+00 0.000000000000000000e+00
6.349916954162148741e+00 1.952504089768555939e+00 -3.953452276625463976e-06 -1.000000000000000000e+00 -2.917414615015818407e-05 2.340621216074145844e-05 2.482994418134865100e-02 1.059576928777200111e+00 1.019190683736812320e+00 1.100990258449425996e+00 0.000000000000000000e+00
6.355212214920644698e+00 1.950877233270659206e+00 -3.562698652104140563e-06 -1.000000000000000000e+00 -2.913166246207704241e-05 2.416693745713235022e-05 1.968441196531500736e-02 1.065479003590290574e+00 1.024890717544807650e+00 1.107099673188376654e+00 0.000000000000000000e+00
6.360511891451300137e+00 1.949251732294668749e+00 -2.323228238718650909e-06 -1.000000000000000000e+00 -2.822969488554614152e-05 2.575319326949840288e-05 8.205652120366835334e-03 1.064864824436461799e+00 1.024255855390430625e+00 1.106506886892977937e+00 0.000000000000000000e+00
6.365815987436472589e+00 1.947627585711142251e+00 -1.894802682864261850e-06 -1.000000000000000000e+00 -2.805913896733851164e-05 2.645569152994040383e-05 5.366016970612008663e-03 1.069217231199029561e+00 1.028440951943731863e+00 1.111029667489595196e+00 0.000000000000000000e+00
6.371124506561590906e+00 1.946004792391578420e+00 -9.874462327001403425e-07 -1.000000000000000000e+00 -2.735674780019104989e-05 2.758889621546950334e-05 1.439052501112314530e-03 1.074985757285738197e+00 1.034032332307692537e+00 1.116977849844903004e+00 0.000000000000000000e+00
6.376437452515156146e+00 1.944383351208418098e+00 2.460906050724696557e-06 1.000000000000000000e+00 -2.413280868435058879e-05 3.125748443619125752e-05 8.885113654173437681e-03 1.073292465527677431e+00 1.032372385775751189e+00 1.115251748195700943e+00 0.000000000000000000e+00
6.381754828988746020e+00 1.942763261035039601e+00 6.776762235048150835e-06 1.000000000000000000e+00 -1.998898436690801233e-05 3.571844286097414900e-05 6.742935606575883867e-02 1.070094011477659590e+00 1.029183777691031310e+00 1.112047803781608613e+00 0.000000000000000000e+00
6.387076639677015777e+00 1.941144520745761159e+00 1.312404299130607010e-05 1.000000000000000000e+00 -1.370377162743302662e-05 4.211435995540814201e-05 2.563785511140110884e-01 1.055835617362380408e+00 1.015159818540152026e+00 1.097558138757019908e+00 0.000000000000000000e+00
6.392402888277703532e+00 1.939527129215838475e+00 1.522673426876518971e-05 1.000000000000000000e+00 -1.147349143777542954e-05 4.409596869260250858e-05 3.497852680455935115e-01 1.054819603850152276e+00 1.014209156657786437e+00 1.096475069978042116e+00 0.000000000000000000e+00
6.397733578491629380e+00 1.937911085321463833e+00 1.319421698277820030e-05 1.000000000000000000e+00 -1.330445839437470271e-05 4.187087087071470485e-05 2.644929974722884936e-01 1.063375976910591492e+00 1.022573585820476749e+00 1.105225201041595051e+00 0.000000000000000000e+00
6.403068714022700725e+00 1.936296387939767438e+00 9.564727449990555086e-06 1.000000000000000000e+00 -1.680454864724879790e-05 3.811780324488714996e-05 1.389315175885172948e-01 1.067704654684094034e+00 1.026500136786296924e+00 1.109972275942370246e+00 0.000000000000000000e+00
6.408408298577912277e+00 1.934683035948813856e+00 5.049537651713213593e-06 1.000000000000000000e+00 -2.124086476516849707e-05 3.354629651626757413e-05 3.838432158163129770e-02 1.064872885298943528e+00 1.023959447468369088e+00 1.106836495051179536e+00 0.000000000000000000e+00
6.413752335867351384e+00 1.933071028227602239e+00 -1.550030566801050604e-06 -1.000000000000000000e+00 -2.781936960290249205e-05 2.696079868316951316e-05 3.554750407815276958e-03 1.064149432247352811e+00 1.023133578104212571e+00 1.106217630186895562e+00 0.000000000000000000e+00
6.419100829604198033e+00 1.931460363656067436e+00 -1.152746694872070743e-05 -1.000000000000000000e+00 -3.771730665702918158e-05 1.693884705815999918e-05 1.921878022222784921e-01 1.077456344148047807e+00 1.035816393627006393e+00 1.120167611738910107e+00 0.000000000000000000e+00
6.424453783504729287e+00 1.929851041115075327e+00 -1.779164468238246262e-05 -1.000000000000000000e+00 -4.383256411221624549e-05 1.053581626043962460e-05 4.535960616162100223e-01 1.079766685996631059e+00 1.038331953893881998e+00 1.122260284427396115e+00 0.000000000000000000e+00
6.429811201288321953e+00 1.928243059486426159e+00 -2.159082534429956893e-05 -1.000000000000000000e+00 -4.734860073061062269e-05 6.455689302687243810e-06 6.736074218517273948e-01 1.082985687707201050e+00 1.041190034005476495e+00 1.125856225337324545e+00 0.000000000000000000e+00
6.435173086677453469e+00 1.926636417652850763e+00 -2.229534940812627852e-05 -1.000000000000000000e+00 -4.761187370374860668e-05 5.322850720909977937e-06 7.361631143875229100e-01 1.083949729984786226e+00 1.042143611204578546e+00 1.126831569853737225e+00 0.000000000000000000e+00
6.440539443397706343e+00 1.925031114498011453e+00 -2.102822037230033957e-05 -1.000000000000000000e+00 -4.596083015908008303e-05 6.196839829006237619e-06 6.727185174807459589e-01 1.081119626707725212e+00 1.039706598143321559e+00 1.123592957402124171e+00 0.000000000000000000e+00
6.445910275177769044e+00 1.923427148906499795e+00 -2.038683969784274664e-05 -1.000000000000000000e+00 -4.514566150924171403e-05 6.631247613643898308e-06 6.424758060118165304e-01 1.079172578170591645e+00 1.037514680370250408e+00 1.121907711288605114e+00 0.000000000000000000e+00
6.451285585749439555e+00 1.921824519763838390e+00 -2.415802216880264983e-05 -1.000000000000000000e+00 -4.879535639878000469e-05 2.723341311033673236e-06 8.994209127058496733e-01 1.091924906414756924e+00 1.049971120467739327e+00 1.134959569559114811e+00 0.000000000000000000e+00
6.456665378847628034e+00 1.920223225956476210e+00 -2.745553130302124921e-05 -1.000000000000000000e+00 -5.205306056121030740e-05 -5.870182419399948628e-07 1.151360543373783685e+00 1.093504475989961922e+00 1.051510548708794124e+00 1.136578908364841656e+00 0.000000000000000000e+00
6.462049658210359482e+00 1.918623266371792813e+00 -3.307947771831274287e-05 -1.000000000000000000e+00 -5.765888240534331594e-05 -6.188429772240547100e-06 1.641991600541572893e+00 1.099779532731810949e+00 1.057564108828742189e+00 1.143079153735273135e+00 0.000000000000000000e+00
6.467438427578775517e+00 1.917024639898092353e+00 -3.766584555647565298e-05 -1.000000000000000000e+00 -6.229044727749509947e-05 -1.070799219850619417e-05 2.093136888188894318e+00 1.099597083956251664e+00 1.057272701667203885e+00 1.143010715690501611e+00 0.000000000000000000e+00
6.472831690697137930e+00 1.915427345424606687e+00 -4.137763399197775236e-05 -1.000000000000000000e+00 -6.596910958738138350e-05 -1.442451827428253941e-05 2.499097641203690046e+00 1.101366380391814781e+00 1.058992094420865060e+00 1.144829920603882778e+00 0.000000000000000000e+00
6.478229451312831344e+00 1.913831381841492263e+00 -3.926418407013137238e-05 -1.000000000000000000e+00 -6.383109572780567968e-05 -1.228280537169637761e-05 2.260170913695432660e+00 1.087198628990011073e+00 1.045018493482162691e+00 1.130469951175815391e+00 0.000000000000000000e+00
6.483631713176364109e+00 1.912236748039830792e+00 -3.672550315964459659e-05 -1.000000000000000000e+00 -6.138564038039806493e-05 -9.627115905173236983e-06 1.976491153485909535e+00 1.083510151071267691e+00 1.041335018282846692e+00 1.126778971870479040e+00 0.000000000000000000e+00
6.489038480041373624e+00 1.910643442911627687e+00 -3.207063641132647285e-05 -1.000000000000000000e+00 -5.710832911018219084e-05 -4.605236343429108359e-06 1.491969528632765218e+00 1.081183472232705389e+00 1.039047590579583735e+00 1.124413557799857299e+00 0.000000000000000000e+00
6.494449755664626345e+00 1.909051465349812737e+00 -2.290109401054409000e-05 -1.000000000000000000e+00 -4.860187474820764329e-05 5.216447403197239084e-06 7.498153559639320065e-01 1.068437050986249748e+00 1.026449062473617779e+00 1.111524757653696183e+00 0.000000000000000000e+00
6.499865543806021329e+00 1.907460814248235881e+00 -1.276939235069120988e-05 -1.000000000000000000e+00 -3.925134813456775779e-05 1.611390813572290490e-05 2.287240357539701563e-01 1.061121166865590881e+00 1.018898814587188451e+00 1.104460875504342354e+00 0.000000000000000000e+00
6.505285848228594681e+00 1.905871488501671207e+00 -1.822669406870391275e-06 -1.000000000000000000e+00 -2.901452166465969511e-05 2.773540597621508634e-05 4.587373826026919232e-03 1.056989687894553720e+00 1.015103994492994044e+00 1.099980598173346369e+00 0.000000000000000000e+00
6.510710672698518664e+00 1.904283487005811404e+00 1.342144111614501925e-05 1.000000000000000000e+00 -1.442561024170840900e-05 4.359906130502408665e-05 2.490344706604474823e-01 1.034896289800394831e+00 9.933730572443576490e-01 1.077529644778759232e+00 0.000000000000000000e+00
6.516140020985107917e+00 1.902696808657271088e+00 2.309084327358218927e-05 1.000000000000000000e+00 -5.165094689267649288e-06 5.368595954787712095e-05 7.364610584918693803e-01 1.033468041081564870e+00 9.916585132466925190e-01 1.076406607969750739e+00 0.000000000000000000e+00
6.521573896860818564e+00 1.901111452353583031e+00 3.254057277388886876e-05 1.000000000000000000e+00 3.895404284784712376e-06 6.354551343207386343e-05 1.459964046736175192e+00 1.024652059068730914e+00 9.832957049002155614e-01 1.067121751175290401e+00 0.000000000000000000e+00
6.527012304101254436e+00 1.899527416993199491e+00 3.921438803418576423e-05 1.000000000000000000e+00 1.004613399982840291e-05 7.075864286247160538e-05 2.088390039300293211e+00 1.019890590921411544e+00 9.782612795014921092e-01 1.062651462164466709e+00 0.000000000000000000e+00
6.532455246485166178e+00 1.897944701475490215e+00 4.220640433560495750e-05 1.000000000000000000e+00 1.242730669056721045e-05 7.437390660626755823e-05 2.341910565129651900e+00 1.025220480489929864e+00 9.833465517235057129e-01 1.068231783582966221e+00 0.000000000000000000e+00
6.537902727794456581e+00 1.896363304700741548e+00 4.712667909555282437e-05 1.000000000000000000e+00 1.661375466918314447e-05 8.003606528778902740e-05 2.818072323705408166e+00 1.018825149019729093e+00 9.772625210622459813e-01 1.061514135803581338e+00 0.000000000000000000e+00
6.543354751814182357e+00 1.894783225570156437e+00 4.962887171823925233e-05 1.000000000000000000e+00 1.848168662655572391e-05 8.316178660626742571e-05 3.024408037563873108e+00 1.022241490706742306e+00 9.801948290032250766e-01 1.065436638713591844e+00 0.000000000000000000e+00
6.548811322332555918e+00 1.893204462985853986e+00 5.272882076017382198e-05 1.000000000000000000e+00 2.129096393965177375e-05 8.653907717540233247e-05 3.375453805031909837e+00 1.023074883075196784e+00 9.809263664773970604e-01 1.066377976154539553e+00 0.000000000000000000e+00
6.554272443140948923e+00 1.891627015850867455e+00 5.606352435666758495e-05 1.000000000000000000e+00 2.471335209017070430e-05 8.979449790848056012e-05 3.863989824107086690e+00 1.021517848347756718e+00 9.794596366927803555e-01 1.064728161448814436e+00 0.000000000000000000e+00
6.559738118033894949e+00 1.890050883069143817e+00 5.754295537648998845e-05 1.000000000000000000e+00 2.646624313570904901e-05 9.103329240255463701e-05 4.155937563955433234e+00 1.024615783685545400e+00 9.824914712957703022e-01 1.067891617493151424e+00 0.000000000000000000e+00
6.565208350809092153e+00 1.888476063545543981e+00 5.997386424170449718e-05 1.000000000000000000e+00 2.902397706522002823e-05 9.337250384782802906e-05 4.584736279533203174e+00 1.019379590062859053e+00 9.773247258546569061e-01 1.062586929078404463e+00 0.000000000000000000e+00
6.570683145267405045e+00 1.886902556185840796e+00 6.010974572740849115e-05 1.000000000000000000e+00 2.907565932392041318e-05 9.359757127619035310e-05 4.579569483098474336e+00 1.019416784617351412e+00 9.773656835123660791e-01 1.062620485455595398e+00 0.000000000000000000e+00
6.576162505212867160e+00 1.885330359896719488e+00 6.183148116654746753e-05 1.000000000000000000e+00 3.047999806737624045e-05 9.560031999880855822e-05 4.768278822604806066e+00 1.006583958949516466e+00 9.646686488369280443e-01 1.049661471601546658e+00 0.000000000000000000e+00
6.581646434452685490e+00 1.883759473585775446e+00 5.963478486079522338e-05 1.000000000000000000e+00 2.808123472786453015e-05 9.355840319755111256e-05 4.356437943781187982e+00 1.002424387991645682e+00 9.602000969319478552e-01 1.045835787792862126e+00 0.000000000000000000e+00
6.587134936797241380e+00 1.882189896161514886e+00 5.428999083706257962e-05 1.000000000000000000e+00 2.296818182394452600e-05 8.798728440653202638e-05 3.610142654740073453e+00 1.001511953621425866e+00 9.595874756842123210e-01 1.044608278236702992e+00 0.000000000000000000e+00
6.592628016060094076e+00 1.880621626533353297e+00 4.379163357345071031e-05 1.000000000000000000e+00 1.320173850347345983e-05 7.681905148437520516e-05 2.395647858638085381e+00 1.013733639698591649e+00 9.715398600913813798e-01 1.057097794504689325e+00 0.000000000000000000e+00
6.598125676057981615e+00 1.879054663611614329e+00 3.395733539276325183e-05 1.000000000000000000e+00 4.297925251306276292e-06 6.612137587407398466e-05 1.490903745352959220e+00 1.018167904419226444e+00 9.756153490124646055e-01 1.061903460124168586e+00 0.000000000000000000e+00
6.603627920610826152e+00 1.877489006307530905e+00 2.190802042939433918e-05 1.000000000000000000e+00 -6.896848658601837962e-06 5.325112439087392594e-05 6.323839257085666077e-01 1.029698908868214913e+00 9.872405026866425404e-01 1.073322184950629365e+00 0.000000000000000000e+00
6.609134753541735741e+00 1.875924653533241671e+00 1.092590357318236536e-05 1.000000000000000000e+00 -1.755191006550340017e-05 4.195078977330661150e-05 1.560634411851964387e-01 1.033434894508067137e+00 9.905220341389804339e-01 1.077532663380143862e+00 0.000000000000000000e+00
6.614646178677005217e+00 1.874361604201792542e+00 2.595057706711408720e-07 1.000000000000000000e+00 -2.829397091256289406e-05 3.141704144451584990e-05 8.505338541908713523e-05 1.034793306790926071e+00 9.916591879155329803e-01 1.079110227339947992e+00 0.000000000000000000e+00
6.620162199846120643e+00 1.872799857227134490e+00 -1.058927917508613980e-05 -1.000000000000000000e+00 -3.939641484728585713e-05 2.089979265213524429e-05 1.350077435135972337e-01 1.044349338646977099e+00 1.001186478609727315e+00 1.088691773045809441e+00 0.000000000000000000e+00
6.625682820881761970e+00 1.871239411524124430e+00 -1.624781405421945867e-05 -1.000000000000000000e+00 -4.543503965643464501e-05 1.564793283758074457e-05 3.067045001039829799e-01 1.053548970782580918e+00 1.009740493747034673e+00 1.098558558065213742e+00 0.000000000000000000e+00
6.631208045619805702e+00 1.869680266008521441e+00 -1.181364786689333564e-05 -1.000000000000000000e+00 -4.126550137507969680e-05 2.032985604661713207e-05 1.615664852425382492e-01 1.053859857678824286e+00 1.009961097943851582e+00 1.098965387301661156e+00 0.000000000000000000e+00
6.636737877899325788e+00 1.868122419596990769e+00 1.168250027010005988e-06 1.000000000000000000e+00 -2.842535697400709621e-05 3.342030783091919744e-05 1.618889816924706793e-03 1.047465678437010661e+00 1.003797423635698127e+00 1.092338082255505327e+00 0.000000000000000000e+00
6.642272321562598059e+00 1.866565871207098271e+00 1.698444028138016646e-05 1.000000000000000000e+00 -1.278297973203654440e-05 4.935710805442369376e-05 3.526965197838833888e-01 1.042213245491443452e+00 9.986839982586602771e-01 1.086950890948376713e+00 0.000000000000000000e+00
6.647811380455102892e+00 1.865010619757312416e+00 3.315206213139231320e-05 1.000000000000000000e+00 3.101186053945341464e-06 6.573944006780201152e-05 1.377419549449470537e+00 1.033382573167505036e+00 9.900242429805587996e-01 1.077933643073992087e+00 0.000000000000000000e+00
6.653355058425526991e+00 1.863456664167002952e+00 4.582076432949871840e-05 1.000000000000000000e+00 1.546531235088933302e-05 7.866105556685447386e-05 2.664621390798892264e+00 1.027218882306805803e+00 9.840208174771980509e-01 1.071566499724877941e+00 0.000000000000000000e+00
6.658903359325766047e+00 1.861904003356439352e+00 5.267324542554449298e-05 1.000000000000000000e+00 2.201386979440690336e-05 8.579755971276492447e-05 3.511504391755472909e+00 1.028113243098541352e+00 9.848385529323736565e-01 1.072549236897504032e+00 0.000000000000000000e+00
6.664456287010930069e+00 1.860352636246791480e+00 5.519555018451849116e-05 1.000000000000000000e+00 2.420682732712934254e-05 8.865980164175912425e-05 3.805415920885060643e+00 1.026305333868396064e+00 9.826484440956766431e-01 1.071120080990704215e+00 0.000000000000000000e+00
6.670013845339340719e+00 1.858802561760127592e+00 5.083448324973927827e-05 1.000000000000000000e+00 1.965774019466839430e-05 8.451618198272115782e-05 3.148962832075049789e+00 1.033422628278809485e+00 9.899055908730496345e-01 1.078140317737680265e+00 0.000000000000000000e+00
6.675576038172540194e+00 1.857253778819414780e+00 4.322403140943662745e-05 1.000000000000000000e+00 1.194023661767698748e-05 7.703795883028765658e-05 2.222837836489581775e+00 1.035212442957746726e+00 9.912207485079361780e-01 1.080432886822607186e+00 0.000000000000000000e+00
6.681142869375288562e+00 1.855706286348516532e+00 3.209181675554683669e-05 1.000000000000000000e+00 9.609182674346226287e-07 6.578155874232074780e-05 1.203660615116419308e+00 1.038296067531384814e+00 9.940939751331454577e-01 1.083745173451111432e+00 0.000000000000000000e+00
6.686714342815570866e+00 1.854160083272192949e+00 1.920357656013770546e-05 1.000000000000000000e+00 -1.142330033079298938e-05 5.244757355419951049e-05 4.292658742586255016e-01 1.042851618305919104e+00 9.988315796814305481e-01 1.088109557153287499e+00 0.000000000000000000e+00
6.692290462364595349e+00 1.852615168516101862e+00 7.666388505181902130e-06 1.000000000000000000e+00 -2.224691733587625672e-05 4.027946239352394724e-05 6.930273761368255236e-02 1.044589319104606728e+00 1.000172841665373680e+00 1.090258961772139212e+00 0.000000000000000000e+00
6.697871231896799671e+00 1.851071541006794829e+00 -4.446099108469716432e-06 -1.000000000000000000e+00 -3.351181753738523343e-05 2.739663946506240759e-05 2.363672350357148844e-02 1.058576322856185081e+00 1.013822732383093284e+00 1.104583139939467440e+00 0.000000000000000000e+00
6.703456655289853572e+00 1.849529199671717139e+00 -1.143527772255146831e-05 -1.000000000000000000e+00 -4.003985177722050047e-05 1.994002236842254611e-05 1.575617084137803658e-01 1.062020122899372865e+00 1.017227620822344747e+00 1.108066139368095726e+00 0.000000000000000000e+00
6.709046736424657986e+00 1.847988143439209141e+00 -1.400840978263885905e-05 -1.000000000000000000e+00 -4.254352805146594560e-05 1.725395398651156475e-05 2.363319745534795402e-01 1.057801347955926285e+00 1.012995230205082864e+00 1.103870120374140118e+00 0.000000000000000000e+00
6.714641479185352146e+00 1.846448371238503361e+00 -1.428191495448211192e-05 -1.000000000000000000e+00 -4.282260915960351484e-05 1.698106791369787796e-05 2.454564685060063312e-01 1.055712735416084236e+00 1.010848114185348479e+00 1.101846693234961538e+00 0.000000000000000000e+00
6.720240887459313583e+00 1.844909881999724721e+00 -1.224950815814313707e-05 -1.000000000000000000e+00 -4.077575354722037880e-05 1.901985080518016894e-05 1.813817685355658682e-01 1.054688316423232353e+00 1.009877008611866689e+00 1.100766983820852030e+00 0.000000000000000000e+00
6.725844965137160791e+00 1.843372674653889876e+00 -9.434955654412175284e-06 -1.000000000000000000e+00 -3.800439635211094627e-05 2.187178519281827028e-05 1.080884280923370966e-01 1.058120247152982696e+00 1.013165388161786806e+00 1.104347434714787912e+00 0.000000000000000000e+00
6.731453716112758556e+00 1.841836748132905655e+00 -4.588179377568731389e-06 -1.000000000000000000e+00 -3.330926125930009182e-05 2.682790623635498685e-05 2.568657225108950115e-02 1.055717753724222163e+00 1.010850117590080588e+00 1.101858596994124140e+00 0.000000000000000000e+00
6.737067144283217068e+00 1.840302101369569288e+00 1.250370162218832548e-06 1.000000000000000000e+00 -2.763963027397085609e-05 3.278648311224280452e-05 1.922079624357309058e-03 1.047213100368181271e+00 1.002444423807912210e+00 1.093263319171756454e+00 0.000000000000000000e+00
6.742685253548897251e+00 1.838768733297566405e+00 2.221488100491277268e-06 1.000000000000000000e+00 -2.666670099438191784e-05 3.374272763361817000e-05 6.079561446881598386e-03 1.055234034995056414e+00 1.010217557791625032e+00 1.101533663857168666e+00 0.000000000000000000e+00
6.748308047813412536e+00 1.837236642851472368e+00 3.124990468875805263e-06 1.000000000000000000e+00 -2.572526617442021422e-05 3.464280551675111140e-05 1.206570751908486727e-02 1.054792801359277554e+00 1.009810911156497903e+00 1.101054580765066682e+00 0.000000000000000000e+00
6.753935530983630642e+00 1.835705828966748943e+00 1.805748102758425814e-06 1.000000000000000000e+00 -2.707179092254611733e-05 3.339265742340377625e-05 4.001898005938642200e-03 1.055197857555363328e+00 1.010086644546625889e+00 1.101594872814657178e+00 0.000000000000000000e+00
6.759567706969678902e+00 1.834176290579746293e+00 -1.773610633092426519e-06 -1.000000000000000000e+00 -3.082268153810409383e-05 2.999338667051852644e-05 3.787783494942686957e-03 1.057960354709487794e+00 1.012354749316711322e+00 1.104879894847713651e+00 0.000000000000000000e+00
6.765204579684944264e+00 1.832648026627699211e+00 -4.704206984359651592e-06 -1.000000000000000000e+00 -3.394885500072020135e-05 2.724259805621163753e-05 2.612523972794633664e-02 1.052850669412282780e+00 1.007576548149572648e+00 1.099415516957384487e+00 0.000000000000000000e+00
6.770846153046076843e+00 1.831121036048729556e+00 -1.142559237003953737e-05 -1.000000000000000000e+00 -4.064047002334156110e-05 2.048398950507064110e-05 1.518466455516431779e-01 1.064317552226470287e+00 1.018390598308095196e+00 1.111571010771571721e+00 0.000000000000000000e+00
6.776492430972993475e+00 1.829595317781842700e+00 -1.338165525677219974e-05 -1.000000000000000000e+00 -4.224868326571387070e-05 1.822399557826057039e-05 2.110841517157098224e-01 1.057805182207844918e+00 1.011931638634458785e+00 1.105007934012713244e+00 0.000000000000000000e+00
6.782143417388880380e+00 1.828070870766929312e+00 -1.514893485514469678e-05 -1.000000000000000000e+00 -4.342964939730895144e-05 1.592416633719887582e-05 2.773467524541644025e-01 1.053921197060413206e+00 1.008480660694469844e+00 1.100662640345225984e+00 0.000000000000000000e+00
6.787799116220194051e+00 1.826547693944761797e+00 -1.767047135997223503e-05 -1.000000000000000000e+00 -4.551489818512941975e-05 1.296950603400279410e-05 3.846875813421490875e-01 1.054099364841381670e+00 1.008311451752899712e+00 1.101208581895236627e+00 0.000000000000000000e+00
6.793459531396665696e+00 1.825025786256996740e+00 -2.238413063385193575e-05 -1.000000000000000000e+00 -4.997098748380822891e-05 7.962863724248264236e-06 6.191787691955710216e-01 1.062023939792754668e+00 1.015982982162487058e+00 1.109403935271157327e+00 0.000000000000000000e+00
6.799124666851304788e+00 1.823505146646170916e+00 -2.670897046020261832e-05 -1.000000000000000000e+00 -5.417672158356064865e-05 3.503025358285041877e-06 8.774172090864169604e-01 1.064125530144583109e+00 1.018039094836829417e+00 1.111551815388725384e+00 0.000000000000000000e+00
6.804794526520399067e+00 1.821985774055703944e+00 -3.166507291012830903e-05 -1.000000000000000000e+00 -5.896955034213735146e-05 -1.560475968818742675e-06 1.224012798724132267e+00 1.066529160938866960e+00 1.020253770678922534e+00 1.114152106330127401e+00 0.000000000000000000e+00
6.810469114343518982e+00 1.820467667429894965e+00 -3.509914665637487368e-05 -1.000000000000000000e+00 -6.224992097477680814e-05 -5.091363496686427672e-06 1.496044494948506554e+00 1.061920215729421635e+00 1.016011874507948498e+00 1.109158580407447081e+00 0.000000000000000000e+00
6.816148434263521239e+00 1.818950825713921748e+00 -4.112912552754597771e-05 -1.000000000000000000e+00 -6.819445075755594656e-05 -1.121150253898996958e-05 2.031901068009972278e+00 1.073037117298186294e+00 1.026467877602526002e+00 1.120961346508215550e+00 0.000000000000000000e+00
6.821832490226549695e+00 1.817435247853842917e+00 -4.300404642850991861e-05 -1.000000000000000000e+00 -6.997948953758177887e-05 -1.318710127184450495e-05 2.223174917585723165e+00 1.072155555999244836e+00 1.025475572484562781e+00 1.120199619456934581e+00 0.000000000000000000e+00
6.827521286182038907e+00 1.815920932796593723e+00 -4.317582634894604973e-05 -1.000000000000000000e+00 -6.987913895255552961e-05 -1.359662914456492294e-05 2.267478431304496667e+00 1.072187978736330871e+00 1.025552341148506130e+00 1.120184982523086736e+00 0.000000000000000000e+00
6.833214826082717686e+00 1.814407879489987385e+00 -4.292829208613851928e-05 -1.000000000000000000e+00 -6.937788970499866306e-05 -1.356861954840193340e-05 2.268979981806438673e+00 1.075866898831888241e+00 1.029069939620036234e+00 1.124029541474554250e+00 0.000000000000000000e+00
6.838913113884609984e+00 1.812896086882713975e+00 -4.269805197263881551e-05 -1.000000000000000000e+00 -6.916537080392279693e-05 -1.335324686153103964e-05 2.250238097148496763e+00 1.080298785322772348e+00 1.033006131191969157e+00 1.128982106842533861e+00 0.000000000000000000e+00
6.844616153547039339e+00 1.811385553924339531e+00 -4.304336712375941978e-05 -1.000000000000000000e+00 -6.962129892669041069e-05 -1.364872421985642670e-05 2.274684485821794055e+00 1.085353048236517237e+00 1.038249481576207334e+00 1.133832839822858096e+00 0.000000000000000000e+00
6.850323949032630644e+00 1.809876279565305390e+00 -4.164077696433560313e-05 -1.000000000000000000e+00 -6.826914670923428584e-05 -1.220707348220230083e-05 2.133475056684190463e+00 1.079046654583710518e+00 1.031952548645606038e+00 1.127525557106592080e+00 0.000000000000000000e+00
6.856036504307313706e+00 1.808368262756926637e+00 -4.342289557303950022e-05 -1.000000000000000000e+00 -6.988246554465702993e-05 -1.411364872346148355e-05 2.324842221951058718e+00 1.084459222202619255e+00 1.036847360175597865e+00 1.133478144543367705e+00 0.000000000000000000e+00
6.861753823340325908e+00 1.806861502451392543e+00 -4.299604727623656153e-05 -1.000000000000000000e+00 -6.930408186164276204e-05 -1.377217084492752622e-05 2.289043576064059948e+00 1.073976352590283678e+00 1.026897592187725916e+00 1.122442498881931261e+00 0.000000000000000000e+00
6.867475910104213099e+00 1.805355997601766127e+00 -4.382921193362185303e-05 -1.000000000000000000e+00 -7.027374076145644338e-05 -1.442691957457231894e-05 2.352229405713089250e+00 1.065185209641234199e+00 1.017840004888380667e+00 1.113943047015587773e+00 0.000000000000000000e+00
6.873202768574835808e+00 1.803851747161981711e+00 -4.575697980050791948e-05 -1.000000000000000000e+00 -7.254491104623229903e-05 -1.596808282555025157e-05 2.491039343946766849e+00 1.061708607670013738e+00 1.014663161260886293e+00 1.110151221256926224e+00 0.000000000000000000e+00
6.878934402731368358e+00 1.802348750086846252e+00 -4.542680281166862609e-05 -1.000000000000000000e+00 -7.283051499705269914e-05 -1.496874292168271246e-05 2.372489153028041642e+00 1.055898617619855040e+00 1.008456318120113382e+00 1.104754731167705062e+00 0.000000000000000000e+00
6.884670816556305084e+00 1.800847005332036233e+00 -4.083359833967847662e-05 -1.000000000000000000e+00 -6.895705437281325590e-05 -9.616470624178500670e-06 1.864012050692210209e+00 1.047559008430815730e+00 1.000047234140940100e+00 1.096444021894142029e+00 0.000000000000000000e+00
6.890412014035459443e+00 1.799346511854099884e+00 -3.160437278471030459e-05 -1.000000000000000000e+00 -6.044156380271042321e-05 3.105419555866792370e-07 1.100535144631933804e+00 1.038991674679416777e+00 9.918417729026264285e-01 1.087387257166281485e+00 0.000000000000000000e+00
6.896157999157970231e+00 1.797847268610453630e+00 -1.818885772666883056e-05 -1.000000000000000000e+00 -4.773879892967661590e-05 1.437831383417511902e-05 3.649176324809957350e-01 1.028051307074955956e+00 9.804399752918175892e-01 1.076627859992266067e+00 0.000000000000000000e+00
6.901908775916301586e+00 1.796349274559382980e+00 -5.648027175240337944e-06 -1.000000000000000000e+00 -3.571714680473029544e-05 2.740004017524011348e-05 3.535428255443662238e-02 1.027512682798227273e+00 9.798181041725880780e-01 1.076159860595023110e+00 0.000000000000000000e+00
6.907664348306248314e+00 1.794852528660041413e+00 7.588681781012652717e-06 1.000000000000000000e+00 -2.300981806382385844e-05 4.113461320243970860e-05 6.417859571250517092e-02 1.020892116120734050e+00 9.731520380126268410e-01 1.069316290777811540e+00 0.000000000000000000e+00
6.913424720326936779e+00 1.793357029872449937e+00 2.338276860485373384e-05 1.000000000000000000e+00 -7.880159263901748406e-06 5.753415525780669414e-05 6.151808411682111455e-01 9.922978993970860140e-01 9.451836765579567645e-01 1.040688030170206835e+00 0.000000000000000000e+00
6.919189895980827565e+00 1.791862777157495312e+00 3.043908294887476317e-05 1.000000000000000000e+00 -1.203841882684464782e-06 6.496058052842788877e-05 1.037097514042415014e+00 9.887333376960152354e-01 9.417246634881409895e-01 1.037074032391715583e+00 0.000000000000000000e+00
6.924959879273719920e+00 1.790369769476931161e+00 3.479356677559008077e-05 1.000000000000000000e+00 2.858417330865983190e-06 6.961435962151120091e-05 1.348141729084915141e+00 9.799946309925259280e-01 9.330374471275711956e-01 1.028398147728532885e+00 0.000000000000000000e+00
6.930734674214753532e+00 1.788878005793375303e+00 3.271892787866008341e-05 1.000000000000000000e+00 6.848816052216143927e-07 6.768063751026499885e-05 1.178605004940735057e+00 9.827881975592683839e-01 9.355930957160987216e-01 1.031406355788895501e+00 0.000000000000000000e+00
6.936514284816411191e+00 1.787387485070310644e+00 2.725773793949714017e-05 1.000000000000000000e+00 -4.762123099131595615e-06 6.225784231624298349e-05 8.071249908330884182e-01 9.856416756965984405e-01 9.383431711734659952e-01 1.034326052110548622e+00 0.000000000000000000e+00
6.942298715094520567e+00 1.785898206272082511e+00 1.653797643882439956e-05 1.000000000000000000e+00 -1.533402677014324383e-05 5.147269824071645068e-05 2.905146591315599380e-01 1.001274341348479036e+00 9.534038795036229308e-01 1.050253287278365644e+00 0.000000000000000000e+00
6.948087969068260428e+00 1.784410168363900873e+00 1.187410773915054800e-05 1.000000000000000000e+00 -2.008223171600123332e-05 4.694406912398449362e-05 1.476289302418081206e-01 9.860633723786066396e-01 9.380247184842220864e-01 1.035516410475229909e+00 0.000000000000000000e+00
6.953882050760158862e+00 1.782923370311836564e+00 3.490192223450022157e-06 1.000000000000000000e+00 -2.837690439254830560e-05 3.849343098882782304e-05 1.251068609624894634e-02 9.892685496444268978e-01 9.414055786459889497e-01 1.038490683116715330e+00 0.000000000000000000e+00
6.959680964196100383e+00 1.781437811082822398e+00 -3.050108509329703847e-06 -1.000000000000000000e+00 -3.474491161036868589e-05 3.177350238800265433e-05 9.499234525520705574e-03 9.932192651385202131e-01 9.447858181465901284e-01 1.042971966603083889e+00 0.000000000000000000e+00
6.965484713405325046e+00 1.779953489644652054e+00 -8.829192015123315756e-06 -1.000000000000000000e+00 -3.996827963369467963e-05 2.548257889419445978e-05 8.050500026476470339e-02 1.006625797684695511e+00 9.577906272545790856e-01 1.056490730267570566e+00 0.000000000000000000e+00
6.971293302420433768e+00 1.778470404965979412e+00 -8.721982042572554847e-06 -1.000000000000000000e+00 -3.927814974337265531e-05 2.506184171184058334e-05 8.080789627783246942e-02 1.006551169692190495e+00 9.578370969815556135e-01 1.056297793952345909e+00 0.000000000000000000e+00
6.977106735277391003e+00 1.776988556016316556e+00 -8.043835283046824985e-06 -1.000000000000000000e+00 -3.824414623397540396e-05 2.542178387903454786e-05 7.002331802139849515e-02 1.010272954867429185e+00 9.613990756730541598e-01 1.060083764058818989e+00 0.000000000000000000e+00
6.982925016015525621e+00 1.775507941766035547e+00 -5.255671561161011642e-06 -1.000000000000000000e+00 -3.555989514148911990e-05 2.826491070257836454e-05 2.995429529589443973e-02 1.005825843229691374e+00 9.574011105329910398e-01 1.055303811179204132e+00 0.000000000000000000e+00
6.988748148677535355e+00 1.774028561186365982e+00 -5.269952820616290905e-06 -1.000000000000000000e+00 -3.592018202260224700e-05 2.855432332039088477e-05 2.958239799563955330e-02 1.012964137933813014e+00 9.638866749085159835e-01 1.062921112821916036e+00 0.000000000000000000e+00
6.994576137309488573e+00 1.772550413249394330e+00 -2.130240939187632105e-06 -1.000000000000000000e+00 -3.322365631686569943e-05 3.210298347101388775e-05 4.765563862818567031e-03 1.004364549283237373e+00 9.552976911031569873e-01 1.054555924363713038e+00 0.000000000000000000e+00
7.000408985960828723e+00 1.771073496928063928e+00 -8.812762342113337787e-07 -1.000000000000000000e+00 -3.221283387888808906e-05 3.365188542399273765e-05 8.049102640086402971e-04 1.003715196093970974e+00 9.546811075965475624e-01 1.053900993646922357e+00 0.000000000000000000e+00
7.006246698684376106e+00 1.769597811196173431e+00 4.073761522531248728e-06 1.000000000000000000e+00 -2.758472730021938054e-05 3.903380372295069145e-05 1.706593598235173204e-02 9.877826191949974355e-01 9.389895870585627247e-01 1.038036816581121125e+00 0.000000000000000000e+00
7.012089279536330544e+00 1.768123355028376364e+00 6.560293034140340267e-06 1.000000000000000000e+00 -2.556461694610923872e-05 4.204850574919579277e-05 4.321023903629850338e-02 9.865777642246235102e-01 9.378569546212315311e-01 1.036776835208577552e+00 0.000000000000000000e+00
7.017936732576273151e+00 1.766650127400181791e+00 1.606277626023733994e-05 1.000000000000000000e+00 -1.698942818374160930e-05 5.251049494656951857e-05 2.519996534144866018e-01 9.617254606755667456e-01 9.134782189566110766e-01 1.011591420712333100e+00 0.000000000000000000e+00
7.023789061867172556e+00 1.765178127287950538e+00 2.704250848449785095e-05 1.000000000000000000e+00 -7.168648485035469375e-06 6.474015646205109940e-05 6.864932301608135390e-01 9.406219999079447058e-01 8.926406261561083966e-01 9.900510114132144990e-01 0.000000000000000000e+00
7.029646271475383124e+00 1.763707353668898525e+00 3.647615624962728534e-05 1.000000000000000000e+00 9.467846504262989685e-07 7.455639871252485158e-05 1.182343904727993333e+00 9.369915119467365772e-01 8.892524560396889433e-01 9.859902618363149962e-01 0.000000000000000000e+00
7.035508365470652059e+00 1.762237805521092104e+00 4.648231202404025868e-05 1.000000000000000000e+00 1.108262541916794501e-05 8.488168341872187172e-05 1.963613599413882582e+00 9.294171448225687637e-01 8.817398354116188219e-01 9.783299478510507630e-01 0.000000000000000000e+00
7.041375347926120298e+00 1.760769481823449834e+00 5.241164403220260545e-05 1.000000000000000000e+00 1.737322100040352893e-05 9.069452296149918807e-05 2.578454425945480466e+00 9.320617454575317318e-01 8.840308010228012936e-01 9.813973703136611437e-01 0.000000000000000000e+00
7.047247222918324283e+00 1.759302381555740702e+00 5.554911557791385017e-05 1.000000000000000000e+00 2.091454868642098812e-05 9.342942495003291525e-05 2.992722368523217824e+00 9.334659260967054228e-01 8.858828830073163241e-01 9.823672890755448250e-01 0.000000000000000000e+00
7.053123994527200402e+00 1.757836503698584130e+00 5.744894552715714271e-05 1.000000000000000000e+00 2.316767947556510427e-05 9.501642128387654434e-05 3.273461973858694307e+00 9.225065297169776635e-01 8.745904658446540525e-01 9.715235101335168988e-01 0.000000000000000000e+00
7.059005666836087656e+00 1.756371847233449524e+00 5.129884550427470287e-05 1.000000000000000000e+00 1.741259233629482262e-05 8.850377603619766730e-05 2.613296750585575978e+00 9.286928637973047573e-01 8.811031629820341715e-01 9.775107061515231344e-01 0.000000000000000000e+00
7.064892243931729432e+00 1.754908411142653613e+00 3.994269550054046526e-05 1.000000000000000000e+00 6.096560119955168628e-06 7.701850222236250663e-05 1.537698190546684884e+00 9.398598347865433356e-01 8.916692940357392461e-01 9.894947228134675088e-01 0.000000000000000000e+00
7.070783729904277948e+00 1.753446194409361780e+00 2.702269590275377061e-05 1.000000000000000000e+00 -9.216383385114505880e-06 6.426296708016038012e-05 6.395159466247406499e-01 9.413139145552047449e-01 8.927994193942618839e-01 9.913037431139961608e-01 0.000000000000000000e+00
7.076680128847296025e+00 1.751985196017586288e+00 9.057291915009527513e-06 1.000000000000000000e+00 -3.025381892707331967e-05 4.826106771769357172e-05 5.299120564197323802e-02 9.457043014764068278e-01 8.972493750380456934e-01 9.956722588111401873e-01 0.000000000000000000e+00
7.082581444857760644e+00 1.750525414952186498e+00 -1.110911541139165212e-05 -1.000000000000000000e+00 -4.687731339025571391e-05 2.936728312506917772e-05 9.053488557454159036e-02 9.523504481616262840e-01 9.032039701681324750e-01 1.003116102803354837e+00 0.000000000000000000e+00
7.088487682036063831e+00 1.749066850198867318e+00 -2.141908274504491225e-05 -1.000000000000000000e+00 -5.503830404783280653e-05 1.647944034206927475e-05 3.729853986713962399e-01 9.563782429561547005e-01 9.068541935771607942e-01 1.007578871528465481e+00 0.000000000000000000e+00
7.094398844486017985e+00 1.747609500744178535e+00 -2.304533423773008378e-05 -1.000000000000000000e+00 -5.532468776868239302e-05 1.292416750825002819e-05 4.746037309202435495e-01 9.575985544431787622e-01 9.080329773720728914e-01 1.008855508312847871e+00 0.000000000000000000e+00
7.100314936314857661e+00 1.746153365575515037e+00 -1.905558366291759456e-05 -1.000000000000000000e+00 -5.073619830408545662e-05 1.552955198772011601e-05 3.538423864091910787e-01 9.556910581773725433e-01 9.060347264582017113e-01 1.007037668921761053e+00 0.000000000000000000e+00
7.106235961633242226e+00 1.744698443681114597e+00 -1.367866326223270191e-05 -1.000000000000000000e+00 -4.447850949046552654e-05 2.010678970395524389e-05 1.937734126456547301e-01 9.532433757472376090e-01 9.037072105489222240e-01 1.004449326645871610e+00 0.000000000000000000e+00
7.112161924555259418e+00 1.743244734050058975e+00 -7.651885267046959911e-06 -1.000000000000000000e+00 -3.790951827775677679e-05 2.606655311823946383e-05 6.219858906567310441e-02 9.427552777957198815e-01 8.931839615039546265e-01 9.938848120540639819e-01 0.000000000000000000e+00
7.118092829198427118e+00 1.741792235672271039e+00 -4.945626543125447236e-06 -1.000000000000000000e+00 -3.557440794830625481e-05 2.930028235790733992e-05 2.552246768108545893e-02 9.397330012371246655e-01 8.895976031817032226e-01 9.914079575676991718e-01 0.000000000000000000e+00
7.124028679683696907e+00 1.740340947538516092e+00 -4.634316190085988567e-06 -1.000000000000000000e+00 -3.614074784641039124e-05 3.046477847374561202e-05 2.139342172136338149e-02 9.405300034007241239e-01 8.905589525196082601e-01 9.920443373987822833e-01 0.000000000000000000e+00
7.129969480135457616e+00 1.738890868640399878e+00 -6.130488422709376262e-06 -1.000000000000000000e+00 -3.853345197238037146e-05 2.981271142211529152e-05 3.565758703079069392e-02 9.457787420154537550e-01 8.953999001270691593e-01 9.977976331923937847e-01 0.000000000000000000e+00
7.135915234681537100e+00 1.737441997970369245e+00 -6.128772240168296738e-06 -1.000000000000000000e+00 -3.884727810006916666e-05 3.011117025456582700e-05 3.508157707610592979e-02 9.457732878831873746e-01 8.953525176685692699e-01 9.978373349211927534e-01 0.000000000000000000e+00
7.141865947453204910e+00 1.735994334521709703e+00 -3.485941651043666189e-06 -1.000000000000000000e+00 -3.573331066781807499e-05 3.231368061212601210e-05 1.170994158073312974e-02 9.370704150253414966e-01 8.866390879114329771e-01 9.890113560447809649e-01 0.000000000000000000e+00
7.147821622585176726e+00 1.734547877288545648e+00 -1.465895478926445381e-06 -1.000000000000000000e+00 -3.275418790314472278e-05 3.342222845643572798e-05 2.191942869686158701e-03 9.289620462021287439e-01 8.782158891598018657e-01 9.810656383425339078e-01 0.000000000000000000e+00
7.153782264215615250e+00 1.733102625265839913e+00 -1.902680302702838848e-06 -1.000000000000000000e+00 -3.231131451980905788e-05 3.199549484093819872e-05 3.892996869140574745e-03 9.235174929180620662e-01 8.732694412852506360e-01 9.749715356105617126e-01 0.000000000000000000e+00
7.159747876486134643e+00 1.731658577449392222e+00 -8.004804859152332889e-06 -1.000000000000000000e+00 -3.860556785846988245e-05 2.515818578718894951e-05 7.040747948842351889e-02 9.318260848992087064e-01 8.810940999656080574e-01 9.839812828886678187e-01 0.000000000000000000e+00
7.165718463541802308e+00 1.730215732835839626e+00 -1.675359119120046296e-05 -1.000000000000000000e+00 -4.958299998133061063e-05 1.611365319560193986e-05 3.053694935352737616e-01 9.356284864989152794e-01 8.851620655854837150e-01 9.875788088516733731e-01 0.000000000000000000e+00
7.171694029531142434e+00 1.728774090422655174e+00 -2.884290716615553850e-05 -1.000000000000000000e+00 -6.542969455939669091e-05 4.098681918914155313e-06 8.706386585504759523e-01 9.374164668816822310e-01 8.862662239651818430e-01 9.901175522981977561e-01 0.000000000000000000e+00
7.177674578606138667e+00 1.727333649208146804e+00 -5.003928868755416770e-05 -1.000000000000000000e+00 -8.352771629611485823e-05 -1.418917773442873286e-05 2.189050554080942845e+00 9.541074573111903989e-01 9.023594337360172357e-01 1.007640515302940853e+00 0.000000000000000000e+00
7.183660114922237661e+00 1.725894408191456675e+00 -6.323876359575993956e-05 -1.000000000000000000e+00 -9.364210483955656022e-05 -2.920791403573517515e-05 3.648543123173894287e+00 9.626735934149273088e-01 9.109933289470624196e-01 1.016195996178994587e+00 0.000000000000000000e+00
7.189650642638349964e+00 1.724456366372562499e+00 -7.025440385852806287e-05 -1.000000000000000000e+00 -9.804524261629839004e-05 -3.845645294881543710e-05 4.786494679571468680e+00 9.729756541714997820e-01 9.206110086616429156e-01 1.027177713776029400e+00 0.000000000000000000e+00
7.195646165916856241e+00 1.723019522752273547e+00 -6.933524067591376823e-05 -1.000000000000000000e+00 -9.632241880011476278e-05 -3.816543892284227692e-05 4.794739778112514728e+00 9.715916844362433302e-01 9.197056998963123453e-01 1.025296297428664793e+00 0.000000000000000000e+00
7.201646688923606376e+00 1.721583876332232421e+00 -6.228521326335335158e-05 -1.000000000000000000e+00 -8.956356789899768051e-05 -3.091767099610084082e-05 3.921098570281010609e+00 9.633253698076892357e-01 9.111040464648061388e-01 1.017403740557994318e+00 0.000000000000000000e+00
7.207652215827925701e+00 1.720149426114913060e+00 -5.507188936021341238e-05 -1.000000000000000000e+00 -8.305644392953272725e-05 -2.309693617090630282e-05 3.046966280212707545e+00 9.698865157872054166e-01 9.173137847766488218e-01 1.024337844175783552e+00 0.000000000000000000e+00
7.213662750802614987e+00 1.718716171103621404e+00 -4.289638707125086915e-05 -1.000000000000000000e+00 -7.190750660967027189e-05 -9.957224045367917247e-06 1.830159862062629372e+00 9.634940528706726903e-01 9.110650828089077446e-01 1.017801245610801875e+00 0.000000000000000000e+00
7.219678298023954888e+00 1.717284110302493172e+00 -3.008615357911956155e-05 -1.000000000000000000e+00 -6.028576996662321150e-05 4.045534574422769296e-06 8.816763786115870971e-01 9.593197302315552566e-01 9.067205682478681750e-01 1.013792007390011074e+00 0.000000000000000000e+00
7.225698861671710382e+00 1.715853242716494531e+00 -1.605132669961259321e-05 -1.000000000000000000e+00 -4.763243485038284181e-05 1.941569626324908527e-05 2.442925011357317544e-01 9.519780461136853056e-01 8.994809036710414984e-01 1.006295494694450232e+00 0.000000000000000000e+00
7.231724445929129885e+00 1.714423567351419875e+00 -3.802196990572433846e-06 -1.000000000000000000e+00 -3.672099943565401551e-05 3.294268466161934781e-05 1.328753155819129006e-02 9.534141548145435019e-01 9.003676373672808708e-01 1.008066531704026270e+00 0.000000000000000000e+00
7.237755054982951464e+00 1.712995083213891823e+00 8.662645408954542864e-06 1.000000000000000000e+00 -2.547702674066888687e-05 4.662257834769725648e-05 6.715766058292871321e-02 9.522299145590170655e-01 8.986250589253083065e-01 1.007502218526454607e+00 0.000000000000000000e+00
7.243790693023404614e+00 1.711567789311361887e+00 2.221050818533245084e-05 1.000000000000000000e+00 -1.299226102657076380e-05 6.124685954344357168e-05 4.330827063570339419e-01 9.424162706452745564e-01 8.892353299386116516e-01 9.970721587299141708e-01 0.000000000000000000e+00
7.249831364244212040e+00 1.710141684652107807e+00 3.136174525211442841e-05 1.000000000000000000e+00 -4.722290843505081944e-06 7.124748804927680474e-05 8.457174036490897606e-01 9.456552200422004839e-01 8.922028890731736883e-01 1.000665181150755645e+00 0.000000000000000000e+00
7.255877072842594977e+00 1.708716768245233997e+00 3.897075306544375205e-05 1.000000000000000000e+00 2.209772649629076753e-06 7.952702239236072437e-05 1.286634800118129363e+00 9.468674971638297855e-01 8.928169628784548006e-01 1.002531853448725974e+00 0.000000000000000000e+00
7.261927823019274086e+00 1.707293039100669763e+00 4.487197590160407989e-05 1.000000000000000000e+00 7.732074410509661604e-06 8.579875457260141797e-05 1.694062594928460896e+00 9.441376632561437887e-01 8.904878047706373811e-01 9.993292811448432067e-01 0.000000000000000000e+00
7.267983618978473004e+00 1.705870496229170197e+00 4.736046922889650194e-05 1.000000000000000000e+00 1.006067015940958272e-05 8.844595298162657938e-05 1.885804160962145204e+00 9.424442343263428334e-01 8.882375433794152952e-01 9.981807396480127936e-01 0.000000000000000000e+00
7.274044464927921894e+00 1.704449138642313732e+00 4.704192733884706177e-05 1.000000000000000000e+00 9.906497145154927468e-06 8.801843741313431489e-05 1.870655863983884615e+00 9.376487894884176777e-01 8.838593577594239248e-01 9.928362609492100699e-01 0.000000000000000000e+00
7.280110365078859225e+00 1.703028965352503699e+00 4.437120720076613318e-05 1.000000000000000000e+00 7.456948568519628157e-06 8.517594337553797599e-05 1.678344186053209341e+00 9.276448113947948215e-01 8.735066262477233501e-01 9.833079208806375648e-01 0.000000000000000000e+00
7.286181323646034436e+00 1.701609975372965211e+00 3.698934116056375578e-05 1.000000000000000000e+00 5.397970767974987621e-07 7.739446938625406543e-05 1.169594031767779541e+00 9.237968662843342171e-01 8.701271476268315208e-01 9.790662585207577928e-01 0.000000000000000000e+00
7.292257344847713263e+00 1.700192167717745617e+00 2.522931688782851676e-05 1.000000000000000000e+00 -1.122288505402638671e-05 6.515117020966241829e-05 5.422431739170932019e-01 9.261729143907393436e-01 8.718053394977948178e-01 9.821051269658185312e-01 0.000000000000000000e+00
7.298338432905678630e+00 1.698775541401714717e+00 1.201650955034442835e-05 1.000000000000000000e+00 -2.662188421509522772e-05 5.132934925278731747e-05 1.227007961352910570e-01 9.242387081185780007e-01 8.696395556551544948e-01 9.804701604216501387e-01 0.000000000000000000e+00
7.304424592045234199e+00 1.697360095440562322e+00 -6.273627322885652742e-06 -1.000000000000000000e+00 -4.622509684836697131e-05 3.313064316114416440e-05 2.583574726143922362e-02 9.336362140324000469e-01 8.787543554049642713e-01 9.898941160138449158e-01 0.000000000000000000e+00
7.310515826495206149e+00 1.695945828850798032e+00 -2.442381340830696070e-05 -1.000000000000000000e+00 -5.912329867531711366e-05 1.492349399877897212e-05 4.302404286106309428e-01 9.352988269826197909e-01 8.801884222705080862e-01 9.917923083074018376e-01 0.000000000000000000e+00
7.316612140487947613e+00 1.694532740649751679e+00 -3.848834620147701996e-05 -1.000000000000000000e+00 -6.992846172967066387e-05 -2.237609446229795948e-06 1.224004308447966594e+00 9.423971217349629281e-01 8.872292050220897952e-01 9.991418003754777288e-01 0.000000000000000000e+00
7.322713538259342236e+00 1.693120829855571774e+00 -5.218719029652345981e-05 -1.000000000000000000e+00 -8.183188393420402686e-05 -1.788636392166065379e-05 2.405288388295595325e+00 9.588299412611636097e-01 9.030994243564242074e-01 1.016487161171553799e+00 0.000000000000000000e+00
7.328820024048804171e+00 1.691710095487224841e+00 -6.504600622547925242e-05 -1.000000000000000000e+00 -9.392262958035189500e-05 -3.158673793590689824e-05 3.766043364382170466e+00 9.755890172598640220e-01 9.190953716114349525e-01 1.033785130398659602e+00 0.000000000000000000e+00
7.334931602099284298e+00 1.690300536564494527e+00 -7.382062080081469341e-05 -1.000000000000000000e+00 -1.028120618465120468e-04 -4.020925929103633556e-05 4.700295638011539268e+00 9.804699675243060408e-01 9.239356419513866658e-01 1.038439571161916763e+00 0.000000000000000000e+00
7.341048276657271110e+00 1.688892152107981603e+00 -7.830440919611793597e-05 -1.000000000000000000e+00 -1.078822919027291286e-04 -4.415181652148440945e-05 5.091041930808117399e+00 9.888056302719384627e-01 9.320620514647578458e-01 1.047236999955826864e+00 0.000000000000000000e+00
7.347170051972794269e+00 1.687484941139102412e+00 -7.165839133862720461e-05 -1.000000000000000000e+00 -1.017936356357430482e-04 -3.705894816594877380e-05 4.275667692111113638e+00 9.851729296594816665e-01 9.286275054418954289e-01 1.043544072393227218e+00 0.000000000000000000e+00
7.353296932299427269e+00 1.686078902680089531e+00 -5.461953153330315075e-05 -1.000000000000000000e+00 -8.507899935475740898e-05 -1.977192911678746505e-05 2.585905743050489036e+00 9.614023413206121971e-01 9.050249942739280185e-01 1.019587513812833190e+00 0.000000000000000000e+00
7.359428921894291875e+00 1.684674035753989330e+00 -4.133950705784825608e-05 -1.000000000000000000e+00 -7.196227385335303948e-05 -6.419132553150273715e-06 1.532496970095351685e+00 9.590937648746329369e-01 9.022798603636451586e-01 1.017740530462822868e+00 0.000000000000000000e+00
7.365566025018059015e+00 1.683270339384662417e+00 -2.940354652288884734e-05 -1.000000000000000000e+00 -6.032597968213653108e-05 5.744990436103514713e-06 7.932029279434473779e-01 9.540598635768781088e-01 8.977637216348429705e-01 1.012057947527065904e+00 0.000000000000000000e+00
7.371708245934952330e+00 1.681867812596783196e+00 -2.123877749516682234e-05 -1.000000000000000000e+00 -5.265164032341323081e-05 1.437802588098784041e-05 4.150547671227187152e-01 9.511447620945945314e-01 8.942408412872706602e-01 1.009682046860920002e+00 0.000000000000000000e+00
7.377855588912752616e+00 1.680466454415837863e+00 -1.916993420883808790e-05 -1.000000000000000000e+00 -5.110653489407889427e-05 1.703137934551984025e-05 3.296983196664911020e-01 9.599113761018553959e-01 9.033528601034701566e-01 1.018364929411521791e+00 0.000000000000000000e+00
7.384008058222798709e+00 1.679066263868125519e+00 -1.685899842948029731e-05 -1.000000000000000000e+00 -4.969918673658726602e-05 2.034034039223070031e-05 2.453117142761911396e-01 9.507096951604221413e-01 8.933326436021580275e-01 1.009713365622838088e+00 0.000000000000000000e+00
7.390165658139991045e+00 1.677667239980756175e+00 -2.137471067958281539e-05 -1.000000000000000000e+00 -5.519869998370711516e-05 1.687253304633646144e-05 3.703329699148696363e-01 9.622062701382018135e-01 9.043765939317819358e-01 1.022017179337273651e+00 0.000000000000000000e+00
7.396328392942796093e+00 1.676269381781650081e+00 -2.438902987755151971e-05 -1.000000000000000000e+00 -5.920853240375203205e-05 1.488078184225729376e-05 4.561844007815665236e-01 9.637274134887126031e-01 9.057189964392098336e-01 1.023744987058738065e+00 0.000000000000000000e+00
7.402496266913247247e+00 1.674872688299538392e+00 -2.789610211370884118e-05 -1.000000000000000000e+00 -6.319859179235436542e-05 1.192050108102308721e-05 5.767742801876636349e-01 9.747852295900003572e-01 9.162777164676915165e-01 1.035370353786542408e+00 0.000000000000000000e+00
7.408669284336948380e+00 1.673477158563960288e+00 -2.532122329395571704e-05 -1.000000000000000000e+00 -6.057102562322438097e-05 1.455410275855138644e-05 4.765872297748927622e-01 9.733166256805039218e-01 9.149142296685930376e-01 1.033794599038428963e+00 0.000000000000000000e+00
7.414847449503079169e+00 1.672082791605264962e+00 -1.994649083014232984e-05 -1.000000000000000000e+00 -5.506650462573028525e-05 1.982643343753689912e-05 3.012686788016623041e-01 9.701435769950972343e-01 9.116080235296577516e-01 1.030764652225206968e+00 0.000000000000000000e+00
7.421030766704393322e+00 1.670689586454608300e+00 -1.372141823835910970e-05 -1.000000000000000000e+00 -4.892030566988661816e-05 2.602970382422780898e-05 1.450212404939605904e-01 9.664592994278760063e-01 9.077703188625650954e-01 1.027227030862951196e+00 0.000000000000000000e+00
7.427219240237226572e+00 1.669297542143953983e+00 -8.442262759765668394e-06 -1.000000000000000000e+00 -4.373908786960381437e-05 3.132928007754454190e-05 5.549808433787006834e-02 9.636292303337983256e-01 9.050635391145448461e-01 1.024245345647689431e+00 0.000000000000000000e+00
7.433412874401496673e+00 1.667906657706072160e+00 -1.932594188775910576e-06 -1.000000000000000000e+00 -3.725156716885312861e-05 3.785636049559899390e-05 2.948931354318062859e-03 9.461889396534464147e-01 8.886420579702010158e-01 1.005176234236857979e+00 0.000000000000000000e+00
7.439611673500706956e+00 1.666516932174539223e+00 -1.965368434341146662e-06 -1.000000000000000000e+00 -3.717311390091725359e-05 3.774090223908030969e-05 3.059375970615008100e-03 9.462001618424618066e-01 8.887055977277714680e-01 1.005136548412152608e+00 0.000000000000000000e+00
7.445815641841948995e+00 1.665128364583736253e+00 -5.321571720312349241e-06 -1.000000000000000000e+00 -4.033867222535050400e-05 3.424782299715175741e-05 2.238632383911465240e-02 9.473310832551473659e-01 8.895603040575936760e-01 1.006595821451741868e+00 0.000000000000000000e+00
7.452024783735907043e+00 1.663740953968849468e+00 -1.215688239959039787e-05 -1.000000000000000000e+00 -4.692380670367206797e-05 2.723385963175721107e-05 1.155649958174223002e-01 9.507702568110762975e-01 8.930229044871371702e-01 1.010150140447902078e+00 0.000000000000000000e+00
7.458239103496859812e+00 1.662354699365868660e+00 -2.554082218521621682e-05 -1.000000000000000000e+00 -5.991946631547337730e-05 1.362387148140696832e-05 4.956353285824235400e-01 9.730139229742950091e-01 9.148253321763823998e-01 1.033416659133167270e+00 0.000000000000000000e+00
7.464458605442683137e+00 1.660969599811586539e+00 -3.921995401406524779e-05 -1.000000000000000000e+00 -7.349550707701846340e-05 -4.067375732701557440e-08 1.128894002748531022e+00 9.900762248950051303e-01 9.307648410540551032e-01 1.051765717881209428e+00 0.000000000000000000e+00
7.470683293894854415e+00 1.659585654343599170e+00 -4.944559488847958731e-05 -1.000000000000000000e+00 -8.346004542937188392e-05 -1.027395348865525374e-05 1.733833702457935999e+00 9.943475117781425121e-01 9.351671891733195352e-01 1.055887197365022123e+00 0.000000000000000000e+00
7.476913173178454386e+00 1.658202862000304201e+00 -5.789698042087637028e-05 -1.000000000000000000e+00 -9.217778837751532464e-05 -1.843697082414624350e-05 2.304671633530070096e+00 1.005942842186548614e+00 9.456950849081687815e-01 1.068608373500578468e+00 0.000000000000000000e+00
7.483148247622170679e+00 1.656821221820899526e+00 -5.710167299774373661e-05 -1.000000000000000000e+00 -9.148227510371022774e-05 -1.750620262050013565e-05 2.228172913229307994e+00 1.004518398958854641e+00 9.446885319941059622e-01 1.066737196877299620e+00 0.000000000000000000e+00
7.489388521558299594e+00 1.655440732845385288e+00 -4.694454082325724096e-05 -1.000000000000000000e+00 -8.162456227917881408e-05 -7.061502945517283926e-06 1.532999819981817780e+00 9.896418468043353123e-01 9.296468442623476713e-01 1.052039993295876608e+00 0.000000000000000000e+00
7.495633999322752317e+00 1.654061394114560324e+00 -3.245671884458731210e-05 -1.000000000000000000e+00 -6.768787308280125074e-05 7.940711767366937283e-06 7.474855742608141895e-01 9.713584824629157843e-01 9.115155606564662172e-01 1.033429304776209978e+00 0.000000000000000000e+00
7.501884685255054031e+00 1.652683204670022832e+00 -1.933021242052110713e-05 -1.000000000000000000e+00 -5.541619592506351235e-05 2.186518984895545307e-05 2.654740752237501056e-01 9.645323764504765141e-01 9.048598799903304624e-01 1.026313641239523511e+00 0.000000000000000000e+00
7.508140583698349246e+00 1.651306163554170148e+00 -7.568939599838172810e-06 -1.000000000000000000e+00 -4.474285366216974760e-05 3.471372072515854752e-05 3.989533842587178469e-02 9.643600705017874031e-01 9.044538109371480505e-01 1.026463556701062485e+00 0.000000000000000000e+00
7.514401698999403578e+00 1.649930269810196748e+00 5.408931952208606290e-06 1.000000000000000000e+00 -3.329721675520647887e-05 4.918057784949957339e-05 1.973403369060378054e-02 9.577324021305657631e-01 8.979598672388566794e-01 1.019687113106559906e+00 0.000000000000000000e+00
7.520668035508609073e+00 1.648555522482095359e+00 1.461151904049117601e-05 1.000000000000000000e+00 -2.563019038051707983e-05 5.986641922552107743e-05 1.379558887110547971e-01 9.657969063951077349e-01 9.056373722365544943e-01 1.028414323686834164e+00 0.000000000000000000e+00
7.526939597579984209e+00 1.647181920614653627e+00 2.650927063144053962e-05 1.000000000000000000e+00 -1.513895705509782721e-05 7.315188602801558264e-05 4.396829224676253034e-01 9.598854747524689923e-01 9.001387597189864920e-01 1.022006610993232867e+00 0.000000000000000000e+00
7.533216389571179228e+00 1.645809463253457006e+00 3.861836832640679090e-05 1.000000000000000000e+00 -4.223591939193398139e-06 8.644391046331515848e-05 9.158999211867353551e-01 9.492743646378396516e-01 8.889472035289928131e-01 1.011830936705023110e+00 0.000000000000000000e+00
7.539498415843477019e+00 1.644438149444884756e+00 5.090893509967004722e-05 1.000000000000000000e+00 7.325951419539772477e-06 9.953216620869621530e-05 1.588446196685552536e+00 9.315213869127012547e-01 8.708122285737700530e-01 9.938598224867128961e-01 0.000000000000000000e+00
7.545785680761798453e+00 1.643067978236111282e+00 5.736467658185881804e-05 1.000000000000000000e+00 1.350504752161977082e-05 1.063063136800919872e-04 2.021824882731010575e+00 9.283763888420607513e-01 8.677037577006707636e-01 9.905392389275169407e-01 0.000000000000000000e+00
7.552078188694705041e+00 1.641698948675104575e+00 5.724765329429085938e-05 1.000000000000000000e+00 1.343341558997347094e-05 1.061625218644779596e-04 2.013802432528919439e+00 9.414505687236530695e-01 8.806577748962092222e-01 1.004289047620367636e+00 0.000000000000000000e+00
7.558375944014398939e+00 1.640331059810627101e+00 5.728892905957693544e-05 1.000000000000000000e+00 1.358238337514251087e-05 1.061361793332570540e-04 2.023995567824592001e+00 9.415888864281013459e-01 8.808645161829924408e-01 1.004366640364522167e+00 0.000000000000000000e+00
7.564678951096730941e+00 1.638964310692231585e+00 5.035488648263493794e-05 1.000000000000000000e+00 6.896293266634531303e-06 9.897692435628362303e-05 1.550458531678657437e+00 9.581234726784640943e-01 8.969460193184558561e-01 1.021752501467345420e+00 0.000000000000000000e+00
7.570987214321198699e+00 1.637598700370265004e+00 4.311375167104673436e-05 1.000000000000000000e+00 -5.467260103892763361e-08 9.146758658904068410e-05 1.128369264442795838e+00 9.619588420726161715e-01 9.007235322945433831e-01 1.025699387937269780e+00 0.000000000000000000e+00
7.577300738070952946e+00 1.636234227895864146e+00 3.241953681993014471e-05 1.000000000000000000e+00 -1.036756214885769368e-05 8.036787552752386440e-05 6.328950141457170275e-01 9.667117409745394907e-01 9.050331637330237822e-01 1.030972885754819490e+00 0.000000000000000000e+00
7.583619526732800153e+00 1.634870892320956948e+00 1.578665887188557588e-05 1.000000000000000000e+00 -2.672748493834178172e-05 6.302740378349365219e-05 1.487226210120553560e-01 9.849293623754062921e-01 9.220380753060861689e-01 1.050530160390511725e+00 0.000000000000000000e+00
7.589943584697204315e+00 1.633508692698261822e+00 -3.100727692980778912e-07 -1.000000000000000000e+00 -4.184443398395809219e-05 4.590655239789261625e-05 5.754475211006138125e-05 9.934810358824850418e-01 9.307411507276442952e-01 1.058885461738584999e+00 0.000000000000000000e+00
7.596272916358290495e+00 1.632147628081284996e+00 -1.849735474745469108e-05 -1.000000000000000000e+00 -5.818741748826160309e-05 2.656560411790500370e-05 2.051625668477399245e-01 1.009152057960032822e+00 9.452447052511295800e-01 1.075771991793943450e+00 0.000000000000000000e+00
7.602607526113848380e+00 1.630787697524322288e+00 -3.442626118742365721e-05 -1.000000000000000000e+00 -7.276942628675863974e-05 9.820729250328890042e-06 7.045153490685862607e-01 1.017288286450729995e+00 9.534524251325539046e-01 1.083729907964667172e+00 0.000000000000000000e+00
7.608947418365335835e+00 1.629428900082457776e+00 -4.846426900827949431e-05 -1.000000000000000000e+00 -8.643662556280215829e-05 -4.420375022008661212e-06 1.356339797409347625e+00 1.023589994224040067e+00 9.587418524912670881e-01 1.091125377554379883e+00 0.000000000000000000e+00
7.615292597517878903e+00 1.628071234811562906e+00 -5.946488935199056912e-05 -1.000000000000000000e+00 -9.759541922426775745e-05 -1.520427130463942469e-05 1.962329829806321868e+00 1.032778230381680595e+00 9.679813129795488136e-01 1.100289546370791127e+00 0.000000000000000000e+00
7.621643067980279795e+00 1.626714700768294497e+00 -6.295080945108386399e-05 -1.000000000000000000e+00 -1.014805197630827636e-04 -1.830479333371907752e-05 2.150531478352945669e+00 1.041370483143095438e+00 9.754993315949921362e-01 1.110007505308366005e+00 0.000000000000000000e+00
7.627998834165015118e+00 1.625359297010096737e+00 -5.337833996520663729e-05 -1.000000000000000000e+00 -9.301699888459639379e-05 -8.217321170961359956e-06 1.553722209216012118e+00 1.031766763227974115e+00 9.657606238646506691e-01 1.100474137611569647e+00 0.000000000000000000e+00
7.634359900488242090e+00 1.624005022595198744e+00 -3.878406721699899563e-05 -1.000000000000000000e+00 -8.054836934773065165e-05 7.312309843933774715e-06 8.156783746046869510e-01 1.023949543895354974e+00 9.584879255472176229e-01 1.092228641311289161e+00 0.000000000000000000e+00
7.640726271369800315e+00 1.622651876582614117e+00 -2.041774727044554604e-05 -1.000000000000000000e+00 -6.508972132850826282e-05 2.566432901648019513e-05 2.364949776955924676e-01 1.014097199340434408e+00 9.487221794287807874e-01 1.082308623019986538e+00 0.000000000000000000e+00
7.647097951233216229e+00 1.621299858032140939e+00 -3.328591218499882741e-06 -1.000000000000000000e+00 -4.780535790048991867e-05 4.367297090646074298e-05 6.350916810013984559e-03 1.005364950425603254e+00 9.403943362240143600e-01 1.073165949806604846e+00 0.000000000000000000e+00
7.653474944505703093e+00 1.619948966004359558e+00 1.552359345093673169e-05 1.000000000000000000e+00 -2.779089566174307871e-05 6.360060900418616574e-05 1.392613348821356567e-01 9.787720134555533136e-01 9.142282280664505434e-01 1.046071314439134703e+00 0.000000000000000000e+00
7.659857255618167216e+00 1.618599199560634805e+00 2.658607086727756398e-05 1.000000000000000000e+00 -1.680447648432524925e-05 7.572707457815458043e-05 4.024937000942898635e-01 9.732335966892532442e-01 9.087963263385541168e-01 1.040333282025948769e+00 0.000000000000000000e+00
7.666244889005210617e+00 1.617250557763112662e+00 3.342562819891385347e-05 1.000000000000000000e+00 -1.109657758538064315e-05 8.384104604810358884e-05 6.158633378784656998e-01 9.728991245919492714e-01 9.080305802957916450e-01 1.040447683832209425e+00 0.000000000000000000e+00
7.672637849105131913e+00 1.615903039674720043e+00 4.351025205466329615e-05 1.000000000000000000e+00 -2.619423945699153491e-06 9.569325870325241725e-05 1.004546930329979659e+00 9.487867740212451162e-01 8.832727619442677369e-01 1.016569216711236123e+00 0.000000000000000000e+00
7.679036140359931650e+00 1.614556644359165460e+00 4.658272018076910117e-05 1.000000000000000000e+00 -1.127312254365489606e-06 1.004657265153525926e-04 1.086356504110398191e+00 9.490427361709212750e-01 8.837226892892275920e-01 1.016612155047739385e+00 0.000000000000000000e+00
7.685439767215314077e+00 1.613211370880937023e+00 4.757431375578974342e-05 1.000000000000000000e+00 -1.814399277857670588e-06 1.032030168477612988e-04 1.065710248892230538e+00 9.574362513008279896e-01 8.910068004857444324e-01 1.026373738899325039e+00 0.000000000000000000e+00
7.691848734120691589e+00 1.611867218305303329e+00 4.983020270520344141e-05 1.000000000000000000e+00 -8.829499485230038534e-07 1.068086849365853250e-04 1.114097025362795534e+00 9.663253862942075001e-01 8.999180534719729563e-01 1.035244362388399786e+00 0.000000000000000000e+00
7.698263045529186499e+00 1.610524185698310351e+00 5.640516585410514132e-05 1.000000000000000000e+00 4.649802323007059168e-06 1.144326254124783073e-04 1.395217245781481097e+00 9.680500833498369984e-01 9.007709799148148067e-01 1.037930989107223478e+00 0.000000000000000000e+00
7.704682705897634598e+00 1.609182272126782998e+00 6.781884498486887957e-05 1.000000000000000000e+00 1.551418414679981290e-05 1.264466806720835322e-04 2.019831104016553525e+00 9.602733682166676443e-01 8.935286377654247936e-01 1.029337658398666422e+00 0.000000000000000000e+00
7.711107719686588702e+00 1.607841476658323998e+00 7.963619509387275973e-05 1.000000000000000000e+00 2.686547479311313823e-05 1.387629843409460577e-04 2.812888085634739355e+00 9.554505216605234663e-01 8.879894354298728532e-01 1.025065768248561549e+00 0.000000000000000000e+00
7.717538091360320429e+00 1.606501798361312572e+00 8.736322477160438852e-05 1.000000000000000000e+00 3.426205510977656303e-05 1.468139181310994191e-04 3.393256281946889885e+00 9.667816255121022273e-01 8.990927990632396893e-01 1.037059969186137964e+00 0.000000000000000000e+00
7.723973825386825531e+00 1.605163236304904206e+00 1.019633135592529704e-04 1.000000000000000000e+00 4.814602294997827862e-05 1.621012511926669258e-04 4.639603041153563368e+00 9.494507419171820395e-01 8.821735332924403039e-01 1.018611362605560622e+00 0.000000000000000000e+00
7.730414926237823892e+00 1.603825789559029547e+00 1.065958406016713104e-04 1.000000000000000000e+00 5.210341352267699663e-05 1.673639060558010957e-04 4.984407396935814916e+00 9.644501191227381476e-01 8.964912691022762781e-01 1.034945959648220892e+00 0.000000000000000000e+00
7.736861398388765743e+00 1.602489457194395728e+00 1.130653836448589257e-04 1.000000000000000000e+00 5.779962696611494352e-05 1.746042120666096314e-04 5.506991538205184611e+00 9.640323983971517130e-01 8.964969621413129142e-01 1.034073269035978404e+00 0.000000000000000000e+00
7.743313246318833443e+00 1.601154238282482378e+00 1.144936622976525011e-04 1.000000000000000000e+00 5.850464554035734218e-05 1.767821758199043466e-04 5.518172183607447323e+00 9.725569281242399944e-01 9.041135544929008727e-01 1.043811116179905962e+00 0.000000000000000000e+00
7.749770474510944140e+00 1.599820131895543396e+00 1.132016844556394259e-04 1.000000000000000000e+00 5.682164255388074612e-05 1.759557504062368152e-04 5.288559714536006595e+00 9.804396269177728662e-01 9.123061663995306603e-01 1.051538620131373447e+00 0.000000000000000000e+00
7.756233087451753327e+00 1.598487137106606282e+00 1.108802678957687828e-04 1.000000000000000000e+00 5.424302293007783523e-05 1.739693670827353574e-04 5.013674431375733320e+00 9.820848167258414696e-01 9.130423956821113185e-01 1.054177981448166657e+00 0.000000000000000000e+00
7.762701089631657503e+00 1.597155252989470364e+00 1.051858765192396395e-04 1.000000000000000000e+00 4.874121693142940997e-05 1.681674273641674288e-04 4.477051532908873810e+00 9.880004292552727607e-01 9.192918506434123449e-01 1.059818928629180590e+00 0.000000000000000000e+00
7.769174485544799502e+00 1.595824478618706577e+00 9.955684031284053111e-05 1.000000000000000000e+00 4.338757607404526088e-05 1.623300376130408550e-04 4.011261881252259798e+00 9.868613739910612193e-01 9.173439555180673555e-01 1.059532170935684414e+00 0.000000000000000000e+00
7.775653279689067610e+00 1.594494813069657235e+00 9.131753929941105723e-05 1.000000000000000000e+00 3.574354372883139532e-05 1.535636683263637400e-04 3.387227859494487348e+00 9.897266058949629741e-01 9.197622849389107680e-01 1.062913215231416686e+00 0.000000000000000000e+00
7.782137476566102663e+00 1.593166255418435151e+00 8.094563798269243716e-05 1.000000000000000000e+00 2.626633650467652929e-05 1.423721144111711142e-04 2.680923192338440231e+00 9.953005627257043297e-01 9.253159388992558965e-01 1.068557626222346402e+00 0.000000000000000000e+00
7.788627080681298942e+00 1.591838804741922297e+00 6.419005170291084003e-05 1.000000000000000000e+00 1.073179591680776482e-05 1.244711540601639262e-04 1.691835313920691419e+00 1.020589424401798784e+00 9.494492453560203771e-01 1.095071405433860612e+00 0.000000000000000000e+00
7.795122096543806833e+00 1.590512460117771143e+00 5.081391803436213517e-05 1.000000000000000000e+00 -1.382527759276155931e-06 1.099459959237908022e-04 1.073041643886966767e+00 1.027537808678535836e+00 9.562864226437669535e-01 1.102121123750912313e+00 0.000000000000000000e+00
7.801622528666539047e+00 1.589187220624400876e+00 3.250264127642219056e-05 1.000000000000000000e+00 -1.824229113156534699e-05 9.031782552521147242e-05 4.415879988245521304e-01 1.049402442426818682e+00 9.770523668062893741e-01 1.125117404678473321e+00 0.000000000000000000e+00
7.808128381566169729e+00 1.587863085341000069e+00 1.644776273047826064e-05 1.000000000000000000e+00 -3.298171305474140690e-05 7.306452349421723065e-05 1.137623158689464731e-01 1.057515942673711073e+00 9.849669217675254274e-01 1.133415714188668044e+00 0.000000000000000000e+00
7.814639659763139790e+00 1.586540053347523793e+00 8.146453216013515436e-07 1.000000000000000000e+00 -4.769057522572673035e-05 5.659909486684448732e-05 2.787731917663904824e-04 1.060406914035186610e+00 9.873251137482222939e-01 1.136878868800693665e+00 0.000000000000000000e+00
7.821156367781661345e+00 1.585218123724693617e+00 -1.787351423846214227e-05 -1.000000000000000000e+00 -6.537187209933812001e-05 3.711065155321600461e-05 1.321696751998899799e-01 1.075291764351549606e+00 1.000758174301699110e+00 1.153292817974535867e+00 0.000000000000000000e+00
7.827678510149716828e+00 1.583897295553998275e+00 -3.180349266899595888e-05 -1.000000000000000000e+00 -7.856729385688895819e-05 2.272301469732962225e-05 4.106484289520153652e-01 1.075387135499522140e+00 1.001212886129303703e+00 1.152984486067168080e+00 0.000000000000000000e+00
7.834206091399066985e+00 1.582577567917689887e+00 -4.269951944300810309e-05 -1.000000000000000000e+00 -8.932060372486913405e-05 1.179434325963449142e-05 7.236497246693929242e-01 1.076777168214244185e+00 1.001534949402396180e+00 1.155540357622109937e+00 0.000000000000000000e+00
7.840739116065250869e+00 1.581258939898786631e+00 -4.739631434243853124e-05 -1.000000000000000000e+00 -9.424836907862018764e-05 7.012944407225680978e-06 8.817022435094088451e-01 1.077234789741635002e+00 1.002406354703412106e+00 1.155556127621008677e+00 0.000000000000000000e+00
7.847277588687588512e+00 1.579941410581070071e+00 -4.445386975170667344e-05 -1.000000000000000000e+00 -9.370276683380625716e-05 9.464511276019781192e-06 7.898906614976226592e-01 1.076778785896359336e+00 1.001192308962408184e+00 1.155945346680965491e+00 0.000000000000000000e+00
7.853821513809187138e+00 1.578624979049085830e+00 -3.214073365066413260e-05 -1.000000000000000000e+00 -8.300204515424791055e-05 2.142452683385021679e-05 4.315366782658003331e-01 1.059258895450189142e+00 9.849734216679884025e-01 1.137061505792517524e+00 0.000000000000000000e+00
7.860370895976941163e+00 1.577309644388141585e+00 -2.251868029526421017e-05 -1.000000000000000000e+00 -7.249561686567716702e-05 3.076126028226684191e-05 2.185400307545108944e-01 1.059166428716188380e+00 9.841810451694260609e-01 1.137744134185710632e+00 0.000000000000000000e+00
7.866925739741537527e+00 1.575995405684307737e+00 -1.094260031977069670e-05 -1.000000000000000000e+00 -5.879033352610197097e-05 4.267504086187499392e-05 5.230340334310312755e-02 1.047115352101473551e+00 9.731096691781843111e-01 1.124673803354405033e+00 0.000000000000000000e+00
7.873486049657457464e+00 1.574682262024415857e+00 -6.612191722210998684e-06 -1.000000000000000000e+00 -5.381918613394688633e-05 4.764308316808396929e-05 1.882910154903782995e-02 1.059269277681492927e+00 9.839497572295383687e-01 1.138239719900336899e+00 0.000000000000000000e+00
7.880051830282980951e+00 1.573370212496058462e+00 -1.152075918831985453e-06 -1.000000000000000000e+00 -4.906184612727152258e-05 5.390764088157845563e-05 5.636391354002512344e-04 1.055265538974633488e+00 9.805336569971696559e-01 1.133617721423614721e+00 0.000000000000000000e+00
7.886623086180188480e+00 1.572059256187587906e+00 -3.065768776003213394e-06 -1.000000000000000000e+00 -5.133651466218162391e-05 5.234601611306462124e-05 3.923345469146966025e-03 1.070717133482343542e+00 9.945111025408690519e-01 1.150633156759246045e+00 0.000000000000000000e+00
7.893199821914964609e+00 1.570749392188117488e+00 -3.180121212837152017e-06 -1.000000000000000000e+00 -5.137933869120435876e-05 5.220821398262258812e-05 4.219480106463890934e-03 1.063723638694417106e+00 9.872767950423184669e-01 1.143920667721456841e+00 0.000000000000000000e+00
7.899782042057002407e+00 1.569440619587517682e+00 -8.482180839136316746e-06 -1.000000000000000000e+00 -5.758299016497851134e-05 4.676815212598418327e-05 2.983901406505395926e-02 1.066385245916036784e+00 9.898634103919142779e-01 1.146640654550965088e+00 0.000000000000000000e+00
7.906369751179806116e+00 1.568132937476418354e+00 -1.741935844348344549e-05 -1.000000000000000000e+00 -6.876239173418987585e-05 3.786082399597397185e-05 1.231784565544842280e-01 1.073865655200448854e+00 9.965036217707942123e-01 1.155003955291685980e+00 0.000000000000000000e+00
7.912962953860692039e+00 1.566826344946206540e+00 -2.757438701811457807e-05 -1.000000000000000000e+00 -8.138185030657386226e-05 2.808550517063262327e-05 2.963563539044145045e-01 1.078918557596185490e+00 1.001221512011014836e+00 1.160400051613786232e+00 0.000000000000000000e+00
7.919561654680794760e+00 1.565520841089027337e+00 -3.430337749554357945e-05 -1.000000000000000000e+00 -8.775129962398940436e-05 2.247866770834436187e-05 4.380227047967792942e-01 1.070160650055117513e+00 9.920357992991122309e-01 1.152145183965281428e+00 0.000000000000000000e+00
7.926165858225068916e+00 1.564216424997781019e+00 -4.049514950685289974e-05 -1.000000000000000000e+00 -9.112015173469911397e-05 1.684397358665301635e-05 5.912313133284925470e-01 1.073194112015577462e+00 9.948275663468080232e-01 1.155428264780119951e+00 0.000000000000000000e+00
7.932775569082291867e+00 1.562913095766124583e+00 -3.887102963401503050e-05 -1.000000000000000000e+00 -8.805033289625096942e-05 1.853178601624281836e-05 5.491456583695324412e-01 1.069468857973344456e+00 9.907650240565033517e-01 1.152076909666066795e+00 0.000000000000000000e+00
7.939390791845069018e+00 1.561610852488469980e+00 -3.186074149580785938e-05 -1.000000000000000000e+00 -8.042868741353176006e-05 2.504808653261026162e-05 3.805218442965738745e-01 1.065853038462860836e+00 9.874982037983728311e-01 1.148095459448265743e+00 0.000000000000000000e+00
7.946011531109834714e+00 1.560309694259983226e+00 -2.102909729521053851e-05 -1.000000000000000000e+00 -6.955064275618494287e-05 3.565342946003683365e-05 1.713725737906983682e-01 1.057391669941409873e+00 9.790266467547475981e-01 1.139695682802486232e+00 0.000000000000000000e+00
7.952637791476856677e+00 1.559009620176584621e+00 -1.015852521856160150e-05 -1.000000000000000000e+00 -5.895994067865152567e-05 4.656296888295325000e-05 4.102042459539489982e-02 1.049343745414406781e+00 9.704420834211905378e-01 1.132290589909703549e+00 0.000000000000000000e+00
7.959269577550237784e+00 1.557710629334948083e+00 1.211044437906598711e-06 1.000000000000000000e+00 -4.789453714852447765e-05 5.813614307440779041e-05 5.943128276726383774e-04 1.031826095240179431e+00 9.541931260655387437e-01 1.113455794019285960e+00 0.000000000000000000e+00
7.965906893937922284e+00 1.556412720832499597e+00 1.167079271440062685e-05 1.000000000000000000e+00 -3.802808267349638789e-05 6.921523499713772324e-05 5.574558617848879294e-02 1.006405913214794445e+00 9.287770085649013074e-01 1.088134768370645933e+00 0.000000000000000000e+00
7.972549745251694908e+00 1.555115893767417656e+00 1.376530506945335132e-05 1.000000000000000000e+00 -3.642685891968752384e-05 7.192362884892034697e-05 7.633530438346269875e-02 1.005144725927582527e+00 9.280203834950271347e-01 1.086315126043197132e+00 0.000000000000000000e+00
7.979198136107187977e+00 1.553820147238631932e+00 1.088842158478125677e-05 1.000000000000000000e+00 -4.012269805530617852e-05 6.999342780482289018e-05 4.607522971539168566e-02 1.013768248441103026e+00 9.351920275820585493e-01 1.096497743616335230e+00 0.000000000000000000e+00
7.985852071123881402e+00 1.552525480345822828e+00 7.692466448714160463e-06 1.000000000000000000e+00 -4.433498188413764182e-05 6.794306357282319029e-05 2.196879828111519828e-02 1.015236641495169456e+00 9.369069962832150544e-01 1.097676217966682355e+00 0.000000000000000000e+00
7.992511554925108008e+00 1.551231892189421036e+00 5.025010369445162385e-06 1.000000000000000000e+00 -4.833534785658779714e-05 6.667406740835813013e-05 8.942899147783123226e-03 1.012356967725003276e+00 9.328810961277275160e-01 1.096064470361776566e+00 0.000000000000000000e+00
7.999176592138056208e+00 1.549939381870606869e+00 4.352231718397259816e-06 1.000000000000000000e+00 -4.997825561598256516e-05 6.705944464503824651e-05 6.478611968134373456e-03 1.006975000928298503e+00 9.280562713287030530e-01 1.090080528172440832e+00 0.000000000000000000e+00
