# OBJ_NAME=4U 1916-053
#         GRID_START=6.00
#         GRID_END=8.00
#         GRID_STEP_FRACTION=0.50
#         XSPEC_FITSTAT=cstat
#         XSPEC_CONTINUUM_MODEL=tbabs*(bbodyrad + pow)*constant
#         XSPEC_LINE_MODEL=gauss
#         LINE_VELOCITY_WIDTH=500
#         INPUT_FILE=/home/simon/Downloads/tgcat/obs_21662_tgid_5615/pm_heg_abs1.pha
#         SEARCH_MODE=Sliding window
#         FIT_REGION_WIDTH=30.00
#         RUNTIME=69
#         COLUMN_NAMES=ENERGY,WAVELENGTH,NORM,NORM_SIGN,NORM_ERR_LO,NORM_ERR_HI,DELTA_FITSTAT,CONSTANT_FACTOR,CONSTANT_FACTOR_ERR_LO,CONSTANT_FACTOR_ERR_HI,FIT_ERR
6.000000000000000000e+00 2.066373137115381287e+00 -2.133137968359536814e-05 -1.000000000000000000e+00 -3.688469582907129079e-05 -4.690043280944804552e-06 1.776766782121356414e+00 1.031632474026799029e+00 1.001851063589477508e+00 1.061985479508241736e+00 0.000000000000000000e+00
6.005003461427972589e+00 2.064651403172383937e+00 -2.356685721378851245e-05 -1.000000000000000000e+00 -3.895360240993383751e-05 -7.072046449784952682e-06 2.185389130203247987e+00 1.032699829445242079e+00 1.002697495954337992e+00 1.063281207211540069e+00 0.000000000000000000e+00
6.010011095293655181e+00 2.062931103804642063e+00 -2.519651476618753867e-05 -1.000000000000000000e+00 -4.056944970364584682e-05 -8.706108710145575320e-06 2.481468811957583398e+00 1.030272844931863441e+00 1.000475623948315906e+00 1.060642530860955279e+00 0.000000000000000000e+00
6.015022905076486737e+00 2.061212237816845594e+00 -2.760376896389373671e-05 -1.000000000000000000e+00 -4.311669114089685848e-05 -1.097513519624125907e-05 2.911367259558488740e+00 1.035347278455849063e+00 1.005402071522914165e+00 1.065868071565148956e+00 0.000000000000000000e+00
6.020038894258807005e+00 2.059494804014679215e+00 -2.828570073769983779e-05 -1.000000000000000000e+00 -4.396023608875778885e-05 -1.149785049410233497e-05 3.004034348289678746e+00 1.039618462310130997e+00 1.009363829796505962e+00 1.070458000617559913e+00 0.000000000000000000e+00
6.025059066325860080e+00 2.057778801204824592e+00 -2.438038885453054584e-05 -1.000000000000000000e+00 -4.012714293579109606e-05 -7.514303507967317036e-06 2.244573167566755956e+00 1.030768816456741233e+00 1.000602827366212866e+00 1.061521172205888375e+00 0.000000000000000000e+00
6.030083424765796174e+00 2.056064228194956822e+00 -1.975741878549448321e-05 -1.000000000000000000e+00 -3.550436296098908164e-05 -2.885376563307310481e-06 1.494716891768447908e+00 1.026677585484632393e+00 9.967810290051212219e-01 1.057152569148170906e+00 0.000000000000000000e+00
6.035111973069674285e+00 2.054351083793744426e+00 -1.461529614166259231e-05 -1.000000000000000000e+00 -3.048176761947628542e-05 2.368326693398141908e-06 8.241697184884202443e-01 1.022011441484140359e+00 9.919774151977946985e-01 1.052631961102911129e+00 0.000000000000000000e+00
6.040144714731465747e+00 2.052639366810848021e+00 -1.055035140275468553e-05 -1.000000000000000000e+00 -2.664665228969182286e-05 6.660350092513088954e-06 4.252798166678104508e-01 1.021995676780898199e+00 9.919111088312706492e-01 1.052668882537578954e+00 0.000000000000000000e+00
6.045181653248054232e+00 2.050929076056921652e+00 -6.435044078684849245e-06 -1.000000000000000000e+00 -2.287879113739237335e-05 1.113076449221665976e-05 1.544486741346986491e-01 1.019979237123777693e+00 9.900769830191445964e-01 1.050463690192377619e+00 0.000000000000000000e+00
6.050222792119239301e+00 2.049220210343609683e+00 -3.475967532439247368e-06 -1.000000000000000000e+00 -2.036080188421786916e-05 1.453743117389177348e-05 4.348695899805932186e-02 1.025248884137325289e+00 9.950027164625265819e-01 1.056086603756869691e+00 0.000000000000000000e+00
6.055268134847740846e+00 2.047512768483544576e+00 1.779006286481672664e-06 1.000000000000000000e+00 -1.556653938233038169e-05 2.024646151747610715e-05 1.106123241699208393e-02 1.022179809881039736e+00 9.918916133680889535e-01 1.053062727545355459e+00 0.000000000000000000e+00
6.060317684939197314e+00 2.045806749290351334e+00 7.760026074676799399e-06 1.000000000000000000e+00 -9.916288566542022799e-06 2.654623823526081663e-05 2.074927178324230681e-01 1.020479573050710353e+00 9.901604072784069288e-01 1.051396231491398714e+00 0.000000000000000000e+00
6.065371445902172809e+00 2.044102151578641724e+00 1.440334872994809908e-05 1.000000000000000000e+00 -3.423324352456445874e-06 3.333430974298285244e-05 7.186980664514663886e-01 1.016841113887912984e+00 9.866011442474102999e-01 1.047678009959393419e+00 0.000000000000000000e+00
6.070429421248155322e+00 2.042398974164015168e+00 1.929539215338995847e-05 1.000000000000000000e+00 1.460552590421953920e-06 3.823849966958763616e-05 1.307572094827776255e+00 1.017980415465552513e+00 9.877128119333181688e-01 1.048845870511104339e+00 0.000000000000000000e+00
6.075491614491562942e+00 2.040697215863058300e+00 2.308349464318999657e-05 1.000000000000000000e+00 5.253993283870791688e-06 4.202242639479214015e-05 1.895474635448138656e+00 1.015044038588586606e+00 9.848026290648415060e-01 1.045884387490586320e+00 0.000000000000000000e+00
6.080558029149742971e+00 2.038996875493343186e+00 2.415970242548718107e-05 1.000000000000000000e+00 6.286015786218720764e-06 4.314995698236940316e-05 2.073315825626124820e+00 1.014479031520370222e+00 9.842507917417476770e-01 1.045305757483894205e+00 0.000000000000000000e+00
6.085628668742976366e+00 2.037297951873428659e+00 2.306693011550570179e-05 1.000000000000000000e+00 5.044321058493536533e-06 4.221746960488830685e-05 1.854416054168382288e+00 1.014023902915712760e+00 9.837175096362731352e-01 1.044931147479126299e+00 0.000000000000000000e+00
6.090703536794479511e+00 2.035600443822857208e+00 2.233916901877859817e-05 1.000000000000000000e+00 4.068404739609451449e-06 4.174368848518304580e-05 1.693284416334336129e+00 1.003482471990034375e+00 9.732202863186610875e-01 1.034349052450789896e+00 0.000000000000000000e+00
6.095782636830406886e+00 2.033904350162153651e+00 1.837543665265004510e-05 1.000000000000000000e+00 -6.011242948374194255e-08 3.793990738225452896e-05 1.114203245380991802e+00 1.007319790868488552e+00 9.767155223645125339e-01 1.038539791699929493e+00 0.000000000000000000e+00
6.100865972379854618e+00 2.032209669712826461e+00 1.570641280431436733e-05 1.000000000000000000e+00 -2.664724960885560235e-06 3.520614399599138807e-05 8.119364787786196302e-01 1.007034595858077974e+00 9.766152796309920392e-01 1.038062472861283281e+00 0.000000000000000000e+00
6.105953546974859592e+00 2.030516401297367324e+00 1.352562855160941867e-05 1.000000000000000000e+00 -4.543702427034324129e-06 3.274131117358221234e-05 6.167722485123618981e-01 1.009895575188343830e+00 9.792425170247002209e-01 1.041164085877911871e+00 0.000000000000000000e+00
6.111045364150406556e+00 2.028824543739246700e+00 1.188175792118628333e-05 1.000000000000000000e+00 -5.795105702170931609e-06 3.071556458971653786e-05 4.923661263209595518e-01 1.014185381020756394e+00 9.834842687714941967e-01 1.045501600923251395e+00 0.000000000000000000e+00
6.116141427444425460e+00 2.027134095862917373e+00 1.181877530541771506e-05 1.000000000000000000e+00 -5.594927487660293386e-06 3.038225086001623306e-05 5.001098789492885999e-01 1.009103192047540176e+00 9.787055227467506002e-01 1.040107974047567829e+00 0.000000000000000000e+00
6.121241740397799447e+00 2.025445056493809570e+00 1.034301109737190827e-05 1.000000000000000000e+00 -6.986034519554143430e-06 2.880935088441613878e-05 3.851269080036843206e-01 1.006419206361037322e+00 9.758332111354299787e-01 1.037622518286410722e+00 0.000000000000000000e+00
6.126346306554362187e+00 2.023757424458334508e+00 6.381850385473025293e-06 1.000000000000000000e+00 -1.093277298172170753e-05 2.483446605404165188e-05 1.448685937610889596e-01 1.010240571700771861e+00 9.795245063208414260e-01 1.041576715911344708e+00 0.000000000000000000e+00
6.131455129460903208e+00 2.022071198583879958e+00 9.127049949127091000e-07 1.000000000000000000e+00 -1.637960529957774731e-05 1.935750160966065263e-05 2.913702216304159265e-03 1.016660460654102760e+00 9.857662680888594764e-01 1.048177103809851296e+00 0.000000000000000000e+00
6.136568212667169675e+00 2.020386377698810687e+00 -3.984652009408163179e-06 -1.000000000000000000e+00 -2.120075564170391982e-05 1.440125130990175885e-05 5.499707548295873494e-02 1.019402781205536845e+00 9.884502138825996820e-01 1.050977653474918005e+00 0.000000000000000000e+00
6.141685559725869936e+00 2.018702960632467569e+00 -7.185821478704541751e-06 -1.000000000000000000e+00 -2.428362526054786053e-05 1.109429749876119701e-05 1.789809620898950016e-01 1.018564103911559604e+00 9.875664891638448184e-01 1.050185903672777643e+00 0.000000000000000000e+00
6.146807174192673529e+00 2.017020946215167587e+00 -6.851086707416810188e-06 -1.000000000000000000e+00 -2.385630598443046075e-05 1.134694977013688609e-05 1.644270913343888196e-01 1.008135356711960640e+00 9.772504274833027083e-01 1.039646022602416231e+00 0.000000000000000000e+00
6.151933059626216505e+00 2.015340333278202056e+00 -6.537843515039906147e-06 -1.000000000000000000e+00 -2.348840020112107877e-05 1.161353855485036237e-05 1.505684210891473640e-01 1.007952849731028389e+00 9.770870852129925899e-01 1.039443604574525004e+00 0.000000000000000000e+00
6.157063219588101433e+00 2.013661120653835290e+00 -2.996218334045303150e-06 -1.000000000000000000e+00 -2.005815707041784982e-05 1.526151501246246405e-05 3.168376146911100477e-02 9.989649123218051763e-01 9.681807563064834810e-01 1.030376710050906919e+00 0.000000000000000000e+00
6.162197657642900950e+00 2.011983307175305935e+00 -7.447791350727258931e-07 -1.000000000000000000e+00 -1.796066956280841011e-05 1.764670467669870687e-05 1.943401756889784338e-03 1.003561513955702367e+00 9.726519445748956771e-01 1.035101971407272226e+00 0.000000000000000000e+00
6.167336377358160426e+00 2.010306891676824304e+00 3.863275397416163738e-06 1.000000000000000000e+00 -1.352199816117947176e-05 2.240948523595998927e-05 5.230279467353682321e-02 9.987233354868139124e-01 9.676516686078892038e-01 1.030436320439466424e+00 0.000000000000000000e+00
6.172479382304400630e+00 2.008631872993570600e+00 7.954592095119412856e-06 1.000000000000000000e+00 -9.501783277297341204e-06 2.657550300684258774e-05 2.227860450705776429e-01 9.960181334463845682e-01 9.651965295523941002e-01 1.027472772534437473e+00 0.000000000000000000e+00
6.177626676055119503e+00 2.006958249961698471e+00 1.048624357924632933e-05 1.000000000000000000e+00 -7.040833664831668332e-06 2.918236349709933276e-05 3.878699759860637641e-01 9.976268404046486626e-01 9.665557387470806727e-01 1.029339914045515725e+00 0.000000000000000000e+00
6.182778262186794827e+00 2.005286021418328790e+00 1.110622718192945591e-05 1.000000000000000000e+00 -6.496579386941644151e-06 2.987435911239162030e-05 4.323277333470372241e-01 1.003304147740668117e+00 9.720923787327750976e-01 1.035160310213462553e+00 0.000000000000000000e+00
6.187934144278887771e+00 2.003615186201552323e+00 1.145151092747148131e-05 1.000000000000000000e+00 -6.235406356721343658e-06 3.029731167770526962e-05 4.555136112178885810e-01 1.002764800947365087e+00 9.717441202576934112e-01 1.034423140271025776e+00 0.000000000000000000e+00
6.193094325913842901e+00 2.001945743150427948e+00 1.046081424811227071e-05 1.000000000000000000e+00 -7.277418570323754846e-06 2.935798053674604680e-05 3.772715366848800045e-01 1.001869839014818631e+00 9.706082856968892836e-01 1.033779437766661147e+00 0.000000000000000000e+00
6.198258810677093500e+00 2.000277691104981770e+00 8.210288830338102848e-06 1.000000000000000000e+00 -9.462469030429419581e-06 2.705435270373665160e-05 2.321245636880036045e-01 1.001327087545863748e+00 9.700146830788459740e-01 1.033289432641044892e+00 0.000000000000000000e+00
6.203427602157062459e+00 1.998611028906206677e+00 5.802580550609805382e-06 1.000000000000000000e+00 -1.171847732632636670e-05 2.451168004468818750e-05 1.165935903375441285e-01 9.971225605054599983e-01 9.660704596389801946e-01 1.028816215693818759e+00 0.000000000000000000e+00
6.208600703945164057e+00 1.996945755396060118e+00 2.682499843678895748e-06 1.000000000000000000e+00 -1.469572537892389623e-05 2.126035853517813253e-05 2.503721810698777972e-02 9.945536990902268393e-01 9.632996896704946188e-01 1.026458812671118936e+00 0.000000000000000000e+00
6.213778119635809283e+00 1.995281869417466547e+00 -2.348249551962699835e-07 -1.000000000000000000e+00 -1.749939604622554535e-05 1.823784191070763493e-05 1.921472804724544403e-04 9.906480013221168335e-01 9.593907049774189622e-01 1.022558827568357254e+00 0.000000000000000000e+00
6.218959852826404955e+00 1.993619369814312314e+00 -4.087507784602412062e-06 -1.000000000000000000e+00 -2.125430403272367632e-05 1.428881256245642363e-05 5.800905135744471863e-02 9.936943291844907433e-01 9.623267038012015551e-01 1.025718161052459498e+00 0.000000000000000000e+00
6.224145907117359044e+00 1.991958255431448777e+00 -7.001953295083446857e-06 -1.000000000000000000e+00 -2.406718052519360814e-05 1.126780887832296366e-05 1.702413801747155730e-01 9.953406778383120379e-01 9.639530252833387047e-01 1.027384846863388157e+00 0.000000000000000000e+00
6.229336286112081567e+00 1.990298525114688521e+00 -8.762740637010153281e-06 -1.000000000000000000e+00 -2.568189254977110543e-05 9.360977720450604903e-06 2.689077019790175882e-01 9.955186719474369283e-01 9.640876137940661561e-01 1.027608337664637883e+00 0.000000000000000000e+00
6.234530993416986355e+00 1.988640177710806478e+00 -9.474350768622053802e-06 -1.000000000000000000e+00 -2.623231139086281105e-05 8.499444562903026872e-06 3.187740342221445644e-01 9.940571858464892774e-01 9.624220027368943775e-01 1.026360113446956879e+00 0.000000000000000000e+00
6.239730032641496393e+00 1.986983212067538140e+00 -1.087136454025131925e-05 -1.000000000000000000e+00 -2.748429293558145498e-05 6.966392992806232966e-06 4.226463249977285841e-01 9.985144454198786601e-01 9.670248741897136124e-01 1.030662929432800023e+00 0.000000000000000000e+00
6.244933407398043812e+00 1.985327627033580011e+00 -9.223203091308127232e-06 -1.000000000000000000e+00 -2.586269974163627459e-05 8.629902431011789198e-06 3.058112662046710284e-01 9.856717154814907955e-01 9.543188990522090132e-01 1.017686974114937692e+00 0.000000000000000000e+00
6.250141121302072555e+00 1.983673421458586272e+00 -9.320760211000343428e-06 -1.000000000000000000e+00 -2.598241329010524996e-05 8.535799845441691943e-06 3.124472287587565233e-01 9.817544955401376061e-01 9.502096889942459601e-01 1.013973448044184211e+00 0.000000000000000000e+00
6.255353177972041934e+00 1.982020594193170782e+00 -1.071844288483013959e-05 -1.000000000000000000e+00 -2.725464100806518385e-05 7.018614316473886842e-06 4.154962501166465927e-01 9.837159353063786860e-01 9.523486160844921722e-01 1.015748727723794209e+00 0.000000000000000000e+00
6.260569581029430175e+00 1.980369144088905076e+00 -1.254148120249817259e-05 -1.000000000000000000e+00 -2.888948342704160312e-05 5.030501294131601163e-06 5.747082991539684826e-01 9.859093397543694515e-01 9.544740764664765287e-01 1.018010864736831556e+00 0.000000000000000000e+00
6.265790334098732650e+00 1.978719069998317037e+00 -1.466655884961215708e-05 -1.000000000000000000e+00 -3.090094831624555017e-05 2.812043572686382574e-06 7.880860314525506283e-01 9.867819898241652066e-01 9.550879866706256660e-01 1.019152132010977096e+00 0.000000000000000000e+00
6.271015440807469865e+00 1.977070370774890451e+00 -1.716210669196085829e-05 -1.000000000000000000e+00 -3.342826825278747489e-05 3.439809792586907887e-07 1.066368310653629692e+00 9.872080924298761717e-01 9.554254723819090023e-01 1.019670433838047563e+00 0.000000000000000000e+00
6.276244904786186574e+00 1.975423045273065226e+00 -1.972832289917579303e-05 -1.000000000000000000e+00 -3.608544455517339873e-05 -2.135367706827692941e-06 1.383758614422688993e+00 9.886580496509755900e-01 9.568258235688322788e-01 1.021171290357707706e+00 0.000000000000000000e+00
6.281478729668454442e+00 1.973777092348234952e+00 -2.210539122493365019e-05 -1.000000000000000000e+00 -3.846992294207865243e-05 -4.494176192605642246e-06 1.718788382751966992e+00 9.945412575423225876e-01 9.625401857169770814e-01 1.027226003978189084e+00 0.000000000000000000e+00
6.286716919090875599e+00 1.972132510856748011e+00 -2.243608128062314188e-05 -1.000000000000000000e+00 -3.872876648662833059e-05 -4.880562488176446063e-06 1.777039274772363342e+00 9.975461897967654590e-01 9.654496973828849971e-01 1.030327965110909627e+00 0.000000000000000000e+00
6.291959476693084419e+00 1.970489299655904469e+00 -2.069179619661950465e-05 -1.000000000000000000e+00 -3.695333879372165038e-05 -3.150892846911586460e-06 1.522117073601421566e+00 9.965142501924908469e-01 9.644573973558852042e-01 1.029254877021125392e+00 0.000000000000000000e+00
6.297206406117751065e+00 1.968847457603957185e+00 -1.847427176564458133e-05 -1.000000000000000000e+00 -3.487361213583125761e-05 -7.901363879963803436e-07 1.205671894287263513e+00 9.980824075588685673e-01 9.659369236767262334e-01 1.030914151969241299e+00 0.000000000000000000e+00
6.302457711010582386e+00 1.967206983560110700e+00 -1.380020843503430465e-05 -1.000000000000000000e+00 -3.056344149629659204e-05 4.233624438070656451e-06 6.613888535903953425e-01 9.904885971350096963e-01 9.583683939286284925e-01 1.023299335117501929e+00 0.000000000000000000e+00
6.307713395020327241e+00 1.965567876384518575e+00 -8.901476133034590238e-06 -1.000000000000000000e+00 -2.607161882714514097e-05 9.521840721915876242e-06 2.692940169377919801e-01 9.876493120139047122e-01 9.555495599353608371e-01 1.020441052668622284e+00 0.000000000000000000e+00
6.312973461798775610e+00 1.963930134938285832e+00 -3.975742116352207943e-06 -1.000000000000000000e+00 -2.147778254729107092e-05 1.478577416138830673e-05 5.282700579492427551e-02 9.904997595390430121e-01 9.582778948153481968e-01 1.023416413388090973e+00 0.000000000000000000e+00
6.318237915000763039e+00 1.962293758083465844e+00 3.003080145516018366e-06 1.000000000000000000e+00 -1.483181135532707820e-05 2.210719468206036279e-05 2.989034584631156122e-02 9.860348671511323104e-01 9.536243201717984341e-01 1.019150918666636318e+00 0.000000000000000000e+00
6.323506758284172413e+00 1.960658744683059451e+00 9.441302986356024210e-06 1.000000000000000000e+00 -8.702075026781358157e-06 2.885085776354994331e-05 2.923652446646514136e-01 9.859228962167125854e-01 9.537164256346213342e-01 1.018826459901885029e+00 0.000000000000000000e+00
6.328779995309938400e+00 1.959025093601015399e+00 1.746642647720457326e-05 1.000000000000000000e+00 -1.030467817980323069e-06 3.721224075416982365e-05 9.935100581806466380e-01 9.757322487181622206e-01 9.436244737831442908e-01 1.008540942789269756e+00 0.000000000000000000e+00
6.334057629742047446e+00 1.957392803702229900e+00 2.253997099974486523e-05 1.000000000000000000e+00 3.787202047745988950e-06 4.253046739726465105e-05 1.640317879581630223e+00 9.767378387764418246e-01 9.443574993705377008e-01 1.009831562097245117e+00 0.000000000000000000e+00
6.339339665247542221e+00 1.955761873852543076e+00 2.624907107594769113e-05 1.000000000000000000e+00 7.372124946909115137e-06 4.636195003078365489e-05 2.219268579549378728e+00 9.765444960695935928e-01 9.443808633097027228e-01 1.009412638912841054e+00 0.000000000000000000e+00
6.344626105496522506e+00 1.954132302918741848e+00 2.644026122548406513e-05 1.000000000000000000e+00 7.547417595643070298e-06 4.657590516811654750e-05 2.247219553584670848e+00 9.843269160026336673e-01 9.519891617782442195e-01 1.017371212592016683e+00 0.000000000000000000e+00
6.349916954162148741e+00 1.952504089768555939e+00 2.551664724122282423e-05 1.000000000000000000e+00 6.641581202083815039e-06 4.564326265057070916e-05 2.092200397875075168e+00 9.859370702812008114e-01 9.533158392663952929e-01 1.019275532002536178e+00 0.000000000000000000e+00
6.355212214920644698e+00 1.950877233270659206e+00 2.259329309192225179e-05 1.000000000000000000e+00 3.765292058472819684e-06 4.268027170564367943e-05 1.631943773092785932e+00 9.868181265169160277e-01 9.541105940065963686e-01 1.020245871425938589e+00 0.000000000000000000e+00
6.360511891451300137e+00 1.949251732294668749e+00 1.748664956940175125e-05 1.000000000000000000e+00 -1.279704080495524632e-06 3.751555838887548461e-05 9.670673184982234716e-01 9.898188304465529441e-01 9.570461542668184940e-01 1.023311996187649564e+00 0.000000000000000000e+00
6.365815987436472589e+00 1.947627585711142251e+00 1.047104110310011412e-05 1.000000000000000000e+00 -8.179993661629072113e-06 3.040300461760137924e-05 3.423722498629899746e-01 9.967693196921254550e-01 9.637888120584788831e-01 1.030473529648809894e+00 0.000000000000000000e+00
6.371124506561590906e+00 1.946004792391578420e+00 5.475886815629567913e-06 1.000000000000000000e+00 -1.303181983305843315e-05 2.528976117835138239e-05 9.336983392806530446e-02 9.917218540854204623e-01 9.587344841045064570e-01 1.025435689913711368e+00 0.000000000000000000e+00
6.376437452515156146e+00 1.944383351208418098e+00 -1.576556197820802771e-07 -1.000000000000000000e+00 -1.844997349650216598e-05 1.946209643400396831e-05 7.742237313834721135e-05 9.949958695370205719e-01 9.619584724092846706e-01 1.028758918869147720e+00 0.000000000000000000e+00
6.381754828988746020e+00 1.942763261035039601e+00 -3.631112455900052365e-06 -1.000000000000000000e+00 -2.174704471693166203e-05 1.582700590873872801e-05 4.124314714653110059e-02 9.961936387218240929e-01 9.630774870274596555e-01 1.030037673035202550e+00 0.000000000000000000e+00
6.387076639677015777e+00 1.941144520745761159e+00 -3.829087439337475044e-06 -1.000000000000000000e+00 -2.188561330897007860e-05 1.558270117320293197e-05 4.607377510272669952e-02 9.914538495228092385e-01 9.583534858666180600e-01 1.025284720254713955e+00 0.000000000000000000e+00
6.392402888277703532e+00 1.939527129215838475e+00 -2.650837640165553702e-06 -1.000000000000000000e+00 -2.076041327485967150e-05 1.681031012983846988e-05 2.205270828154937135e-02 9.907648470886815106e-01 9.576836347128065974e-01 1.024576620728861354e+00 0.000000000000000000e+00
6.397733578491629380e+00 1.937911085321463833e+00 1.471865969177554781e-06 1.000000000000000000e+00 -1.678044123446780165e-05 2.104445190563116510e-05 6.815863693361734477e-03 9.833199909975315345e-01 9.502981549488136448e-01 1.017077311098995684e+00 0.000000000000000000e+00
6.403068714022700725e+00 1.936296387939767438e+00 6.483971273953718829e-06 1.000000000000000000e+00 -1.182179163051894698e-05 2.607960589294895380e-05 1.342145760880555372e-01 9.748941506410417901e-01 9.417717365300974919e-01 1.008764912563333116e+00 0.000000000000000000e+00
6.408408298577912277e+00 1.934683035948813856e+00 8.799701387134312166e-06 1.000000000000000000e+00 -9.345991975385716964e-06 2.823241973198074958e-05 2.525276372867040209e-01 9.778571098635353565e-01 9.449467627661819469e-01 1.011504876417671728e+00 0.000000000000000000e+00
6.413752335867351384e+00 1.933071028227602239e+00 9.818393522887549808e-06 1.000000000000000000e+00 -8.134633136595076152e-06 2.906912262839908930e-05 3.213994894983045469e-01 9.784680593977262975e-01 9.455321892908841175e-01 1.012142512347908863e+00 0.000000000000000000e+00
6.419100829604198033e+00 1.931460363656067436e+00 7.808850023434896757e-06 1.000000000000000000e+00 -1.001592184559769148e-05 2.694044135998481071e-05 2.045062290983707953e-01 9.833073359748634168e-01 9.500391650908184271e-01 1.017325288640823500e+00 0.000000000000000000e+00
6.424453783504729287e+00 1.929851041115075327e+00 3.967415025746652018e-06 1.000000000000000000e+00 -1.384288550077960868e-05 2.309565798285219906e-05 5.202958958869885464e-02 9.849638354905339011e-01 9.518497948964533828e-01 1.018819392371549615e+00 0.000000000000000000e+00
6.429811201288321953e+00 1.928243059486426159e+00 -3.077542039196907102e-06 -1.000000000000000000e+00 -2.099576958100226527e-05 1.617331740067911992e-05 3.021390839427340325e-02 9.938595563931514887e-01 9.602622003252105909e-01 1.028212220980098790e+00 0.000000000000000000e+00
6.435173086677453469e+00 1.926636417652850763e+00 -8.473045017575528556e-06 -1.000000000000000000e+00 -2.654351421248298109e-05 1.095165895570824065e-05 2.214839241621717747e-01 9.897415984835769009e-01 9.560653469853199748e-01 1.024178005880741926e+00 0.000000000000000000e+00
6.440539443397706343e+00 1.925031114498011453e+00 -1.363588164124868376e-05 -1.000000000000000000e+00 -3.170955576664353950e-05 5.807047152120758517e-06 5.620605580273831947e-01 9.916875185382021396e-01 9.581451869706133495e-01 1.025981120869443375e+00 0.000000000000000000e+00
6.445910275177769044e+00 1.923427148906499795e+00 -1.533868570241136685e-05 -1.000000000000000000e+00 -3.325969387625755946e-05 3.963870048560797697e-06 7.168479846632465069e-01 9.911781258082636992e-01 9.573880402243278853e-01 1.025730905966493633e+00 0.000000000000000000e+00
6.451285585749439555e+00 1.921824519763838390e+00 -1.406906003046438641e-05 -1.000000000000000000e+00 -3.171731133647481111e-05 4.958868989561570270e-06 6.207762578157769440e-01 9.906212368816367242e-01 9.568388791639634849e-01 1.025167679527515308e+00 0.000000000000000000e+00
6.456665378847628034e+00 1.920223225956476210e+00 -1.119096422814962702e-05 -1.000000000000000000e+00 -2.861096437030099770e-05 7.584875647170867159e-06 4.058610320618072365e-01 9.889177380406889428e-01 9.552428013419016484e-01 1.023355402577292850e+00 0.000000000000000000e+00
6.462049658210359482e+00 1.918623266371792813e+00 -8.874368862366386666e-06 -1.000000000000000000e+00 -2.614957245514611491e-05 9.735108011599324644e-06 2.613178090751802074e-01 9.884397732589631502e-01 9.547455512014719758e-01 1.022900004296291243e+00 0.000000000000000000e+00
6.467438427578775517e+00 1.917024639898092353e+00 -8.732983553533765457e-06 -1.000000000000000000e+00 -2.592097606754796953e-05 9.780714554643583547e-06 2.554087287361994640e-01 9.916305564833846065e-01 9.578323053701343071e-01 1.026198180697620810e+00 0.000000000000000000e+00
6.472831690697137930e+00 1.915427345424606687e+00 -1.033024473531298796e-05 -1.000000000000000000e+00 -2.747606665608406674e-05 8.151236442792701543e-06 3.563556067437616548e-01 9.925495601377573029e-01 9.587365279614842306e-01 1.027131713754556142e+00 0.000000000000000000e+00
6.478229451312831344e+00 1.913831381841492263e+00 -1.400103424837320273e-05 -1.000000000000000000e+00 -3.114797653524664655e-05 4.502488377071781981e-06 6.448681869891856877e-01 9.937461369920229659e-01 9.598049634354753890e-01 1.028460098352946828e+00 0.000000000000000000e+00
6.483631713176364109e+00 1.912236748039830792e+00 -1.827186758683153084e-05 -1.000000000000000000e+00 -3.545582149386360111e-05 3.039310548905712424e-07 1.074772341156389643e+00 9.910216361472755642e-01 9.569979120649335647e-01 1.025822519540810607e+00 0.000000000000000000e+00
6.489038480041373624e+00 1.910643442911627687e+00 -2.347442677616301638e-05 -1.000000000000000000e+00 -4.069160683441184285e-05 -4.847056905191299416e-06 1.732314120503133381e+00 9.940324811223986146e-01 9.599158911331900912e-01 1.028927034858333034e+00 0.000000000000000000e+00
6.494449755664626345e+00 1.909051465349812737e+00 -2.900403787589479195e-05 -1.000000000000000000e+00 -4.615647207385226841e-05 -1.043680087484648170e-05 2.604963064582051402e+00 1.008183924279047350e+00 9.737359509196543694e-01 1.043413624202686130e+00 0.000000000000000000e+00
6.499865543806021329e+00 1.907460814248235881e+00 -2.921852497592708638e-05 -1.000000000000000000e+00 -4.624088953303045059e-05 -1.077527552930901164e-05 2.673476771809191632e+00 1.007768433649057549e+00 9.730610592695794203e-01 1.043269499184832805e+00 0.000000000000000000e+00
6.505285848228594681e+00 1.905871488501671207e+00 -2.889328141243247290e-05 -1.000000000000000000e+00 -4.569246476438239101e-05 -1.067251103729743901e-05 2.663432509716585628e+00 1.016939082557755558e+00 9.823513863641774035e-01 1.052308938442338304e+00 0.000000000000000000e+00
6.510710672698518664e+00 1.904283487005811404e+00 -2.549753766651864111e-05 -1.000000000000000000e+00 -4.223702189345892449e-05 -7.357286938214366783e-06 2.116520736800183045e+00 1.013043556772644793e+00 9.784813960742734240e-01 1.048391567205840813e+00 0.000000000000000000e+00
6.516140020985107917e+00 1.902696808657271088e+00 -2.300382292347969860e-05 -1.000000000000000000e+00 -3.977872218057717119e-05 -4.849813442351858314e-06 1.738453457688649451e+00 1.012097415490647467e+00 9.772811425969120114e-01 1.047712948369356356e+00 0.000000000000000000e+00
6.521573896860818564e+00 1.901111452353583031e+00 -2.132200322311343348e-05 -1.000000000000000000e+00 -3.815612247750604772e-05 -3.097531689372875401e-06 1.490593143802612985e+00 1.009740421446360781e+00 9.751813320141455854e-01 1.045088829287807997e+00 0.000000000000000000e+00
6.527012304101254436e+00 1.899527416993199491e+00 -2.103860602598631543e-05 -1.000000000000000000e+00 -3.804614111397282348e-05 -2.611755043139087681e-06 1.426786081919843241e+00 1.008897626518312496e+00 9.740319255776043184e-01 1.044565612858417092e+00 0.000000000000000000e+00
6.532455246485166178e+00 1.897944701475490215e+00 -2.123979726861480633e-05 -1.000000000000000000e+00 -3.855556044506053086e-05 -2.495273224341862416e-06 1.411348508141330171e+00 1.007162833418021597e+00 9.721896567588379501e-01 1.042943884551846168e+00 0.000000000000000000e+00
6.537902727794456581e+00 1.896363304700741548e+00 -2.142237351684939039e-05 -1.000000000000000000e+00 -3.906515570713897472e-05 -2.359660218033041000e-06 1.391763948385488447e+00 1.007984259820295714e+00 9.731529753127444726e-01 1.043616120325471242e+00 0.000000000000000000e+00
6.543354751814182357e+00 1.894783225570156437e+00 -1.972009107704888821e-05 -1.000000000000000000e+00 -3.757446160513462608e-05 -4.277023921350970367e-07 1.163201780675464647e+00 1.007271328158822143e+00 9.721348193326908582e-01 1.043221833246148700e+00 0.000000000000000000e+00
6.548811322332555918e+00 1.893204462985853986e+00 -1.746962470080224843e-05 -1.000000000000000000e+00 -3.540188507109411423e-05 1.918129768174586927e-06 9.112728656938742233e-01 1.014050676248571259e+00 9.787331653651772934e-01 1.050183962684066108e+00 0.000000000000000000e+00
6.554272443140948923e+00 1.891627015850867455e+00 -1.213580039191472969e-05 -1.000000000000000000e+00 -3.023204979788488228e-05 7.419144929994823752e-06 4.409552150005282556e-01 1.010852483756121245e+00 9.756163610240710105e-01 1.046903561374942004e+00 0.000000000000000000e+00
6.559738118033894949e+00 1.890050883069143817e+00 -6.026588517840834137e-06 -1.000000000000000000e+00 -2.441275779283086188e-05 1.380607979368298269e-05 1.082444765028327538e-01 1.006484782857693050e+00 9.712453599993184916e-01 1.042543837233301351e+00 0.000000000000000000e+00
6.565208350809092153e+00 1.888476063545543981e+00 -1.291608303369348500e-06 -1.000000000000000000e+00 -2.000837386715393628e-05 1.885017934148148220e-05 4.903760841131088455e-03 1.009774340586416130e+00 9.743913304592374258e-01 1.045982324845670774e+00 0.000000000000000000e+00
6.570683145267405045e+00 1.886902556185840796e+00 3.974643639678840619e-06 1.000000000000000000e+00 -1.504443335373310668e-05 2.439905227205294250e-05 4.597749863678757265e-02 1.006654968922995108e+00 9.713291027576788084e-01 1.042806910476582249e+00 0.000000000000000000e+00
6.576162505212867160e+00 1.885330359896719488e+00 8.569424348582033903e-06 1.000000000000000000e+00 -1.064633669485576538e-05 2.919050534108423497e-05 2.131352138929685225e-01 1.000840971813939495e+00 9.655328448350825044e-01 1.036979255979858072e+00 0.000000000000000000e+00
6.581646434452685490e+00 1.883759473585775446e+00 9.750545935112636266e-06 1.000000000000000000e+00 -9.556925223266263586e-06 3.048406829904614165e-05 2.746224578832539009e-01 1.005895784466808829e+00 9.702013151797141965e-01 1.042433346788545601e+00 0.000000000000000000e+00
6.587134936797241380e+00 1.882189896161514886e+00 9.854928488094197135e-06 1.000000000000000000e+00 -9.516126235895915874e-06 3.067681264127569858e-05 2.781733447076959465e-01 1.008462865891617266e+00 9.729445964805052416e-01 1.044812896195465690e+00 0.000000000000000000e+00
6.592628016060094076e+00 1.880621626533353297e+00 9.186057896929521006e-06 1.000000000000000000e+00 -1.032670423614389170e-05 3.015263583369507419e-05 2.379632050080289218e-01 1.008091132005762836e+00 9.724639643440069481e-01 1.044555228874633146e+00 0.000000000000000000e+00
6.598125676057981615e+00 1.879054663611614329e+00 8.086055581270013018e-06 1.000000000000000000e+00 -1.160108169209960754e-05 2.921634704319468436e-05 1.811376064102319106e-01 1.005191662177024270e+00 9.692680727324116674e-01 1.041969028636626993e+00 0.000000000000000000e+00
6.603627920610826152e+00 1.877489006307530905e+00 5.794754550590219830e-06 1.000000000000000000e+00 -1.392897831084228559e-05 2.697490818731868007e-05 9.180991367047397489e-02 1.007031033145312948e+00 9.712803493202726290e-01 1.043625152411361556e+00 0.000000000000000000e+00
6.609134753541735741e+00 1.875924653533241671e+00 2.734968514139722738e-06 1.000000000000000000e+00 -1.692054480190730635e-05 2.388709477787130845e-05 2.034736760620603491e-02 1.014703379210697642e+00 9.785075319994736009e-01 1.051755098513829312e+00 0.000000000000000000e+00
6.614646178677005217e+00 1.874361604201792542e+00 2.364131213780891732e-07 1.000000000000000000e+00 -1.932643249927299236e-05 2.132536539597379305e-05 1.517051569237537478e-04 1.023668689923713293e+00 9.872326283100153477e-01 1.060963169429404829e+00 0.000000000000000000e+00
6.620162199846120643e+00 1.872799857227134490e+00 1.423570228862481360e-06 1.000000000000000000e+00 -1.818554565222114315e-05 2.254791405134974242e-05 5.495190103303571050e-03 1.017536769480468006e+00 9.814335153296931402e-01 1.054489115126514776e+00 0.000000000000000000e+00
6.625682820881761970e+00 1.871239411524124430e+00 1.424164006596924382e-06 1.000000000000000000e+00 -1.825537689517669647e-05 2.258753218660303306e-05 5.477513776369846710e-03 1.022196334136172613e+00 9.856993745858441125e-01 1.059559198142136394e+00 0.000000000000000000e+00
6.631208045619805702e+00 1.869680266008521441e+00 5.495410031413554101e-06 1.000000000000000000e+00 -1.418379604517145090e-05 2.664782630441279957e-05 8.279560401855690088e-02 1.005850173117707858e+00 9.695662317430592259e-01 1.043005327050054776e+00 0.000000000000000000e+00
6.636737877899325788e+00 1.868122419596990769e+00 6.085278823251135890e-06 1.000000000000000000e+00 -1.337978514259368273e-05 2.702885704380090758e-05 1.036083271588665866e-01 1.005506941001304000e+00 9.692865827247808541e-01 1.042596260294610389e+00 0.000000000000000000e+00
6.642272321562598059e+00 1.866565871207098271e+00 5.733103323071659506e-06 1.000000000000000000e+00 -1.344318542772409381e-05 2.639162318626455710e-05 9.431388341344870696e-02 1.002497394258615282e+00 9.662879733094693613e-01 1.039578612084608888e+00 0.000000000000000000e+00
6.647811380455102892e+00 1.865010619757312416e+00 3.605081026981304612e-06 1.000000000000000000e+00 -1.528732089833864075e-05 2.398285031300920474e-05 3.801230298040536582e-02 9.980892135242269703e-01 9.618936001177919026e-01 1.035160362744629303e+00 0.000000000000000000e+00
6.653355058425526991e+00 1.863456664167002952e+00 -2.072889386541090494e-06 -1.000000000000000000e+00 -2.071520393004875856e-05 1.806927454955941682e-05 1.258716612299792814e-02 1.001495217554246198e+00 9.652460340979127640e-01 1.038619174480624796e+00 0.000000000000000000e+00
6.658903359325766047e+00 1.861904003356439352e+00 -7.720052165697929749e-06 -1.000000000000000000e+00 -2.624752984180003701e-05 1.233962906849564003e-05 1.727666519615240759e-01 9.931596150640841225e-01 9.569177439930620643e-01 1.030280831528989305e+00 0.000000000000000000e+00
6.664456287010930069e+00 1.860352636246791480e+00 -1.663225637697526201e-05 -1.000000000000000000e+00 -3.513189826942058345e-05 3.446003387193504066e-06 7.771176740097018865e-01 9.977256959462480479e-01 9.610049404122703587e-01 1.035341919295885704e+00 0.000000000000000000e+00
6.670013845339340719e+00 1.858802561760127592e+00 -2.409276747508887814e-05 -1.000000000000000000e+00 -4.267550920472625692e-05 -3.887889562230675567e-06 1.569877533334562258e+00 9.985027974546493157e-01 9.619091866114445333e-01 1.035982231736109371e+00 0.000000000000000000e+00
6.675576038172540194e+00 1.857253778819414780e+00 -2.786905503757592054e-05 -1.000000000000000000e+00 -4.663975694887728169e-05 -7.444907065360334777e-06 2.039365015444801088e+00 9.986955986924408446e-01 9.617001618585270251e-01 1.036593718565537614e+00 0.000000000000000000e+00
6.681142869375288562e+00 1.855706286348516532e+00 -2.283520422012411233e-05 -1.000000000000000000e+00 -4.183349103634278945e-05 -2.164884363572747947e-06 1.366341559876815381e+00 9.835964855605033863e-01 9.467543008660308512e-01 1.021346298859571844e+00 0.000000000000000000e+00
6.686714342815570866e+00 1.854160083272192949e+00 -1.319642331701961492e-05 -1.000000000000000000e+00 -3.241167167014178568e-05 7.672828086309559271e-06 4.630198549818373976e-01 9.732892555178214167e-01 9.369077636579213886e-01 1.010566993873343922e+00 0.000000000000000000e+00
6.692290462364595349e+00 1.852615168516101862e+00 5.867064240440585667e-07 1.000000000000000000e+00 -1.896670643532524347e-05 2.173862746487703084e-05 9.372441056001434845e-04 9.574583904246799504e-01 9.210870427075907863e-01 9.947174126231349556e-01 0.000000000000000000e+00
6.697871231896799671e+00 1.851071541006794829e+00 1.345789623976506213e-05 1.000000000000000000e+00 -6.381246752129009225e-06 3.484800696548843698e-05 5.035170785315443709e-01 9.488142036699466209e-01 9.124946628870516108e-01 9.859517940324358243e-01 0.000000000000000000e+00
6.703456655289853572e+00 1.849529199671717139e+00 2.445982705311580273e-05 1.000000000000000000e+00 4.343621879540687038e-06 4.610645939542097789e-05 1.683743086140026435e+00 9.421559199809281804e-01 9.059362481331155736e-01 9.791055318610764058e-01 0.000000000000000000e+00
6.709046736424657986e+00 1.847988143439209141e+00 3.324521480495274658e-05 1.000000000000000000e+00 1.279188921572243761e-05 5.522762444106476545e-05 3.108643548829661540e+00 9.336912786357074445e-01 8.973817087123548975e-01 9.705757777991899093e-01 0.000000000000000000e+00
6.714641479185352146e+00 1.846448371238503361e+00 3.814125857380092023e-05 1.000000000000000000e+00 1.731676905914635083e-05 6.050250129983732536e-05 4.019220093478310218e+00 9.311114777564732936e-01 8.946607635958614413e-01 9.680912312863856339e-01 0.000000000000000000e+00
6.720240887459313583e+00 1.844909881999724721e+00 3.993395992783300779e-05 1.000000000000000000e+00 1.873750983799008386e-05 6.267508105346118958e-05 4.279467673008028328e+00 9.301106898952359314e-01 8.936188754199773099e-01 9.671207117940475717e-01 0.000000000000000000e+00
6.725844965137160791e+00 1.843372674653889876e+00 3.849688742314513279e-05 1.000000000000000000e+00 1.698943231758147937e-05 6.155174195118139546e-05 3.846928821994850978e+00 9.328512041876056982e-01 8.961971900184662054e-01 9.701038043528320554e-01 0.000000000000000000e+00
6.731453716112758556e+00 1.841836748132905655e+00 3.519898351410489205e-05 1.000000000000000000e+00 1.353040313398371221e-05 5.842960049953404222e-05 3.135200297134915104e+00 9.349478411553089341e-01 8.982570555939730639e-01 9.722923822518617643e-01 0.000000000000000000e+00
6.737067144283217068e+00 1.840302101369569288e+00 3.138578707356950542e-05 1.000000000000000000e+00 9.745753930811755186e-06 5.461099382047472753e-05 2.470290494234234302e+00 9.339993923042382296e-01 8.971685008668357497e-01 9.714745502862860427e-01 0.000000000000000000e+00
6.742685253548897251e+00 1.838768733297566405e+00 2.538857293934357995e-05 1.000000000000000000e+00 4.007415090277702561e-06 4.837860225639170630e-05 1.620386909905704442e+00 9.434488706843288108e-01 9.065125315221201907e-01 9.812074664216505759e-01 0.000000000000000000e+00
6.748308047813412536e+00 1.837236642851472368e+00 2.121798143235069235e-05 1.000000000000000000e+00 1.523605729195323297e-07 4.390681825926944686e-05 1.146899600468728408e+00 9.460357594860667740e-01 9.091374553299906847e-01 9.837983582481975020e-01 0.000000000000000000e+00
6.753935530983630642e+00 1.835705828966748943e+00 1.917890981513780803e-05 1.000000000000000000e+00 -1.659583692495719985e-06 4.166006532573290520e-05 9.497641126937423905e-01 9.413548655354684325e-01 9.044182266919126301e-01 9.791278183538772995e-01 0.000000000000000000e+00
6.759567706969678902e+00 1.834176290579746293e+00 1.860175354757344097e-05 1.000000000000000000e+00 -2.206992022347879258e-06 4.107953736139804512e-05 8.957285411798210362e-01 9.338082003392490504e-01 8.966179653208987688e-01 9.718020556421821388e-01 0.000000000000000000e+00
6.765204579684944264e+00 1.832648026627699211e+00 1.801363291639335550e-05 1.000000000000000000e+00 -2.950238968951764384e-06 4.067516074493877562e-05 8.255440787255139412e-01 9.334345919041089346e-01 8.965380783639278484e-01 9.712273502199044728e-01 0.000000000000000000e+00
6.770846153046076843e+00 1.831121036048729556e+00 1.962744785005241953e-05 1.000000000000000000e+00 -1.793390192105901620e-06 4.275900686458782517e-05 9.492939799444854998e-01 9.322963445228009682e-01 8.950571093302789327e-01 9.705121558776441670e-01 0.000000000000000000e+00
6.776492430972993475e+00 1.829595317781842700e+00 2.373215780066977414e-05 1.000000000000000000e+00 1.744082188954652857e-06 4.741063474330133119e-05 1.341634117702426465e+00 9.326714217563335518e-01 8.952207363991490086e-01 9.711094308757248772e-01 0.000000000000000000e+00
6.782143417388880380e+00 1.828070870766929312e+00 3.219337673735810155e-05 1.000000000000000000e+00 9.753055494383983299e-06 5.628647696067335223e-05 2.436997936217025540e+00 9.253898940435663079e-01 8.882914318785459784e-01 9.634677912566268487e-01 0.000000000000000000e+00
6.787799116220194051e+00 1.826547693944761797e+00 4.010082946564411127e-05 1.000000000000000000e+00 1.749253442151717973e-05 6.433790411917865752e-05 3.820118283178885576e+00 9.281917135673013464e-01 8.907561487821045176e-01 9.666243297290386671e-01 0.000000000000000000e+00
6.793459531396665696e+00 1.825025786256996740e+00 5.012366267258369141e-05 1.000000000000000000e+00 2.751262123404420789e-05 7.436194590081052029e-05 6.158333661347043630e+00 9.186442359141197000e-01 8.813853677634940764e-01 9.569029173419586476e-01 0.000000000000000000e+00
6.799124666851304788e+00 1.823505146646170916e+00 5.746994512883697731e-05 1.000000000000000000e+00 3.490421879847922933e-05 8.166861346621896364e-05 8.322316262606378245e+00 9.141616199223771000e-01 8.770910047045902269e-01 9.522275597060558816e-01 0.000000000000000000e+00
6.804794526520399067e+00 1.821985774055703944e+00 6.268752382799694768e-05 1.000000000000000000e+00 4.004787742790850578e-05 8.696366910234366800e-05 1.001205459981122203e+01 9.095891140473122416e-01 8.725230535586652181e-01 9.476551195433476904e-01 0.000000000000000000e+00
6.810469114343518982e+00 1.820467667429894965e+00 6.381312813187660317e-05 1.000000000000000000e+00 4.099042464910248137e-05 8.827309299548186637e-05 1.021484659023555253e+01 9.153540160555683203e-01 8.783816969080509018e-01 9.533151357408199411e-01 0.000000000000000000e+00
6.816148434263521239e+00 1.818950825713921748e+00 6.477622289647173804e-05 1.000000000000000000e+00 4.155769450639617467e-05 8.963124287994176786e-05 1.019954081699366100e+01 9.101373253252060813e-01 8.728527306492500637e-01 9.484327224780882970e-01 0.000000000000000000e+00
6.821832490226549695e+00 1.817435247853842917e+00 6.102215292409078233e-05 1.000000000000000000e+00 3.743963317936015162e-05 8.624264696560141790e-05 8.660722461763995739e+00 9.184705283934728737e-01 8.807927187431054961e-01 9.571702373428347954e-01 0.000000000000000000e+00
6.827521286182038907e+00 1.815920932796593723e+00 5.652460988808297144e-05 1.000000000000000000e+00 3.271493519572584439e-05 8.198324160135257591e-05 7.189665544885102122e+00 9.214347602637754653e-01 8.836170067251930549e-01 9.602770843916986765e-01 0.000000000000000000e+00
6.833214826082717686e+00 1.814407879489987385e+00 5.138347766840822427e-05 1.000000000000000000e+00 2.762453472805729261e-05 7.681633623321088803e-05 5.883178025290419555e+00 9.236030594195294707e-01 8.855802492211162225e-01 9.626565968265937689e-01 0.000000000000000000e+00
6.838913113884609984e+00 1.812896086882713975e+00 4.467255802568129521e-05 1.000000000000000000e+00 2.126884277167791839e-05 6.978398564396460471e-05 4.493618319683520212e+00 9.355722556385910327e-01 8.969914995428091009e-01 9.751985597576532383e-01 0.000000000000000000e+00
6.844616153547039339e+00 1.811385553924339531e+00 4.002162007098082348e-05 1.000000000000000000e+00 1.709909516638595135e-05 6.467989546168217583e-05 3.691143772484991814e+00 9.439686988616741159e-01 9.055480154802970638e-01 9.834175371474072058e-01 0.000000000000000000e+00
6.850323949032630644e+00 1.809876279565305390e+00 3.916071298007532008e-05 1.000000000000000000e+00 1.653566651726737306e-05 6.352659889493771257e-05 3.616460730093407960e+00 9.395585588488077899e-01 9.011608196089025968e-01 9.789894844177082778e-01 0.000000000000000000e+00
6.856036504307313706e+00 1.808368262756926637e+00 3.818795578905449529e-05 1.000000000000000000e+00 1.569777831635603207e-05 6.240196145158456698e-05 3.470726677475255428e+00 9.394178376750701442e-01 9.006827096401610611e-01 9.791961718504369472e-01 0.000000000000000000e+00
6.861753823340325908e+00 1.806861502451392543e+00 3.682664933798563935e-05 1.000000000000000000e+00 1.440699899926043526e-05 6.095030254752628179e-05 3.223507289717744584e+00 9.416241960635928221e-01 9.030555590306446057e-01 9.811796937547253572e-01 0.000000000000000000e+00
6.867475910104213099e+00 1.805355997601766127e+00 3.473191109118214340e-05 1.000000000000000000e+00 1.234060786627532086e-05 5.881801647588046588e-05 2.857109467530861480e+00 9.452020647864211034e-01 9.061789212542767924e-01 9.852118670815964707e-01 0.000000000000000000e+00
6.873202768574835808e+00 1.803851747161981711e+00 3.328288014136033727e-05 1.000000000000000000e+00 1.101067975155357268e-05 5.726530271972510235e-05 2.635039286419981863e+00 9.416424989122169631e-01 9.028526669456468090e-01 9.813205186467663932e-01 0.000000000000000000e+00
6.878934402731368358e+00 1.802348750086846252e+00 3.160372488489866338e-05 1.000000000000000000e+00 9.491621573946241796e-06 5.544615319714810695e-05 2.401261512597884007e+00 9.359672316997047492e-01 8.967795456420698530e-01 9.759030431180496512e-01 0.000000000000000000e+00
6.884670816556305084e+00 1.800847005332036233e+00 2.631859310989022251e-05 1.000000000000000000e+00 4.488890283853357667e-06 4.988595010216366563e-05 1.674233634703213625e+00 9.471436435770300699e-01 9.078079169598346487e-01 9.874153194843944270e-01 0.000000000000000000e+00
6.890412014035459443e+00 1.799346511854099884e+00 2.207849707176915980e-05 1.000000000000000000e+00 5.325010346671525067e-07 4.534578281705276448e-05 1.188067979103877292e+00 9.498785724452660784e-01 9.107892915118884769e-01 9.899204879119881673e-01 0.000000000000000000e+00
6.896157999157970231e+00 1.797847268610453630e+00 1.736613371556214788e-05 1.000000000000000000e+00 -3.853732834102227919e-06 4.028652750722174175e-05 7.448198999456394631e-01 9.504706872103183546e-01 9.110231248573406049e-01 9.908843253463162082e-01 0.000000000000000000e+00
6.901908775916301586e+00 1.796349274559382980e+00 9.731110260186442374e-06 1.000000000000000000e+00 -1.093789216963609357e-05 3.208249291193237586e-05 2.387490893157604432e-01 9.603625806504372253e-01 9.207296190581736317e-01 1.001061152896397077e+00 0.000000000000000000e+00
6.907664348306248314e+00 1.794852528660041413e+00 1.340769113178055239e-06 1.000000000000000000e+00 -1.853604564605374662e-05 2.289728119301309597e-05 4.709538281346681288e-03 9.657316927939216811e-01 9.261074595568342671e-01 1.006440071446214279e+00 0.000000000000000000e+00
6.913424720326936779e+00 1.793357029872449937e+00 -8.570047100285730759e-06 -1.000000000000000000e+00 -2.745289913801031033e-05 1.200501868345940478e-05 2.023304038348499034e-01 9.696740636710629024e-01 9.299317033062979299e-01 1.010507122290953408e+00 0.000000000000000000e+00
6.919189895980827565e+00 1.791862777157495312e+00 -2.113814260314255455e-05 -1.000000000000000000e+00 -3.900702431256219136e-05 -1.656619433114978822e-06 1.289657454989949770e+00 9.776553120623262538e-01 9.378440728338394150e-01 1.018553371648108774e+00 0.000000000000000000e+00
6.924959879273719920e+00 1.790369769476931161e+00 -3.859046313127477353e-05 -1.000000000000000000e+00 -6.154848930288930398e-05 -1.982473188560084584e-05 4.321209302784822626e+00 9.987053510388651523e-01 9.583220965893783916e-01 1.040256830827685386e+00 0.000000000000000000e+00
6.930734674214753532e+00 1.788878005793375303e+00 -6.860738526444713737e-05 -1.000000000000000000e+00 -8.707310727101495826e-05 -4.673130942614148523e-05 1.043060045639732891e+01 1.011835858615593553e+00 9.710486499012418449e-01 1.053718779158377528e+00 0.000000000000000000e+00
6.936514284816411191e+00 1.787387485070310644e+00 -9.041339481428348321e-05 -1.000000000000000000e+00 -1.125803543372231333e-04 -7.294458001168741294e-05 1.991119256014908956e+01 1.024421241716987785e+00 9.834288711092116220e-01 1.066514193955470979e+00 0.000000000000000000e+00
6.942298715094520567e+00 1.785898206272082511e+00 -1.059014749711031938e-04 -1.000000000000000000e+00 -1.223584133537661289e-04 -9.075917352213619730e-05 3.015609419805025482e+01 1.027678508764850784e+00 9.863154345952042101e-01 1.070168268121157951e+00 0.000000000000000000e+00
6.948087969068260428e+00 1.784410168363900873e+00 -1.099740788310186318e-04 -1.000000000000000000e+00 -1.232115427905725762e-04 -9.752941739559717826e-05 3.838430678355835823e+01 1.042200863403601963e+00 1.000197703021982853e+00 1.085341817481608073e+00 0.000000000000000000e+00
6.953882050760158862e+00 1.782923370311836564e+00 -1.093027259380164505e-04 -1.000000000000000000e+00 -1.195688631265045182e-04 -9.777645306582181852e-05 4.143913867818204722e+01 1.047663630155516667e+00 1.006181361989007872e+00 1.090253441166231241e+00 0.000000000000000000e+00
6.959680964196100383e+00 1.781437811082822398e+00 -1.069293247382967514e-04 -1.000000000000000000e+00 0.000000000000000000e+00 0.000000000000000000e+00 0.000000000000000000e+00 1.045965668514773128e+00 0.000000000000000000e+00 0.000000000000000000e+00 1.000000000000000000e+00
6.965484713405325046e+00 1.779953489644652054e+00 -2.741249838749876050e-04 -1.000000000000000000e+00 0.000000000000000000e+00 0.000000000000000000e+00 0.000000000000000000e+00 1.077297127340151484e+00 0.000000000000000000e+00 0.000000000000000000e+00 1.000000000000000000e+00
6.971293302420433768e+00 1.778470404965979412e+00 -4.123112395884831168e-04 -1.000000000000000000e+00 0.000000000000000000e+00 0.000000000000000000e+00 0.000000000000000000e+00 1.092207012494052165e+00 0.000000000000000000e+00 0.000000000000000000e+00 1.000000000000000000e+00
6.977106735277391003e+00 1.776988556016316556e+00 -9.936387348135502606e-05 -1.000000000000000000e+00 -1.150412020255325320e-04 -8.034494672306902792e-05 2.891926586555300105e+01 1.040613563230620597e+00 9.984474767413669127e-01 1.083929196520153626e+00 0.000000000000000000e+00
6.982925016015525621e+00 1.775507941766035547e+00 -8.731197327832459750e-05 -1.000000000000000000e+00 -1.050739082019331889e-04 -7.137623050673466024e-05 2.408880883557203845e+01 1.035106402169178708e+00 9.932574757340359994e-01 1.078091994056940228e+00 0.000000000000000000e+00
6.988748148677535355e+00 1.774028561186365982e+00 -8.050733685927661805e-05 -1.000000000000000000e+00 -9.421843921321736192e-05 -6.498165801874106477e-05 1.991062767237649211e+01 1.028901140099416800e+00 9.868206645866323123e-01 1.072142575968096478e+00 0.000000000000000000e+00
6.994576137309488573e+00 1.772550413249394330e+00 -7.301354818341989521e-05 -1.000000000000000000e+00 -8.768560149317536096e-05 -5.647117518375641240e-05 1.559666788535542992e+01 1.019871080594889845e+00 9.777658119790662017e-01 1.063145774047248526e+00 0.000000000000000000e+00
7.000408985960828723e+00 1.771073496928063928e+00 -6.429810309530734264e-05 -1.000000000000000000e+00 0.000000000000000000e+00 0.000000000000000000e+00 0.000000000000000000e+00 1.013892084898613488e+00 0.000000000000000000e+00 0.000000000000000000e+00 1.000000000000000000e+00
7.006246698684376106e+00 1.769597811196173431e+00 -5.431103742125706758e-05 -1.000000000000000000e+00 -7.056505728445975440e-05 -3.613908382421593402e-05 8.146672531103703818e+00 1.001652587862128074e+00 9.597704442160625016e-01 1.044712631979922923e+00 0.000000000000000000e+00
7.012089279536330544e+00 1.768123355028376364e+00 -4.587413574304930987e-05 -1.000000000000000000e+00 -6.293325538840327125e-05 -2.688041492802673162e-05 5.619395153399651122e+00 9.960364485708262938e-01 9.542668000735904377e-01 1.038983893987970974e+00 0.000000000000000000e+00
7.017936732576273151e+00 1.766650127400181791e+00 -3.843992715734269040e-05 -1.000000000000000000e+00 -5.633171328595842832e-05 -1.860786378867362127e-05 3.795867605334919404e+00 9.922219043501583347e-01 9.503476003407883566e-01 1.035284333501495846e+00 0.000000000000000000e+00
7.023789061867172556e+00 1.765178127287950538e+00 -3.407728291555584313e-05 -1.000000000000000000e+00 -5.271030579671253876e-05 -1.351279144073938343e-05 2.855982943652151107e+00 1.003383461228299023e+00 9.610831137912329014e-01 1.046882550634442577e+00 0.000000000000000000e+00
7.029646271475383124e+00 1.763707353668898525e+00 -2.799275120814540753e-05 -1.000000000000000000e+00 -4.723892016633411028e-05 -6.796248683077810068e-06 1.872532058760896234e+00 9.994894931766908908e-01 9.572512244313134966e-01 1.042926885423206773e+00 0.000000000000000000e+00
7.035508365470652059e+00 1.762237805521092104e+00 -2.408992370660766543e-05 -1.000000000000000000e+00 -4.378846562062590602e-05 -2.413028158808457681e-06 1.352998582870270639e+00 1.004419257681252953e+00 9.618909768160351925e-01 1.048155961564890104e+00 0.000000000000000000e+00
7.041375347926120298e+00 1.760769481823449834e+00 -2.039067198705016848e-05 -1.000000000000000000e+00 -4.047570662013463263e-05 1.696202289078790264e-06 9.520746695787778435e-01 1.005459936497442142e+00 9.624705636514020446e-01 1.049681464719185220e+00 0.000000000000000000e+00
7.047247222918324283e+00 1.759302381555740702e+00 -1.718112832006090331e-05 -1.000000000000000000e+00 -3.756597136120107944e-05 5.219406016012218626e-06 6.660498124034575085e-01 1.004371818343653855e+00 9.616512208877989742e-01 1.048310350220148734e+00 0.000000000000000000e+00
7.053123994527200402e+00 1.757836503698584130e+00 -1.465914267063519844e-05 -1.000000000000000000e+00 -3.533754729156808020e-05 8.024002206415519126e-06 4.792420437342457262e-01 1.002688966712473428e+00 9.595608962162003319e-01 1.047060165962435230e+00 0.000000000000000000e+00
7.059005666836087656e+00 1.756371847233449524e+00 -1.287503773454319149e-05 -1.000000000000000000e+00 -3.369554392202549762e-05 9.962459866591382956e-06 3.670130127013919719e-01 1.000957208270944809e+00 9.581219459052561227e-01 1.045021133763250232e+00 0.000000000000000000e+00
7.064892243931729432e+00 1.754908411142653613e+00 -1.075376573506555375e-05 -1.000000000000000000e+00 -3.169107937391009894e-05 1.221958708808305797e-05 2.558274909910380757e-01 9.927934140930316786e-01 9.497074459752748998e-01 1.037132105945135718e+00 0.000000000000000000e+00
7.070783729904277948e+00 1.753446194409361780e+00 -9.575219517779048173e-06 -1.000000000000000000e+00 -3.057869928929109584e-05 1.348532595562519640e-05 2.025338443584558945e-01 9.859616655719460887e-01 9.428402818684518127e-01 1.030345482764269960e+00 0.000000000000000000e+00
7.076680128847296025e+00 1.751985196017586288e+00 -1.013157704800157577e-05 -1.000000000000000000e+00 -3.117688720173755995e-05 1.298822440860429875e-05 2.249209159489282683e-01 9.858904428128206776e-01 9.430159066965863035e-01 1.030012098344837757e+00 0.000000000000000000e+00
7.082581444857760644e+00 1.750525414952186498e+00 -1.129472907076043086e-05 -1.000000000000000000e+00 -3.247698152849124099e-05 1.197759060725518203e-05 2.754635439767270100e-01 9.876483830866696900e-01 9.442768496183573390e-01 1.032292340674500597e+00 0.000000000000000000e+00
7.088487682036063831e+00 1.749066850198867318e+00 -9.775935484540423370e-06 -1.000000000000000000e+00 -3.121817854654153639e-05 1.378507100319612996e-05 2.033220335263337120e-01 9.751872149485598662e-01 9.318535507003405938e-01 1.019804318687472122e+00 0.000000000000000000e+00
7.094398844486017985e+00 1.747609500744178535e+00 -9.431851329739592124e-06 -1.000000000000000000e+00 -3.117745634902665869e-05 1.446062015299603740e-05 1.847414842701340376e-01 9.749451450364814420e-01 9.315748328843489467e-01 1.019599249161638577e+00 0.000000000000000000e+00
7.100314936314857661e+00 1.746153365575515037e+00 -6.792451810354501155e-06 -1.000000000000000000e+00 -2.895957808638264207e-05 1.753763296724365693e-05 9.363778031270442170e-02 9.710689133874172985e-01 9.275576017510920313e-01 1.015874908820911582e+00 0.000000000000000000e+00
7.106235961633242226e+00 1.744698443681114597e+00 -2.251436215898805643e-06 -1.000000000000000000e+00 -2.484415859022688964e-05 2.249578781437723194e-05 1.011757150070025091e-02 9.681910364591987950e-01 9.247159800908165694e-01 1.012953719770071315e+00 0.000000000000000000e+00
7.112161924555259418e+00 1.743244734050058975e+00 5.274223228644580451e-06 1.000000000000000000e+00 -1.769039613847424891e-05 3.035584422861057596e-05 5.550463178559539301e-02 9.588630400480214755e-01 9.153358485927138855e-01 1.003609006693291228e+00 0.000000000000000000e+00
7.118092829198427118e+00 1.741792235672271039e+00 1.252870432107783884e-05 1.000000000000000000e+00 -1.061824290234353224e-05 3.775694780851104708e-05 3.172814597351276689e-01 9.548326298171250226e-01 9.109509400178685823e-01 9.998920331108657189e-01 0.000000000000000000e+00
7.124028679683696907e+00 1.740340947538516092e+00 1.936410303441811115e-05 1.000000000000000000e+00 -3.792565917927096875e-06 4.459469692351255242e-05 7.740959512396017317e-01 9.493460958837671715e-01 9.058375264883939959e-01 9.939149918571141828e-01 0.000000000000000000e+00
7.129969480135457616e+00 1.738890868640399878e+00 2.424440761702384092e-05 1.000000000000000000e+00 1.075963093651072938e-06 4.948858440086285058e-05 1.234138874826243182e+00 9.451587579814122453e-01 9.015080745598640366e-01 9.897737329823945718e-01 0.000000000000000000e+00
7.135915234681537100e+00 1.737441997970369245e+00 2.630962364488518274e-05 1.000000000000000000e+00 3.134346592522508609e-06 5.157201842690500805e-05 1.461078065194485021e+00 9.438889322954537864e-01 9.002688991240036520e-01 9.884395257624044584e-01 0.000000000000000000e+00
7.141865947453204910e+00 1.735994334521709703e+00 2.424269156567572709e-05 1.000000000000000000e+00 1.039401888711970814e-06 4.951572493955683273e-05 1.229439030099456431e+00 9.514400148832714565e-01 9.076214933577786415e-01 9.963762600379419965e-01 0.000000000000000000e+00
7.147821622585176726e+00 1.734547877288545648e+00 1.957575097215671832e-05 1.000000000000000000e+00 -3.610519204333963265e-06 4.483600927374120117e-05 7.904755254656805619e-01 9.579765080928157595e-01 9.136197325199493235e-01 1.003585394568503153e+00 0.000000000000000000e+00
7.153782264215615250e+00 1.733102625265839913e+00 1.147856985129663401e-05 1.000000000000000000e+00 -1.148659836803276013e-05 3.655704873865752835e-05 2.679693720581894922e-01 9.697204487823789520e-01 9.254377025218595287e-01 1.015350665590065704e+00 0.000000000000000000e+00
7.159747876486134643e+00 1.731658577449392222e+00 5.243339908039287694e-06 1.000000000000000000e+00 -1.741045349071744543e-05 3.007650045514309055e-05 5.609527209466591557e-02 9.605499286420843275e-01 9.158936296550278522e-01 1.006499253148275486e+00 0.000000000000000000e+00
7.165718463541802308e+00 1.730215732835839626e+00 -6.016576772362765726e-06 -1.000000000000000000e+00 -2.806804464771121406e-05 1.826977635625051780e-05 7.389298179495540353e-02 9.763530995775289156e-01 9.317040906125589883e-01 1.022363880129699254e+00 0.000000000000000000e+00
7.171694029531142434e+00 1.728774090422655174e+00 -1.182248642826561703e-05 -1.000000000000000000e+00 -3.343632603522524898e-05 1.206126109845207859e-05 2.890682769333210445e-01 9.629719157062827106e-01 9.181510815144828808e-01 1.009182718287515712e+00 0.000000000000000000e+00
7.177674578606138667e+00 1.727333649208146804e+00 -1.941309024013477042e-05 -1.000000000000000000e+00 -4.054894806779693584e-05 4.050109306982109362e-06 7.823379804284229522e-01 9.668035365466494113e-01 9.216939194531571511e-01 1.013312706411687358e+00 0.000000000000000000e+00
7.183660114922237661e+00 1.725894408191456675e+00 -2.416279734980157835e-05 -1.000000000000000000e+00 -4.496562116827423450e-05 -9.459576416374828201e-07 1.210103129264368249e+00 9.653816177523579789e-01 9.205745038256107904e-01 1.011567459866047125e+00 0.000000000000000000e+00
7.189650642638349964e+00 1.724456366372562499e+00 -2.725684979349589815e-05 -1.000000000000000000e+00 -4.814359132037764879e-05 -3.939015315164725537e-06 1.512340405644749808e+00 9.688144608848416883e-01 9.234170123405313069e-01 1.015620111883511090e+00 0.000000000000000000e+00
7.195646165916856241e+00 1.723019522752273547e+00 -2.776586630952512916e-05 -1.000000000000000000e+00 -4.902661186204241097e-05 -4.104525622332530976e-06 1.524623257885778571e+00 9.761884774366076378e-01 9.308438053482920305e-01 1.022929480601881380e+00 0.000000000000000000e+00
7.201646688923606376e+00 1.721583876332232421e+00 -2.213506134546967629e-05 -1.000000000000000000e+00 -4.397489589318608972e-05 2.087685919080989685e-06 9.519768800728058977e-01 9.720235206016613061e-01 9.262549719834207718e-01 1.019220666270046260e+00 0.000000000000000000e+00
7.207652215827925701e+00 1.720149426114913060e+00 -1.226499668097906433e-05 -1.000000000000000000e+00 -3.466604037698092317e-05 1.251792612010514720e-05 2.909936442542431223e-01 9.649174824178099463e-01 9.191205072100672169e-01 1.012156254510308884e+00 0.000000000000000000e+00
7.213662750802614987e+00 1.718716171103621404e+00 9.488169435905315420e-08 1.000000000000000000e+00 -2.292440000170589752e-05 2.547534771355223883e-05 1.741163913493437576e-05 9.567317036928983942e-01 9.111635500905410634e-01 1.003739369575930240e+00 0.000000000000000000e+00
7.219678298023954888e+00 1.717284110302493172e+00 1.531252892597052541e-05 1.000000000000000000e+00 -8.455998070452944095e-06 4.139782369129142671e-05 4.541808003672826999e-01 9.374669375309798713e-01 8.921499006217233907e-01 9.842378952205317333e-01 0.000000000000000000e+00
7.225698861671710382e+00 1.715853242716494531e+00 2.826777584917281226e-05 1.000000000000000000e+00 3.838007948425042789e-06 5.497324976465943849e-05 1.540085472720917892e+00 9.289529921969003068e-01 8.838790587101974516e-01 9.754850055747226190e-01 0.000000000000000000e+00
7.231724445929129885e+00 1.714423567351419875e+00 3.973734631625167269e-05 1.000000000000000000e+00 1.466882858822676766e-05 6.706261404606216894e-05 3.015211135132005893e+00 9.219660281053316808e-01 8.768358493956651678e-01 9.685526683518788094e-01 0.000000000000000000e+00
7.237755054982951464e+00 1.712995083213891823e+00 5.147047861949273267e-05 1.000000000000000000e+00 2.570770098571616215e-05 7.949339157904210631e-05 5.006568210982848655e+00 9.040110107030664421e-01 8.586296538915435539e-01 9.507079991121780704e-01 0.000000000000000000e+00
7.243790693023404614e+00 1.711567789311361887e+00 5.921474860652368684e-05 1.000000000000000000e+00 3.286343211535814419e-05 8.783491478804136463e-05 6.489352071650458242e+00 8.976248291164247162e-01 8.525415798379010202e-01 9.439097460519806360e-01 0.000000000000000000e+00
7.249831364244212040e+00 1.710141684652107807e+00 6.340263790473608723e-05 1.000000000000000000e+00 3.653884033512168664e-05 9.253659198744052319e-05 7.248863319495882251e+00 8.994108111235541436e-01 8.540416705724001023e-01 9.460247891803303943e-01 0.000000000000000000e+00
7.255877072842594977e+00 1.708716768245233997e+00 6.754612979107204825e-05 1.000000000000000000e+00 4.024384443558287421e-05 9.712952146660035365e-05 8.079416422780653306e+00 8.899486486290074660e-01 8.440631205149002891e-01 9.369092590597504211e-01 0.000000000000000000e+00
7.261927823019274086e+00 1.707293039100669763e+00 6.565221743069364927e-05 1.000000000000000000e+00 3.818116271102201648e-05 9.540692232334018049e-05 7.486007874159071207e+00 9.010133949130951780e-01 8.547871863510231316e-01 9.485485096648066383e-01 0.000000000000000000e+00
7.267983618978473004e+00 1.705870496229170197e+00 6.326641895930529128e-05 1.000000000000000000e+00 3.575503964969289753e-05 9.309384933102937340e-05 6.897657591086129969e+00 9.043306801986423782e-01 8.575311254911440750e-01 9.525152940497794152e-01 0.000000000000000000e+00
7.274044464927921894e+00 1.704449138642313732e+00 6.013279120087526277e-05 1.000000000000000000e+00 3.277042082518326674e-05 8.986140995453071635e-05 6.236495427100322786e+00 9.034593637718398851e-01 8.569730593053878076e-01 9.513003697182476071e-01 0.000000000000000000e+00
7.280110365078859225e+00 1.703028965352503699e+00 5.574748284431573186e-05 1.000000000000000000e+00 2.857510033428426675e-05 8.532568663939692536e-05 5.373826539555238924e+00 9.037253984212076929e-01 8.567129324710403004e-01 9.521181799195009843e-01 0.000000000000000000e+00
7.286181323646034436e+00 1.701609975372965211e+00 4.791766969865264174e-05 1.000000000000000000e+00 2.107026072005880644e-05 7.720293042013607471e-05 3.945351869848991555e+00 9.190323172768429805e-01 8.717138421074682730e-01 9.674670453885273469e-01 0.000000000000000000e+00
7.292257344847713263e+00 1.700192167717745617e+00 4.392525339957649259e-05 1.000000000000000000e+00 1.718241913795882296e-05 7.314444755735096488e-05 3.304938885919170843e+00 9.125565946653911853e-01 8.646191606096405025e-01 9.614132477653578590e-01 0.000000000000000000e+00
7.298338432905678630e+00 1.698775541401714717e+00 3.578565565307803060e-05 1.000000000000000000e+00 9.241383480760789266e-06 6.479472629769959823e-05 2.163225948450815395e+00 9.275728104883133041e-01 8.794047942473548485e-01 9.770892277237740453e-01 0.000000000000000000e+00
7.304424592045234199e+00 1.697360095440562322e+00 3.011653189221445058e-05 1.000000000000000000e+00 3.740261267870780151e-06 5.900763031458082942e-05 1.519647034307638478e+00 9.316014023874225058e-01 8.833871903547680926e-01 9.812173226971395712e-01 0.000000000000000000e+00
7.310515826495206149e+00 1.695945828850798032e+00 2.150319856728415732e-05 1.000000000000000000e+00 -4.606639479289511446e-06 5.016694872025108897e-05 7.652664118665342130e-01 9.561198153716722326e-01 9.072793542821880886e-01 1.006506121868383952e+00 0.000000000000000000e+00
7.316612140487947613e+00 1.694532740649751679e+00 1.866592200494397594e-05 1.000000000000000000e+00 -7.315314223547735235e-06 4.722576335178926610e-05 5.752148879378893298e-01 9.581370491952052593e-01 9.092768420418162467e-01 1.008525558822276569e+00 0.000000000000000000e+00
7.322713538259342236e+00 1.693120829855571774e+00 1.269009721072715798e-05 1.000000000000000000e+00 -1.305040928259153226e-05 4.103035643083153048e-05 2.635115906806078101e-01 9.857665108958285627e-01 9.360085590742897033e-01 1.036553233469344582e+00 0.000000000000000000e+00
7.328820024048804171e+00 1.691710095487224841e+00 9.461035139817647061e-06 1.000000000000000000e+00 -1.611507703517642585e-05 3.756783124173867101e-05 1.463012104259320267e-01 1.007040243236168919e+00 9.569578390672597301e-01 1.058525913538802099e+00 0.000000000000000000e+00
7.334931602099284298e+00 1.690300536564494527e+00 1.126483990662044892e-05 1.000000000000000000e+00 -1.417518345293062741e-05 3.923125355532780696e-05 2.103815391897114750e-01 1.005855785544766068e+00 9.558713443637925078e-01 1.057224395488499225e+00 0.000000000000000000e+00
7.341048276657271110e+00 1.688892152107981603e+00 9.917851479840269612e-06 1.000000000000000000e+00 -1.530790858361751318e-05 3.768820330628400102e-05 1.643785962073707196e-01 1.023822311696940490e+00 9.734243718389915534e-01 1.075820421988158637e+00 0.000000000000000000e+00
7.347170051972794269e+00 1.687484941139102412e+00 1.154708614979044648e-05 1.000000000000000000e+00 -1.364843510806705064e-05 3.930874884175230319e-05 2.241665773913723569e-01 1.022760097014342451e+00 9.724362594099584811e-01 1.074672976329743346e+00 0.000000000000000000e+00
7.353296932299427269e+00 1.686078902680089531e+00 1.037748036634901939e-05 1.000000000000000000e+00 -1.493651552655032477e-05 3.825336272400392372e-05 1.786640603851878950e-01 1.034018780014925198e+00 9.832084825470471801e-01 1.086490527365137959e+00 0.000000000000000000e+00
7.359428921894291875e+00 1.684674035753989330e+00 7.496462065107166675e-06 1.000000000000000000e+00 -1.807319332716126752e-05 3.560128428207015415e-05 9.076805925036524059e-02 1.050483707961470614e+00 9.986740923683296023e-01 1.104000865407148479e+00 0.000000000000000000e+00
7.365566025018059015e+00 1.683270339384662417e+00 7.833615276776751857e-06 1.000000000000000000e+00 -1.799249797128612058e-05 3.618069399452349930e-05 9.738041083495119210e-02 1.044024739777614563e+00 9.926356724959989331e-01 1.097106919367522027e+00 0.000000000000000000e+00
7.371708245934952330e+00 1.681867812596783196e+00 4.365161106761379588e-06 1.000000000000000000e+00 -2.145595689019013196e-05 3.270916921256082123e-05 2.991280297150211709e-02 1.056202622059259522e+00 1.003948754567713930e+00 1.110187349298423554e+00 0.000000000000000000e+00
7.377855588912752616e+00 1.680466454415837863e+00 2.585769654027553255e-06 1.000000000000000000e+00 -2.287705659269478553e-05 3.059764796366754280e-05 1.065269426109693995e-02 1.055855052123926940e+00 1.003994396823192803e+00 1.109422965863703370e+00 0.000000000000000000e+00
7.384008058222798709e+00 1.679066263868125519e+00 -1.265540728410058320e-06 -1.000000000000000000e+00 -2.613961563064964351e-05 2.618268329620412438e-05 2.619890736369256956e-03 1.063518216340088030e+00 1.011016742827591575e+00 1.117758127197820750e+00 0.000000000000000000e+00
7.390165658139991045e+00 1.677667239980756175e+00 -6.497717684526058966e-06 -1.000000000000000000e+00 -3.068341141118718582e-05 2.030056612189616965e-05 7.090350482594942605e-02 1.072882655990657463e+00 1.019993920572865198e+00 1.127520264136929073e+00 0.000000000000000000e+00
7.396328392942796093e+00 1.676269381781650081e+00 -1.252431815382571036e-05 -1.000000000000000000e+00 -3.624785772639856036e-05 1.375714460327041874e-05 2.669655176385106188e-01 1.076958323846470167e+00 1.024047157039812417e+00 1.131616434782358294e+00 0.000000000000000000e+00
7.402496266913247247e+00 1.674872688299538392e+00 -2.105182368606208109e-05 -1.000000000000000000e+00 -4.540079126957412010e-05 4.980608577535889259e-06 7.437207448224754103e-01 1.083968837924863537e+00 1.030591836503768510e+00 1.139110457685723610e+00 0.000000000000000000e+00
7.408669284336948380e+00 1.673477158563960288e+00 -3.156275305578180895e-05 -1.000000000000000000e+00 -5.700531525799350539e-05 -5.481855581370715508e-06 1.601580797939753609e+00 1.090980683423471653e+00 1.037326311186981487e+00 1.146403570724726872e+00 0.000000000000000000e+00
7.414847449503079169e+00 1.672082791605264962e+00 -4.262953013465633546e-05 -1.000000000000000000e+00 -6.765338947714504502e-05 -1.615464088108878668e-05 2.758627501507227464e+00 1.097023606029229770e+00 1.042760206112314236e+00 1.153082510010473793e+00 0.000000000000000000e+00
7.421030766704393322e+00 1.670689586454608300e+00 -5.204967249973705947e-05 -1.000000000000000000e+00 -7.580111246863386774e-05 -2.551214661318255812e-05 3.958909121267247144e+00 1.109403664461702688e+00 1.054453838306585567e+00 1.166169607915649609e+00 0.000000000000000000e+00
7.427219240237226572e+00 1.669297542143953983e+00 -5.285692309176849986e-05 -1.000000000000000000e+00 -7.603195948757059011e-05 -2.670358243441888239e-05 4.142668053836260356e+00 1.109739684255483416e+00 1.054892256427365060e+00 1.166390087072523007e+00 0.000000000000000000e+00
7.433412874401496673e+00 1.667906657706072160e+00 -4.808246872531605251e-05 -1.000000000000000000e+00 -7.086304161999762538e-05 -2.225410077985642533e-05 3.542496773489020256e+00 1.110258702921715024e+00 1.055251635984909564e+00 1.167079622100650749e+00 0.000000000000000000e+00
7.439611673500706956e+00 1.666516932174539223e+00 -3.946476556544085507e-05 -1.000000000000000000e+00 -6.250517018697448351e-05 -1.340357840984443151e-05 2.424480759567707366e+00 1.104282449587234094e+00 1.049507386576348900e+00 1.160870612388209100e+00 0.000000000000000000e+00
7.445815641841948995e+00 1.665128364583736253e+00 -2.907873366031589127e-05 -1.000000000000000000e+00 -5.294928215171414691e-05 -2.258015697824538188e-06 1.304235158404779327e+00 1.096027870459230780e+00 1.041144921483688757e+00 1.152748643153307384e+00 0.000000000000000000e+00
7.452024783735907043e+00 1.663740953968849468e+00 -1.766854608935942584e-05 -1.000000000000000000e+00 -4.261485271322728089e-05 1.018174772656565112e-05 4.691274037877306569e-01 1.088188314137127577e+00 1.033460609682137932e+00 1.144758029582372494e+00 0.000000000000000000e+00
7.458239103496859812e+00 1.662354699365868660e+00 -7.937396508737829280e-06 -1.000000000000000000e+00 -3.400792017525370344e-05 2.100834867877627421e-05 9.114300980808565100e-02 1.095610880605961013e+00 1.040331488795843695e+00 1.152757140071064113e+00 0.000000000000000000e+00
7.464458605442683137e+00 1.660969599811586539e+00 4.626001942413239319e-06 1.000000000000000000e+00 -2.261316152507644457e-05 3.470491173310575255e-05 3.002322755082786898e-02 1.089335537463404835e+00 1.033536298546245957e+00 1.147048913407441750e+00 0.000000000000000000e+00
7.470683293894854415e+00 1.659585654343599170e+00 1.756085669297966973e-05 1.000000000000000000e+00 -1.059835836278560567e-05 4.852731024537049577e-05 4.243703714394015947e-01 1.079941398311228484e+00 1.024686297967927429e+00 1.137092534833899604e+00 0.000000000000000000e+00
7.476913173178454386e+00 1.658202862000304201e+00 2.761705078154983990e-05 1.000000000000000000e+00 -1.209282367643242428e-06 5.922999475441136221e-05 1.038107277855807808e+00 1.080261342793677803e+00 1.024403251465829445e+00 1.138059049801931844e+00 0.000000000000000000e+00
7.483148247622170679e+00 1.656821221820899526e+00 3.728731740020063587e-05 1.000000000000000000e+00 8.037225841838812419e-06 6.933931994579760620e-05 1.892479698427194990e+00 1.070810788306543637e+00 1.015560881049674125e+00 1.127974629525019035e+00 0.000000000000000000e+00
7.489388521558299594e+00 1.655440732845385288e+00 4.270537332746437287e-05 1.000000000000000000e+00 1.310943775023429793e-05 7.513335926156246205e-05 2.470663514950530271e+00 1.071297110234199268e+00 1.015432009674316571e+00 1.129115964375939640e+00 0.000000000000000000e+00
7.495633999322752317e+00 1.654061394114560324e+00 4.568710050568709075e-05 1.000000000000000000e+00 1.575281988189946068e-05 7.849126474086596638e-05 2.792627487311847290e+00 1.071033955893523792e+00 1.014851377083868966e+00 1.129190749210650546e+00 0.000000000000000000e+00
7.501884685255054031e+00 1.652683204670022832e+00 4.628995723051386511e-05 1.000000000000000000e+00 1.598563272854754838e-05 7.949051992619035742e-05 2.801713676942931386e+00 1.070815634420352103e+00 1.014594162625111373e+00 1.129012432769240792e+00 0.000000000000000000e+00
7.508140583698349246e+00 1.651306163554170148e+00 4.638500083678211784e-05 1.000000000000000000e+00 1.565208282229065700e-05 8.002020473266453359e-05 2.741543847953295199e+00 1.061600358397722266e+00 1.005177671946583251e+00 1.119999107567917651e+00 0.000000000000000000e+00
7.514401698999403578e+00 1.649930269810196748e+00 4.250793083252186555e-05 1.000000000000000000e+00 1.155422973223419034e-05 7.636943601222200050e-05 2.242122719284573407e+00 1.064472607572184426e+00 1.007922751433844688e+00 1.123015876756431997e+00 0.000000000000000000e+00
7.520668035508609073e+00 1.648555522482095359e+00 4.038547708097005317e-05 1.000000000000000000e+00 9.406590910790938321e-06 7.430680000847328880e-05 2.012396251156090443e+00 1.050501469785528386e+00 9.938398240120543958e-01 1.109083418401770160e+00 0.000000000000000000e+00
7.526939597579984209e+00 1.647181920614653627e+00 3.289362708084656413e-05 1.000000000000000000e+00 2.409638258026925751e-06 6.640025158039817102e-05 1.341096254779401420e+00 1.061510490258435802e+00 1.005032656453040740e+00 1.119962579080188370e+00 0.000000000000000000e+00
7.533216389571179228e+00 1.645809463253457006e+00 2.467670293920383950e-05 1.000000000000000000e+00 -5.104720512484406592e-06 5.756855377170943904e-05 7.677123061654427261e-01 1.076420612118193620e+00 1.019039401357565433e+00 1.135842888579925214e+00 0.000000000000000000e+00
7.539498415843477019e+00 1.644438149444884756e+00 2.191338096399873548e-05 1.000000000000000000e+00 -7.339304061796674710e-06 5.434880895536067428e-05 6.203317282895426388e-01 1.062448773825515280e+00 1.005139751023343297e+00 1.121783406995419563e+00 0.000000000000000000e+00
7.545785680761798453e+00 1.643067978236111282e+00 1.627222171549716422e-05 1.000000000000000000e+00 -1.262111250482277625e-05 4.840184936398809112e-05 3.424648532377929655e-01 1.066442344123305297e+00 1.009089555352917777e+00 1.125834100138088267e+00 0.000000000000000000e+00
7.552078188694705041e+00 1.641698948675104575e+00 9.848846403585648240e-06 1.000000000000000000e+00 -1.906876466338530566e-05 4.204835526453331478e-05 1.224414842103485057e-01 1.077324115119826287e+00 1.019295448833077655e+00 1.137432284958637574e+00 0.000000000000000000e+00
7.558375944014398939e+00 1.640331059810627101e+00 5.815869146884611746e-06 1.000000000000000000e+00 -2.352963305703202203e-05 3.846068424025372498e-05 4.103057639675000701e-02 1.080149585957103309e+00 1.021927294780057505e+00 1.140458009977954656e+00 0.000000000000000000e+00
7.564678951096730941e+00 1.638964310692231585e+00 2.753039876315801372e-06 1.000000000000000000e+00 -2.716984900457567132e-05 3.592979074054536317e-05 8.821796320916064360e-03 1.088816684249796829e+00 1.029886160878370260e+00 1.149870339949052855e+00 0.000000000000000000e+00
7.570987214321198699e+00 1.637598700370265004e+00 4.734328625204942697e-06 1.000000000000000000e+00 -2.552425384282331581e-05 3.821420632863431677e-05 2.573491680060868703e-02 1.087463902734830068e+00 1.028572473749959082e+00 1.148483038746581864e+00 0.000000000000000000e+00
7.577300738070952946e+00 1.636234227895864146e+00 6.384108350537035412e-06 1.000000000000000000e+00 -2.368052506800408734e-05 3.970216261050589176e-05 4.737892794543796526e-02 1.104171045335017753e+00 1.044612821025604710e+00 1.165873000833309137e+00 0.000000000000000000e+00
7.583619526732800153e+00 1.634870892320956948e+00 1.119969331284453419e-05 1.000000000000000000e+00 -1.858920644995373859e-05 4.428575353327824217e-05 1.500653461822594181e-01 1.113338446906467993e+00 1.053029614890525600e+00 1.175828516064129747e+00 0.000000000000000000e+00
7.589943584697204315e+00 1.633508692698261822e+00 2.019793641137038065e-05 1.000000000000000000e+00 -9.586552309558300111e-06 5.330016413676931552e-05 5.010691982341128892e-01 1.098597718919555044e+00 1.039188789153174142e+00 1.160154881809138949e+00 0.000000000000000000e+00
7.596272916358290495e+00 1.632147628081284996e+00 2.572979223439226192e-05 1.000000000000000000e+00 -4.364822035646750850e-06 5.910913831300142554e-05 8.132183527889722541e-01 1.098161733967600640e+00 1.038120398816318790e+00 1.160402962066642951e+00 0.000000000000000000e+00
7.602607526113848380e+00 1.630787697524322288e+00 3.007621949347462603e-05 1.000000000000000000e+00 -5.060363076407334087e-07 6.389643861399668472e-05 1.090999795422824548e+00 1.095839146750622994e+00 1.036210009435331481e+00 1.157648799376212567e+00 0.000000000000000000e+00
7.608947418365335835e+00 1.629428900082457776e+00 3.303876081837101600e-05 1.000000000000000000e+00 1.834741942746060989e-06 6.745686257134522799e-05 1.281856446500789559e+00 1.090952392981913821e+00 1.030671238779542032e+00 1.153474011111409903e+00 0.000000000000000000e+00
7.615292597517878903e+00 1.628071234811562906e+00 3.318599275833201127e-05 1.000000000000000000e+00 1.539618531206443988e-06 6.809634407036691743e-05 1.256752948107987322e+00 1.091788740643638178e+00 1.031766262312641125e+00 1.154027243527957269e+00 0.000000000000000000e+00
7.621643067980279795e+00 1.626714700768294497e+00 3.196987926083569461e-05 1.000000000000000000e+00 -3.429986282216783032e-08 6.733521902920760419e-05 1.139320322678898378e+00 1.092571099894395825e+00 1.031719635648619571e+00 1.155688974232695676e+00 0.000000000000000000e+00
7.627998834165015118e+00 1.625359297010096737e+00 3.260368390083829041e-05 1.000000000000000000e+00 3.027064735164043891e-07 6.834933738014211280e-05 1.168329045025636503e+00 1.080360646269237890e+00 1.019391351415577240e+00 1.143623001999931388e+00 0.000000000000000000e+00
7.634359900488242090e+00 1.624005022595198744e+00 3.102930830976065329e-05 1.000000000000000000e+00 -1.405945574767937750e-06 6.692270915025374481e-05 1.043355838134871760e+00 1.081618245811013068e+00 1.020614402186131420e+00 1.144916348741768841e+00 0.000000000000000000e+00
7.640726271369800315e+00 1.622651876582614117e+00 3.143157091966608719e-05 1.000000000000000000e+00 -1.107770483934406491e-06 6.739513227947208562e-05 1.066241088852827090e+00 1.075523384716017938e+00 1.014316836293972068e+00 1.139057786736779487e+00 0.000000000000000000e+00
7.647097951233216229e+00 1.621299858032140939e+00 3.111388007120311996e-05 1.000000000000000000e+00 -1.263143183653570912e-06 6.690970796404202428e-05 1.051434062775193468e+00 1.075896219879222127e+00 1.014777959811349994e+00 1.139340785732286587e+00 0.000000000000000000e+00
7.653474944505703093e+00 1.619948966004359558e+00 3.013465950992929006e-05 1.000000000000000000e+00 -1.876383592456437393e-06 6.559954706497919360e-05 1.003185521552637738e+00 1.080102369095578219e+00 1.018599568609330763e+00 1.143953613280516590e+00 0.000000000000000000e+00
7.659857255618167216e+00 1.618599199560634805e+00 2.924352107672557207e-05 1.000000000000000000e+00 -2.296256489685860754e-06 6.427665683482039949e-05 9.661652097172961362e-01 1.080858963522067784e+00 1.019487224308593065e+00 1.144569572826912074e+00 0.000000000000000000e+00
7.666244889005210617e+00 1.617250557763112662e+00 2.955833351149850566e-05 1.000000000000000000e+00 -1.643895755229584472e-06 6.426455958202301872e-05 1.008967546654865544e+00 1.068047341997269362e+00 1.006722055832137697e+00 1.131721295114423320e+00 0.000000000000000000e+00
7.672637849105131913e+00 1.615903039674720043e+00 2.599759778092848524e-05 1.000000000000000000e+00 -4.921772947462561571e-06 6.041276371680014503e-05 7.856014881406494510e-01 1.068705517573090402e+00 1.006662660231310680e+00 1.133155386274179000e+00 0.000000000000000000e+00
7.679036140359931650e+00 1.614556644359165460e+00 2.023424175024105478e-05 1.000000000000000000e+00 -1.039737668404740027e-05 5.438496676752527356e-05 4.736125364313963360e-01 1.071481171581400993e+00 1.009750745632227220e+00 1.135600532378811423e+00 0.000000000000000000e+00
7.685439767215314077e+00 1.613211370880937023e+00 1.184351771818217761e-05 1.000000000000000000e+00 -1.853791425847890634e-05 4.580993953259000057e-05 1.601537295906396707e-01 1.079031650123061237e+00 1.016309938855773032e+00 1.144208100354062951e+00 0.000000000000000000e+00
7.691848734120691589e+00 1.611867218305303329e+00 6.003227895454904593e-07 1.000000000000000000e+00 -2.933278469352069490e-05 3.423055251247320789e-05 4.041297174666169667e-04 1.095473211739741437e+00 1.032631104852438142e+00 1.160737164473864658e+00 0.000000000000000000e+00
7.698263045529186499e+00 1.610524185698310351e+00 -9.761225044491956345e-06 -1.000000000000000000e+00 -3.931065964445565726e-05 2.356636731920584504e-05 1.053220018143434800e-01 1.104224639525965834e+00 1.040318941886514414e+00 1.170611249768037210e+00 0.000000000000000000e+00
7.704682705897634598e+00 1.609182272126782998e+00 -1.866074132461997422e-05 -1.000000000000000000e+00 -4.776033853529284689e-05 1.424458548711207128e-05 3.817404178419536720e-01 1.108883830904604295e+00 1.045224756580072967e+00 1.174997123440462143e+00 0.000000000000000000e+00
7.711107719686588702e+00 1.607841476658323998e+00 -2.589224244384309335e-05 -1.000000000000000000e+00 -5.444669965828321417e-05 6.505044112558867582e-06 7.383318030364094398e-01 1.115386152581122836e+00 1.050805873833082549e+00 1.182478820075684611e+00 0.000000000000000000e+00
7.717538091360320429e+00 1.606501798361312572e+00 -3.109536435445578559e-05 -1.000000000000000000e+00 -5.897173558544712888e-05 6.682365732311123206e-07 1.085324819943117802e+00 1.125839429996216445e+00 1.060674819230120747e+00 1.193537398309871600e+00 0.000000000000000000e+00
7.723973825386825531e+00 1.605163236304904206e+00 -3.161017896053991329e-05 -1.000000000000000000e+00 -5.887925296768384514e-05 -3.658517219284597661e-07 1.148048343246102831e+00 1.121231243941003486e+00 1.056718140859123301e+00 1.188238133626621451e+00 0.000000000000000000e+00
7.730414926237823892e+00 1.603825789559029547e+00 -3.126355606466855617e-05 -1.000000000000000000e+00 -5.848767164934342601e-05 -4.835946946142339210e-08 1.127276261367271104e+00 1.118673667275867478e+00 1.053486845715556619e+00 1.186414013920391364e+00 0.000000000000000000e+00
7.736861398388765743e+00 1.602489457194395728e+00 -3.141270396342434068e-05 -1.000000000000000000e+00 -5.899179382579478948e-05 1.246761035775367896e-07 1.114243798429100707e+00 1.124412802226786967e+00 1.059425250009164987e+00 1.191929916631675690e+00 0.000000000000000000e+00
7.743313246318833443e+00 1.601154238282482378e+00 -2.741501563524086161e-05 -1.000000000000000000e+00 -5.580464739178799455e-05 4.875184006035363768e-06 8.281065662627753454e-01 1.112001929044229342e+00 1.046487734578060769e+00 1.180118773263234777e+00 0.000000000000000000e+00
7.749770474510944140e+00 1.599820131895543396e+00 -2.430921401665988709e-05 -1.000000000000000000e+00 -5.311783990766156144e-05 8.455761563030753238e-06 6.369710224030598056e-01 1.115169813415267441e+00 1.049910437743319935e+00 1.183004093582062044e+00 0.000000000000000000e+00
7.756233087451753327e+00 1.598487137106606282e+00 -2.001787045719543009e-05 -1.000000000000000000e+00 -4.923670619181456703e-05 1.321825422744026508e-05 4.274882748117860842e-01 1.120278588705697853e+00 1.054107337556648538e+00 1.189083722207601168e+00 0.000000000000000000e+00
7.762701089631657503e+00 1.597155252989470364e+00 -1.245289418107323424e-05 -1.000000000000000000e+00 -4.224348760861848273e-05 2.137186774022967612e-05 1.648087469168260100e-01 1.110642186441168855e+00 1.045188638730130570e+00 1.178692551273097466e+00 0.000000000000000000e+00
7.769174485544799502e+00 1.595824478618706577e+00 -5.481314337768680025e-06 -1.000000000000000000e+00 -3.584906208502238026e-05 2.897760416280721629e-05 3.148876251292875850e-02 1.106122601004274175e+00 1.039999595452557601e+00 1.174908059010007833e+00 0.000000000000000000e+00
7.775653279689067610e+00 1.594494813069657235e+00 1.535919698846902790e-06 1.000000000000000000e+00 -2.975756357288677310e-05 3.674489047508077029e-05 2.424876272961284940e-03 1.100810089751928622e+00 1.034392397120760032e+00 1.169935158939218178e+00 0.000000000000000000e+00
7.782137476566102663e+00 1.593166255418435151e+00 7.822928453820262337e-06 1.000000000000000000e+00 -2.426413090812558048e-05 4.360409902730635889e-05 6.197977668130505435e-02 1.096485452390367543e+00 1.030246050456823603e+00 1.165437742627450035e+00 0.000000000000000000e+00
7.788627080681298942e+00 1.591838804741922297e+00 1.409010060531297568e-05 1.000000000000000000e+00 -1.842675380241824395e-05 5.023624716881394469e-05 2.011539841854812494e-01 1.084180504300386039e+00 1.017918784565308599e+00 1.153191303954373748e+00 0.000000000000000000e+00
7.795122096543806833e+00 1.590512460117771143e+00 1.648624248502920874e-05 1.000000000000000000e+00 -1.606218886039957505e-05 5.269962152631970048e-05 2.767638145118738180e-01 1.082636053471666360e+00 1.016528925600122868e+00 1.151481582941089599e+00 0.000000000000000000e+00
7.801622528666539047e+00 1.589187220624400876e+00 1.687068879286809876e-05 1.000000000000000000e+00 -1.571424069180605407e-05 5.307416820317038657e-05 2.914097507295849709e-01 1.078322395882420626e+00 1.011961202313337527e+00 1.147452023383586317e+00 0.000000000000000000e+00
7.808128381566169729e+00 1.587863085341000069e+00 1.369316745337421495e-05 1.000000000000000000e+00 -1.920640606245395101e-05 4.983644313080161316e-05 1.906717562220165973e-01 1.080582520540957603e+00 1.014180642441457003e+00 1.149749030281696838e+00 0.000000000000000000e+00
7.814639659763139790e+00 1.586540053347523793e+00 4.514601524433266633e-06 1.000000000000000000e+00 -2.920859472802610947e-05 4.058125551338718514e-05 2.015189413361184734e-02 1.105047183221727236e+00 1.037375033998765961e+00 1.175527561953108036e+00 0.000000000000000000e+00
7.821156367781661345e+00 1.585218123724693617e+00 -5.800468115644876938e-06 -1.000000000000000000e+00 -3.989771109023117332e-05 3.034312383200677977e-05 3.218761979082529479e-02 1.123371236119702354e+00 1.054190910483300936e+00 1.195439329001061424e+00 0.000000000000000000e+00
7.827678510149716828e+00 1.583897295553998275e+00 -1.532227780766358879e-05 -1.000000000000000000e+00 -4.863289294871203379e-05 2.055988035458824740e-05 2.197586913126343688e-01 1.130334305134637285e+00 1.061255392866187863e+00 1.202269702077038316e+00 0.000000000000000000e+00
7.834206091399066985e+00 1.582577567917689887e+00 -2.469639790418940378e-05 -1.000000000000000000e+00 -5.620499157188943602e-05 1.069892110447613804e-05 5.690749108533523781e-01 1.139890406993234517e+00 1.069631757385677506e+00 1.213072054951705336e+00 0.000000000000000000e+00
7.840739116065250869e+00 1.581258939898786631e+00 -3.280885644785984465e-05 -1.000000000000000000e+00 -6.288249298367155676e-05 1.776457665823016083e-06 1.019072440887434539e+00 1.153816352562317515e+00 1.083640426809678647e+00 1.226870870844003703e+00 0.000000000000000000e+00
7.847277588687588512e+00 1.579941410581070071e+00 -3.816388990911796748e-05 -1.000000000000000000e+00 -6.739413553342175119e-05 -4.398479443319505461e-06 1.410801080898941962e+00 1.164865880223777461e+00 1.093578731163340478e+00 1.239098928637428765e+00 0.000000000000000000e+00
7.853821513809187138e+00 1.578624979049085830e+00 -3.902128829363832237e-05 -1.000000000000000000e+00 -6.771454301371943453e-05 -5.862557198450552443e-06 1.513524650719901388e+00 1.157881763259939412e+00 1.087299543837696447e+00 1.231378891487469485e+00 0.000000000000000000e+00
7.860370895976941163e+00 1.577309644388141585e+00 -4.003891912134287625e-05 -1.000000000000000000e+00 -6.944153413457130458e-05 -7.413741923165588575e-06 1.627360839892041611e+00 1.157606489618040913e+00 1.086204045650095651e+00 1.232004108732510650e+00 0.000000000000000000e+00
7.866925739741537527e+00 1.575995405684307737e+00 -4.097038208342861928e-05 -1.000000000000000000e+00 -7.455952887886306969e-05 -8.773283174249076478e-06 1.739715873024763937e+00 1.158941691369339333e+00 1.087988929162137408e+00 1.232828450745518500e+00 0.000000000000000000e+00
7.873486049657457464e+00 1.574682262024415857e+00 -4.583736197828263629e-05 -1.000000000000000000e+00 -8.454678194064549346e-05 -1.104028574772659001e-05 1.926814183930041224e+00 1.163768468675244305e+00 1.091434054212538918e+00 1.239132732596719411e+00 0.000000000000000000e+00
7.880051830282980951e+00 1.573370212496058462e+00 -5.246263351285765158e-05 -1.000000000000000000e+00 -9.310608297288908391e-05 -1.331046826868002977e-05 2.111142440483583016e+00 1.163006368216736419e+00 1.090837979452121909e+00 1.238174403704730420e+00 0.000000000000000000e+00
7.886623086180188480e+00 1.572059256187587906e+00 -5.209413827044044609e-05 -1.000000000000000000e+00 -9.257286619883861568e-05 -1.318720212396375991e-05 2.090953535329241220e+00 1.153357245163410205e+00 1.080401935874550245e+00 1.229392844688457442e+00 0.000000000000000000e+00
7.893199821914964609e+00 1.570749392188117488e+00 -4.126021437596035098e-05 -1.000000000000000000e+00 -8.261315472994535823e-05 -6.911868024291105634e-06 1.586462895119368000e+00 1.121782479394986876e+00 1.049509384444637039e+00 1.197271625337057888e+00 0.000000000000000000e+00
7.899782042057002407e+00 1.569440619587517682e+00 -3.686247359131710995e-05 -1.000000000000000000e+00 -7.518783091278402283e-05 -2.037345327029756008e-06 1.250883740013193801e+00 1.118430868861816752e+00 1.046272519830230285e+00 1.193746314606288106e+00 0.000000000000000000e+00
7.906369751179806116e+00 1.568132937476418354e+00 -2.504482020801110793e-05 -1.000000000000000000e+00 -6.213531007275433838e-05 9.725686225797044678e-06 6.046158811690105495e-01 1.090486709128099196e+00 1.018922829807755281e+00 1.165233290642187614e+00 0.000000000000000000e+00
7.912962953860692039e+00 1.566826344946206540e+00 -1.691584665165853744e-05 -1.000000000000000000e+00 -5.080910761876125453e-05 1.769072698235770681e-05 2.877692281947759056e-01 1.084506780061524234e+00 1.013413520435930693e+00 1.158750858735600797e+00 0.000000000000000000e+00
7.919561654680794760e+00 1.565520841089027337e+00 -1.252077998740208143e-05 -1.000000000000000000e+00 -4.406269698648763501e-05 2.206612295635821807e-05 1.593688862389512906e-01 1.091951241841332410e+00 1.020229880367820474e+00 1.166865296199835811e+00 0.000000000000000000e+00
7.926165858225068916e+00 1.564216424997781019e+00 -8.621699398896193585e-06 -1.000000000000000000e+00 -3.962324369201341705e-05 2.661592983260367974e-05 7.393536449451687531e-02 1.089085110205287421e+00 1.017430572153109614e+00 1.163937544318009998e+00 0.000000000000000000e+00
7.932775569082291867e+00 1.562913095766124583e+00 -3.783044007381161547e-06 -1.000000000000000000e+00 -3.566898070815525360e-05 3.261174198369574712e-05 1.364399447888331451e-02 1.069542808515942633e+00 9.977101884059323966e-01 1.144539337434746784e+00 0.000000000000000000e+00
7.939390791845069018e+00 1.561610852488469980e+00 -2.783073235789095134e-06 -1.000000000000000000e+00 -3.580271201521112077e-05 3.469303857145912486e-05 7.001224270105410596e-03 1.068806113585956785e+00 9.967902428523272018e-01 1.143996942986391430e+00 0.000000000000000000e+00
7.946011531109834714e+00 1.560309694259983226e+00 -3.207329101987222494e-07 -1.000000000000000000e+00 -3.406506147742801346e-05 3.796850024546974910e-05 9.031982570917307385e-05 1.059286896804803035e+00 9.867623333912670658e-01 1.134888165639948099e+00 0.000000000000000000e+00
7.952637791476856677e+00 1.559009620176584621e+00 3.430492641009619654e-06 1.000000000000000000e+00 -3.049224091572177829e-05 4.207977783641159484e-05 1.034649505685791837e-02 1.045630910556861082e+00 9.721230963454896568e-01 1.121813792813752153e+00 0.000000000000000000e+00
7.959269577550237784e+00 1.557710629334948083e+00 5.049231798079850875e-06 1.000000000000000000e+00 -2.874485471909993424e-05 4.364643394925887322e-05 2.271130236970009264e-02 1.047174822095628066e+00 9.742689648474551767e-01 1.122793070155789774e+00 0.000000000000000000e+00
7.965906893937922284e+00 1.556412720832499597e+00 4.274150162416250558e-06 1.000000000000000000e+00 -2.931363405531788849e-05 4.270704835735185108e-05 1.638498311610447900e-02 1.064244472048787804e+00 9.903571361392382588e-01 1.141367275765304612e+00 0.000000000000000000e+00
7.972549745251694908e+00 1.555115893767417656e+00 7.688501199541794421e-06 1.000000000000000000e+00 -2.589633486359467523e-05 4.618932526946321367e-05 5.313699356884171721e-02 1.055133051738395000e+00 9.818603169450299539e-01 1.131412764561484208e+00 0.000000000000000000e+00
7.979198136107187977e+00 1.553820147238631932e+00 8.075207724076651248e-06 1.000000000000000000e+00 -2.593177318498859479e-05 4.695362632292204288e-05 5.757611612484225816e-02 1.061949272188552174e+00 9.875810750909997937e-01 1.139555005722898029e+00 0.000000000000000000e+00
7.985852071123881402e+00 1.552525480345822828e+00 1.148712934708100466e-05 1.000000000000000000e+00 -2.309424647039666649e-05 5.091796909177193840e-05 1.144334936528039748e-01 1.048190913066680219e+00 9.742771757704724589e-01 1.124906639124326313e+00 0.000000000000000000e+00
7.992511554925108008e+00 1.551231892189421036e+00 1.494095793616470181e-05 1.000000000000000000e+00 -2.025600903131513517e-05 5.502327036444081476e-05 1.904677523479350043e-01 1.033055709746744100e+00 9.576889266569131864e-01 1.110403956676385251e+00 0.000000000000000000e+00
7.999176592138056208e+00 1.549939381870606869e+00 1.713962338961696886e-05 1.000000000000000000e+00 -1.840963253074617413e-05 5.771228986930960504e-05 2.471073674286898836e-01 1.025243337957822742e+00 9.500103335126102166e-01 1.101834852030494805e+00 0.000000000000000000e+00
