# OBJ_NAME=4U 1626-67
#         GRID_START=6.00
#         GRID_END=8.00
#         GRID_STEP_FRACTION=0.50
#         XSPEC_FITSTAT=cstat
#         XSPEC_CONTINUUM_MODEL=tbabs*(bbodyrad + pow)*constant
#         XSPEC_LINE_MODEL=gauss
#         LINE_VELOCITY_WIDTH=500
#         INPUT_FILE=/home/simon/Downloads/tgcat/obs_104_tgid_3536/pm_heg_abs1.pha
#         SEARCH_MODE=Sliding window
#         FIT_REGION_WIDTH=30.00
#         RUNTIME=69
#         COLUMN_NAMES=ENERGY,WAVELENGTH,NORM,NORM_SIGN,NORM_ERR_LO,NORM_ERR_HI,DELTA_FITSTAT,CONSTANT_FACTOR,CONSTANT_FACTOR_ERR_LO,CONSTANT_FACTOR_ERR_HI,FIT_ERR
6.000000000000000000e+00 2.066373137115381287e+00 -3.944765770664848271e-08 -1.000000000000000000e+00 -1.256723478465648410e-05 1.327885143879815264e-05 1.033592455712550873e-05 1.030579028873690461e+00 1.001307227479408590e+00 1.060401610928310090e+00 0.000000000000000000e+00
6.005003461427972589e+00 2.064651403172383937e+00 -1.239108710102206134e-06 -1.000000000000000000e+00 -1.374468400639178544e-05 1.206111489138612880e-05 1.018177563432232091e-02 1.035522116643632140e+00 1.005966773899323652e+00 1.065636217959085918e+00 0.000000000000000000e+00
6.010011095293655181e+00 2.062931103804642063e+00 -1.945052837230222851e-06 -1.000000000000000000e+00 -1.441891492253013574e-05 1.132342308888780380e-05 2.508482587080607118e-02 1.037513517702087773e+00 1.008113279219818637e+00 1.067465966348464246e+00 0.000000000000000000e+00
6.015022905076486737e+00 2.061212237816845594e+00 -1.869765709977396074e-06 -1.000000000000000000e+00 -1.432747829599288628e-05 1.138480486570147796e-05 2.324212618479748471e-02 1.034577800840744910e+00 1.005179531122625924e+00 1.064529756189349641e+00 0.000000000000000000e+00
6.020038894258807005e+00 2.059494804014679215e+00 -2.123096511184991356e-06 -1.000000000000000000e+00 -1.457564945017145754e-05 1.113517804256821627e-05 2.996148001028586805e-02 1.034972854926550223e+00 1.005353023233771736e+00 1.065153946185262601e+00 0.000000000000000000e+00
6.025059066325860080e+00 2.057778801204824592e+00 -2.885096799074350066e-06 -1.000000000000000000e+00 -1.536867512569950543e-05 1.041044351708092774e-05 5.484316359762431148e-02 1.040584643395310760e+00 1.010841164157308070e+00 1.070890516059114894e+00 0.000000000000000000e+00
6.030083424765796174e+00 2.056064228194956822e+00 -2.469893586444176118e-06 -1.000000000000000000e+00 -1.506104741974829225e-05 1.093082700219606603e-05 3.962247328701096194e-02 1.040397595028550448e+00 1.010819130765525653e+00 1.070532194810295490e+00 0.000000000000000000e+00
6.035111973069674285e+00 2.054351083793744426e+00 -2.364708602572870049e-06 -1.000000000000000000e+00 -1.509312034272853035e-05 1.116687150470306587e-05 3.569265235665142200e-02 1.046813517210533062e+00 1.016908981873207107e+00 1.077283089236805935e+00 0.000000000000000000e+00
6.040144714731465747e+00 2.052639366810848021e+00 -9.338837235561697750e-07 -1.000000000000000000e+00 -1.375439236867433249e-05 1.268734633324422575e-05 5.529212342253231327e-03 1.048699523683160439e+00 1.018724285842085076e+00 1.079241630882610492e+00 0.000000000000000000e+00
6.045181653248054232e+00 2.050929076056921652e+00 1.474092427926549174e-06 1.000000000000000000e+00 -1.136182901678446052e-05 1.511080789705954681e-05 1.386582856711982004e-02 1.046596057153357240e+00 1.016848040872992298e+00 1.076904050479335240e+00 0.000000000000000000e+00
6.050222792119239301e+00 2.049220210343609683e+00 3.944040587005818915e-06 1.000000000000000000e+00 -8.881217660465360632e-06 1.756863521061369088e-05 1.005795097288739726e-01 1.042829949880273777e+00 1.012941618446968839e+00 1.073286111533631848e+00 0.000000000000000000e+00
6.055268134847740846e+00 2.047512768483544576e+00 3.891258007492891167e-06 1.000000000000000000e+00 -8.888915586421292304e-06 1.747236365445434283e-05 9.838089939793803751e-02 1.052265792155550272e+00 1.022217986448937355e+00 1.082883005544106325e+00 0.000000000000000000e+00
6.060317684939197314e+00 2.045806749290351334e+00 5.361352454927217887e-06 1.000000000000000000e+00 -7.455569557084559965e-06 1.898037233249659890e-05 1.871547846912449131e-01 1.042708201060763562e+00 1.012741014357406488e+00 1.073246325144323832e+00 0.000000000000000000e+00
6.065371445902172809e+00 2.044102151578641724e+00 4.454250959330870071e-06 1.000000000000000000e+00 -8.433157447373263181e-06 1.815090995315766516e-05 1.273205711685747588e-01 1.043379357641797567e+00 1.013384374675140753e+00 1.073945490002474079e+00 0.000000000000000000e+00
6.070429421248155322e+00 2.042398974164015168e+00 2.574549988947759291e-06 1.000000000000000000e+00 -1.041929542261913200e-05 1.638390312501099974e-05 4.155857233956794516e-02 1.046621966856521757e+00 1.016491086036927838e+00 1.077326843691716718e+00 0.000000000000000000e+00
6.075491614491562942e+00 2.040697215863058300e+00 1.400046338981115613e-06 1.000000000000000000e+00 -1.168842404816213965e-05 1.530397795443140722e-05 1.207557416603322054e-02 1.044829622156868920e+00 1.014639104529570846e+00 1.075597032925452279e+00 0.000000000000000000e+00
6.080558029149742971e+00 2.038996875493343186e+00 4.281427495620253530e-07 1.000000000000000000e+00 -1.264434628337943738e-05 1.431382007460653810e-05 1.126728842905322381e-03 1.045541260756252866e+00 1.015345831828766032e+00 1.076313860787343923e+00 0.000000000000000000e+00
6.085628668742976366e+00 2.037297951873428659e+00 -7.606862109193168667e-07 -1.000000000000000000e+00 -1.368555244629705569e-05 1.298041990916540983e-05 3.606395083103564048e-03 1.052403299855348306e+00 1.022086453721224419e+00 1.083298004748458387e+00 0.000000000000000000e+00
6.090703536794479511e+00 2.035600443822857208e+00 -1.703405265250456850e-06 -1.000000000000000000e+00 -1.444091739125896441e-05 1.185566281301906030e-05 1.845284642557487587e-02 1.059205842892113170e+00 1.028778609339976002e+00 1.090212087680176634e+00 0.000000000000000000e+00
6.095782636830406886e+00 2.033904350162153651e+00 -2.102334094248543588e-06 -1.000000000000000000e+00 -1.473669321513717479e-05 1.135299878259977345e-05 2.848761531537036262e-02 1.058955680540133226e+00 1.028325331653934027e+00 1.090173202797585006e+00 0.000000000000000000e+00
6.100865972379854618e+00 2.032209669712826461e+00 -4.471412473062243276e-06 -1.000000000000000000e+00 -1.706090050055783484e-05 8.938273363163065359e-06 1.281026505142079941e-01 1.067353592607668711e+00 1.036775811837258310e+00 1.098512370364049806e+00 0.000000000000000000e+00
6.105953546974859592e+00 2.030516401297367324e+00 -7.042461750373579084e-06 -1.000000000000000000e+00 -1.966582307524241129e-05 6.405105105800798584e-06 3.130364010467587832e-01 1.071243946459906393e+00 1.040353110668277736e+00 1.102725389094287856e+00 0.000000000000000000e+00
6.111045364150406556e+00 2.028824543739246700e+00 -9.561343274650631739e-06 -1.000000000000000000e+00 -2.220007279504340107e-05 3.908390555019599781e-06 5.694536190880796767e-01 1.072109874363863735e+00 1.041121492208249455e+00 1.103691565377672434e+00 0.000000000000000000e+00
6.116141427444425460e+00 2.027134095862917373e+00 -1.309044194684688257e-05 -1.000000000000000000e+00 -2.563858998039046368e-05 2.883976744744353246e-07 1.062326809436029862e+00 1.082206234823981594e+00 1.051255224731091342e+00 1.113744192503860475e+00 0.000000000000000000e+00
6.121241740397799447e+00 2.025445056493809570e+00 -1.476272594906058501e-05 -1.000000000000000000e+00 -2.713997695564274610e-05 -1.557848029488005526e-06 1.374089362105635814e+00 1.083118246704060761e+00 1.051945054616300945e+00 1.114886744517725958e+00 0.000000000000000000e+00
6.126346306554362187e+00 2.023757424458334508e+00 -1.517076821561295802e-05 -1.000000000000000000e+00 -2.729546322174643096e-05 -2.213054383762098676e-06 1.497431723690382910e+00 1.076807791150598659e+00 1.045717821519362101e+00 1.108493688148272982e+00 0.000000000000000000e+00
6.131455129460903208e+00 2.022071198583879958e+00 -1.738994400700865690e-05 -1.000000000000000000e+00 -2.927530703316432131e-05 -4.664681334034352102e-06 2.008869022939123283e+00 1.081417445278569645e+00 1.050243386885547636e+00 1.113188179450114390e+00 0.000000000000000000e+00
6.136568212667169675e+00 2.020386377698810687e+00 -2.013281934772433149e-05 -1.000000000000000000e+00 -3.191457163551361610e-05 -7.502653148866616405e-06 2.691367844910487861e+00 1.083419167314155773e+00 1.052220552261261322e+00 1.115214174303694961e+00 0.000000000000000000e+00
6.141685559725869936e+00 2.018702960632467569e+00 -2.486808769458831564e-05 -1.000000000000000000e+00 -3.669635914000398644e-05 -1.218065079576524983e-05 3.984570675252626870e+00 1.094867241332788899e+00 1.063410683304052640e+00 1.126923031038628009e+00 0.000000000000000000e+00
6.146807174192673529e+00 2.017020946215167587e+00 -2.751100888337725729e-05 -1.000000000000000000e+00 -3.954124645489509306e-05 -1.461204834766460002e-05 4.691311031004005372e+00 1.092321074668853198e+00 1.060776865218112208e+00 1.124468161542046651e+00 0.000000000000000000e+00
6.151933059626216505e+00 2.015340333278202056e+00 -2.844261528808005455e-05 -1.000000000000000000e+00 -4.066279070595295460e-05 -1.534984089541835189e-05 4.872489308962414611e+00 1.092957016698664185e+00 1.061362479903522393e+00 1.125155245069863197e+00 0.000000000000000000e+00
6.157063219588101433e+00 2.013661120653835290e+00 -2.592773935386008476e-05 -1.000000000000000000e+00 -3.821949835455429361e-05 -1.276805587364451257e-05 4.056747197411937123e+00 1.093073607217181165e+00 1.061431379778255746e+00 1.125321743426576981e+00 0.000000000000000000e+00
6.162197657642900950e+00 2.011983307175305935e+00 -1.910651402396123638e-05 -1.000000000000000000e+00 -3.142449863715672103e-05 -5.949824919280997734e-06 2.269525859993393624e+00 1.080039801990370307e+00 1.048579519306237939e+00 1.112106996259320191e+00 0.000000000000000000e+00
6.167336377358160426e+00 2.010306891676824304e+00 -1.259269852701295452e-05 -1.000000000000000000e+00 -2.493042971833118714e-05 6.074159217584713602e-07 1.009683766008663497e+00 1.072822961871768621e+00 1.041271808359334416e+00 1.104988759732111081e+00 0.000000000000000000e+00
6.172479382304400630e+00 2.008631872993570600e+00 -8.007396420253909050e-06 -1.000000000000000000e+00 -2.051144316397837114e-05 5.355513342369790997e-06 4.068930593648758531e-01 1.074539827945560022e+00 1.043163000297168796e+00 1.106523883986465950e+00 0.000000000000000000e+00
6.177626676055119503e+00 2.006958249961698471e+00 -3.823510071132763636e-06 -1.000000000000000000e+00 -1.665815738721921607e-05 9.854296253939815768e-06 9.062219434031248966e-02 1.070796173170059040e+00 1.039199920236195007e+00 1.103011103232102164e+00 0.000000000000000000e+00
6.182778262186794827e+00 2.005286021418328790e+00 -1.073606251729287634e-06 -1.000000000000000000e+00 -1.422144649352001290e-05 1.290599459091018247e-05 6.938500804920977316e-03 1.069946969737727294e+00 1.038264078437584503e+00 1.102253067868616876e+00 0.000000000000000000e+00
6.187934144278887771e+00 2.003615186201552323e+00 1.496326730048066105e-06 1.000000000000000000e+00 -1.183820901160312407e-05 1.567306981859688497e-05 1.326331643304001773e-02 1.064125585012150710e+00 1.032694354813850079e+00 1.096172551766326775e+00 0.000000000000000000e+00
6.193094325913842901e+00 2.001945743150427948e+00 2.504507622503270371e-06 1.000000000000000000e+00 -1.091068596621410082e-05 1.678173365798804042e-05 3.690300824256098622e-02 1.065033109795954447e+00 1.033336980444597097e+00 1.097353105699538034e+00 0.000000000000000000e+00
6.198258810677093500e+00 2.000277691104981770e+00 3.114602588393525441e-06 1.000000000000000000e+00 -1.034773603588737925e-05 1.744762299682450909e-05 5.681975722403365126e-02 1.065790309689313098e+00 1.034024539777811835e+00 1.098181825696045832e+00 0.000000000000000000e+00
6.203427602157062459e+00 1.998611028906206677e+00 4.317929002679324393e-06 1.000000000000000000e+00 -9.214638855150521845e-06 1.871479952681305266e-05 1.086480056726486509e-01 1.060223243326157361e+00 1.028725231491874892e+00 1.092340290850428275e+00 0.000000000000000000e+00
6.208600703945164057e+00 1.996945755396060118e+00 5.345574300697649009e-06 1.000000000000000000e+00 -8.261289913861944264e-06 1.980896410414238011e-05 1.659025912873062225e-01 1.054062833729555448e+00 1.022401102549366669e+00 1.086354325831245804e+00 0.000000000000000000e+00
6.213778119635809283e+00 1.995281869417466547e+00 4.403803545394257973e-06 1.000000000000000000e+00 -9.182172944462913721e-06 1.885077760163289578e-05 1.123630452177337702e-01 1.059678208232218033e+00 1.027887476261959199e+00 1.092100545406913703e+00 0.000000000000000000e+00
6.218959852826404955e+00 1.993619369814312314e+00 3.208859057147329863e-06 1.000000000000000000e+00 -1.031170579768448611e-05 1.760106277359636571e-05 5.980457994994026194e-02 1.064428902713900893e+00 1.032523431131870728e+00 1.096967246328830692e+00 0.000000000000000000e+00
6.224145907117359044e+00 1.991958255431448777e+00 2.168534878247426546e-06 1.000000000000000000e+00 -1.130667379308539935e-05 1.652187517334227393e-05 2.733008715398455024e-02 1.065215390699844500e+00 1.033308652255243709e+00 1.097754250521308927e+00 0.000000000000000000e+00
6.229336286112081567e+00 1.990298525114688521e+00 1.517581667814460480e-06 1.000000000000000000e+00 -1.197639238951171678e-05 1.589106466773105046e-05 1.331883739527484067e-02 1.060824691349676163e+00 1.028912060749120227e+00 1.093372334597201956e+00 0.000000000000000000e+00
6.234530993416986355e+00 1.988640177710806478e+00 -1.299603461708609630e-07 -1.000000000000000000e+00 -1.366761757442834861e-05 1.428718407702650697e-05 9.656559791437757667e-05 1.062759739725810615e+00 1.030547232759669196e+00 1.095618157671258475e+00 0.000000000000000000e+00
6.239730032641496393e+00 1.986983212067538140e+00 -1.836823552233835118e-06 -1.000000000000000000e+00 -1.537199926981385652e-05 1.258203756725518180e-05 1.911943675800387155e-02 1.066463056608419224e+00 1.034386497339861988e+00 1.099177996012175029e+00 0.000000000000000000e+00
6.244933407398043812e+00 1.985327627033580011e+00 -3.402815585805731990e-06 -1.000000000000000000e+00 -1.689403856480461023e-05 1.097908140593858772e-05 6.548890039400134810e-02 1.072525008365795562e+00 1.040305279816019279e+00 1.105385282072792297e+00 0.000000000000000000e+00
6.250141121302072555e+00 1.983673421458586272e+00 -3.276707184223919638e-06 -1.000000000000000000e+00 -1.672633655492556274e-05 1.107024223730502431e-05 6.111776799494350598e-02 1.070418060764156021e+00 1.037984569881463592e+00 1.103501495755470962e+00 0.000000000000000000e+00
6.255353177972041934e+00 1.982020594193170782e+00 -2.177228553753197592e-06 -1.000000000000000000e+00 -1.559653462976662647e-05 1.214231029218893265e-05 2.717424061061990415e-02 1.064058973306184042e+00 1.031933039494141502e+00 1.096826616636182861e+00 0.000000000000000000e+00
6.260569581029430175e+00 1.980369144088905076e+00 -2.362511627406516280e-06 -1.000000000000000000e+00 -1.578783231004543522e-05 1.196037958098660780e-05 3.193592346850948616e-02 1.068158083903291145e+00 1.035916662958894063e+00 1.101043847753926830e+00 0.000000000000000000e+00
6.265790334098732650e+00 1.978719069998317037e+00 -1.882759142628848288e-06 -1.000000000000000000e+00 -1.536845544038289239e-05 1.249893013764922560e-05 2.018890399391182200e-02 1.067435180249810767e+00 1.034942607795404257e+00 1.100582590573858877e+00 0.000000000000000000e+00
6.271015440807469865e+00 1.977070370774890451e+00 -2.996655598403073453e-06 -1.000000000000000000e+00 -1.652047882149223264e-05 1.142558821537794065e-05 5.059633157193843545e-02 1.077767373098923454e+00 1.045056082834723288e+00 1.111136337305455246e+00 0.000000000000000000e+00
6.276244904786186574e+00 1.975423045273065226e+00 -2.693553511916585740e-06 -1.000000000000000000e+00 -1.627072110814363121e-05 1.178642681795417807e-05 4.061341218468328407e-02 1.077531098997269288e+00 1.044823467811416107e+00 1.110896020042422050e+00 0.000000000000000000e+00
6.281478729668454442e+00 1.973777092348234952e+00 -2.401738008285761850e-06 -1.000000000000000000e+00 -1.603053723954761206e-05 1.213387416324383322e-05 3.210028284813404298e-02 1.077596129784813561e+00 1.044816812505784176e+00 1.111035303793986184e+00 0.000000000000000000e+00
6.286716919090875599e+00 1.972132510856748011e+00 -2.177312535294172151e-06 -1.000000000000000000e+00 -1.585880045131388727e-05 1.241434306633093327e-05 2.621359856853189285e-02 1.078902233038488090e+00 1.046037724149559311e+00 1.112429110781554931e+00 0.000000000000000000e+00
6.291959476693084419e+00 1.970489299655904469e+00 -1.525156058949786382e-06 -1.000000000000000000e+00 -1.527360806265051833e-05 1.313479594544703013e-05 1.277916892183839082e-02 1.078405252238014311e+00 1.045548527572515596e+00 1.111924282881412207e+00 0.000000000000000000e+00
6.297206406117751065e+00 1.968847457603957185e+00 -8.341162175058280078e-07 -1.000000000000000000e+00 -1.465927588160138371e-05 1.390273661234026852e-05 3.795001995257507588e-03 1.079301513324538719e+00 1.046362092988329717e+00 1.112906007130290531e+00 0.000000000000000000e+00
6.302457711010582386e+00 1.967206983560110700e+00 -1.565532555072242508e-07 -1.000000000000000000e+00 -1.405089206685146995e-05 1.465193835523755268e-05 1.327834185360643460e-04 1.082071475245926839e+00 1.049025117455008926e+00 1.115785581312220831e+00 0.000000000000000000e+00
6.307713395020327241e+00 1.965567876384518575e+00 1.245775933515372796e-06 1.000000000000000000e+00 -1.271429542341750041e-05 1.612415323338135012e-05 8.378135227630423287e-03 1.081015712582911403e+00 1.047995506734875626e+00 1.114703552981979762e+00 0.000000000000000000e+00
6.312973461798775610e+00 1.963930134938285832e+00 2.971696045877397610e-06 1.000000000000000000e+00 -1.105580196528491935e-05 1.792074893320539760e-05 4.756882924046124117e-02 1.077921089236722363e+00 1.044899444730026383e+00 1.111612950818073209e+00 0.000000000000000000e+00
6.318237915000763039e+00 1.962293758083465844e+00 4.004261285170767765e-06 1.000000000000000000e+00 -1.008813281470754763e-05 1.902055882562497276e-05 8.602281872859407486e-02 1.078505419265159748e+00 1.045220572414898630e+00 1.112471249086819602e+00 0.000000000000000000e+00
6.323506758284172413e+00 1.960658744683059451e+00 4.615878411205024183e-06 1.000000000000000000e+00 -9.515404845899547387e-06 1.967829967367525900e-05 1.136538747184658860e-01 1.079127660292225510e+00 1.046061178857313756e+00 1.112866191537005944e+00 0.000000000000000000e+00
6.328779995309938400e+00 1.959025093601015399e+00 5.351446985942273114e-06 1.000000000000000000e+00 -8.851308926555025798e-06 2.049872936885484232e-05 1.515672798947775846e-01 1.074646931630161895e+00 1.041596620967667697e+00 1.108371334208512637e+00 0.000000000000000000e+00
6.334057629742047446e+00 1.957392803702229900e+00 4.058012490305207291e-06 1.000000000000000000e+00 -1.023988212932019356e-05 1.931746794406023833e-05 8.549696244406845835e-02 1.080664524732100062e+00 1.047258740990427262e+00 1.114754506718321769e+00 0.000000000000000000e+00
6.339339665247542221e+00 1.955761873852543076e+00 2.844230133061633669e-06 1.000000000000000000e+00 -1.159543788171912130e-05 1.826331504340175424e-05 4.087640970861627920e-02 1.083523330368571402e+00 1.050273919277406209e+00 1.117448486764339721e+00 0.000000000000000000e+00
6.344626105496522506e+00 1.954132302918741848e+00 2.596782732354889335e-06 1.000000000000000000e+00 -1.207439797878753739e-05 1.826568150926359923e-05 3.300379521292029494e-02 1.080467056739807141e+00 1.047173220804980653e+00 1.114439643536590419e+00 0.000000000000000000e+00
6.349916954162148741e+00 1.952504089768555939e+00 2.235760974174567075e-06 1.000000000000000000e+00 -1.270139296256004182e-05 1.819562790593463883e-05 2.360671365677546873e-02 1.083905014205084338e+00 1.050265057452387296e+00 1.118234404311654995e+00 0.000000000000000000e+00
6.355212214920644698e+00 1.950877233270659206e+00 3.436372098372248156e-06 1.000000000000000000e+00 -1.178583909942291121e-05 1.970292409196899055e-05 5.400408467164652393e-02 1.086859755599189015e+00 1.053097034052180803e+00 1.121314388990628075e+00 0.000000000000000000e+00
6.360511891451300137e+00 1.949251732294668749e+00 7.322962259901691577e-06 1.000000000000000000e+00 -8.198824666756613527e-06 2.388951734584692565e-05 2.399542073398919229e-01 1.084149664413114333e+00 1.050433048582070761e+00 1.118558815162316922e+00 0.000000000000000000e+00
6.365815987436472589e+00 1.947627585711142251e+00 1.214437745548949123e-05 1.000000000000000000e+00 -3.600578628335466411e-06 2.892374574672533239e-05 6.540747605872354598e-01 1.085271868790311123e+00 1.051491525061321486e+00 1.119747984482682313e+00 0.000000000000000000e+00
6.371124506561590906e+00 1.946004792391578420e+00 1.796331899286439786e-05 1.000000000000000000e+00 2.078496888259907213e-06 3.488022235142774791e-05 1.437849963496944383e+00 1.083482986222225497e+00 1.049690181068764216e+00 1.117973448312185702e+00 0.000000000000000000e+00
6.376437452515156146e+00 1.944383351208418098e+00 2.365816015833552714e-05 1.000000000000000000e+00 7.661113213610436083e-06 4.069144204192229276e-05 2.514000153066433541e+00 1.079549576632457875e+00 1.045852388542514166e+00 1.113943175259443086e+00 0.000000000000000000e+00
6.381754828988746020e+00 1.942763261035039601e+00 2.822514215951428486e-05 1.000000000000000000e+00 1.208389467545585439e-05 4.540109248709948921e-05 3.580686449965455154e+00 1.076176765127074386e+00 1.042468266665611321e+00 1.110584424322708319e+00 0.000000000000000000e+00
6.387076639677015777e+00 1.941144520745761159e+00 3.077768770006966757e-05 1.000000000000000000e+00 1.447020116770919831e-05 4.811175103355575400e-05 4.214177733073299237e+00 1.077754827569484375e+00 1.043927605380439161e+00 1.112285117070693108e+00 0.000000000000000000e+00
6.392402888277703532e+00 1.939527129215838475e+00 3.240644815389272693e-05 1.000000000000000000e+00 1.592667197344487123e-05 4.990834493853575990e-05 4.605965179738575443e+00 1.076561211933841689e+00 1.042718666174602848e+00 1.111108206590525116e+00 0.000000000000000000e+00
6.397733578491629380e+00 1.937911085321463833e+00 3.240788498859462427e-05 1.000000000000000000e+00 1.579979070358651161e-05 5.004139859275716612e-05 4.542697654059310253e+00 1.078834231386249343e+00 1.044832184088890559e+00 1.113544839156362931e+00 0.000000000000000000e+00
6.403068714022700725e+00 1.936296387939767438e+00 3.098878533632999963e-05 1.000000000000000000e+00 1.433873762195509702e-05 4.866816524015740188e-05 4.120811533740607047e+00 1.085694620546638900e+00 1.051266402597916594e+00 1.120843486582663084e+00 0.000000000000000000e+00
6.408408298577912277e+00 1.934683035948813856e+00 2.963114448143474542e-05 1.000000000000000000e+00 1.305996282334874023e-05 4.722994688971270035e-05 3.779648393507841320e+00 1.090049240402170883e+00 1.055761843873221029e+00 1.125048653197642023e+00 0.000000000000000000e+00
6.413752335867351384e+00 1.933071028227602239e+00 2.940029765861172396e-05 1.000000000000000000e+00 1.294873814836397101e-05 4.687478053905611713e-05 3.773905566890775276e+00 1.086280919874293538e+00 1.051990360494541088e+00 1.121286714216693348e+00 0.000000000000000000e+00
6.419100829604198033e+00 1.931460363656067436e+00 2.905341631984076147e-05 1.000000000000000000e+00 1.272969499707798783e-05 4.640266595694064213e-05 3.745647040559674679e+00 1.082632143515477541e+00 1.048127085965796734e+00 1.117863463458615758e+00 0.000000000000000000e+00
6.424453783504729287e+00 1.929851041115075327e+00 2.693682779758815098e-05 1.000000000000000000e+00 1.075388112865706782e-05 4.415328637993630115e-05 3.243242203534364876e+00 1.089993304911544891e+00 1.055605921805252700e+00 1.125096883850040363e+00 0.000000000000000000e+00
6.429811201288321953e+00 1.928243059486426159e+00 2.503951706772736149e-05 1.000000000000000000e+00 8.896984395682882137e-06 4.221422953141484315e-05 2.798731142138876749e+00 1.094403106621967714e+00 1.059652773770396461e+00 1.129881778083121624e+00 0.000000000000000000e+00
6.435173086677453469e+00 1.926636417652850763e+00 2.186124812673597453e-05 1.000000000000000000e+00 5.732280892513644043e-06 3.901107693685672989e-05 2.109356267419173037e+00 1.105511791113755526e+00 1.070491105034167445e+00 1.141265649368485402e+00 0.000000000000000000e+00
6.440539443397706343e+00 1.925031114498011453e+00 2.016358484271392704e-05 1.000000000000000000e+00 4.061601440828537489e-06 3.727793213310730269e-05 1.786398371459185341e+00 1.103705506898158939e+00 1.068917754815342569e+00 1.139218937723859959e+00 0.000000000000000000e+00
6.445910275177769044e+00 1.923427148906499795e+00 1.626880032757086888e-05 1.000000000000000000e+00 3.179491798190297713e-07 3.323276085172190001e-05 1.167435875338313167e+00 1.113810328993277698e+00 1.078584942183009376e+00 1.149772990367528891e+00 0.000000000000000000e+00
6.451285585749439555e+00 1.921824519763838390e+00 1.319140684181839409e-05 1.000000000000000000e+00 -2.481882319451416714e-06 2.988646545401992932e-05 7.837941538771246996e-01 1.115102655359150541e+00 1.079804056588657746e+00 1.151140702225447843e+00 0.000000000000000000e+00
6.456665378847628034e+00 1.920223225956476210e+00 9.330864756849529520e-06 1.000000000000000000e+00 -6.003765215847111443e-06 2.569576718152753801e-05 4.018238808234855242e-01 1.117981034421341002e+00 1.082688129638422092e+00 1.154011429021726043e+00 0.000000000000000000e+00
6.462049658210359482e+00 1.918623266371792813e+00 3.979525655259202427e-06 1.000000000000000000e+00 -1.105298044872762259e-05 2.004800948787213599e-05 7.412696771629612158e-02 1.126509004128354752e+00 1.091020002134720057e+00 1.162738384675129577e+00 0.000000000000000000e+00
6.467438427578775517e+00 1.917024639898092353e+00 -2.449215179075137215e-06 -1.000000000000000000e+00 -1.726971746560527804e-05 1.341032966438598803e-05 2.804745725731550010e-02 1.136973157196067508e+00 1.101219815006908131e+00 1.173471143524368099e+00 0.000000000000000000e+00
6.472831690697137930e+00 1.915427345424606687e+00 -8.693240348982918505e-06 -1.000000000000000000e+00 -2.338728205172961290e-05 7.044756858138486363e-06 3.496269591029204094e-01 1.141631617900385143e+00 1.105781027236142133e+00 1.178227683797388847e+00 0.000000000000000000e+00
6.478229451312831344e+00 1.913831381841492263e+00 -1.648285439256272033e-05 -1.000000000000000000e+00 -3.103021625480907624e-05 -8.756153292363464899e-07 1.236997383186263733e+00 1.158482350334042454e+00 1.122239032457748475e+00 1.195475325605296568e+00 0.000000000000000000e+00
6.483631713176364109e+00 1.912236748039830792e+00 -2.145383659224840096e-05 -1.000000000000000000e+00 -3.583622438727776803e-05 -5.984475341992163001e-06 2.086718070238589462e+00 1.164474579428323553e+00 1.128023670993523409e+00 1.201678275147440633e+00 0.000000000000000000e+00
6.489038480041373624e+00 1.910643442911627687e+00 -2.365280124058003142e-05 -1.000000000000000000e+00 -3.790947275781446910e-05 -8.302411683672852101e-06 2.546380413888940097e+00 1.166101256298663680e+00 1.129637579393569569e+00 1.203317173077059765e+00 0.000000000000000000e+00
6.494449755664626345e+00 1.909051465349812737e+00 -2.442629681467767031e-05 -1.000000000000000000e+00 -3.861766230385708866e-05 -9.162870345199788257e-06 2.733628807446493170e+00 1.174088502451218430e+00 1.137409500053982114e+00 1.211525024837734499e+00 0.000000000000000000e+00
6.499865543806021329e+00 1.907460814248235881e+00 -2.089571036791329519e-05 -1.000000000000000000e+00 -3.506896044774032478e-05 -5.664812077802324045e-06 2.040076964220943978e+00 1.163676827748296949e+00 1.126874119509679195e+00 1.201250145425521332e+00 0.000000000000000000e+00
6.505285848228594681e+00 1.905871488501671207e+00 -1.812089080680715666e-05 -1.000000000000000000e+00 -3.222641109042261406e-05 -2.958963211087864867e-06 1.560765510545124357e+00 1.163517208927571378e+00 1.126972724060506970e+00 1.200822362273749278e+00 0.000000000000000000e+00
6.510710672698518664e+00 1.904283487005811404e+00 -1.614484487606369575e-05 -1.000000000000000000e+00 -3.025396832038850246e-05 -9.875121324499115400e-07 1.249285563216645301e+00 1.165851265163400763e+00 1.129183928629227784e+00 1.203283855848922279e+00 0.000000000000000000e+00
6.516140020985107917e+00 1.902696808657271088e+00 -1.562615634001115035e-05 -1.000000000000000000e+00 -2.979538738283041540e-05 -4.237447075764410025e-07 1.167518685729362460e+00 1.170342423093189810e+00 1.133292093293079006e+00 1.208172051737743891e+00 0.000000000000000000e+00
6.521573896860818564e+00 1.901111452353583031e+00 -1.537718650225930673e-05 -1.000000000000000000e+00 -2.958512336108142974e-05 -1.356256651785319421e-07 1.125368657500473546e+00 1.166045711588189038e+00 1.129259117375618793e+00 1.203603677192283561e+00 0.000000000000000000e+00
6.527012304101254436e+00 1.899527416993199491e+00 -1.653485303735404926e-05 -1.000000000000000000e+00 -3.076818561428043666e-05 -1.244728616231246518e-06 1.289727006891098426e+00 1.163128142791060027e+00 1.126045762594776178e+00 1.200994693111036016e+00 0.000000000000000000e+00
6.532455246485166178e+00 1.897944701475490215e+00 -1.932094799232202031e-05 -1.000000000000000000e+00 -3.359297036075791843e-05 -3.958251103261222468e-06 1.726616479613355182e+00 1.167260146659819364e+00 1.129953892905325441e+00 1.205354786334788209e+00 0.000000000000000000e+00
6.537902727794456581e+00 1.896363304700741548e+00 -2.068105525464656203e-05 -1.000000000000000000e+00 -3.513873328150953634e-05 -5.112314080804151474e-06 1.920969087936242659e+00 1.162305518830647477e+00 1.125216833045914688e+00 1.200174862779004537e+00 0.000000000000000000e+00
6.543354751814182357e+00 1.894783225570156437e+00 -2.200979297047398806e-05 -1.000000000000000000e+00 -3.677858182104566664e-05 -6.137600196978013653e-06 2.097002554660463147e+00 1.168069430314817359e+00 1.130492298306124521e+00 1.206443753923539308e+00 0.000000000000000000e+00
6.548811322332555918e+00 1.893204462985853986e+00 -1.914019990832555650e-05 -1.000000000000000000e+00 -3.417357999974499517e-05 -3.019536923439841187e-06 1.561721433774806655e+00 1.163848135382566706e+00 1.126181305012034839e+00 1.202319786609396202e+00 0.000000000000000000e+00
6.554272443140948923e+00 1.891627015850867455e+00 -1.356238198398608307e-05 -1.000000000000000000e+00 -2.866094804742242360e-05 2.619186266536186464e-06 7.944985709771117399e-01 1.159490725991641824e+00 1.121947783500364171e+00 1.197837211378574240e+00 0.000000000000000000e+00
6.559738118033894949e+00 1.890050883069143817e+00 -6.666524857607092546e-06 -1.000000000000000000e+00 -2.176388415513348765e-05 9.515219981584668228e-06 1.970485760749625115e-01 1.153171538557901776e+00 1.115669254643707919e+00 1.191480573273483223e+00 0.000000000000000000e+00
6.565208350809092153e+00 1.888476063545543981e+00 -4.501866567750194528e-07 -1.000000000000000000e+00 -1.562348886244272384e-05 1.580467076617749883e-05 9.131282401426688011e-04 1.147567026240220223e+00 1.110069438810368680e+00 1.185875716115429412e+00 0.000000000000000000e+00
6.570683145267405045e+00 1.886902556185840796e+00 4.061379921748877175e-06 1.000000000000000000e+00 -1.130378465359718640e-05 2.049721415419932159e-05 7.400562964673440547e-02 1.144068900550847978e+00 1.106638770344934741e+00 1.182310658274497106e+00 0.000000000000000000e+00
6.576162505212867160e+00 1.885330359896719488e+00 5.184535900197466540e-06 1.000000000000000000e+00 -1.042233416619011209e-05 2.184608351408823718e-05 1.178368216435217164e-01 1.152621206688912325e+00 1.114886968999265093e+00 1.191175592853409571e+00 0.000000000000000000e+00
6.581646434452685490e+00 1.883759473585775446e+00 5.489150774669968594e-06 1.000000000000000000e+00 -1.033258786633882483e-05 2.236028400985465194e-05 1.292676394432135112e-01 1.153450534616002443e+00 1.115316917477028547e+00 1.192421229819516482e+00 0.000000000000000000e+00
6.587134936797241380e+00 1.882189896161514886e+00 4.777992763309131386e-06 1.000000000000000000e+00 -1.109363801030630956e-05 2.171862830507288419e-05 9.694963236663056705e-02 1.149991458118374554e+00 1.112092199168108753e+00 1.188718678320657585e+00 0.000000000000000000e+00
6.592628016060094076e+00 1.880621626533353297e+00 1.583006478161843347e-06 1.000000000000000000e+00 -1.419687768874036009e-05 1.846138027750625327e-05 1.060686831210944092e-02 1.156476402058427944e+00 1.118320549304472777e+00 1.195464539333630061e+00 0.000000000000000000e+00
6.598125676057981615e+00 1.879054663611614329e+00 -1.949696957529829717e-06 -1.000000000000000000e+00 -1.761370908120066277e-05 1.483052072217324124e-05 1.607987789979858917e-02 1.161571347655016018e+00 1.122986801248557986e+00 1.201002456994990419e+00 0.000000000000000000e+00
6.603627920610826152e+00 1.877489006307530905e+00 -4.961862330201613559e-06 -1.000000000000000000e+00 -2.054900859644419715e-05 1.174641131378005017e-05 1.036387297447163292e-01 1.162436588868322351e+00 1.124032805488174080e+00 1.201678568241027367e+00 0.000000000000000000e+00
6.609134753541735741e+00 1.875924653533241671e+00 -7.948313306533678590e-06 -1.000000000000000000e+00 -2.353728738631575580e-05 8.765554443058379630e-06 2.631345186940023950e-01 1.165825390361006519e+00 1.126991234588523572e+00 1.205513550500277864e+00 0.000000000000000000e+00
6.614646178677005217e+00 1.874361604201792542e+00 -1.122961486388512174e-05 -1.000000000000000000e+00 -2.680698775429057846e-05 5.485497601733468187e-06 5.185646634686378320e-01 1.177527808469480908e+00 1.138330817059984623e+00 1.217585560027232283e+00 0.000000000000000000e+00
6.620162199846120643e+00 1.872799857227134490e+00 -1.288372326377566978e-05 -1.000000000000000000e+00 -2.845558569091478489e-05 3.835563582084386921e-06 6.764927300211098782e-01 1.186903576930605775e+00 1.147760375835558122e+00 1.226898344605069413e+00 0.000000000000000000e+00
6.625682820881761970e+00 1.871239411524124430e+00 -1.164156915843459629e-05 -1.000000000000000000e+00 -2.730508630266781535e-05 5.167733898769025049e-06 5.502467491657654364e-01 1.186136120263029392e+00 1.146646250710384507e+00 1.226493244197109922e+00 0.000000000000000000e+00
6.631208045619805702e+00 1.869680266008521441e+00 -9.998167914233993398e-06 -1.000000000000000000e+00 -2.577369606434402703e-05 6.921537772538545179e-06 4.033774234585081331e-01 1.192072937797289622e+00 1.152325784367192574e+00 1.232694624764986147e+00 0.000000000000000000e+00
6.636737877899325788e+00 1.868122419596990769e+00 -6.045710403745422163e-06 -1.000000000000000000e+00 -2.200733807734756486e-05 1.105848819376516290e-05 1.466400721728575718e-01 1.188881909698489503e+00 1.149197171285681662e+00 1.229441141123255532e+00 0.000000000000000000e+00
6.642272321562598059e+00 1.866565871207098271e+00 -2.149411051332246638e-06 -1.000000000000000000e+00 -1.834759016447874111e-05 1.518628945316551060e-05 1.833704865453000821e-02 1.190774075714654323e+00 1.150881350687055216e+00 1.231549700326938446e+00 0.000000000000000000e+00
6.647811380455102892e+00 1.865010619757312416e+00 2.255496682109733834e-06 1.000000000000000000e+00 -1.420628532103755601e-05 1.985104408103517844e-05 1.995097543689894337e-02 1.191132850128634901e+00 1.151047744747576429e+00 1.232109343907584531e+00 0.000000000000000000e+00
6.653355058425526991e+00 1.863456664167002952e+00 7.220064875970115599e-06 1.000000000000000000e+00 -9.498930503566399943e-06 2.507188753328778031e-05 2.023436005025445183e-01 1.187145960867653560e+00 1.147127405993411120e+00 1.228056254893613142e+00 0.000000000000000000e+00
6.658903359325766047e+00 1.861904003356439352e+00 1.073389710560403341e-05 1.000000000000000000e+00 -6.209151127796008578e-06 2.880820389820375728e-05 4.420284601558961413e-01 1.190780290112117390e+00 1.150516737514424515e+00 1.231943917634670482e+00 0.000000000000000000e+00
6.664456287010930069e+00 1.860352636246791480e+00 1.406309839726202889e-05 1.000000000000000000e+00 -3.087640296108720432e-06 3.234295241890769337e-05 7.516703451879891418e-01 1.191133408518706416e+00 1.150481450316414911e+00 1.232702443517002422e+00 0.000000000000000000e+00
6.670013845339340719e+00 1.858802561760127592e+00 1.696545771987994025e-05 1.000000000000000000e+00 -3.354194305614419905e-07 3.539668196625162921e-05 1.085617619182471572e+00 1.188530988123830179e+00 1.148122014637090071e+00 1.229848570487729997e+00 0.000000000000000000e+00
6.675576038172540194e+00 1.857253778819414780e+00 1.950174579701573278e-05 1.000000000000000000e+00 2.046799795207845615e-06 3.808958508112258930e-05 1.425941311590108285e+00 1.181815803000625387e+00 1.141137193161248620e+00 1.223419967971053790e+00 0.000000000000000000e+00
6.681142869375288562e+00 1.855706286348516532e+00 1.840286242706095651e-05 1.000000000000000000e+00 8.728384614606698815e-07 3.707212310653982098e-05 1.253874631929988936e+00 1.193971546365385272e+00 1.152905383448190380e+00 1.235971183708741705e+00 0.000000000000000000e+00
6.686714342815570866e+00 1.854160083272192949e+00 1.763990054538002900e-05 1.000000000000000000e+00 4.990988221793246876e-08 3.638046074510042536e-05 1.139348842861053868e+00 1.198345917273777372e+00 1.157397776481403184e+00 1.240217962493836090e+00 0.000000000000000000e+00
6.692290462364595349e+00 1.852615168516101862e+00 1.721432589285834845e-05 1.000000000000000000e+00 -4.853474753000112225e-07 3.607567794052273966e-05 1.072647700827431549e+00 1.197282449371938950e+00 1.155952581734167151e+00 1.239553032186005543e+00 0.000000000000000000e+00
6.697871231896799671e+00 1.851071541006794829e+00 1.600562781101347618e-05 1.000000000000000000e+00 -1.799905296196128849e-06 3.498211451333694850e-05 9.135341456574224139e-01 1.201460255384763753e+00 1.159851425116898982e+00 1.244018135773399258e+00 0.000000000000000000e+00
6.703456655289853572e+00 1.849529199671717139e+00 1.572820233194991327e-05 1.000000000000000000e+00 -2.178716447146602814e-06 3.480790461060817608e-05 8.717663768767209831e-01 1.201726669481150589e+00 1.160095369765001827e+00 1.244308143043495019e+00 0.000000000000000000e+00
6.709046736424657986e+00 1.847988143439209141e+00 1.571959721787615879e-05 1.000000000000000000e+00 -2.226009476766839697e-06 3.483003693327358855e-05 8.675683322312721657e-01 1.203727403791529316e+00 1.161894082404168582e+00 1.246520302503529853e+00 0.000000000000000000e+00
6.714641479185352146e+00 1.846448371238503361e+00 1.724341736308912770e-05 1.000000000000000000e+00 -6.396898694534688100e-07 3.628684467344709042e-05 1.056509524419112722e+00 1.197689891432643927e+00 1.155827575875193913e+00 1.240519522025080201e+00 0.000000000000000000e+00
6.720240887459313583e+00 1.844909881999724721e+00 1.788905444066868282e-05 1.000000000000000000e+00 1.751778278039932608e-07 3.677439086508517511e-05 1.158292944343173758e+00 1.197203476550400270e+00 1.155423489466945730e+00 1.239947696129151344e+00 0.000000000000000000e+00
6.725844965137160791e+00 1.843372674653889876e+00 1.906442130585472448e-05 1.000000000000000000e+00 1.458961092463892655e-06 3.786149022007427340e-05 1.336258763063668198e+00 1.190031492159956850e+00 1.148254384578810683e+00 1.232777819369958783e+00 0.000000000000000000e+00
6.731453716112758556e+00 1.841836748132905655e+00 1.860504741345296072e-05 1.000000000000000000e+00 9.885920618520914797e-07 3.742616576652915564e-05 1.267325585447110825e+00 1.190506570755599292e+00 1.148740718872312883e+00 1.233240314799327608e+00 0.000000000000000000e+00
6.737067144283217068e+00 1.840302101369569288e+00 1.709802669589917840e-05 1.000000000000000000e+00 -6.950686411680051567e-07 3.609154567488180305e-05 1.044363103108707946e+00 1.194623063437483701e+00 1.152579482052340953e+00 1.237644777174528699e+00 0.000000000000000000e+00
6.742685253548897251e+00 1.838768733297566405e+00 1.664062321539732156e-05 1.000000000000000000e+00 -1.414399086321088835e-06 3.588517257509916221e-05 9.614419344591880190e-01 1.188602282985300018e+00 1.146434222214563370e+00 1.231760941849652680e+00 0.000000000000000000e+00
6.748308047813412536e+00 1.837236642851472368e+00 1.489822818841965243e-05 1.000000000000000000e+00 -3.268545786804165446e-06 3.426150020680805144e-05 7.557923532316834780e-01 1.190176176342637060e+00 1.147984451153642560e+00 1.233359113540875018e+00 0.000000000000000000e+00
6.753935530983630642e+00 1.835705828966748943e+00 1.201877943081975779e-05 1.000000000000000000e+00 -6.027603665498863187e-06 3.129410406309837776e-05 4.915064681037222272e-01 1.199759095601993897e+00 1.157279521188176119e+00 1.243234582446485659e+00 0.000000000000000000e+00
6.759567706969678902e+00 1.834176290579746293e+00 1.076198369779814399e-05 1.000000000000000000e+00 -7.070569515587657236e-06 2.985945942195519082e-05 4.001668178723036817e-01 1.198752002503351566e+00 1.155978365007491293e+00 1.242535107771694625e+00 0.000000000000000000e+00
6.765204579684944264e+00 1.832648026627699211e+00 8.545633730418301433e-06 1.000000000000000000e+00 -9.087117692644769960e-06 2.746668911080985884e-05 2.541070672694019095e-01 1.203332919502686504e+00 1.160794500967737841e+00 1.246867290254735972e+00 0.000000000000000000e+00
6.770846153046076843e+00 1.831121036048729556e+00 7.800253010708734592e-06 1.000000000000000000e+00 -9.871706426130970018e-06 2.677120727970847471e-05 2.101975461868192951e-01 1.193553330614630203e+00 1.150801789379353846e+00 1.237319623118645628e+00 0.000000000000000000e+00
6.776492430972993475e+00 1.829595317781842700e+00 2.979610270936579163e-06 1.000000000000000000e+00 -1.481180649663095237e-05 2.207531140528593797e-05 2.969705604921557551e-02 1.208069645816485682e+00 1.164858300109983480e+00 1.252306174666452110e+00 0.000000000000000000e+00
6.782143417388880380e+00 1.828070870766929312e+00 -1.680484023831230865e-07 -1.000000000000000000e+00 -1.811853420984341288e-05 1.909507299992872285e-05 9.163722415905795060e-05 1.206533124803630619e+00 1.163547352244233224e+00 1.250535541197171918e+00 0.000000000000000000e+00
6.787799116220194051e+00 1.826547693944761797e+00 -3.667569287216599367e-06 -1.000000000000000000e+00 -2.165044902964939828e-05 1.564184683672933599e-05 4.294727915318219402e-02 1.207326412489147849e+00 1.163911752978948888e+00 1.251777597543286547e+00 0.000000000000000000e+00
6.793459531396665696e+00 1.825025786256996740e+00 -8.876969902577923983e-06 -1.000000000000000000e+00 -2.659721235359238211e-05 1.020037603479933809e-05 2.521675964058118780e-01 1.223811661467348211e+00 1.179967030035449893e+00 1.268699050606325596e+00 0.000000000000000000e+00
6.799124666851304788e+00 1.823505146646170916e+00 -1.141068184752561420e-05 -1.000000000000000000e+00 -2.874786695102277899e-05 7.318534468237169639e-06 4.260445678765307775e-01 1.225706198818099502e+00 1.181935377689870226e+00 1.270514927092924795e+00 0.000000000000000000e+00
6.804794526520399067e+00 1.821985774055703944e+00 -1.282799072796024459e-05 -1.000000000000000000e+00 -2.986297256022035285e-05 5.619171599044140919e-06 5.501580153337215506e-01 1.219583587793484192e+00 1.175788459574059308e+00 1.264424238310024373e+00 0.000000000000000000e+00
6.810469114343518982e+00 1.820467667429894965e+00 -1.558320136519196977e-05 -1.000000000000000000e+00 -3.243034644223341420e-05 2.684859458052307263e-06 8.153232079641554719e-01 1.219274178812826737e+00 1.175744024247049158e+00 1.263839096806154583e+00 0.000000000000000000e+00
6.816148434263521239e+00 1.818950825713921748e+00 -1.986234499546239129e-05 -1.000000000000000000e+00 -3.666426623522066417e-05 -1.635391930718027071e-06 1.308188104846706779e+00 1.224712541380117203e+00 1.180650051386198829e+00 1.269831394956668191e+00 0.000000000000000000e+00
6.821832490226549695e+00 1.817435247853842917e+00 -2.675059312723636486e-05 -1.000000000000000000e+00 -4.347898633668049562e-05 -8.580234141747452892e-06 2.319232047705739319e+00 1.246107241876624805e+00 1.201433748433097692e+00 1.291847835765667973e+00 0.000000000000000000e+00
6.827521286182038907e+00 1.815920932796593723e+00 -3.092596055490984963e-05 -1.000000000000000000e+00 -4.753225836471084944e-05 -1.283370548536920042e-05 3.064605556267025577e+00 1.249097024434022041e+00 1.204384691270659502e+00 1.294873986689948131e+00 0.000000000000000000e+00
6.833214826082717686e+00 1.814407879489987385e+00 -3.366597943970881126e-05 -1.000000000000000000e+00 -5.014576726136123154e-05 -1.565308807216486399e-05 3.612240101079990495e+00 1.248378203263387887e+00 1.203466936406715648e+00 1.294362500888511569e+00 0.000000000000000000e+00
6.838913113884609984e+00 1.812896086882713975e+00 -3.713556696674222073e-05 -1.000000000000000000e+00 -5.358432866305044324e-05 -1.914825603607839659e-05 4.341469601269707823e+00 1.262570060367241842e+00 1.216965969623766908e+00 1.309268596359944636e+00 0.000000000000000000e+00
6.844616153547039339e+00 1.811385553924339531e+00 -3.658320129020310502e-05 -1.000000000000000000e+00 -5.312065817567915261e-05 -1.851304849309219877e-05 4.180456337667109779e+00 1.258075580300790364e+00 1.212796719964712722e+00 1.304438500567439041e+00 0.000000000000000000e+00
6.850323949032630644e+00 1.809876279565305390e+00 -3.446599015556018692e-05 -1.000000000000000000e+00 -5.110737751199244806e-05 -1.626380203731545764e-05 3.691187799276548276e+00 1.253871855514335332e+00 1.208450068850438264e+00 1.300387711918203459e+00 0.000000000000000000e+00
6.856036504307313706e+00 1.808368262756926637e+00 -3.107263181806770974e-05 -1.000000000000000000e+00 -4.792756653152588532e-05 -1.263508860828299341e-05 2.975463749377169620e+00 1.249092128489959652e+00 1.203303183350538763e+00 1.295996397450952076e+00 0.000000000000000000e+00
6.861753823340325908e+00 1.806861502451392543e+00 -2.705117024584176253e-05 -1.000000000000000000e+00 -4.422914778214875474e-05 -8.300399634561041081e-06 2.221518083483104533e+00 1.245518078744353829e+00 1.200028799897114640e+00 1.292112969459832117e+00 0.000000000000000000e+00
6.867475910104213099e+00 1.805355997601766127e+00 -2.352022952138549779e-05 -1.000000000000000000e+00 -4.106221274190622532e-05 -4.419660553459975907e-06 1.649107642457735778e+00 1.249801343194445025e+00 1.203765585461210597e+00 1.296966739392344303e+00 0.000000000000000000e+00
6.873202768574835808e+00 1.803851747161981711e+00 -1.839163916416413846e-05 -1.000000000000000000e+00 -3.623980997536324601e-05 1.039134732697012534e-06 9.952576021873085210e-01 1.244093560371825280e+00 1.198406598199028616e+00 1.290897891570526479e+00 0.000000000000000000e+00
6.878934402731368358e+00 1.802348750086846252e+00 -1.344829607205880589e-05 -1.000000000000000000e+00 -3.168141314502282856e-05 6.404661714337841303e-06 5.221945377488452777e-01 1.239463645788734025e+00 1.193380029557413957e+00 1.286685941394003496e+00 0.000000000000000000e+00
6.884670816556305084e+00 1.800847005332036233e+00 -8.954881014637211417e-06 -1.000000000000000000e+00 -2.770987874639981925e-05 1.144139278929578162e-05 2.242017020674467176e-01 1.238277400175868515e+00 1.191919741107432928e+00 1.285786859191173193e+00 0.000000000000000000e+00
6.890412014035459443e+00 1.799346511854099884e+00 -4.605333076926313431e-06 -1.000000000000000000e+00 -2.399050143353119777e-05 1.643114141746199877e-05 5.677415466894331075e-02 1.241562602706905549e+00 1.195324052278390781e+00 1.288943818042729950e+00 0.000000000000000000e+00
6.896157999157970231e+00 1.797847268610453630e+00 -1.871391001010981579e-07 -1.000000000000000000e+00 -2.027436750224932444e-05 2.156364040130088390e-05 8.945410182548130251e-05 1.251702924584534138e+00 1.204726061666174797e+00 1.299848112528926736e+00 0.000000000000000000e+00
6.901908775916301586e+00 1.796349274559382980e+00 6.227478655372167914e-06 1.000000000000000000e+00 -1.453582138832999630e-05 2.866413986086883292e-05 9.537433912292669902e-02 1.257754182371670026e+00 1.210356262070953148e+00 1.306335236905679986e+00 0.000000000000000000e+00
6.907664348306248314e+00 1.794852528660041413e+00 1.579601802088081069e-05 1.000000000000000000e+00 -5.563038705463175447e-06 3.882676940190500484e-05 6.009055493280328619e-01 1.250729620441133783e+00 1.203476157876862684e+00 1.299166678447847278e+00 0.000000000000000000e+00
6.913424720326936779e+00 1.793357029872449937e+00 2.646891684370555490e-05 1.000000000000000000e+00 4.626007371967137986e-06 4.998436747411521164e-05 1.675402667562117642e+00 1.238919068069438190e+00 1.191644550635936328e+00 1.287390553143917593e+00 0.000000000000000000e+00
6.919189895980827565e+00 1.791862777157495312e+00 3.577218866606383967e-05 1.000000000000000000e+00 1.355577199880657118e-05 5.967340467894383408e-05 3.047952323248210860e+00 1.232326569902252533e+00 1.185243726190857716e+00 1.280603801938265729e+00 0.000000000000000000e+00
6.924959879273719920e+00 1.790369769476931161e+00 4.402452879692160564e-05 1.000000000000000000e+00 2.141565497454963390e-05 6.833364404086061136e-05 4.581596062586228868e+00 1.224191711025408358e+00 1.177027116905364545e+00 1.272563373579199242e+00 0.000000000000000000e+00
6.930734674214753532e+00 1.788878005793375303e+00 4.917713800255491338e-05 1.000000000000000000e+00 2.616302864502997194e-05 7.390431147318908089e-05 5.604803646705910580e+00 1.226341282394565413e+00 1.178867980262223281e+00 1.275035568408435127e+00 0.000000000000000000e+00
6.936514284816411191e+00 1.787387485070310644e+00 5.322988414623395636e-05 1.000000000000000000e+00 2.977618421176803616e-05 7.840699062386299054e-05 6.391096606576638806e+00 1.223843635382149575e+00 1.176416554455210095e+00 1.272492153926053193e+00 0.000000000000000000e+00
6.942298715094520567e+00 1.785898206272082511e+00 5.655865294729461748e-05 1.000000000000000000e+00 3.264401611965517919e-05 8.220687828250122960e-05 7.009745819541905121e+00 1.213793115529952615e+00 1.166239216555275959e+00 1.262585238841740676e+00 0.000000000000000000e+00
6.948087969068260428e+00 1.784410168363900873e+00 5.688355330888831472e-05 1.000000000000000000e+00 3.260932404770504328e-05 8.292170090837757638e-05 6.885746122176072959e+00 1.211717255641977742e+00 1.163641936020056278e+00 1.261059871312299796e+00 0.000000000000000000e+00
6.953882050760158862e+00 1.782923370311836564e+00 5.572298164360358166e-05 1.000000000000000000e+00 3.124946383318216795e-05 8.200550623873532397e-05 6.464977181795028116e+00 1.208707714256880505e+00 1.160939058628228215e+00 1.257726820188655115e+00 0.000000000000000000e+00
6.959680964196100383e+00 1.781437811082822398e+00 5.106135789281068138e-05 1.000000000000000000e+00 2.653525686535036288e-05 7.745008219301046672e-05 5.329557892109022532e+00 1.220560236503499763e+00 1.172045535424094620e+00 1.270352669259793732e+00 0.000000000000000000e+00
6.965484713405325046e+00 1.779953489644652054e+00 4.724195163887058075e-05 1.000000000000000000e+00 2.274652996118459514e-05 7.365006732047725123e-05 4.517612404600470200e+00 1.222139451501795815e+00 1.173331341316925291e+00 1.272238199571191331e+00 0.000000000000000000e+00
6.971293302420433768e+00 1.778470404965979412e+00 4.261919170153710402e-05 1.000000000000000000e+00 1.823631590105816340e-05 6.895005314314043708e-05 3.646952764749414655e+00 1.225872980231361264e+00 1.177051956558018642e+00 1.275982356014012442e+00 0.000000000000000000e+00
6.977106735277391003e+00 1.776988556016316556e+00 3.658227872304380048e-05 1.000000000000000000e+00 1.235950489180400204e-05 6.277444559132430160e-05 2.664012127999320967e+00 1.235994922170415622e+00 1.186717243582578130e+00 1.286576465308661543e+00 0.000000000000000000e+00
6.982925016015525621e+00 1.775507941766035547e+00 3.113141931627514677e-05 1.000000000000000000e+00 7.113109453856610362e-06 5.713591174895125469e-05 1.922193336136743369e+00 1.239081343625159537e+00 1.190045879402521933e+00 1.289405160357163016e+00 0.000000000000000000e+00
6.988748148677535355e+00 1.774028561186365982e+00 2.515517123172968805e-05 1.000000000000000000e+00 1.383084094581430145e-06 5.095360778125685309e-05 1.255148469932656496e+00 1.242998774052384903e+00 1.193351052631037357e+00 1.293962027746336840e+00 0.000000000000000000e+00
6.994576137309488573e+00 1.772550413249394330e+00 1.805311176295755306e-05 1.000000000000000000e+00 -5.395986920913863500e-06 4.357171434154128895e-05 6.468001421313260835e-01 1.253723825373941114e+00 1.203567275259226133e+00 1.305209976527168525e+00 0.000000000000000000e+00
7.000408985960828723e+00 1.771073496928063928e+00 1.219605002366956650e-05 1.000000000000000000e+00 -1.096642534530132824e-05 3.744788720301009627e-05 2.955543415769454896e-01 1.257830976458124139e+00 1.207607664142261283e+00 1.309382945566202050e+00 0.000000000000000000e+00
7.006246698684376106e+00 1.769597811196173431e+00 6.623628019359737103e-06 1.000000000000000000e+00 -1.631638431737031765e-05 3.164036888433365783e-05 8.712993705724159099e-02 1.264001029133898557e+00 1.213320690023084625e+00 1.316028961183642876e+00 0.000000000000000000e+00
7.012089279536330544e+00 1.768123355028376364e+00 2.451008071668184977e-06 1.000000000000000000e+00 -2.024229348762575991e-05 2.720474988036266506e-05 1.199843320755178411e-02 1.266927980194936465e+00 1.216193730817098695e+00 1.319011166888835795e+00 0.000000000000000000e+00
7.017936732576273151e+00 1.766650127400181791e+00 -7.419523738557020932e-07 -1.000000000000000000e+00 -2.310621274306699365e-05 2.368334651500687724e-05 1.117284301528798096e-03 1.271302546462928618e+00 1.220158596932576112e+00 1.323811812631191298e+00 0.000000000000000000e+00
7.023789061867172556e+00 1.765178127287950538e+00 -2.722607619498395236e-06 -1.000000000000000000e+00 -2.471967951834590059e-05 2.134586672530671523e-05 1.539044583229554064e-02 1.275776288237079337e+00 1.224251278111448293e+00 1.328682147970146721e+00 0.000000000000000000e+00
7.029646271475383124e+00 1.763707353668898525e+00 -3.115961452340492670e-06 -1.000000000000000000e+00 -2.485707143197186846e-05 2.069895357237037540e-05 2.055116481506047421e-02 1.276072359300986836e+00 1.224569557328317515e+00 1.328954019097525974e+00 0.000000000000000000e+00
7.035508365470652059e+00 1.762237805521092104e+00 -3.367107448902035707e-06 -1.000000000000000000e+00 -2.506796977008304627e-05 2.038725730873088796e-05 2.411945297981787917e-02 1.280796028574618051e+00 1.228836478901868645e+00 1.334154117310387688e+00 0.000000000000000000e+00
7.041375347926120298e+00 1.760769481823449834e+00 -1.400782327912457717e-06 -1.000000000000000000e+00 -2.329897756804699845e-05 2.251043436177051972e-05 4.161576923138454731e-03 1.275031423639356509e+00 1.222507856900573397e+00 1.328991984433468554e+00 0.000000000000000000e+00
7.047247222918324283e+00 1.759302381555740702e+00 5.965956946404286735e-07 1.000000000000000000e+00 -2.148357445021507509e-05 2.465861933937545631e-05 7.499407272604230457e-04 1.274902815923422361e+00 1.222634361700660310e+00 1.328596257764601551e+00 0.000000000000000000e+00
7.053123994527200402e+00 1.757836503698584130e+00 3.446036319356820517e-06 1.000000000000000000e+00 -1.880599360415990384e-05 2.767320891848867360e-05 2.499389305413046714e-02 1.274274050950588766e+00 1.221370189182473309e+00 1.328638351397793960e+00 0.000000000000000000e+00
7.059005666836087656e+00 1.756371847233449524e+00 5.601737134094143800e-06 1.000000000000000000e+00 -1.670408677093827867e-05 2.989269359566591852e-05 6.607789160148058727e-02 1.282163048159095986e+00 1.229417065851473367e+00 1.336351939804408806e+00 0.000000000000000000e+00
7.064892243931729432e+00 1.754908411142653613e+00 9.848649448077688001e-06 1.000000000000000000e+00 -1.262904120962918158e-05 3.430996866153115390e-05 2.048578236468046043e-01 1.276203013166944844e+00 1.222950291975550385e+00 1.330933844836088342e+00 0.000000000000000000e+00
7.070783729904277948e+00 1.753446194409361780e+00 1.204406420702938938e-05 1.000000000000000000e+00 -1.062311451900344640e-05 3.669215511127641002e-05 3.040041519936664827e-01 1.283328910853899885e+00 1.229567939072761629e+00 1.338588768724137790e+00 0.000000000000000000e+00
7.076680128847296025e+00 1.751985196017586288e+00 1.518002867895104646e-05 1.000000000000000000e+00 -7.752754797673446196e-06 4.010358779300614112e-05 4.767019907712750637e-01 1.280599184516586497e+00 1.227180553980114386e+00 1.335500764574502064e+00 0.000000000000000000e+00
7.082581444857760644e+00 1.750525414952186498e+00 1.884991154901649767e-05 1.000000000000000000e+00 -4.462349471790192826e-06 4.415877541569568262e-05 7.233842198011188884e-01 1.270142307059810127e+00 1.216238960945094538e+00 1.325567454745478324e+00 0.000000000000000000e+00
7.088487682036063831e+00 1.749066850198867318e+00 2.353536842160423997e-05 1.000000000000000000e+00 -1.301080071833671367e-07 4.919444789340319645e-05 1.115578308180602107e+00 1.248109312610746313e+00 1.194259409570587627e+00 1.303506346496505097e+00 0.000000000000000000e+00
7.094398844486017985e+00 1.747609500744178535e+00 2.428544662559507417e-05 1.000000000000000000e+00 4.914428954714834515e-07 5.007853624069867279e-05 1.176461298483118867e+00 1.247673272940333034e+00 1.193860328251461933e+00 1.303033431916935436e+00 0.000000000000000000e+00
7.100314936314857661e+00 1.746153365575515037e+00 2.257383875696671887e-05 1.000000000000000000e+00 -1.182661421107486201e-06 4.835867304970567666e-05 1.012380508823639502e+00 1.257646145033529894e+00 1.203270595998716885e+00 1.313588135506582155e+00 0.000000000000000000e+00
7.106235961633242226e+00 1.744698443681114597e+00 2.111590678459320403e-05 1.000000000000000000e+00 -2.509207354134590826e-06 4.681558505396509091e-05 8.885406665360093825e-01 1.258932699030334668e+00 1.204590638317952100e+00 1.314836121626203669e+00 0.000000000000000000e+00
7.112161924555259418e+00 1.743244734050058975e+00 1.850625842500854700e-05 1.000000000000000000e+00 -4.984878121702151409e-06 4.409478841818977198e-05 6.831696702838669921e-01 1.260937728558285009e+00 1.206199139574675616e+00 1.317258556013183979e+00 0.000000000000000000e+00
7.118092829198427118e+00 1.741792235672271039e+00 1.584956675219448844e-05 1.000000000000000000e+00 -7.547882014899709457e-06 4.133027907026479370e-05 5.011144512292347031e-01 1.254909286919418276e+00 1.199631539289240267e+00 1.311811288058671643e+00 0.000000000000000000e+00
7.124028679683696907e+00 1.740340947538516092e+00 1.093916093486846222e-05 1.000000000000000000e+00 -1.222535747418092326e-05 3.617711023066501878e-05 2.384953169991348432e-01 1.255591173411039208e+00 1.200635322818681683e+00 1.312155463895789964e+00 0.000000000000000000e+00
7.129969480135457616e+00 1.738890868640399878e+00 4.200821401072429468e-06 1.000000000000000000e+00 -1.858463472906217730e-05 2.908866163688258040e-05 3.536029739792923010e-02 1.260422624079633236e+00 1.205019740634363901e+00 1.317454041519629859e+00 0.000000000000000000e+00
7.135915234681537100e+00 1.737441997970369245e+00 -3.641181961381851841e-06 -1.000000000000000000e+00 -2.582242250290747127e-05 2.073867983063758548e-05 2.689371168690968261e-02 1.266563307315121012e+00 1.211107751220542372e+00 1.323639124061556149e+00 0.000000000000000000e+00
7.141865947453204910e+00 1.735994334521709703e+00 -1.206853874218544927e-05 -1.000000000000000000e+00 -3.400904454701254192e-05 1.181624846555393116e-05 2.977473205467191519e-01 1.272685750028821117e+00 1.216766677903261762e+00 1.330243182504649679e+00 0.000000000000000000e+00
7.147821622585176726e+00 1.734547877288545648e+00 -2.299510026670051338e-05 -1.000000000000000000e+00 -4.598246737685464017e-05 5.881956093194137879e-07 1.066179567782860715e+00 1.294424034534353396e+00 1.237348811494014766e+00 1.353179085479683907e+00 0.000000000000000000e+00
7.153782264215615250e+00 1.733102625265839913e+00 -3.134546411565358200e-05 -1.000000000000000000e+00 -5.413847539253650962e-05 -7.997802539902346635e-06 1.937566923480630976e+00 1.297966043794683833e+00 1.241067143530168337e+00 1.356530348441043143e+00 0.000000000000000000e+00
7.159747876486134643e+00 1.731658577449392222e+00 -3.826982283828988428e-05 -1.000000000000000000e+00 -5.954018646344655337e-05 -1.497935594326223722e-05 2.835619925531695174e+00 1.302939637819203744e+00 1.245221282369124882e+00 1.362363200285026110e+00 0.000000000000000000e+00
7.165718463541802308e+00 1.730215732835839626e+00 -4.082150635537933932e-05 -1.000000000000000000e+00 -6.150153986670225232e-05 -1.770645804384669345e-05 3.223419396932030168e+00 1.299719082127711145e+00 1.242409565225346180e+00 1.358712720707540900e+00 0.000000000000000000e+00
7.171694029531142434e+00 1.728774090422655174e+00 -3.983280875875467653e-05 -1.000000000000000000e+00 -6.042261724780676607e-05 -1.678268132891925382e-05 3.092525479455147774e+00 1.297289653011806987e+00 1.239406048028387275e+00 1.356894883992805223e+00 0.000000000000000000e+00
7.177674578606138667e+00 1.727333649208146804e+00 -3.514715011778955811e-05 -1.000000000000000000e+00 -5.590442550572214059e-05 -1.190158657945630620e-05 2.414999945414606941e+00 1.288972404939504379e+00 1.230921566990762051e+00 1.348765800664390113e+00 0.000000000000000000e+00
7.183660114922237661e+00 1.725894408191456675e+00 -2.816107626567072327e-05 -1.000000000000000000e+00 -4.945901532172026713e-05 -4.371187675621540116e-06 1.528082242603673535e+00 1.278819302718066542e+00 1.221300556314148134e+00 1.338063433832663573e+00 0.000000000000000000e+00
7.189650642638349964e+00 1.724456366372562499e+00 -2.168521265577629572e-05 -1.000000000000000000e+00 -4.383436937945347090e-05 2.902777146516353270e-06 8.768088595617484771e-01 1.285293574073659073e+00 1.226906304580502205e+00 1.345452938794318154e+00 0.000000000000000000e+00
7.195646165916856241e+00 1.723019522752273547e+00 -1.073205159214964517e-05 -1.000000000000000000e+00 -3.377187691143911877e-05 1.468825921375370495e-05 2.098527930423301768e-01 1.269803985084054565e+00 1.212046134042017886e+00 1.329322068943912694e+00 0.000000000000000000e+00
7.201646688923606376e+00 1.721583876332232421e+00 -4.868195060931252067e-07 -1.000000000000000000e+00 -2.421113968059839585e-05 2.559671069239230956e-05 4.265734163197976159e-04 1.263093344230978854e+00 1.204825340777356146e+00 1.323164812230956722e+00 0.000000000000000000e+00
7.207652215827925701e+00 1.720149426114913060e+00 6.457675933523824514e-06 1.000000000000000000e+00 -1.769156233472981047e-05 3.297934802524571786e-05 7.437792086734162922e-02 1.274371872880574852e+00 1.215512426668187373e+00 1.335056038272439904e+00 0.000000000000000000e+00
7.213662750802614987e+00 1.718716171103621404e+00 1.385986684915789328e-05 1.000000000000000000e+00 -1.064860110866462969e-05 4.074987313239673885e-05 3.417646141353714029e-01 1.268666843478666761e+00 1.210004549735151036e+00 1.329151038490787196e+00 0.000000000000000000e+00
7.219678298023954888e+00 1.717284110302493172e+00 1.854747123310490590e-05 1.000000000000000000e+00 -6.252353569617252472e-06 4.571299763454082012e-05 6.090358011100533986e-01 1.263849521400954412e+00 1.204926414864937456e+00 1.324620668110286559e+00 0.000000000000000000e+00
7.225698861671710382e+00 1.715853242716494531e+00 1.957497465765235901e-05 1.000000000000000000e+00 -5.344752316095574416e-06 4.684323947227704912e-05 6.740341207807318824e-01 1.263147275420910987e+00 1.204270750577322691e+00 1.323873116192582966e+00 0.000000000000000000e+00
7.231724445929129885e+00 1.714423567351419875e+00 1.551374175298495707e-05 1.000000000000000000e+00 -9.313654296654034467e-06 4.269670356879114409e-05 4.201578887780570426e-01 1.275004985196564355e+00 1.215456963789478095e+00 1.336427971741694032e+00 0.000000000000000000e+00
7.237755054982951464e+00 1.712995083213891823e+00 7.877527222594575868e-06 1.000000000000000000e+00 -1.662307443773927728e-05 3.478235345378251158e-05 1.080528928698143432e-01 1.288711903576620355e+00 1.228124711992836016e+00 1.351216083531733725e+00 0.000000000000000000e+00
7.243790693023404614e+00 1.711567789311361887e+00 -1.104260285404062447e-06 -1.000000000000000000e+00 -2.504375155587883773e-05 2.532169782213425821e-05 2.133524280452547828e-03 1.291446987100651977e+00 1.231110072991672189e+00 1.353676082530980374e+00 0.000000000000000000e+00
7.249831364244212040e+00 1.710141684652107807e+00 -1.190533520420705676e-05 -1.000000000000000000e+00 -3.525390083254994903e-05 1.399562436663809191e-05 2.484331883825987575e-01 1.292676684823120148e+00 1.231863815024118347e+00 1.355405526396131544e+00 0.000000000000000000e+00
7.255877072842594977e+00 1.708716768245233997e+00 -2.702548927855454074e-05 -1.000000000000000000e+00 -5.011565446551137048e-05 -1.678645542711035602e-06 1.262347475053040569e+00 1.317585928641881177e+00 1.255392161737773904e+00 1.381743371928497499e+00 0.000000000000000000e+00
7.261927823019274086e+00 1.707293039100669763e+00 -4.074501701000712866e-05 -1.000000000000000000e+00 -6.324054329237825981e-05 -1.592594280529197439e-05 2.827772817711661446e+00 1.334257996177312666e+00 1.271924089414363523e+00 1.398536017443498203e+00 0.000000000000000000e+00
7.267983618978473004e+00 1.705870496229170197e+00 -5.008364740537862299e-05 -1.000000000000000000e+00 -7.169911903023382257e-05 -2.576992099609398158e-05 4.277966158154974607e+00 1.338790143420604650e+00 1.275577740121492720e+00 1.403990045878746873e+00 0.000000000000000000e+00
7.274044464927921894e+00 1.704449138642313732e+00 -5.299835352210947772e-05 -1.000000000000000000e+00 -7.399555542183372785e-05 -2.924198561432442235e-05 4.898289899287490812e+00 1.331018701074184074e+00 1.268395105987196292e+00 1.395602929689290894e+00 0.000000000000000000e+00
7.280110365078859225e+00 1.703028965352503699e+00 -5.335420267733244110e-05 -1.000000000000000000e+00 -7.400478855873391358e-05 -2.994014559024029760e-05 5.069926527951167827e+00 1.338565099978388684e+00 1.275108988653366859e+00 1.404024666676837230e+00 0.000000000000000000e+00
7.286181323646034436e+00 1.701609975372965211e+00 -4.780210980112747378e-05 -1.000000000000000000e+00 -6.861202634147269041e-05 -2.424816287277864794e-05 4.115576630316049034e+00 1.326524772184963119e+00 1.263732095288971680e+00 1.391300384372105459e+00 0.000000000000000000e+00
7.292257344847713263e+00 1.700192167717745617e+00 -3.919650842790299816e-05 -1.000000000000000000e+00 -6.069294949443187814e-05 -1.501032568683157914e-05 2.751372516719712280e+00 1.309216645535133949e+00 1.246065179792347211e+00 1.374402937052673135e+00 0.000000000000000000e+00
7.298338432905678630e+00 1.698775541401714717e+00 -2.579290065188675956e-05 -1.000000000000000000e+00 -4.827602551535170274e-05 -6.700557414120713793e-07 1.179460988201256555e+00 1.271028416212935719e+00 1.208333236135056499e+00 1.335790316884782669e+00 0.000000000000000000e+00
7.304424592045234199e+00 1.697360095440562322e+00 -1.473803906479248445e-05 -1.000000000000000000e+00 -3.813785680012130058e-05 1.126198099704000570e-05 3.771613851119894889e-01 1.261668900225284329e+00 1.199180530286608981e+00 1.326227256367994212e+00 0.000000000000000000e+00
7.310515826495206149e+00 1.695945828850798032e+00 -2.004337384032309754e-06 -1.000000000000000000e+00 -2.636141176437683780e-05 2.493075148473724139e-05 6.845369380428678596e-03 1.246125676219233203e+00 1.183605558767289345e+00 1.310744239256043775e+00 0.000000000000000000e+00
7.316612140487947613e+00 1.694532740649751679e+00 1.020500930772835824e-05 1.000000000000000000e+00 -1.506506309056018664e-05 3.804214691091325026e-05 1.736867118661820086e-01 1.235863447882648236e+00 1.173574280234714440e+00 1.300252168426408783e+00 0.000000000000000000e+00
7.322713538259342236e+00 1.693120829855571774e+00 2.547503342961977577e-05 1.000000000000000000e+00 -7.996260425918246299e-07 5.430043933502513853e-05 1.065839627159590464e+00 1.202431228442709443e+00 1.140326724821586479e+00 1.266456407395899708e+00 0.000000000000000000e+00
7.328820024048804171e+00 1.691710095487224841e+00 3.831233812735578080e-05 1.000000000000000000e+00 1.114562524315146203e-05 6.800665221036970853e-05 2.366794899398882990e+00 1.182054376795321993e+00 1.119571893280071784e+00 1.245995003997941053e+00 0.000000000000000000e+00
7.334931602099284298e+00 1.690300536564494527e+00 4.836663031462690605e-05 1.000000000000000000e+00 2.049626031179306116e-05 7.878818105191805134e-05 3.700061993257406812e+00 1.173710278145049024e+00 1.111146366956377918e+00 1.237451261471737229e+00 0.000000000000000000e+00
7.341048276657271110e+00 1.688892152107981603e+00 6.092058154122690977e-05 1.000000000000000000e+00 3.226008157549057720e-05 9.212435011427486662e-05 5.826245075892998670e+00 1.139398467142338278e+00 1.076952096540131354e+00 1.203588143270007293e+00 0.000000000000000000e+00
7.347170051972794269e+00 1.687484941139102412e+00 6.762433911203721295e-05 1.000000000000000000e+00 3.845863962394741140e-05 9.935224135577638187e-05 7.072691217140132380e+00 1.133826920684599893e+00 1.071528301799613114e+00 1.198015160631855203e+00 0.000000000000000000e+00
7.353296932299427269e+00 1.686078902680089531e+00 7.278373199636176984e-05 1.000000000000000000e+00 4.321271196044352745e-05 1.049279397564935638e-04 8.100507547738132530e+00 1.126670078543361653e+00 1.064183244200691325e+00 1.191222429490336854e+00 0.000000000000000000e+00
7.359428921894291875e+00 1.684674035753989330e+00 7.636655688957027230e-05 1.000000000000000000e+00 4.652963392017929678e-05 1.087801069304731823e-04 8.868207413985935261e+00 1.116504409661814634e+00 1.053562653584360298e+00 1.181720615621335346e+00 0.000000000000000000e+00
7.365566025018059015e+00 1.683270339384662417e+00 7.749207905393666487e-05 1.000000000000000000e+00 4.763655412903167110e-05 1.099387790329803131e-04 9.130436527420982884e+00 1.107451967084930322e+00 1.045186453469103549e+00 1.172053206024719518e+00 0.000000000000000000e+00
7.371708245934952330e+00 1.681867812596783196e+00 7.632593182495356842e-05 1.000000000000000000e+00 4.655167033224658795e-05 1.087160969257282609e-04 8.901320092608031587e+00 1.097712706867925547e+00 1.035014888964878033e+00 1.162822383318058206e+00 0.000000000000000000e+00
7.377855588912752616e+00 1.680466454415837863e+00 7.089459645245326674e-05 1.000000000000000000e+00 4.142856057084429785e-05 1.030138863104035937e-04 7.710383072659553250e+00 1.100739161576228975e+00 1.038386220421395612e+00 1.165468400031028695e+00 0.000000000000000000e+00
7.384008058222798709e+00 1.679066263868125519e+00 6.184440853628269720e-05 1.000000000000000000e+00 3.279105795634491491e-05 9.360397964828587802e-05 5.877384044607950386e+00 1.113979167005096693e+00 1.050555437977648499e+00 1.179741121477891008e+00 0.000000000000000000e+00
7.390165658139991045e+00 1.677667239980756175e+00 5.275404050612124033e-05 1.000000000000000000e+00 2.415659317584929072e-05 8.410667397140521241e-05 4.287510906900109831e+00 1.115696078832114857e+00 1.051860840377688344e+00 1.181868742235114178e+00 0.000000000000000000e+00
7.396328392942796093e+00 1.676269381781650081e+00 4.087495909673837793e-05 1.000000000000000000e+00 1.281011239568346298e-05 7.173206026863433195e-05 2.560751147184078036e+00 1.126645700834074004e+00 1.062543866563959272e+00 1.192894390028875096e+00 0.000000000000000000e+00
7.402496266913247247e+00 1.674872688299538392e+00 2.894062837379900264e-05 1.000000000000000000e+00 1.367667614840840386e-06 5.934382605463879915e-05 1.274346105084191549e+00 1.130986219770573786e+00 1.066346853403800976e+00 1.197691339341300232e+00 0.000000000000000000e+00
7.408669284336948380e+00 1.673477158563960288e+00 1.544395536360582320e-05 1.000000000000000000e+00 -1.164111168969926357e-05 4.529533915624917929e-05 3.598539246393954727e-01 1.143079632264883072e+00 1.078131897321862320e+00 1.209734036861047857e+00 0.000000000000000000e+00
7.414847449503079169e+00 1.672082791605264962e+00 4.381326210054984172e-06 1.000000000000000000e+00 -2.224915896062779598e-05 3.367490162911527098e-05 2.901049817894829630e-02 1.143289020018355640e+00 1.077944813245103939e+00 1.210338735191683224e+00 0.000000000000000000e+00
7.421030766704393322e+00 1.670689586454608300e+00 -5.733452447014201580e-06 -1.000000000000000000e+00 -3.147332398775717688e-05 2.294169105228225787e-05 4.994649493163194620e-02 1.149414032346795400e+00 1.083183378255694551e+00 1.216770009758614934e+00 0.000000000000000000e+00
7.427219240237226572e+00 1.669297542143953983e+00 -1.322088017279475110e-05 -1.000000000000000000e+00 -3.815158608743715536e-05 1.492280823197340728e-05 2.667885132778735624e-01 1.155860319928756708e+00 1.089286572989518032e+00 1.223033659968364217e+00 0.000000000000000000e+00
7.433412874401496673e+00 1.667906657706072160e+00 -1.449436261429922772e-05 -1.000000000000000000e+00 -3.928956180818665158e-05 1.348250251423177500e-05 3.215096532208150393e-01 1.139959463704580234e+00 1.073168995941201187e+00 1.207892930008013899e+00 0.000000000000000000e+00
7.439611673500706956e+00 1.666516932174539223e+00 -1.513675538772962202e-05 -1.000000000000000000e+00 -3.982774534370898321e-05 1.264358431608609902e-05 3.542890226550952093e-01 1.140588506424271342e+00 1.073754639480422490e+00 1.208217731457905231e+00 0.000000000000000000e+00
7.445815641841948995e+00 1.665128364583736253e+00 -1.150681428021855972e-05 -1.000000000000000000e+00 -3.605119572525327656e-05 1.608322616533401427e-05 2.098876209683595562e-01 1.127086974871054137e+00 1.060262156613777984e+00 1.195282347595712169e+00 0.000000000000000000e+00
7.452024783735907043e+00 1.663740953968849468e+00 -8.503617967653306187e-06 -1.000000000000000000e+00 -3.267797400754991305e-05 1.874402449956375682e-05 1.184750516106305440e-01 1.124412678617384254e+00 1.057862716254952096e+00 1.192353826381881809e+00 0.000000000000000000e+00
7.458239103496859812e+00 1.662354699365868660e+00 -4.636342067736898551e-06 -1.000000000000000000e+00 -2.855660551473521421e-05 2.236667666763722865e-05 3.640804739121961120e-02 1.110078749941452836e+00 1.043658730505057086e+00 1.178497810964744152e+00 0.000000000000000000e+00
7.464458605442683137e+00 1.660969599811586539e+00 -2.370304972872959593e-06 -1.000000000000000000e+00 -2.616570302566485851e-05 2.451715938916257658e-05 9.702215915140754987e-03 1.094274888815597757e+00 1.027561475407946290e+00 1.163456034148953711e+00 0.000000000000000000e+00
7.470683293894854415e+00 1.659585654343599170e+00 -3.422873782469583477e-06 -1.000000000000000000e+00 -2.711578518526730624e-05 2.338177653375623420e-05 2.020643521396436881e-02 1.086306602983688308e+00 1.020324703016062484e+00 1.154860167848049901e+00 0.000000000000000000e+00
7.476913173178454386e+00 1.658202862000304201e+00 -9.719770265296674683e-06 -1.000000000000000000e+00 -3.334958453781994411e-05 1.706438424259630596e-05 1.588532779002491679e-01 1.099786116125413438e+00 1.032508409047773856e+00 1.169434456854880899e+00 0.000000000000000000e+00
7.483148247622170679e+00 1.656821221820899526e+00 -1.739410948455528190e-05 -1.000000000000000000e+00 -4.093784684981237960e-05 9.384397809944054097e-06 4.934832469232190988e-01 1.104819609034572325e+00 1.037787667851195028e+00 1.174056946889383113e+00 0.000000000000000000e+00
7.489388521558299594e+00 1.655440732845385288e+00 -2.328444318418201314e-05 -1.000000000000000000e+00 -4.656764676211482836e-05 3.431586365709505165e-06 8.642867190475840289e-01 1.083239138830667248e+00 1.017668860849317625e+00 1.151387006940759239e+00 0.000000000000000000e+00
7.495633999322752317e+00 1.654061394114560324e+00 -3.218536971688753471e-05 -1.000000000000000000e+00 -5.512666366535705917e-05 -5.613198780571283190e-06 1.601809629332791474e+00 1.081217151636383100e+00 1.015221850720227748e+00 1.149839089409493642e+00 0.000000000000000000e+00
7.501884685255054031e+00 1.652683204670022832e+00 -4.107297413130652587e-05 -1.000000000000000000e+00 -6.366124389289958203e-05 -1.471315784713309946e-05 2.531892885947485183e+00 1.088018546280484333e+00 1.021801057331974905e+00 1.156773529257399735e+00 0.000000000000000000e+00
7.508140583698349246e+00 1.651306163554170148e+00 -4.590567900407491203e-05 -1.000000000000000000e+00 -6.821195405961710378e-05 -1.971283874373108176e-05 3.118355677468187537e+00 1.089680274308820751e+00 1.023005728537071279e+00 1.158886989179629623e+00 0.000000000000000000e+00
7.514401698999403578e+00 1.649930269810196748e+00 -4.577349282574148277e-05 -1.000000000000000000e+00 -6.780854382345801183e-05 -1.970674559198604676e-05 3.111799701802794971e+00 1.089180942040913536e+00 1.022631809674404924e+00 1.158253398948907886e+00 0.000000000000000000e+00
7.520668035508609073e+00 1.648555522482095359e+00 -3.854093992416615498e-05 -1.000000000000000000e+00 -6.107071617512439560e-05 -1.207644501722057441e-05 2.230744709801342651e+00 1.065691763986459151e+00 9.994758040065371274e-01 1.134677527563725974e+00 0.000000000000000000e+00
7.526939597579984209e+00 1.647181920614653627e+00 -2.907142412327461356e-05 -1.000000000000000000e+00 -5.268863159948886316e-05 -2.186226552677496016e-06 1.284756223831649891e+00 1.046113941520216750e+00 9.808772644572414379e-01 1.114004243401606864e+00 0.000000000000000000e+00
7.533216389571179228e+00 1.645809463253457006e+00 -2.127194071214475103e-05 -1.000000000000000000e+00 -4.541097485349553586e-05 6.048733460946360303e-06 6.935028300084269404e-01 1.048804261791752124e+00 9.827824317388313968e-01 1.117575692187273262e+00 0.000000000000000000e+00
7.539498415843477019e+00 1.644438149444884756e+00 -1.227909103254370830e-05 -1.000000000000000000e+00 -3.647658009473982979e-05 1.557632245575785995e-05 2.325083778569734250e-01 1.042148975665217359e+00 9.758718515772479840e-01 1.111091918595318973e+00 0.000000000000000000e+00
7.545785680761798453e+00 1.643067978236111282e+00 -4.147300011586222417e-06 -1.000000000000000000e+00 -2.909868380904202532e-05 2.439693761349141982e-05 2.638082434597777137e-02 1.035553481676963594e+00 9.693508842828312266e-01 1.104255679899318610e+00 0.000000000000000000e+00
7.552078188694705041e+00 1.641698948675104575e+00 3.295102847911897317e-06 1.000000000000000000e+00 -2.241406074267750559e-05 3.257941730689670808e-05 1.639525017579046562e-02 1.025778807367422329e+00 9.590668582195377434e-01 1.094647377636430052e+00 0.000000000000000000e+00
7.558375944014398939e+00 1.640331059810627101e+00 8.931495434524263537e-06 1.000000000000000000e+00 -1.741081412935753444e-05 3.887939565007215119e-05 1.174608448058478416e-01 1.021219397773965420e+00 9.543867370882490597e-01 1.089993828540197107e+00 0.000000000000000000e+00
7.564678951096730941e+00 1.638964310692231585e+00 1.512652506397527533e-05 1.000000000000000000e+00 -1.193567327368493525e-05 4.576470284219873836e-05 3.308305300967475659e-01 1.003982684609786791e+00 9.360832833387963126e-01 1.072688646933189993e+00 0.000000000000000000e+00
7.570987214321198699e+00 1.637598700370265004e+00 1.784797128139300164e-05 1.000000000000000000e+00 -9.571489153771074108e-06 4.880167736743368467e-05 4.549925438751927231e-01 1.001835572055115309e+00 9.338441623176410022e-01 1.070464848255278323e+00 0.000000000000000000e+00
7.577300738070952946e+00 1.636234227895864146e+00 1.984562363819562033e-05 1.000000000000000000e+00 -7.578165691213287008e-06 5.085197005009363516e-05 5.682841422943454290e-01 9.913570679966328125e-01 9.225064855284701437e-01 1.060213594411119509e+00 0.000000000000000000e+00
7.583619526732800153e+00 1.634870892320956948e+00 1.764225489138378174e-05 1.000000000000000000e+00 -9.360882131498576408e-06 4.824648317082666369e-05 4.573781767710016766e-01 9.957370525234251479e-01 9.262014677951551089e-01 1.065313178126730875e+00 0.000000000000000000e+00
7.589943584697204315e+00 1.633508692698261822e+00 1.442957419220324499e-05 1.000000000000000000e+00 -1.193955830715559027e-05 4.449801455918979789e-05 3.140199445932410072e-01 9.907597738194463544e-01 9.216907586151448228e-01 1.059815205663186877e+00 0.000000000000000000e+00
7.596272916358290495e+00 1.632147628081284996e+00 1.105922168581137765e-05 1.000000000000000000e+00 -1.495173644309920925e-05 4.070194732263479468e-05 1.885803722847185782e-01 9.699652630978647938e-01 9.021487287349903017e-01 1.039691619976605530e+00 0.000000000000000000e+00
7.602607526113848380e+00 1.630787697524322288e+00 3.625142146507800087e-06 1.000000000000000000e+00 -2.193483578661162178e-05 3.284020672378510063e-05 2.016731467189458726e-02 9.644706099264485077e-01 8.971449368565187488e-01 1.033783552963438490e+00 0.000000000000000000e+00
7.608947418365335835e+00 1.629428900082457776e+00 -5.213670018103238948e-06 -1.000000000000000000e+00 -3.047234747664373349e-05 2.373752242221399564e-05 4.077687672371155259e-02 9.556474317972759591e-01 8.872524709117773911e-01 1.026037283737022854e+00 0.000000000000000000e+00
7.615292597517878903e+00 1.628071234811562906e+00 -1.595991240454203668e-05 -1.000000000000000000e+00 -4.095073721141644411e-05 1.274360432007067627e-05 3.722760758246437263e-01 9.530663596332604737e-01 8.849538611475140648e-01 1.023136570220513519e+00 0.000000000000000000e+00
7.621643067980279795e+00 1.626714700768294497e+00 -2.614165153718926084e-05 -1.000000000000000000e+00 -5.029037536306124573e-05 1.746200029139861556e-06 1.004996253316505772e+00 9.537454815421756438e-01 8.846419516718906362e-01 1.024806498766555052e+00 0.000000000000000000e+00
7.627998834165015118e+00 1.625359297010096737e+00 -2.966705269826921951e-05 -1.000000000000000000e+00 -5.532693577270603945e-05 -1.670777650151988397e-06 1.273626785830018093e+00 9.217142199409757986e-01 8.534664989661747692e-01 9.924734874239161675e-01 0.000000000000000000e+00
7.634359900488242090e+00 1.624005022595198744e+00 -4.090847380297824449e-05 -1.000000000000000000e+00 -6.549108598009259344e-05 -9.894424032831122720e-06 1.997427434475184782e+00 9.269889214147142287e-01 8.590151335062234939e-01 9.975854751651579422e-01 0.000000000000000000e+00
7.640726271369800315e+00 1.622651876582614117e+00 -5.148101174632520961e-05 -1.000000000000000000e+00 -7.535179626888382760e-05 -1.873913100601269692e-05 2.728746428982276484e+00 9.241329357450785986e-01 8.558080364725753064e-01 9.950204214697515592e-01 0.000000000000000000e+00
7.647097951233216229e+00 1.621299858032140939e+00 -6.286063945759794798e-05 -1.000000000000000000e+00 -8.733969675449882179e-05 -2.983119533256765220e-05 3.670767236092061125e+00 9.299096864744383906e-01 8.614022113830287486e-01 1.001123906223448046e+00 0.000000000000000000e+00
7.653474944505703093e+00 1.619948966004359558e+00 -6.472014606368285390e-05 -1.000000000000000000e+00 -9.089233572692639895e-05 -3.314981803861075164e-05 4.120738110862319559e+00 9.291870047001470345e-01 8.601990654487474686e-01 1.000925093057193127e+00 0.000000000000000000e+00
7.659857255618167216e+00 1.618599199560634805e+00 -5.687396847360200994e-05 -1.000000000000000000e+00 -8.457464136304654128e-05 -2.867763966270275335e-05 3.967940876414573381e+00 9.266248971207531326e-01 8.579879507281347184e-01 9.979499080156820634e-01 0.000000000000000000e+00
7.666244889005210617e+00 1.617250557763112662e+00 -4.863859830312152122e-05 -1.000000000000000000e+00 -7.111047491803517079e-05 -2.278193259444859692e-05 3.534924476722594022e+00 9.167174194150377042e-01 8.477107490014426094e-01 9.881528763240103874e-01 0.000000000000000000e+00
7.672637849105131913e+00 1.615903039674720043e+00 -4.357868073521894205e-05 -1.000000000000000000e+00 -6.340688842688862515e-05 -1.941844430898513455e-05 3.259383292868591298e+00 9.150290946303855089e-01 8.448951311146775112e-01 9.875847834273759895e-01 0.000000000000000000e+00
7.679036140359931650e+00 1.614556644359165460e+00 -3.877207197779031271e-05 -1.000000000000000000e+00 -5.827384848598245886e-05 -1.549483221655899287e-05 2.789723932669431861e+00 9.004947642960413612e-01 8.309119599280343493e-01 9.716410773364887454e-01 0.000000000000000000e+00
7.685439767215314077e+00 1.613211370880937023e+00 -3.639776665697121481e-05 -1.000000000000000000e+00 -5.725696274696475969e-05 -1.311207373617319263e-05 2.497302262895658487e+00 8.969627478176849245e-01 8.266218573339019215e-01 9.690944375582397630e-01 0.000000000000000000e+00
7.691848734120691589e+00 1.611867218305303329e+00 -3.301312895696944226e-05 -1.000000000000000000e+00 -5.519835541099874985e-05 -9.514570424081312411e-06 2.059346226455843976e+00 8.812601503133772329e-01 8.120284595912246051e-01 9.529812695759555252e-01 0.000000000000000000e+00
7.698263045529186499e+00 1.610524185698310351e+00 -3.084437531761988324e-05 -1.000000000000000000e+00 -5.277988783621951837e-05 -6.744933568418708933e-06 1.758665361292983675e+00 8.719362090626807671e-01 8.018346801451103900e-01 9.448474682116733137e-01 0.000000000000000000e+00
7.704682705897634598e+00 1.609182272126782998e+00 -2.859112066701758806e-05 -1.000000000000000000e+00 -4.967480218816195173e-05 -3.902680522807828230e-06 1.470827717891467046e+00 8.626698499213905080e-01 7.932226540447999685e-01 9.350651474096975946e-01 0.000000000000000000e+00
7.711107719686588702e+00 1.607841476658323998e+00 -2.419640716296615082e-05 -1.000000000000000000e+00 -4.565798826688535967e-05 1.094460409834450401e-06 1.047081685590839584e+00 8.410934006289824127e-01 7.708398705392092154e-01 9.141992233707871840e-01 0.000000000000000000e+00
7.717538091360320429e+00 1.606501798361312572e+00 -1.793360166926338462e-05 -1.000000000000000000e+00 -3.974819308632045092e-05 7.750983248038580017e-06 5.855262683438269278e-01 8.079582858894184261e-01 7.377402538403502463e-01 8.810112371136286091e-01 0.000000000000000000e+00
7.723973825386825531e+00 1.605163236304904206e+00 -1.410034204775713827e-05 -1.000000000000000000e+00 -3.593566290781767639e-05 1.156764201785029514e-05 3.696893501971345586e-01 7.919819471798086319e-01 7.231133436569154860e-01 8.642680967442196716e-01 0.000000000000000000e+00
7.730414926237823892e+00 1.603825789559029547e+00 -9.852228656633991522e-06 -1.000000000000000000e+00 -3.163123892390153985e-05 1.574984945648641143e-05 1.868093931337142521e-01 7.666851828574773320e-01 6.977012989273396748e-01 8.394796730883120617e-01 0.000000000000000000e+00
7.736861398388765743e+00 1.602489457194395728e+00 -1.067304346028115292e-05 -1.000000000000000000e+00 -3.206640231894123094e-05 1.459025090798639675e-05 2.229085374725627844e-01 7.727262447355104369e-01 7.043399866362507478e-01 8.449127631979057584e-01 0.000000000000000000e+00
7.743313246318833443e+00 1.601154238282482378e+00 -9.227116551405257550e-06 -1.000000000000000000e+00 -3.025575148305764350e-05 1.577678800119648652e-05 1.704982445410507808e-01 7.499230313968665573e-01 6.828122045214557456e-01 8.201219537335565635e-01 0.000000000000000000e+00
7.749770474510944140e+00 1.599820131895543396e+00 -1.064932270657133541e-05 -1.000000000000000000e+00 -3.196498100350712070e-05 1.434158641228983296e-05 2.257087389394598631e-01 7.404335221819141610e-01 6.735371263451678248e-01 8.096778084435488632e-01 0.000000000000000000e+00
7.756233087451753327e+00 1.598487137106606282e+00 -1.179368120154676500e-05 -1.000000000000000000e+00 -3.420150314709861065e-05 1.354397691313534130e-05 2.693696634774624954e-01 7.219835657916613414e-01 6.544791993632176341e-01 7.896683928392446150e-01 0.000000000000000000e+00
7.762701089631657503e+00 1.597155252989470364e+00 -1.442335916683995191e-05 -1.000000000000000000e+00 -3.793231894794200015e-05 1.139898628037524474e-05 3.842410536423983558e-01 7.140853906966601050e-01 6.458853839215853432e-01 7.814252682924709426e-01 0.000000000000000000e+00
7.769174485544799502e+00 1.595824478618706577e+00 -1.426848885627075755e-05 -1.000000000000000000e+00 -3.730970729850736553e-05 1.204736164168915800e-05 3.676267838362576867e-01 6.946957345264368477e-01 6.257674732234105308e-01 7.630508344078235083e-01 0.000000000000000000e+00
7.775653279689067610e+00 1.594494813069657235e+00 -1.335296134521098040e-05 -1.000000000000000000e+00 -3.534784167527711473e-05 1.295550583684695447e-05 3.275909385757245218e-01 6.850267521213335709e-01 6.160251384740104141e-01 7.529863803196676919e-01 0.000000000000000000e+00
7.782137476566102663e+00 1.593166255418435151e+00 -1.180656341596538857e-05 -1.000000000000000000e+00 -3.322369028222441648e-05 1.399394570071167808e-05 2.676117988356878641e-01 6.833836838329718777e-01 6.146329023276251302e-01 7.512265870618868302e-01 0.000000000000000000e+00
7.788627080681298942e+00 1.591838804741922297e+00 -4.966950545302164296e-06 -1.000000000000000000e+00 -2.665839507365503581e-05 2.065456997694091885e-05 5.042011517819844357e-02 6.469798742999852692e-01 5.786819177557084304e-01 7.176819159381877533e-01 0.000000000000000000e+00
7.795122096543806833e+00 1.590512460117771143e+00 -2.838012985935545523e-06 -1.000000000000000000e+00 -2.466387868385342820e-05 2.259007060296497785e-05 1.687976768371868275e-02 6.445542154334946705e-01 5.765563884106851278e-01 7.151674939052417024e-01 0.000000000000000000e+00
7.801622528666539047e+00 1.589187220624400876e+00 2.144050541267151639e-06 1.000000000000000000e+00 -1.980625065033792456e-05 2.780128111439738889e-05 9.828702579014247931e-03 6.166296420507251241e-01 5.486703338720880785e-01 6.882436659376403032e-01 0.000000000000000000e+00
7.808128381566169729e+00 1.587863085341000069e+00 3.193624253636562626e-06 1.000000000000000000e+00 -1.881895817933808702e-05 2.905821533657269553e-05 2.151468865855576951e-02 6.154934219414650576e-01 5.476250578866667107e-01 6.867279045111280844e-01 0.000000000000000000e+00
7.814639659763139790e+00 1.586540053347523793e+00 6.340758848759016204e-06 1.000000000000000000e+00 -1.594048200091320827e-05 3.268773237011548101e-05 8.418628217630441668e-02 5.945196968885523292e-01 5.259326135100105271e-01 6.657052591348300297e-01 0.000000000000000000e+00
7.821156367781661345e+00 1.585218123724693617e+00 9.003373975713754212e-06 1.000000000000000000e+00 -1.380392278797741573e-05 3.591397969512613093e-05 1.670372168463671869e-01 5.748513237501220452e-01 5.054478379821482070e-01 6.471770727768642040e-01 0.000000000000000000e+00
7.827678510149716828e+00 1.583897295553998275e+00 1.047500801459561846e-05 1.000000000000000000e+00 -1.278562921536537679e-05 3.810048906176863976e-05 2.180471348074632942e-01 5.631258570333010915e-01 4.944857020141673609e-01 6.341965658101602621e-01 0.000000000000000000e+00
7.834206091399066985e+00 1.582577567917689887e+00 1.038104021863392221e-05 1.000000000000000000e+00 -1.353524077712632525e-05 3.857451267354115268e-05 2.000468740308178894e-01 5.632341868383615724e-01 4.937587776529306915e-01 6.351514945893903530e-01 0.000000000000000000e+00
7.840739116065250869e+00 1.581258939898786631e+00 1.177556593493625670e-05 1.000000000000000000e+00 -1.295225248582554877e-05 3.994104167115469550e-05 2.353091283849408910e-01 5.522065403830608288e-01 4.835158512600978842e-01 6.229106203713707934e-01 0.000000000000000000e+00
7.847277588687588512e+00 1.579941410581070071e+00 1.319419141037667195e-05 1.000000000000000000e+00 -1.311461927330486379e-05 4.081090071594960374e-05 2.625414336479252597e-01 5.391599474407088310e-01 4.692679062943712620e-01 6.113311658554130279e-01 0.000000000000000000e+00
7.853821513809187138e+00 1.578624979049085830e+00 9.113409027483182839e-06 1.000000000000000000e+00 -1.823333590016141460e-05 3.631877684876822263e-05 1.084039100888958274e-01 5.548444477336074154e-01 4.843913335136536547e-01 6.272564637413833299e-01 0.000000000000000000e+00
7.860370895976941163e+00 1.577309644388141585e+00 7.245940908873434226e-06 1.000000000000000000e+00 -2.115579932923526463e-05 3.524089978680896630e-05 6.235900079985867706e-02 5.382064458501844006e-01 4.690771244354427494e-01 6.097133341747311697e-01 0.000000000000000000e+00
7.866925739741537527e+00 1.575995405684307737e+00 1.413429148378229491e-07 1.000000000000000000e+00 -2.781810828130304252e-05 3.057579004209801744e-05 2.325145133852402068e-05 5.336005499534552943e-01 4.652936692926563089e-01 6.045613689625384257e-01 0.000000000000000000e+00
7.873486049657457464e+00 1.574682262024415857e+00 -7.562822150916113485e-06 -1.000000000000000000e+00 -3.545951156961885397e-05 2.418908393361551877e-05 7.387457223354942926e-02 5.228044302452514724e-01 4.553989264395725822e-01 5.926480685658056524e-01 0.000000000000000000e+00
7.880051830282980951e+00 1.573370212496058462e+00 -1.572507527012942651e-05 -1.000000000000000000e+00 -5.187502911767659993e-05 1.242450013259192469e-05 3.968277606227132992e-01 5.282989446458674632e-01 4.617948522445266546e-01 5.967886358064437013e-01 0.000000000000000000e+00
7.886623086180188480e+00 1.572059256187587906e+00 -2.992472518355472649e-05 -1.000000000000000000e+00 -7.030629458477867695e-05 4.713502106839240744e-06 8.176829914345091765e-01 5.219235423648697081e-01 4.526809842567461883e-01 5.938667172498723890e-01 0.000000000000000000e+00
7.893199821914964609e+00 1.570749392188117488e+00 -3.580891605176430344e-05 -1.000000000000000000e+00 -6.815238016478017023e-05 -1.555342537554697943e-06 1.310823076500142292e+00 5.092895420967293862e-01 4.394872706029162579e-01 5.810747282086429211e-01 0.000000000000000000e+00
7.899782042057002407e+00 1.569440619587517682e+00 -3.318469076712190092e-05 -1.000000000000000000e+00 -6.016275964572204247e-05 -6.071123507521223445e-06 1.756434390151127900e+00 5.114624934507977505e-01 4.428058318815032979e-01 5.823164088405430316e-01 0.000000000000000000e+00
7.906369751179806116e+00 1.568132937476418354e+00 -2.958467099149858325e-05 -1.000000000000000000e+00 -5.203502336950678852e-05 -7.599709924540743562e-06 2.002374979591948545e+00 5.106225610697742168e-01 4.416843248646964981e-01 5.819976610018999796e-01 0.000000000000000000e+00
7.912962953860692039e+00 1.566826344946206540e+00 -2.776158952169960505e-05 -1.000000000000000000e+00 -4.981022759398209831e-05 -8.943279323321310991e-06 2.257006305916604560e+00 5.126148975954220033e-01 4.437523637321257874e-01 5.841941208790423223e-01 0.000000000000000000e+00
7.919561654680794760e+00 1.565520841089027337e+00 -2.544391966088107286e-05 -1.000000000000000000e+00 -4.083906698102271785e-05 -7.929155914864757316e-06 2.184513615883162174e+00 4.928219666796181397e-01 4.215269827342936759e-01 5.642707351788892600e-01 0.000000000000000000e+00
7.926165858225068916e+00 1.564216424997781019e+00 -4.138809135610949249e-04 -1.000000000000000000e+00 0.000000000000000000e+00 0.000000000000000000e+00 0.000000000000000000e+00 5.864361715377377493e-01 0.000000000000000000e+00 0.000000000000000000e+00 1.000000000000000000e+00
7.932775569082291867e+00 1.562913095766124583e+00 -8.324350054562014575e-05 -1.000000000000000000e+00 0.000000000000000000e+00 0.000000000000000000e+00 0.000000000000000000e+00 4.857534294854572998e-01 0.000000000000000000e+00 0.000000000000000000e+00 1.000000000000000000e+00
7.939390791845069018e+00 1.561610852488469980e+00 -1.522626438570956475e-03 -1.000000000000000000e+00 0.000000000000000000e+00 0.000000000000000000e+00 0.000000000000000000e+00 5.839597970779841773e-01 0.000000000000000000e+00 0.000000000000000000e+00 1.000000000000000000e+00
7.946011531109834714e+00 1.560309694259983226e+00 -1.539713942946787989e-03 -1.000000000000000000e+00 0.000000000000000000e+00 0.000000000000000000e+00 0.000000000000000000e+00 5.907716608850777096e-01 0.000000000000000000e+00 0.000000000000000000e+00 1.000000000000000000e+00
7.952637791476856677e+00 1.559009620176584621e+00 -7.837417293194660906e-02 -1.000000000000000000e+00 0.000000000000000000e+00 0.000000000000000000e+00 0.000000000000000000e+00 9.598209450051122804e-01 0.000000000000000000e+00 0.000000000000000000e+00 1.000000000000000000e+00
7.959269577550237784e+00 1.557710629334948083e+00 -7.157423793615348695e-02 -1.000000000000000000e+00 -1.045667158805159563e-01 -5.538079664870922125e-02 5.969505922762903083e+01 9.828241766154885983e-01 8.013068340604453388e-01 1.106069481084656525e+00 0.000000000000000000e+00
7.965906893937922284e+00 1.556412720832499597e+00 -5.035074188387046908e-03 -1.000000000000000000e+00 0.000000000000000000e+00 0.000000000000000000e+00 0.000000000000000000e+00 5.929262133638784071e-01 0.000000000000000000e+00 0.000000000000000000e+00 1.000000000000000000e+00
7.972549745251694908e+00 1.555115893767417656e+00 -1.127229789751084746e-02 -1.000000000000000000e+00 0.000000000000000000e+00 0.000000000000000000e+00 0.000000000000000000e+00 6.579652064186333194e-01 0.000000000000000000e+00 0.000000000000000000e+00 1.000000000000000000e+00
7.979198136107187977e+00 1.553820147238631932e+00 -1.178304370319804839e-02 -1.000000000000000000e+00 0.000000000000000000e+00 0.000000000000000000e+00 0.000000000000000000e+00 6.445190619740385207e-01 0.000000000000000000e+00 0.000000000000000000e+00 1.000000000000000000e+00
7.985852071123881402e+00 1.552525480345822828e+00 -1.267470410332619674e-02 -1.000000000000000000e+00 0.000000000000000000e+00 0.000000000000000000e+00 0.000000000000000000e+00 6.410382358470564368e-01 0.000000000000000000e+00 0.000000000000000000e+00 1.000000000000000000e+00
7.992511554925108008e+00 1.551231892189421036e+00 -2.603066221899737751e-04 -1.000000000000000000e+00 0.000000000000000000e+00 0.000000000000000000e+00 0.000000000000000000e+00 4.496455348235621763e-01 0.000000000000000000e+00 0.000000000000000000e+00 1.000000000000000000e+00
7.999176592138056208e+00 1.549939381870606869e+00 -5.039717242341446371e-03 -1.000000000000000000e+00 0.000000000000000000e+00 0.000000000000000000e+00 0.000000000000000000e+00 4.974066987933420947e-01 0.000000000000000000e+00 0.000000000000000000e+00 1.000000000000000000e+00
