# OBJ_NAME=4U 1812-12
#         GRID_START=6.00
#         GRID_END=8.00
#         GRID_STEP_FRACTION=0.50
#         XSPEC_FITSTAT=cstat
#         XSPEC_CONTINUUM_MODEL=tbabs*(bbodyrad + pow)*constant
#         XSPEC_LINE_MODEL=gauss
#         LINE_VELOCITY_WIDTH=500
#         INPUT_FILE=/home/simon/Downloads/tgcat/obs_9069_tgid_6354/pm_heg_abs1.pha
#         SEARCH_MODE=Sliding window
#         FIT_REGION_WIDTH=30.00
#         RUNTIME=218
#         COLUMN_NAMES=ENERGY,WAVELENGTH,NORM,NORM_SIGN,NORM_ERR_LO,NORM_ERR_HI,DELTA_FITSTAT,CONSTANT_FACTOR,CONSTANT_FACTOR_ERR_LO,CONSTANT_FACTOR_ERR_HI,FIT_ERR
6.000000000000000000e+00 2.066373137115381287e+00 -3.259567401412814536e-06 -1.000000000000000000e+00 -1.410541219629584009e-05 7.972876969125950548e-06 9.606816507005078165e-02 1.038206559635130422e+00 1.021499473642311306e+00 1.055090438698010447e+00 0.000000000000000000e+00
6.005003461427972589e+00 2.064651403172383937e+00 -6.435481804940393030e-06 -1.000000000000000000e+00 -1.729952155636658144e-05 4.813103997007953341e-06 3.703748299038807090e-01 1.042663456806547373e+00 1.025788718406024369e+00 1.059717729872395653e+00 0.000000000000000000e+00
6.010011095293655181e+00 2.062931103804642063e+00 -7.754319895360383175e-06 -1.000000000000000000e+00 -1.860336482448846096e-05 3.481727981352473932e-06 5.361685842582915029e-01 1.039771739472703072e+00 1.023022732163757720e+00 1.056698078994179779e+00 0.000000000000000000e+00
6.015022905076486737e+00 2.061212237816845594e+00 -1.021003085155585677e-05 -1.000000000000000000e+00 -2.099915333382061956e-05 9.716036690884139474e-07 9.305528141238283979e-01 1.045500580573735627e+00 1.028691401375260606e+00 1.062487528479101773e+00 0.000000000000000000e+00
6.020038894258807005e+00 2.059494804014679215e+00 -1.038881247406498828e-05 -1.000000000000000000e+00 -2.115528028363505646e-05 7.733752967224685369e-07 9.668658776841425606e-01 1.044315575287161346e+00 1.027395512013412393e+00 1.061415759854688723e+00 0.000000000000000000e+00
6.025059066325860080e+00 2.057778801204824592e+00 -9.902026685173870817e-06 -1.000000000000000000e+00 -2.069182336483752784e-05 1.280902134526130492e-06 8.765138199916862050e-01 1.043165164128758482e+00 1.026233665124869354e+00 1.060277446585064398e+00 0.000000000000000000e+00
6.030083424765796174e+00 2.056064228194956822e+00 -9.365042855023992461e-06 -1.000000000000000000e+00 -2.018100449135722585e-05 1.839324043584771625e-06 7.811034046527964847e-01 1.043844015040487516e+00 1.027014433506820978e+00 1.060852529340529538e+00 0.000000000000000000e+00
6.035111973069674285e+00 2.054351083793744426e+00 -8.480123958462719918e-06 -1.000000000000000000e+00 -1.929219787448596931e-05 2.718783434390721859e-06 6.431154157459957332e-01 1.043004707695740274e+00 1.026063988712192065e+00 1.060126901576189384e+00 0.000000000000000000e+00
6.040144714731465747e+00 2.052639366810848021e+00 -8.439066076537916309e-06 -1.000000000000000000e+00 -1.917987463872143454e-05 2.691084417810573329e-06 6.437670555115175830e-01 1.043493700638637334e+00 1.026542649603641832e+00 1.060626430972061662e+00 0.000000000000000000e+00
6.045181653248054232e+00 2.050929076056921652e+00 -9.735486640919690620e-06 -1.000000000000000000e+00 -2.038806149986876429e-05 1.310523899758674673e-06 8.636738368074503569e-01 1.045093842377315729e+00 1.028247605706773538e+00 1.062119215104331715e+00 0.000000000000000000e+00
6.050222792119239301e+00 2.049220210343609683e+00 -1.213342651725426669e-05 -1.000000000000000000e+00 -2.276485635921812381e-05 -1.105366439554368192e-06 1.337102779099467398e+00 1.045499990155941861e+00 1.028524149842638735e+00 1.062657444946967233e+00 0.000000000000000000e+00
6.055268134847740846e+00 2.047512768483544576e+00 -1.508317586252165770e-05 -1.000000000000000000e+00 -2.575569821882867081e-05 -4.012637006620059572e-06 2.034888536355978772e+00 1.043370598475173328e+00 1.026376207005651464e+00 1.060547280988328955e+00 0.000000000000000000e+00
6.060317684939197314e+00 2.045806749290351334e+00 -1.918706186262261707e-05 -1.000000000000000000e+00 -2.990957659125324274e-05 -8.066425197598467949e-06 3.228284993081402376e+00 1.045815355376538136e+00 1.028763193052194991e+00 1.063050526848307253e+00 0.000000000000000000e+00
6.065371445902172809e+00 2.044102151578641724e+00 -2.202926495154485369e-05 -1.000000000000000000e+00 -3.274157671492236305e-05 -1.091492709987791369e-05 4.222766594501422333e+00 1.047163016628251953e+00 1.030096281177045547e+00 1.064412938713535484e+00 0.000000000000000000e+00
6.070429421248155322e+00 2.042398974164015168e+00 -2.354113742587316172e-05 -1.000000000000000000e+00 -3.417464325280373296e-05 -1.249960780674725615e-05 4.850929875400467495e+00 1.050894169316198168e+00 1.033786896299298430e+00 1.068184601211512375e+00 0.000000000000000000e+00
6.075491614491562942e+00 2.040697215863058300e+00 -2.214756887111075695e-05 -1.000000000000000000e+00 -3.273342944794321657e-05 -1.115200079054306059e-05 4.340622937207797349e+00 1.048696221019797425e+00 1.031597829863625471e+00 1.065978027657580540e+00 0.000000000000000000e+00
6.080558029149742971e+00 2.038996875493343186e+00 -1.995923085265019091e-05 -1.000000000000000000e+00 -3.057378901226252832e-05 -8.936976547076405647e-06 3.531956170868994604e+00 1.047619663161871717e+00 1.030536513802339460e+00 1.064886131760022003e+00 0.000000000000000000e+00
6.085628668742976366e+00 2.037297951873428659e+00 -1.644970363344292133e-05 -1.000000000000000000e+00 -2.718003850787263181e-05 -5.313001589829413328e-06 2.381086849880716727e+00 1.043147826872261152e+00 1.026073931509558612e+00 1.060405586147459278e+00 0.000000000000000000e+00
6.090703536794479511e+00 2.035600443822857208e+00 -1.308552004400481007e-05 -1.000000000000000000e+00 -2.397225390291622948e-05 -1.793357310880494979e-06 1.484647597941261665e+00 1.041805396752147228e+00 1.024710748546448169e+00 1.059084575906596770e+00 0.000000000000000000e+00
6.095782636830406886e+00 2.033904350162153651e+00 -8.881668781458525365e-06 -1.000000000000000000e+00 -1.993307393410431242e-05 2.573064002601343892e-06 6.755483830087882779e-01 1.038744456911302461e+00 1.021537037123977587e+00 1.056139466478549727e+00 0.000000000000000000e+00
6.100865972379854618e+00 2.032209669712826461e+00 -5.534793985736671782e-06 -1.000000000000000000e+00 -1.667243978398938936e-05 6.004128473488573776e-06 2.608224026637770976e-01 1.040751197459071520e+00 1.023638400744206756e+00 1.058049209183861361e+00 0.000000000000000000e+00
6.105953546974859592e+00 2.030516401297367324e+00 -5.303959711792296645e-07 -1.000000000000000000e+00 -1.172137344526061959e-05 1.106123572190992383e-05 2.412293707763524253e-03 1.033131510801912567e+00 1.015959682452166835e+00 1.050491252589196955e+00 0.000000000000000000e+00
6.111045364150406556e+00 2.028824543739246700e+00 2.076877614118677654e-06 1.000000000000000000e+00 -9.114723937569751698e-06 1.367090830415180472e-05 3.724167114924625821e-02 1.031618070965909517e+00 1.014447334720925964e+00 1.048976983999497570e+00 0.000000000000000000e+00
6.116141427444425460e+00 2.027134095862917373e+00 3.345422868008054572e-06 1.000000000000000000e+00 -7.855626052289216719e-06 1.495176343157305141e-05 9.667752457039568981e-02 1.029155729088669258e+00 1.012116469804674956e+00 1.046380685407997779e+00 0.000000000000000000e+00
6.121241740397799447e+00 2.025445056493809570e+00 2.421164243957747137e-06 1.000000000000000000e+00 -8.846336602374587520e-06 1.409601609116676495e-05 5.001177537178591592e-02 1.029912693640796739e+00 1.012728671560580107e+00 1.047285300488744797e+00 0.000000000000000000e+00
6.126346306554362187e+00 2.023757424458334508e+00 2.212323964460060314e-07 1.000000000000000000e+00 -1.114304733697011833e-05 1.199532563710947720e-05 4.084850105101622830e-04 1.031785344322737163e+00 1.014544265591645011e+00 1.049215737972150952e+00 0.000000000000000000e+00
6.131455129460903208e+00 2.022071198583879958e+00 -1.820825972279878512e-06 -1.000000000000000000e+00 -1.328116652624254695e-05 1.005180956348596155e-05 2.710676263977518374e-02 1.032286993439671230e+00 1.014999709386564586e+00 1.049764390094885869e+00 0.000000000000000000e+00
6.136568212667169675e+00 2.020386377698810687e+00 -3.008927209587594827e-06 -1.000000000000000000e+00 -1.450725460315912082e-05 8.903329880937695039e-06 7.330994748028274444e-02 1.032859664045576498e+00 1.015562227756746871e+00 1.050347172221673286e+00 0.000000000000000000e+00
6.141685559725869936e+00 2.018702960632467569e+00 -2.660447393427540988e-06 -1.000000000000000000e+00 -1.412557602182658902e-05 9.220024101222140211e-06 5.763219340467173879e-02 1.032733604209999045e+00 1.015423559921857066e+00 1.050234132438979007e+00 0.000000000000000000e+00
6.146807174192673529e+00 2.017020946215167587e+00 -1.497705512466048705e-06 -1.000000000000000000e+00 -1.289293903940357276e-05 1.031470864435317729e-05 1.850854806353652293e-02 1.033800868207618073e+00 1.016477719943603253e+00 1.051314691686238145e+00 0.000000000000000000e+00
6.151933059626216505e+00 2.015340333278202056e+00 3.511370816621025788e-07 1.000000000000000000e+00 -1.100648907060679147e-05 1.212622803413399372e-05 1.027919497545326522e-03 1.032906723414706240e+00 1.015607845421867106e+00 1.050396057642208669e+00 0.000000000000000000e+00
6.157063219588101433e+00 2.013661120653835290e+00 2.729130283064283132e-06 1.000000000000000000e+00 -8.660327484473602456e-06 1.453392367194114157e-05 6.222845219755868129e-02 1.027084306114941059e+00 1.009813813496216017e+00 1.044545850370574014e+00 0.000000000000000000e+00
6.162197657642900950e+00 2.011983307175305935e+00 4.223233227600669184e-06 1.000000000000000000e+00 -7.231750180416083825e-06 1.609135517775297093e-05 1.481785003715714311e-01 1.020879972468542674e+00 1.003632672276688176e+00 1.038319296916321521e+00 0.000000000000000000e+00
6.167336377358160426e+00 2.010306891676824304e+00 2.871337287450149506e-06 1.000000000000000000e+00 -8.625935004378893292e-06 1.478198511763357493e-05 6.783997104982120163e-02 1.022883984345913655e+00 1.005481089007669082e+00 1.040481852037858923e+00 0.000000000000000000e+00
6.172479382304400630e+00 2.008631872993570600e+00 7.271293035993109485e-07 1.000000000000000000e+00 -1.074688714094724447e-05 1.261881088297535132e-05 4.331133049475965890e-03 1.024212948043011773e+00 1.006909221390137610e+00 1.041709121237541336e+00 0.000000000000000000e+00
6.177626676055119503e+00 2.006958249961698471e+00 -1.180313846174996571e-06 -1.000000000000000000e+00 -1.261401042176225369e-05 1.067555066393996705e-05 1.143248374295069425e-02 1.021663402514918273e+00 1.004248774226080387e+00 1.039273088750365170e+00 0.000000000000000000e+00
6.182778262186794827e+00 2.005286021418328790e+00 -4.083259513550813168e-06 -1.000000000000000000e+00 -1.545432777485036406e-05 7.713194572648868224e-06 1.369389234587146120e-01 1.022563171378809477e+00 1.005119726914300182e+00 1.040202168067773547e+00 0.000000000000000000e+00
6.187934144278887771e+00 2.003615186201552323e+00 -7.378988896036927620e-06 -1.000000000000000000e+00 -1.869390723942084871e-05 4.363574510154656462e-06 4.459162265775376000e-01 1.025577205045334006e+00 1.008220710107187168e+00 1.043126766535557248e+00 0.000000000000000000e+00
6.193094325913842901e+00 2.001945743150427948e+00 -9.353114961673402022e-06 -1.000000000000000000e+00 -2.066679837200493532e-05 2.390512436413744286e-06 7.131702398177566238e-01 1.024335136920941025e+00 1.006850876794395111e+00 1.042015518893128601e+00 0.000000000000000000e+00
6.198258810677093500e+00 2.000277691104981770e+00 -1.078355461476324390e-05 -1.000000000000000000e+00 -2.210982517769710198e-05 9.756086761461489181e-07 9.418540868612126360e-01 1.024249943474141666e+00 1.006737431394170823e+00 1.041958979705362331e+00 0.000000000000000000e+00
6.203427602157062459e+00 1.998611028906206677e+00 -1.159963471553001786e-05 -1.000000000000000000e+00 -2.293779898079340571e-05 1.716006013495841932e-07 1.083342473353681612e+00 1.026387687126653070e+00 1.008967797042800374e+00 1.044001916898305682e+00 0.000000000000000000e+00
6.208600703945164057e+00 1.996945755396060118e+00 -1.042678800789631763e-05 -1.000000000000000000e+00 -2.179235726896815731e-05 1.368584548909208736e-06 8.760150559900807821e-01 1.024640574953948891e+00 1.007103187082168505e+00 1.042375412895317544e+00 0.000000000000000000e+00
6.213778119635809283e+00 1.995281869417466547e+00 -8.714811546331827842e-06 -1.000000000000000000e+00 -2.006680856861736212e-05 3.066867290344526365e-06 6.160427776470243089e-01 1.024116639799253159e+00 1.006569581820477177e+00 1.041861466922612056e+00 0.000000000000000000e+00
6.218959852826404955e+00 1.993619369814312314e+00 -7.293171293872533566e-06 -1.000000000000000000e+00 -1.862712111999902960e-05 4.473464823957552545e-06 4.340110712043383501e-01 1.025917172372244668e+00 1.008341952612276549e+00 1.043690555080149629e+00 0.000000000000000000e+00
6.224145907117359044e+00 1.991958255431448777e+00 -5.591156156349997109e-06 -1.000000000000000000e+00 -1.696452406277417646e-05 6.216977823915879427e-06 2.545986635325618863e-01 1.025085590389717582e+00 1.007521252931973255e+00 1.042847935250970304e+00 0.000000000000000000e+00
6.229336286112081567e+00 1.990298525114688521e+00 -4.723870026908339606e-06 -1.000000000000000000e+00 -1.620821317848713906e-05 7.195004383810181989e-06 1.790758398641827398e-01 1.026348143076477148e+00 1.008738980973203914e+00 1.044156008358638532e+00 0.000000000000000000e+00
6.234530993416986355e+00 1.988640177710806478e+00 -3.388936569125400957e-06 -1.000000000000000000e+00 -1.503988331808210337e-05 8.695787882305305099e-06 9.031877758216921848e-02 1.024922793266551446e+00 1.007170612717529945e+00 1.042876997396995353e+00 0.000000000000000000e+00
6.239730032641496393e+00 1.986983212067538140e+00 -1.871833558295673568e-06 -1.000000000000000000e+00 -1.364969458377512693e-05 1.034078656282009594e-05 2.709659480521509067e-02 1.024191318362322356e+00 1.006549386394817835e+00 1.042033001276559956e+00 0.000000000000000000e+00
6.244933407398043812e+00 1.985327627033580011e+00 8.670261358351197045e-07 1.000000000000000000e+00 -1.098982272401079804e-05 1.315989496797534324e-05 5.787150829362985860e-03 1.020447889515484485e+00 1.002812465608989179e+00 1.038283544422986981e+00 0.000000000000000000e+00
6.250141121302072555e+00 1.983673421458586272e+00 3.445854929339984409e-06 1.000000000000000000e+00 -8.431150446787411017e-06 1.575978922386083773e-05 9.185556294087859897e-02 1.018828093976167581e+00 1.001078648115868885e+00 1.036780788529819031e+00 0.000000000000000000e+00
6.255353177972041934e+00 1.982020594193170782e+00 5.194239377231053832e-06 1.000000000000000000e+00 -6.654768813496151727e-06 1.748140409717871037e-05 2.101686633037616048e-01 1.019805447728333592e+00 1.002177021129915691e+00 1.037634277753118006e+00 0.000000000000000000e+00
6.260569581029430175e+00 1.980369144088905076e+00 6.493159371558638602e-06 1.000000000000000000e+00 -5.356883473446805632e-06 1.878156607134583609e-05 3.294992683010917744e-01 1.018966062613035906e+00 1.001326705765049230e+00 1.036806406555197846e+00 0.000000000000000000e+00
6.265790334098732650e+00 1.978719069998317037e+00 6.202140604508725231e-06 1.000000000000000000e+00 -5.683740795068382840e-06 1.852595904237704447e-05 2.990583492301794877e-01 1.020062232651521184e+00 1.002272027259932363e+00 1.038056503557069910e+00 0.000000000000000000e+00
6.271015440807469865e+00 1.977070370774890451e+00 5.908074834312382577e-06 1.000000000000000000e+00 -6.036996524758540514e-06 1.829246430744321846e-05 2.688393969218338952e-01 1.016014419711544159e+00 9.982214234200035285e-01 1.034012341735040863e+00 0.000000000000000000e+00
6.276244904786186574e+00 1.975423045273065226e+00 3.824819610133392424e-06 1.000000000000000000e+00 -8.165254095573219821e-06 1.625761950777160353e-05 1.112313746213402510e-01 1.017030647928419018e+00 9.992173430160593561e-01 1.035048997787882064e+00 0.000000000000000000e+00
6.281478729668454442e+00 1.973777092348234952e+00 3.329406515741827925e-06 1.000000000000000000e+00 -8.700085766397887976e-06 1.580469670999893082e-05 8.372060761806210394e-02 1.010801216690600635e+00 9.930042475209506225e-01 1.028803973100591129e+00 0.000000000000000000e+00
6.286716919090875599e+00 1.972132510856748011e+00 2.056119921197651587e-06 1.000000000000000000e+00 -9.963754955447011872e-06 1.452244817395542713e-05 3.186301969941496282e-02 1.010576844494731619e+00 9.927542942234126588e-01 1.028605619525584602e+00 0.000000000000000000e+00
6.291959476693084419e+00 1.970489299655904469e+00 1.437660744812538083e-06 1.000000000000000000e+00 -1.053254559853154703e-05 1.385502816056867335e-05 1.565730713608104452e-02 1.010879231773719633e+00 9.930638673986843523e-01 1.028900738201487641e+00 0.000000000000000000e+00
6.297206406117751065e+00 1.968847457603957185e+00 1.098340950512810507e-06 1.000000000000000000e+00 -1.080697849830971989e-05 1.345261694971229809e-05 9.213505780593322925e-03 1.012465664333349835e+00 9.946232773586719533e-01 1.030514540957645941e+00 0.000000000000000000e+00
6.302457711010582386e+00 1.967206983560110700e+00 1.515648244637964072e-06 1.000000000000000000e+00 -1.035264594665430776e-05 1.383383098445637729e-05 1.765932890239696462e-02 1.011126706137012388e+00 9.932789730710410714e-01 1.029181349761244091e+00 0.000000000000000000e+00
6.307713395020327241e+00 1.965567876384518575e+00 1.336957342378998455e-06 1.000000000000000000e+00 -1.053097273162802996e-05 1.365447187853881898e-05 1.372992800207839537e-02 1.011214913174699692e+00 9.933701520157923737e-01 1.029266683876717936e+00 0.000000000000000000e+00
6.312973461798775610e+00 1.963930134938285832e+00 2.344510856039848827e-06 1.000000000000000000e+00 -9.573046270333038953e-06 1.471129612469513706e-05 4.205283685986671571e-02 1.003869961499193497e+00 9.860560973264851370e-01 1.021891812488097129e+00 0.000000000000000000e+00
6.318237915000763039e+00 1.962293758083465844e+00 1.192234208902950033e-06 1.000000000000000000e+00 -1.077071815138969990e-05 1.360497732398173340e-05 1.077912480248244265e-02 1.004900957765097358e+00 9.869280214565204767e-01 1.023085036709591833e+00 0.000000000000000000e+00
6.323506758284172413e+00 1.960658744683059451e+00 7.513923924758817993e-07 1.000000000000000000e+00 -1.122839143013263729e-05 1.318448183976208445e-05 4.258857820616412937e-03 1.002617757487023198e+00 9.847772298574209993e-01 1.020666822288019970e+00 0.000000000000000000e+00
6.328779995309938400e+00 1.959025093601015399e+00 -8.418813520010473028e-07 -1.000000000000000000e+00 -1.281832867300434516e-05 1.159085488908991891e-05 5.321495037478030099e-03 1.006812564352751016e+00 9.889085645120044843e-01 1.024925748141056303e+00 0.000000000000000000e+00
6.334057629742047446e+00 1.957392803702229900e+00 -1.508116872146114258e-06 -1.000000000000000000e+00 -1.348571567751562995e-05 1.092489335585364736e-05 1.706024589839216787e-02 1.008728283267814607e+00 9.906667328816810558e-01 1.027002107971844991e+00 0.000000000000000000e+00
6.339339665247542221e+00 1.955761873852543076e+00 -1.466846037321810799e-06 -1.000000000000000000e+00 -1.341603344867345235e-05 1.093575582003468834e-05 1.618212365350757409e-02 1.008832417781251323e+00 9.908950726396454911e-01 1.026979520852524086e+00 0.000000000000000000e+00
6.344626105496522506e+00 1.954132302918741848e+00 -7.203006821142254074e-07 -1.000000000000000000e+00 -1.264353503563878681e-05 1.165786665473827325e-05 3.924529874041127187e-03 1.005867165016293585e+00 9.879371690684817242e-01 1.024007274718376381e+00 0.000000000000000000e+00
6.349916954162148741e+00 1.952504089768555939e+00 -1.849284635740454688e-06 -1.000000000000000000e+00 -1.375665071066675815e-05 1.051854333568869658e-05 2.584750584958328545e-02 1.010550148487966871e+00 9.924421124171588504e-01 1.028871221938282066e+00 0.000000000000000000e+00
6.355212214920644698e+00 1.950877233270659206e+00 -1.416730352362426036e-06 -1.000000000000000000e+00 -1.338717198671901254e-05 1.101969070676643065e-05 1.504105128087473986e-02 1.007344734282112464e+00 9.892314442334115832e-01 1.025671733015913523e+00 0.000000000000000000e+00
6.360511891451300137e+00 1.949251732294668749e+00 -1.494985629058790381e-06 -1.000000000000000000e+00 -1.360522843239270777e-05 1.108161765028894093e-05 1.639807011365235212e-02 1.007380696152329502e+00 9.892510164771614045e-01 1.025724257012888829e+00 0.000000000000000000e+00
6.365815987436472589e+00 1.947627585711142251e+00 -5.388908695558280550e-07 -1.000000000000000000e+00 -1.282099701547799892e-05 1.220598669215140895e-05 2.084163609694655861e-03 1.006252105656880724e+00 9.880863921922061754e-01 1.024633109936931685e+00 0.000000000000000000e+00
6.371124506561590906e+00 1.946004792391578420e+00 2.558233286558523534e-06 1.000000000000000000e+00 -9.833263535090934823e-06 1.541056553589488471e-05 4.663392785897713111e-02 1.000817380322495342e+00 9.826685651135994570e-01 1.019182481339419022e+00 0.000000000000000000e+00
6.376437452515156146e+00 1.944383351208418098e+00 5.607133728252306995e-06 1.000000000000000000e+00 -6.773838368276701631e-06 1.845127336545331393e-05 2.259920032988418370e-01 9.993387021282287286e-01 9.812219604556762231e-01 1.017671064980803397e+00 0.000000000000000000e+00
6.381754828988746020e+00 1.942763261035039601e+00 8.285422291096145841e-06 1.000000000000000000e+00 -4.036323676027935698e-06 2.107366892481977782e-05 5.009927265687110776e-01 9.997169657514614061e-01 9.815946730619902194e-01 1.018055122979876215e+00 0.000000000000000000e+00
6.387076639677015777e+00 1.941144520745761159e+00 9.829270501689581904e-06 1.000000000000000000e+00 -2.468139574669173724e-06 2.259412643656126096e-05 7.101891699448543704e-01 1.001842768607632994e+00 9.836902571288810293e-01 1.020211487905683612e+00 0.000000000000000000e+00
6.392402888277703532e+00 1.939527129215838475e+00 1.067261437437921320e-05 1.000000000000000000e+00 -1.679247994969437871e-06 2.349033659424990922e-05 8.321057158447189295e-01 1.001447187790901250e+00 9.832982258902915884e-01 1.019812548959838194e+00 0.000000000000000000e+00
6.397733578491629380e+00 1.937911085321463833e+00 1.035059030889986625e-05 1.000000000000000000e+00 -2.107109358039783417e-06 2.327205921095147335e-05 7.699460782595934916e-01 1.000025196012382267e+00 9.818463852613235066e-01 1.018421324129509697e+00 0.000000000000000000e+00
6.403068714022700725e+00 1.936296387939767438e+00 8.023118294850512531e-06 1.000000000000000000e+00 -4.519730165731276740e-06 2.103009115774894192e-05 4.545549225942409066e-01 1.002326370625502339e+00 9.839636160486158190e-01 1.020910385106950091e+00 0.000000000000000000e+00
6.408408298577912277e+00 1.934683035948813856e+00 4.342551788021134066e-06 1.000000000000000000e+00 -8.174386731421834555e-06 1.732892945015294801e-05 1.320287944529212609e-01 1.007637875415735795e+00 9.893455432649681525e-01 1.026148442259726457e+00 0.000000000000000000e+00
6.413752335867351384e+00 1.933071028227602239e+00 1.895944707266550889e-06 1.000000000000000000e+00 -1.053149266969062691e-05 1.479880208305639685e-05 2.530993522255187145e-02 1.006951056986948867e+00 9.886449802686131383e-01 1.025475676281500492e+00 0.000000000000000000e+00
6.419100829604198033e+00 1.931460363656067436e+00 -1.203347945567311694e-06 -1.000000000000000000e+00 -1.350849929234669302e-05 1.158037221091238652e-05 1.029332434471541546e-02 1.009654967183293728e+00 9.911912477405407929e-01 1.028340385890033293e+00 0.000000000000000000e+00
6.424453783504729287e+00 1.929851041115075327e+00 -3.622246046235325423e-06 -1.000000000000000000e+00 -1.581687111337054711e-05 9.053451875464587229e-06 9.392387825124615119e-02 1.009542396312617774e+00 9.912123334927109841e-01 1.028091095257632315e+00 0.000000000000000000e+00
6.429811201288321953e+00 1.928243059486426159e+00 -6.609095350370582243e-06 -1.000000000000000000e+00 -1.876898243955347053e-05 6.034631343232775329e-06 3.118025814155771513e-01 1.011877807950944286e+00 9.933795959195687031e-01 1.030598260240016106e+00 0.000000000000000000e+00
6.435173086677453469e+00 1.926636417652850763e+00 -8.391333905556856490e-06 -1.000000000000000000e+00 -2.058994274125414370e-05 4.295577041555216592e-06 4.972105914994529030e-01 1.009580545762628567e+00 9.910638943600448281e-01 1.028320017979355683e+00 0.000000000000000000e+00
6.440539443397706343e+00 1.925031114498011453e+00 -1.004183072711397624e-05 -1.000000000000000000e+00 -2.232128479147767116e-05 2.729353301674434289e-06 6.993033454176327268e-01 1.010066022023719201e+00 9.916515969911914308e-01 1.028700542786161076e+00 0.000000000000000000e+00
6.445910275177769044e+00 1.923427148906499795e+00 -9.059757184733547227e-06 -1.000000000000000000e+00 -2.147705007854157859e-05 3.849785295150770690e-06 5.607393507649049980e-01 1.005788112939690615e+00 9.872476192142050078e-01 1.024552510010627415e+00 0.000000000000000000e+00
6.451285585749439555e+00 1.921824519763838390e+00 -6.850759301352469231e-06 -1.000000000000000000e+00 -1.936480193040393104e-05 6.155887135489349811e-06 3.181377573269799086e-01 1.005203033307360494e+00 9.866370637136931965e-01 1.023993846564513754e+00 0.000000000000000000e+00
6.456665378847628034e+00 1.920223225956476210e+00 -2.363115057461203686e-06 -1.000000000000000000e+00 -1.494347167854422387e-05 1.071045837316779878e-05 3.793227773705609707e-02 1.003018382324548652e+00 9.844841231526745284e-01 1.021777169032179522e+00 0.000000000000000000e+00
6.462049658210359482e+00 1.918623266371792813e+00 3.635061440555018791e-06 1.000000000000000000e+00 -9.017671561668903334e-06 1.678055886251199496e-05 9.028323919940817177e-02 9.990632842234674627e-01 9.805504865241247980e-01 1.017801185968638222e+00 0.000000000000000000e+00
6.467438427578775517e+00 1.917024639898092353e+00 8.153611574757014532e-06 1.000000000000000000e+00 -4.587241560972212434e-06 2.138501616861077472e-05 4.537922433674310696e-01 1.002325751049399027e+00 9.837661864353559604e-01 1.021110953325393256e+00 0.000000000000000000e+00
6.472831690697137930e+00 1.915427345424606687e+00 1.338360286007700616e-05 1.000000000000000000e+00 5.041947603852524210e-07 2.675078004502540855e-05 1.215338527685702275e+00 9.998139769432894397e-01 9.812805970059693683e-01 1.018573067812580168e+00 0.000000000000000000e+00
6.478229451312831344e+00 1.913831381841492263e+00 1.718684001183195482e-05 1.000000000000000000e+00 4.155308648245672459e-06 3.070514084190582421e-05 1.980507244058017591e+00 9.988097849140504803e-01 9.802510265326779271e-01 1.017595242893994945e+00 0.000000000000000000e+00
6.483631713176364109e+00 1.912236748039830792e+00 2.037503616115197120e-05 1.000000000000000000e+00 7.202185493178302179e-06 3.403477211022669954e-05 2.751662496561380067e+00 9.946901147137351407e-01 9.761305868958362053e-01 1.013477288849793156e+00 0.000000000000000000e+00
6.489038480041373624e+00 1.910643442911627687e+00 2.141639442814543488e-05 1.000000000000000000e+00 8.154146764176261849e-06 3.516846280326415603e-05 3.008991487248181329e+00 9.942165124640487406e-01 9.756559647825218118e-01 1.013004696750980926e+00 0.000000000000000000e+00
6.494449755664626345e+00 1.909051465349812737e+00 2.216978002490565299e-05 1.000000000000000000e+00 8.850674063131508916e-06 3.598310148001930444e-05 3.206379784800731159e+00 9.903321749797833196e-01 9.717718849966260342e-01 1.009120781725240334e+00 0.000000000000000000e+00
6.499865543806021329e+00 1.907460814248235881e+00 2.127759159007850935e-05 1.000000000000000000e+00 7.929129523692283072e-06 3.512322943964066269e-05 2.938419766862693905e+00 9.904017226104695482e-01 9.716844177794212722e-01 1.009350906506454315e+00 0.000000000000000000e+00
6.505285848228594681e+00 1.905871488501671207e+00 2.083979629072711068e-05 1.000000000000000000e+00 7.488873112982614411e-06 3.468994380528809971e-05 2.810610136966857908e+00 9.868492563030687448e-01 9.682868178776175005e-01 1.005640705914749855e+00 0.000000000000000000e+00
6.510710672698518664e+00 1.904283487005811404e+00 2.002359508078289981e-05 1.000000000000000000e+00 6.669388184774086004e-06 3.387839924739346315e-05 2.588434536902894934e+00 9.843513195324817833e-01 9.657798257173164647e-01 1.003152507719462960e+00 0.000000000000000000e+00
6.516140020985107917e+00 1.902696808657271088e+00 1.852855460786071774e-05 1.000000000000000000e+00 5.178390684378633815e-06 3.237987470002018809e-05 2.211879953501352247e+00 9.848533058958907072e-01 9.661250413282826965e-01 1.003814877752854162e+00 0.000000000000000000e+00
6.521573896860818564e+00 1.901111452353583031e+00 1.776675665417817886e-05 1.000000000000000000e+00 4.450796250550159301e-06 3.158641172429400032e-05 2.035795050120526639e+00 9.825815155893462549e-01 9.640025685090625185e-01 1.001390694060311670e+00 0.000000000000000000e+00
6.527012304101254436e+00 1.899527416993199491e+00 1.587915472036433302e-05 1.000000000000000000e+00 2.601798871743633146e-06 2.966024882689257970e-05 1.627934614146155923e+00 9.851250403680800183e-01 9.663770441426212665e-01 1.004107064561673646e+00 0.000000000000000000e+00
6.532455246485166178e+00 1.897944701475490215e+00 1.480693032594496208e-05 1.000000000000000000e+00 1.584606124056377475e-06 2.853302574803311649e-05 1.421974270146108665e+00 9.833379024071570162e-01 9.645843699624606637e-01 1.002326133358813598e+00 0.000000000000000000e+00
6.537902727794456581e+00 1.896363304700741548e+00 1.245634977669355460e-05 1.000000000000000000e+00 -6.730453939983206273e-07 2.609165576912664790e-05 1.010740119474220933e+00 9.851055201467783240e-01 9.664706168830110578e-01 1.003971946758568157e+00 0.000000000000000000e+00
6.543354751814182357e+00 1.894783225570156437e+00 8.473046498819890545e-06 1.000000000000000000e+00 -4.566338474924064905e-06 2.202126968155231545e-05 4.686383411301449087e-01 9.912038694430110874e-01 9.723686316013910869e-01 1.010274201739823630e+00 0.000000000000000000e+00
6.548811322332555918e+00 1.893204462985853986e+00 5.637747614829355756e-06 1.000000000000000000e+00 -7.329520624562723946e-06 1.911741353803033723e-05 2.079157232320341109e-01 9.893149448183528039e-01 9.704691274713296290e-01 1.008396583612317654e+00 0.000000000000000000e+00
6.554272443140948923e+00 1.891627015850867455e+00 1.346129074979344497e-06 1.000000000000000000e+00 -1.155725100743206147e-05 1.476481905500697855e-05 1.180965777322739996e-02 9.913904512132813984e-01 9.725262007842534473e-01 1.010490524796265444e+00 0.000000000000000000e+00
6.559738118033894949e+00 1.890050883069143817e+00 -2.595436315312064599e-06 -1.000000000000000000e+00 -1.545749848252433290e-05 1.078482918077717648e-05 4.367091686840751663e-02 9.909820328728748962e-01 9.720843985286427014e-01 1.010116311444486659e+00 0.000000000000000000e+00
6.565208350809092153e+00 1.888476063545543981e+00 -6.862579793955764895e-06 -1.000000000000000000e+00 -1.966925155062025987e-05 6.464317251443371024e-06 3.039441021163753476e-01 9.929856090391028234e-01 9.740347476297517293e-01 1.012173984793369730e+00 0.000000000000000000e+00
6.570683145267405045e+00 1.886902556185840796e+00 -1.042476682679561493e-05 -1.000000000000000000e+00 -2.314277402931022695e-05 2.813691908923008974e-06 7.024864604662326428e-01 9.946862674104501867e-01 9.757267428323680436e-01 1.013883160050617294e+00 0.000000000000000000e+00
6.576162505212867160e+00 1.885330359896719488e+00 -1.359606594009774914e-05 -1.000000000000000000e+00 -2.618445838415804915e-05 -4.865915966776163365e-07 1.204596078585367991e+00 9.981029137163426324e-01 9.790939870538681866e-01 1.017349894238683383e+00 0.000000000000000000e+00
6.581646434452685490e+00 1.883759473585775446e+00 -1.560201938383782102e-05 -1.000000000000000000e+00 -2.806168939672828343e-05 -2.616250326267705037e-06 1.605236471941324794e+00 9.989940678182962497e-01 9.798364231479569364e-01 1.018393307154241922e+00 0.000000000000000000e+00
6.587134936797241380e+00 1.882189896161514886e+00 -1.681095697211288138e-05 -1.000000000000000000e+00 -2.917355329717811406e-05 -3.916926607999584629e-06 1.876898467876216614e+00 9.972585502146673608e-01 9.782562661209340815e-01 1.016498891096235146e+00 0.000000000000000000e+00
6.592628016060094076e+00 1.880621626533353297e+00 -1.773433770643776522e-05 -1.000000000000000000e+00 -3.011071400263137343e-05 -4.823727855001465377e-06 2.078527884813979654e+00 9.943329483223606324e-01 9.753226618657589997e-01 1.013582173890047011e+00 0.000000000000000000e+00
6.598125676057981615e+00 1.879054663611614329e+00 -1.838207926944852323e-05 -1.000000000000000000e+00 -3.087563868989020590e-05 -5.353590947107348891e-06 2.197153151171619356e+00 9.914156447959612262e-01 9.722583332227856534e-01 1.010816114749465422e+00 0.000000000000000000e+00
6.603627920610826152e+00 1.877489006307530905e+00 -1.826175945329053864e-05 -1.000000000000000000e+00 -3.088768158891709234e-05 -5.099184992203340431e-06 2.127414496372040276e+00 9.891958751112355230e-01 9.701700801873318625e-01 1.008462069298443398e+00 0.000000000000000000e+00
6.609134753541735741e+00 1.875924653533241671e+00 -1.728971027723317434e-05 -1.000000000000000000e+00 -3.003836071016702328e-05 -4.004072947464042484e-06 1.882905928654977856e+00 9.900646509407651230e-01 9.708644073482871617e-01 1.009509505160258280e+00 0.000000000000000000e+00
6.614646178677005217e+00 1.874361604201792542e+00 -1.398261840096754330e-05 -1.000000000000000000e+00 -2.679297012761813469e-05 -6.351388317821603908e-07 1.231954772051537361e+00 9.880324624401045641e-01 9.688265520707360912e-01 1.007483645867941924e+00 0.000000000000000000e+00
6.620162199846120643e+00 1.872799857227134490e+00 -9.828669183430949332e-06 -1.000000000000000000e+00 -2.264924364668325241e-05 3.528635802789420773e-06 6.134432090857444564e-01 9.866721862569042267e-01 9.676263335042365465e-01 1.005959793008025072e+00 0.000000000000000000e+00
6.625682820881761970e+00 1.871239411524124430e+00 -6.509877718775147786e-06 -1.000000000000000000e+00 -1.936292536795718953e-05 6.879201441785964165e-06 2.705155886955452615e-01 9.890514045733593829e-01 9.698412011399768495e-01 1.008507148370908268e+00 0.000000000000000000e+00
6.631208045619805702e+00 1.869680266008521441e+00 -2.495688616685099185e-06 -1.000000000000000000e+00 -1.542673485990702360e-05 1.097028369131445510e-05 3.977852496885248001e-02 9.847095537815547805e-01 9.655138151702101768e-01 1.004151702409847413e+00 0.000000000000000000e+00
6.636737877899325788e+00 1.868122419596990769e+00 -5.656585544894349531e-07 -1.000000000000000000e+00 -1.359890845129443606e-05 1.300209061536765205e-05 2.024796135188466906e-03 9.837823208280181975e-01 9.645943940345071965e-01 1.003216749732602109e+00 0.000000000000000000e+00
6.642272321562598059e+00 1.866565871207098271e+00 -4.918827767876744593e-07 -1.000000000000000000e+00 -1.363268823310166928e-05 1.318453440819104407e-05 1.508739767771771767e-03 9.847181945454795970e-01 9.654770139087445191e-01 1.004207043615380712e+00 0.000000000000000000e+00
6.647811380455102892e+00 1.865010619757312416e+00 -2.311758901263716541e-07 -1.000000000000000000e+00 -1.346294436325243570e-05 1.353904387983829911e-05 3.294862511182827802e-04 9.794613685497038924e-01 9.602240028466862976e-01 9.989474161969924548e-01 0.000000000000000000e+00
6.653355058425526991e+00 1.863456664167002952e+00 -2.202528005144599038e-06 -1.000000000000000000e+00 -1.545353863074935659e-05 1.159171165366480158e-05 2.964563523713081850e-02 9.804001185855119038e-01 9.611502392159632091e-01 9.998985710205146038e-01 0.000000000000000000e+00
6.658903359325766047e+00 1.861904003356439352e+00 -5.210755564457141462e-06 -1.000000000000000000e+00 -1.842954502697358811e-05 8.558173410674070055e-06 1.650877841838251925e-01 9.845339091562526068e-01 9.652102462923290993e-01 1.004106838633612719e+00 0.000000000000000000e+00
6.664456287010930069e+00 1.860352636246791480e+00 -6.702981502262684453e-06 -1.000000000000000000e+00 -1.991034863521951378e-05 7.061141070244415746e-06 2.726605009929414791e-01 9.829356476689441457e-01 9.634623126936852078e-01 1.002662135847141478e+00 0.000000000000000000e+00
6.670013845339340719e+00 1.858802561760127592e+00 -7.440138825055292454e-06 -1.000000000000000000e+00 -2.065606239973204227e-05 6.336770211280719935e-06 3.341726385900471996e-01 9.804461497524964431e-01 9.611256875939072630e-01 1.000016346185078175e+00 0.000000000000000000e+00
6.675576038172540194e+00 1.857253778819414780e+00 -8.336327397557079472e-06 -1.000000000000000000e+00 -2.162432645368730618e-05 5.512126291923641040e-06 4.150450792373874265e-01 9.822796871181443956e-01 9.627687111194735969e-01 1.002044878515131021e+00 0.000000000000000000e+00
6.681142869375288562e+00 1.855706286348516532e+00 -6.912581079357978331e-06 -1.000000000000000000e+00 -2.029127453949568631e-05 7.025340585561341909e-06 2.832018182255922056e-01 9.787707265934642020e-01 9.592515985311147464e-01 9.985452479714209684e-01 0.000000000000000000e+00
6.686714342815570866e+00 1.854160083272192949e+00 -4.488932169883221195e-06 -1.000000000000000000e+00 -1.791271109120759860e-05 9.493356803957358702e-06 1.192924559633183890e-01 9.752615111005906723e-01 9.559125071378059557e-01 9.948626023687807685e-01 0.000000000000000000e+00
6.692290462364595349e+00 1.852615168516101862e+00 -9.237353786939993467e-07 -1.000000000000000000e+00 -1.437482126787571026e-05 1.308521134566858392e-05 5.089410748340128521e-03 9.691972963409002384e-01 9.497535731746662435e-01 9.888972000441513810e-01 0.000000000000000000e+00
6.697871231896799671e+00 1.851071541006794829e+00 1.058003771551188365e-06 1.000000000000000000e+00 -1.237117248885214603e-05 1.504715124293316229e-05 6.726762284600340536e-03 9.692457070293585275e-01 9.497819213188984921e-01 9.889662785418604773e-01 0.000000000000000000e+00
6.703456655289853572e+00 1.849529199671717139e+00 2.502739288591557210e-06 1.000000000000000000e+00 -1.092918863495003678e-05 1.649807413406904509e-05 3.774061787247262600e-02 9.685566429133952715e-01 9.491115093415430914e-01 9.882583277285927892e-01 0.000000000000000000e+00
6.709046736424657986e+00 1.847988143439209141e+00 2.560609601739637732e-06 1.000000000000000000e+00 -1.092940179525769767e-05 1.661529648251022356e-05 3.919433315778064753e-02 9.695366975222969863e-01 9.500422077815597888e-01 9.892887924993047921e-01 0.000000000000000000e+00
6.714641479185352146e+00 1.846448371238503361e+00 2.472965416281592493e-06 1.000000000000000000e+00 -1.112792385654511900e-05 1.663788712791771274e-05 3.602836100942852227e-02 9.670544601678607854e-01 9.475327681990649564e-01 9.868350115727865246e-01 0.000000000000000000e+00
6.720240887459313583e+00 1.844909881999724721e+00 1.039307540931493756e-06 1.000000000000000000e+00 -1.265694791808722689e-05 1.530092213063609710e-05 6.257623249197763471e-03 9.677419128023543315e-01 9.482000726135065838e-01 9.875429703904249346e-01 0.000000000000000000e+00
6.725844965137160791e+00 1.843372674653889876e+00 1.399958433863336244e-06 1.000000000000000000e+00 -1.236628411418542171e-05 1.573769522941961891e-05 1.126530662004654459e-02 9.607659709593533437e-01 9.412452539609659219e-01 9.805467982312842112e-01 0.000000000000000000e+00
6.731453716112758556e+00 1.841836748132905655e+00 4.906318991035307194e-07 1.000000000000000000e+00 -1.327955508679990213e-05 1.484024264157929410e-05 1.377874480724017303e-03 9.612003924651328912e-01 9.416781573484372947e-01 9.809824326368193903e-01 0.000000000000000000e+00
6.737067144283217068e+00 1.840302101369569288e+00 6.125795185330645106e-07 1.000000000000000000e+00 -1.317365904140481710e-05 1.498395603039553387e-05 2.142834767191459377e-03 9.610723184048510781e-01 9.415169151121046687e-01 9.808882726636022342e-01 0.000000000000000000e+00
6.742685253548897251e+00 1.838768733297566405e+00 1.840180678974171510e-06 1.000000000000000000e+00 -1.201720251118484738e-05 1.628470026599336014e-05 1.921732841381640355e-02 9.607845095953682080e-01 9.411931920194056556e-01 9.806372923584431023e-01 0.000000000000000000e+00
6.748308047813412536e+00 1.837236642851472368e+00 4.363980820122044261e-06 1.000000000000000000e+00 -9.620176265038354928e-06 1.893298369393769159e-05 1.070086130785341538e-01 9.595912425640039656e-01 9.400089623822089901e-01 9.794352378012880500e-01 0.000000000000000000e+00
6.753935530983630642e+00 1.835705828966748943e+00 7.644629030455388734e-06 1.000000000000000000e+00 -6.471317018534678421e-06 2.233903780844047815e-05 3.256908507406848230e-01 9.587037634029949018e-01 9.390905935475002408e-01 9.785801682088942632e-01 0.000000000000000000e+00
6.759567706969678902e+00 1.834176290579746293e+00 1.173809352405835730e-05 1.000000000000000000e+00 -2.455501371597694011e-06 2.650331423197611956e-05 7.694765360350785954e-01 9.552189345765613737e-01 9.354789686368939483e-01 9.752267816757993479e-01 0.000000000000000000e+00
6.765204579684944264e+00 1.832648026627699211e+00 1.378925034628976609e-05 1.000000000000000000e+00 -3.397674679062409218e-07 2.848834847322867563e-05 1.073603747499745964e+00 9.568583030832771286e-01 9.372625919818231566e-01 9.767182121639780279e-01 0.000000000000000000e+00
6.770846153046076843e+00 1.831121036048729556e+00 1.477982019302684016e-05 1.000000000000000000e+00 7.574168639106404808e-07 2.937432773262058328e-05 1.254963460188854185e+00 9.555265170995506097e-01 9.358011335169107436e-01 9.755199427034038084e-01 0.000000000000000000e+00
6.776492430972993475e+00 1.829595317781842700e+00 1.302618490523720616e-05 1.000000000000000000e+00 -8.629730158382281283e-07 2.749203732749552607e-05 9.868168681532694109e-01 9.555614764279538598e-01 9.358170926268446488e-01 9.755744183889800691e-01 0.000000000000000000e+00
6.782143417388880380e+00 1.828070870766929312e+00 7.725285905376669173e-06 1.000000000000000000e+00 -6.045760198124248329e-06 2.207825283394642074e-05 3.465539756617417311e-01 9.593597470476590283e-01 9.397151375022642084e-01 9.792692419686817029e-01 0.000000000000000000e+00
6.787799116220194051e+00 1.826547693944761797e+00 -8.737658320581574309e-07 -1.000000000000000000e+00 -1.459457703811669565e-05 1.343296167873478846e-05 4.360840854403136291e-03 9.662145765340398595e-01 9.463145625495169577e-01 9.863844084743477181e-01 0.000000000000000000e+00
6.793459531396665696e+00 1.825025786256996740e+00 -1.006168099223117163e-05 -1.000000000000000000e+00 -2.375532894616557290e-05 4.226012856689874360e-06 5.657153286040284002e-01 9.672299987165092761e-01 9.472525932399054049e-01 9.874788446967168731e-01 0.000000000000000000e+00
6.799124666851304788e+00 1.823505146646170916e+00 -2.067531663063917915e-05 -1.000000000000000000e+00 -3.428573852923703425e-05 -6.458616775103651270e-06 2.340752624291937423e+00 9.722315505456796680e-01 9.521848856486978541e-01 9.925497001569301148e-01 0.000000000000000000e+00
6.804794526520399067e+00 1.821985774055703944e+00 -2.911667287808545834e-05 -1.000000000000000000e+00 -4.256926854528251316e-05 -1.504232095887446068e-05 4.612841402078871056e+00 9.747099900118223470e-01 9.545952601816167782e-01 9.950968420787172919e-01 0.000000000000000000e+00
6.810469114343518982e+00 1.820467667429894965e+00 -3.479776103633919822e-05 -1.000000000000000000e+00 -4.803172984069628928e-05 -2.092856909111205784e-05 6.623646494255879702e+00 9.789190041937116948e-01 9.589165865281636947e-01 9.991892590822043507e-01 0.000000000000000000e+00
6.816148434263521239e+00 1.818950825713921748e+00 -3.528466780158883771e-05 -1.000000000000000000e+00 -4.842215164499541431e-05 -2.150834525396559227e-05 6.879715247240355325e+00 9.760211057255139266e-01 9.558926741163846774e-01 9.964216623456668698e-01 0.000000000000000000e+00
6.821832490226549695e+00 1.817435247853842917e+00 -3.210966843781886993e-05 -1.000000000000000000e+00 -4.527963196257853856e-05 -1.830597813485538409e-05 5.729742421644800743e+00 9.696471733251033065e-01 9.495546476750227338e-01 9.900130017661655790e-01 0.000000000000000000e+00
6.827521286182038907e+00 1.815920932796593723e+00 -2.797201032441465882e-05 -1.000000000000000000e+00 -4.125040799404509667e-05 -1.406804008057362717e-05 4.342970661378032560e+00 9.676408569070987786e-01 9.475803615863017670e-01 9.879749661209189515e-01 0.000000000000000000e+00
6.833214826082717686e+00 1.814407879489987385e+00 -2.172809002944168163e-05 -1.000000000000000000e+00 -3.516004433226605722e-05 -7.675106284275907360e-06 2.618063923615679300e+00 9.613388153742287168e-01 9.413080308744701252e-01 9.816444083723625535e-01 0.000000000000000000e+00
6.838913113884609984e+00 1.812896086882713975e+00 -1.523586066912470490e-05 -1.000000000000000000e+00 -2.883536563601333605e-05 -1.016150312469214613e-06 1.285529618626377157e+00 9.546968093933174693e-01 9.345628447388204529e-01 9.751104095825513518e-01 0.000000000000000000e+00
6.844616153547039339e+00 1.811385553924339531e+00 -1.058927682860392581e-05 -1.000000000000000000e+00 -2.432313029428733315e-05 3.766273576180349954e-06 6.171215738724527000e-01 9.534880807094628929e-01 9.335076628911149754e-01 9.737443905930143195e-01 0.000000000000000000e+00
6.850323949032630644e+00 1.809876279565305390e+00 -5.690652820996166602e-06 -1.000000000000000000e+00 -1.959940191041690735e-05 8.840144444400864417e-06 1.767897244678522384e-01 9.470616707905665788e-01 9.271001756119103820e-01 9.673002543431008515e-01 0.000000000000000000e+00
6.856036504307313706e+00 1.808368262756926637e+00 -2.903938968489286210e-06 -1.000000000000000000e+00 -1.698670644380122975e-05 1.180014237717160357e-05 4.545777644824511299e-02 9.449533024750300658e-01 9.248265468416680957e-01 9.653623589292051888e-01 0.000000000000000000e+00
6.861753823340325908e+00 1.806861502451392543e+00 -1.007201558005715996e-06 -1.000000000000000000e+00 -1.521214103948669572e-05 1.382072119629021456e-05 5.404140444085214767e-03 9.422490277188816377e-01 9.222782871050737574e-01 9.624985331577461389e-01 0.000000000000000000e+00
6.867475910104213099e+00 1.805355997601766127e+00 2.068352502252238033e-07 1.000000000000000000e+00 -1.410149175675300187e-05 1.514125311169345575e-05 2.260405155283251588e-04 9.388288365210452069e-01 9.187082015655279044e-01 9.592332004164509929e-01 0.000000000000000000e+00
6.873202768574835808e+00 1.803851747161981711e+00 3.904219113331820725e-07 1.000000000000000000e+00 -1.394706550079308674e-05 1.536103440429251928e-05 8.011178294964338420e-04 9.370617640473918319e-01 9.170946228744571993e-01 9.573086999150770549e-01 0.000000000000000000e+00
6.878934402731368358e+00 1.802348750086846252e+00 1.123809468224139296e-07 1.000000000000000000e+00 -1.426806969944000917e-05 1.513258570495871211e-05 6.603333746113548841e-05 9.357534704377793444e-01 9.156187712872494444e-01 9.561726586086487512e-01 0.000000000000000000e+00
6.884670816556305084e+00 1.800847005332036233e+00 2.674849914256748292e-07 1.000000000000000000e+00 -1.417548988523427205e-05 1.535569202451280229e-05 3.713472666788675269e-04 9.325640694157746324e-01 9.124118236323450759e-01 9.530020907542253727e-01 0.000000000000000000e+00
6.890412014035459443e+00 1.799346511854099884e+00 1.005718116961597995e-06 1.000000000000000000e+00 -1.352983940707240348e-05 1.619039950241554687e-05 5.192146778057349366e-03 9.284618077967550231e-01 9.084783534227458546e-01 9.487274655205107932e-01 0.000000000000000000e+00
6.896157999157970231e+00 1.797847268610453630e+00 2.700476661972933128e-06 1.000000000000000000e+00 -1.198978178264821414e-05 1.804162248970553263e-05 3.697037693930838032e-02 9.236227483008973005e-01 9.034971597357701611e-01 9.440357721433589866e-01 0.000000000000000000e+00
6.901908775916301586e+00 1.796349274559382980e+00 4.297316157730477381e-06 1.000000000000000000e+00 -1.052414279125211562e-05 1.977060167373554192e-05 9.252333257921918630e-02 9.233405187769853084e-01 9.031637669405141455e-01 9.438061399207094970e-01 0.000000000000000000e+00
6.907664348306248314e+00 1.794852528660041413e+00 7.230556865026807301e-06 1.000000000000000000e+00 -7.695552450577473763e-06 2.280812112616660458e-05 2.604687522366191388e-01 9.219812402816243146e-01 9.018228153887964949e-01 9.424286151366798592e-01 0.000000000000000000e+00
6.913424720326936779e+00 1.793357029872449937e+00 1.104388338666789895e-05 1.000000000000000000e+00 -3.958592830337391992e-06 2.669709495814651158e-05 6.079412619669994911e-01 9.199799610513218484e-01 8.998049255966358295e-01 9.404452645262886268e-01 0.000000000000000000e+00
6.919189895980827565e+00 1.791862777157495312e+00 1.488355077866076200e-05 1.000000000000000000e+00 -1.654528013439687893e-07 3.058276269376982055e-05 1.107995776440077407e+00 9.182160115889084206e-01 8.980772029367964926e-01 9.386449176735424116e-01 0.000000000000000000e+00
6.924959879273719920e+00 1.790369769476931161e+00 1.838323349338281471e-05 1.000000000000000000e+00 3.291522564536538474e-06 3.412360406061082894e-05 1.696673358057381620e+00 9.152941980726232440e-01 8.951507482516537495e-01 9.357289565871517167e-01 0.000000000000000000e+00
6.930734674214753532e+00 1.788878005793375303e+00 2.066090173057490918e-05 1.000000000000000000e+00 5.533994291708963631e-06 3.643499886145222001e-05 2.146480749229453977e+00 9.122523660403661916e-01 8.920998239197496238e-01 9.326978079391143872e-01 0.000000000000000000e+00
6.936514284816411191e+00 1.787387485070310644e+00 2.046826601357122169e-05 1.000000000000000000e+00 5.331078382195447151e-06 3.625356594909826143e-05 2.101093596772003025e+00 9.123785696302335602e-01 8.922314981342833740e-01 9.328184463886641797e-01 0.000000000000000000e+00
6.942298715094520567e+00 1.785898206272082511e+00 1.916590987984153539e-05 1.000000000000000000e+00 4.025900637633398902e-06 3.495798465853756497e-05 1.835775277187266852e+00 9.094704425355760735e-01 8.892996594943241018e-01 9.299355467751980742e-01 0.000000000000000000e+00
6.948087969068260428e+00 1.784410168363900873e+00 1.426149803890568197e-05 1.000000000000000000e+00 -8.403311690755647755e-07 3.001965819143391674e-05 1.009017903903099977e+00 9.139061446195071436e-01 8.934978995274702740e-01 9.346139773673327600e-01 0.000000000000000000e+00
6.953882050760158862e+00 1.782923370311836564e+00 8.908131376998252671e-06 1.000000000000000000e+00 -6.096695923619928313e-06 2.457449598799013905e-05 3.919576542187428458e-01 9.143810475754675648e-01 8.940976218940882569e-01 9.349603475541273800e-01 0.000000000000000000e+00
6.959680964196100383e+00 1.781437811082822398e+00 1.474949748123017025e-06 1.000000000000000000e+00 -1.340103075871484761e-05 1.701760772285136825e-05 1.070777563359115447e-02 9.196047698384742786e-01 8.990773943500862675e-01 9.404332703263725834e-01 0.000000000000000000e+00
6.965484713405325046e+00 1.779953489644652054e+00 -6.217453153197845695e-06 -1.000000000000000000e+00 -2.091130374428534257e-05 9.153196486539473640e-06 1.902475161745655896e-01 9.249598676660758523e-01 9.043233436616539000e-01 9.458986532726656460e-01 0.000000000000000000e+00
6.971293302420433768e+00 1.778470404965979412e+00 -1.294129152286636524e-05 -1.000000000000000000e+00 -2.744664322511862985e-05 2.252866121935282227e-06 8.257767362704129255e-01 9.280948536305574370e-01 9.074336976935426513e-01 9.490577636917661986e-01 0.000000000000000000e+00
6.977106735277391003e+00 1.776988556016316556e+00 -1.635030848437651953e-05 -1.000000000000000000e+00 -3.075155013797396456e-05 -1.253863299976285022e-06 1.321791942071172343e+00 9.214879402967823818e-01 9.008439702932438120e-01 9.424350900703132305e-01 0.000000000000000000e+00
6.982925016015525621e+00 1.775507941766035547e+00 -2.144968041934827287e-05 -1.000000000000000000e+00 -3.575477875452976498e-05 -6.448978759660900983e-06 2.262617346737542334e+00 9.266776943128962607e-01 9.061153353129838273e-01 9.475396088502833214e-01 0.000000000000000000e+00
6.988748148677535355e+00 1.774028561186365982e+00 -2.354247049768090134e-05 -1.000000000000000000e+00 -3.782971693096535233e-05 -8.560546488669962934e-06 2.719444388329435469e+00 9.260580216556307809e-01 9.053147422643929021e-01 9.471063918674383908e-01 0.000000000000000000e+00
6.994576137309488573e+00 1.772550413249394330e+00 -2.255757901008669352e-05 -1.000000000000000000e+00 -3.682914594444168120e-05 -7.588415490089113924e-06 2.507438841232115578e+00 9.197110958217161736e-01 8.989905549664448658e-01 9.407381239398979744e-01 0.000000000000000000e+00
7.000408985960828723e+00 1.771073496928063928e+00 -2.166213663658379883e-05 -1.000000000000000000e+00 -3.590782626383773888e-05 -6.713532565174843314e-06 2.320589432162677213e+00 9.192479560052769783e-01 8.985498562059660577e-01 9.402521501002245596e-01 0.000000000000000000e+00
7.006246698684376106e+00 1.769597811196173431e+00 -1.899845548267583103e-05 -1.000000000000000000e+00 -3.330190343681884346e-05 -3.986592557989313389e-06 1.784660409370502521e+00 9.154041143610861520e-01 8.947012063917745284e-01 9.364144459396944731e-01 0.000000000000000000e+00
7.012089279536330544e+00 1.768123355028376364e+00 -1.632612991040278421e-05 -1.000000000000000000e+00 -3.078119813496465486e-05 -1.160063857277739339e-06 1.303073367872286781e+00 9.141247616180087077e-01 8.934348342830745748e-01 9.351221197506424110e-01 0.000000000000000000e+00
7.017936732576273151e+00 1.766650127400181791e+00 -1.230923262397536362e-05 -1.000000000000000000e+00 -2.702484736521000973e-05 3.116041595594033216e-06 7.269863870195223399e-01 9.100508619028999657e-01 8.893346790505897159e-01 9.310766189068625520e-01 0.000000000000000000e+00
7.023789061867172556e+00 1.765178127287950538e+00 -5.869992841082485224e-06 -1.000000000000000000e+00 -2.089652977856393842e-05 9.863707746112946803e-06 1.624845862484676218e-01 8.997421905205299497e-01 8.790657820612550744e-01 9.207304451941862311e-01 0.000000000000000000e+00
7.029646271475383124e+00 1.763707353668898525e+00 -5.687011921096178554e-07 -1.000000000000000000e+00 -1.583815186772601590e-05 1.540743005251270844e-05 1.503022001998033375e-03 8.972826716910895506e-01 8.766285203178532104e-01 9.182489672878508813e-01 0.000000000000000000e+00
7.035508365470652059e+00 1.762237805521092104e+00 5.071114230290047570e-06 1.000000000000000000e+00 -1.038835501587922730e-05 2.124044951110194178e-05 1.186162205256096058e-01 8.958203404479105902e-01 8.751287048339665420e-01 9.168255665329374526e-01 0.000000000000000000e+00
7.041375347926120298e+00 1.760769481823449834e+00 1.151077090595665489e-05 1.000000000000000000e+00 -4.139583088855635195e-06 2.787492381797597595e-05 6.087746987216888783e-01 8.920671915393844076e-01 8.712275277191388057e-01 9.132259613730920877e-01 0.000000000000000000e+00
7.047247222918324283e+00 1.759302381555740702e+00 1.708437037039129550e-05 1.000000000000000000e+00 1.262018369622730133e-06 3.362177011415148117e-05 1.330739629519726464e+00 8.910278227849974808e-01 8.703434046618362396e-01 9.120270580614755485e-01 0.000000000000000000e+00
7.053123994527200402e+00 1.757836503698584130e+00 2.267329075304336052e-05 1.000000000000000000e+00 6.623202216356324692e-06 3.943338943511513718e-05 2.319314649616416091e+00 8.880038542365433774e-01 8.671543890028039492e-01 9.091745162741403652e-01 0.000000000000000000e+00
7.059005666836087656e+00 1.756371847233449524e+00 2.675570400449081920e-05 1.000000000000000000e+00 1.053601998349603072e-05 4.368094616492383664e-05 3.192007642707167747e+00 8.873623203978058260e-01 8.666583512628249775e-01 9.083836871759068954e-01 0.000000000000000000e+00
7.064892243931729432e+00 1.754908411142653613e+00 3.183866338031211081e-05 1.000000000000000000e+00 1.545621824574264412e-05 4.892583754072199421e-05 4.502586400891388507e+00 8.779128859883404967e-01 8.571191467275972586e-01 8.990303063905483727e-01 0.000000000000000000e+00
7.070783729904277948e+00 1.753446194409361780e+00 3.308647986418669087e-05 1.000000000000000000e+00 1.665863441553239161e-05 5.022366432697206466e-05 4.851960928677272022e+00 8.767023834962891504e-01 8.558704882909846656e-01 8.978595183205863028e-01 0.000000000000000000e+00
7.076680128847296025e+00 1.751985196017586288e+00 3.255293677000806359e-05 1.000000000000000000e+00 1.616275293704998715e-05 4.966050891507050810e-05 4.701599117754341250e+00 8.754291050720376388e-01 8.547620854681846625e-01 8.964164854834357765e-01 0.000000000000000000e+00
7.082581444857760644e+00 1.750525414952186498e+00 2.976471702598371447e-05 1.000000000000000000e+00 1.341177525066119378e-05 4.684237604154146202e-05 3.924592356018280270e+00 8.763670284552050882e-01 8.554978755545481484e-01 8.975622551313341413e-01 0.000000000000000000e+00
7.088487682036063831e+00 1.749066850198867318e+00 2.550358618100025392e-05 1.000000000000000000e+00 9.178951307574235177e-06 4.256167524490635050e-05 2.858972264597852586e+00 8.777298930736522342e-01 8.567808377975653089e-01 8.990067018719621883e-01 0.000000000000000000e+00
7.094398844486017985e+00 1.747609500744178535e+00 2.001350204001315833e-05 1.000000000000000000e+00 3.686317390090790443e-06 3.708340297890543686e-05 1.733889806339035999e+00 8.803240687826178190e-01 8.593329974441845653e-01 9.016429361838252943e-01 0.000000000000000000e+00
7.100314936314857661e+00 1.746153365575515037e+00 1.413115222199263931e-05 1.000000000000000000e+00 -2.223844639972185063e-06 3.123479055188800357e-05 8.486589168316385212e-01 8.833360565591874547e-01 8.622299071271186666e-01 9.047722196241489989e-01 0.000000000000000000e+00
7.106235961633242226e+00 1.744698443681114597e+00 8.877482184285866721e-06 1.000000000000000000e+00 -7.468781061938235716e-06 2.597345082580255549e-05 3.305144835508144752e-01 8.857840516831935185e-01 8.646414646813345151e-01 9.072570077706243463e-01 0.000000000000000000e+00
7.112161924555259418e+00 1.743244734050058975e+00 5.441600510827414890e-06 1.000000000000000000e+00 -1.081963059765901837e-05 2.245469385704499987e-05 1.242202224977830838e-01 8.858827365745485238e-01 8.646852109175005019e-01 9.074124890166413993e-01 0.000000000000000000e+00
7.118092829198427118e+00 1.741792235672271039e+00 3.050204879184738785e-06 1.000000000000000000e+00 -1.303987376425439066e-05 1.990097533136707793e-05 3.953626800532106245e-02 8.874525964882691298e-01 8.660596364132039371e-01 9.091832939955495352e-01 0.000000000000000000e+00
7.124028679683696907e+00 1.740340947538516092e+00 2.405503086603750326e-06 1.000000000000000000e+00 -1.347819331529401824e-05 1.906081086469277059e-05 2.502777302913727908e-02 8.867156693159816694e-01 8.655132950486478238e-01 9.082501986513619174e-01 0.000000000000000000e+00
7.129969480135457616e+00 1.738890868640399878e+00 2.317596869035536022e-06 1.000000000000000000e+00 -1.347103259773995088e-05 1.887916808316583462e-05 2.346069696032770935e-02 8.857469061589874348e-01 8.645158818267205669e-01 9.073116853005738225e-01 0.000000000000000000e+00
7.135915234681537100e+00 1.737441997970369245e+00 1.818244230550230855e-06 1.000000000000000000e+00 -1.397678905019780807e-05 1.837927478545241963e-05 1.440049303664636682e-02 8.859798805202594441e-01 8.647552665393103410e-01 9.075385797057238246e-01 0.000000000000000000e+00
7.141865947453204910e+00 1.735994334521709703e+00 3.390069319157768925e-06 1.000000000000000000e+00 -1.250104888570946338e-05 2.004028457900485972e-05 4.979719906407353847e-02 8.764774276193014746e-01 8.552934593565364452e-01 8.979982550591972812e-01 0.000000000000000000e+00
7.147821622585176726e+00 1.734547877288545648e+00 2.237234036085033802e-06 1.000000000000000000e+00 -1.370061240498034180e-05 1.893415604691292865e-05 2.154133886612896731e-02 8.752422940586007671e-01 8.538632298013359989e-01 8.969649145045330840e-01 0.000000000000000000e+00
7.153782264215615250e+00 1.733102625265839913e+00 4.246330883083880099e-07 1.000000000000000000e+00 -1.544436984852349070e-05 1.706347084477230589e-05 7.759732890662007776e-04 8.744901755199059323e-01 8.532716019393620233e-01 8.960472743820782071e-01 0.000000000000000000e+00
7.159747876486134643e+00 1.731658577449392222e+00 -3.275116755073918126e-06 -1.000000000000000000e+00 -1.903556263141587283e-05 1.326501009268487762e-05 4.625755983153112538e-02 8.794504829631736298e-01 8.579800277872522418e-01 9.012653321231567372e-01 0.000000000000000000e+00
7.165718463541802308e+00 1.730215732835839626e+00 -6.846483617372904328e-06 -1.000000000000000000e+00 -2.247834663102497038e-05 9.570212727011024535e-06 2.024296508506040482e-01 8.827526341170118807e-01 8.614001155988360026e-01 9.044447311460828143e-01 0.000000000000000000e+00
7.171694029531142434e+00 1.728774090422655174e+00 -1.134581217579490874e-05 -1.000000000000000000e+00 -2.691326164526432424e-05 5.004775312383914448e-06 5.534793600094900512e-01 8.886055025367518567e-01 8.669811875905287790e-01 9.105760437667123064e-01 0.000000000000000000e+00
7.177674578606138667e+00 1.727333649208146804e+00 -1.458513993995448633e-05 -1.000000000000000000e+00 -3.011593219489849829e-05 1.730651233613863228e-06 9.099787738671949455e-01 8.889704968454953393e-01 8.672756941115797868e-01 9.110137957192737668e-01 0.000000000000000000e+00
7.183660114922237661e+00 1.725894408191456675e+00 -1.810755964411091113e-05 -1.000000000000000000e+00 -3.357240911918783755e-05 -1.848593190978670804e-06 1.394367716494002707e+00 8.909020403518254083e-01 8.693320198878167204e-01 9.128157798358185193e-01 0.000000000000000000e+00
7.189650642638349964e+00 1.724456366372562499e+00 -2.171339550201578818e-05 -1.000000000000000000e+00 -3.714043898778984494e-05 -5.482097948910124371e-06 1.992406214960126931e+00 8.948782973992158718e-01 8.730555498169232376e-01 9.170510832981522142e-01 0.000000000000000000e+00
7.195646165916856241e+00 1.723019522752273547e+00 -2.445826542922566223e-05 -1.000000000000000000e+00 -3.984819651085690529e-05 -8.254930925598017751e-06 2.509136547487130997e+00 8.983472700415763290e-01 8.766331088409132777e-01 9.204065980931185331e-01 0.000000000000000000e+00
7.201646688923606376e+00 1.721583876332232421e+00 -2.563335122978962029e-05 -1.000000000000000000e+00 -4.107892628943248805e-05 -9.374207733142104983e-06 2.733394576783453545e+00 8.993327775894638387e-01 8.773965589687880984e-01 9.216209288977671443e-01 0.000000000000000000e+00
7.207652215827925701e+00 1.720149426114913060e+00 -2.376767773807393562e-05 -1.000000000000000000e+00 -3.929784551423329384e-05 -7.429088833037218829e-06 2.342698760122701174e+00 8.925914541539041736e-01 8.706694421511328441e-01 9.148680722836322055e-01 0.000000000000000000e+00
7.213662750802614987e+00 1.718716171103621404e+00 -2.258778748115782995e-05 -1.000000000000000000e+00 -3.813146253313602358e-05 -6.237746646438965955e-06 2.116744633591395086e+00 8.919860718196493954e-01 8.700908773396011098e-01 9.142356882973742271e-01 0.000000000000000000e+00
7.219678298023954888e+00 1.717284110302493172e+00 -1.983562766607205674e-05 -1.000000000000000000e+00 -3.536580179091910380e-05 -3.491039083849391630e-06 1.644109267149119091e+00 8.867605796249786732e-01 8.648838550164043015e-01 9.089934122173286557e-01 0.000000000000000000e+00
7.225698861671710382e+00 1.715853242716494531e+00 -1.854003754720136629e-05 -1.000000000000000000e+00 -3.405694811130470371e-05 -2.195867605711620890e-06 1.438368513573522023e+00 8.861002986235437806e-01 8.642593257081324642e-01 9.082964528275969673e-01 0.000000000000000000e+00
7.231724445929129885e+00 1.714423567351419875e+00 -1.813834106885879902e-05 -1.000000000000000000e+00 -3.374084389292343546e-05 -1.699464679803985758e-06 1.362294410990017468e+00 8.858538710925195625e-01 8.639558930406687765e-01 9.081090238109282842e-01 0.000000000000000000e+00
7.237755054982951464e+00 1.712995083213891823e+00 -1.867486771411641463e-05 -1.000000000000000000e+00 -3.447929585040338625e-05 -2.030933571490220555e-06 1.410735458220159444e+00 8.855699736640452180e-01 8.634545315739315940e-01 9.080499118323236418e-01 0.000000000000000000e+00
7.243790693023404614e+00 1.711567789311361887e+00 -1.930956635552019151e-05 -1.000000000000000000e+00 -3.532699938365981907e-05 -2.446036512670775824e-06 1.466566029756862122e+00 8.828573824172427642e-01 8.609106838480481416e-01 9.051644208869952246e-01 0.000000000000000000e+00
7.249831364244212040e+00 1.710141684652107807e+00 -1.935554316893131814e-05 -1.000000000000000000e+00 -3.556014602745771589e-05 -2.289213855985726973e-06 1.441151087739214631e+00 8.770734464780397532e-01 8.551171606114873480e-01 8.993924519190653610e-01 0.000000000000000000e+00
7.255877072842594977e+00 1.708716768245233997e+00 -2.122506868743567721e-05 -1.000000000000000000e+00 -3.750885670226790380e-05 -4.058263659152410195e-06 1.705280348558133596e+00 8.790941080360250570e-01 8.569046165845708440e-01 9.016526145536994941e-01 0.000000000000000000e+00
7.261927823019274086e+00 1.707293039100669763e+00 -2.235197084002445779e-05 -1.000000000000000000e+00 -3.863168338352010467e-05 -5.171434355242991254e-06 1.875236070420982060e+00 8.799920299883539077e-01 8.579520612872840735e-01 9.023956886611075312e-01 0.000000000000000000e+00
7.267983618978473004e+00 1.705870496229170197e+00 -2.249857189362668711e-05 -1.000000000000000000e+00 -3.882850118724100240e-05 -5.261788327667060332e-06 1.888575093707331121e+00 8.787468467474726097e-01 8.565152286639095003e-01 9.013490997337314514e-01 0.000000000000000000e+00
7.274044464927921894e+00 1.704449138642313732e+00 -2.169847341149839934e-05 -1.000000000000000000e+00 -3.808100910580992742e-05 -4.404938391838772671e-06 1.746183952800350880e+00 8.750480907832870470e-01 8.530089006919285843e-01 8.974533755176994365e-01 0.000000000000000000e+00
7.280110365078859225e+00 1.703028965352503699e+00 -2.198177647964791168e-05 -1.000000000000000000e+00 -3.844407068609535712e-05 -4.607061735078209208e-06 1.777674001994839159e+00 8.762954249805350315e-01 8.540215422769409370e-01 8.989427129871376820e-01 0.000000000000000000e+00
7.286181323646034436e+00 1.701609975372965211e+00 -2.203645459036455162e-05 -1.000000000000000000e+00 -3.852429676816102933e-05 -4.637215357230498795e-06 1.778234396754470481e+00 8.772101244274146392e-01 8.550666021215129753e-01 8.997226903116953833e-01 0.000000000000000000e+00
7.292257344847713263e+00 1.700192167717745617e+00 -2.032430717222924579e-05 -1.000000000000000000e+00 -3.683695508110461435e-05 -2.908715602978891675e-06 1.520381270548895714e+00 8.714523713061314014e-01 8.491633395231574788e-01 8.941180833469134503e-01 0.000000000000000000e+00
7.298338432905678630e+00 1.698775541401714717e+00 -1.983815330458546248e-05 -1.000000000000000000e+00 -3.626177315776777922e-05 -2.513393182173550682e-06 1.464439829918319447e+00 8.692610172409689362e-01 8.469272455157983437e-01 8.919741416486282048e-01 0.000000000000000000e+00
7.304424592045234199e+00 1.697360095440562322e+00 -2.069508320844420815e-05 -1.000000000000000000e+00 -3.695855248552351124e-05 -3.520020078952820118e-06 1.613070183387876000e+00 8.696158339435746676e-01 8.472991238898910371e-01 8.923109704267445652e-01 0.000000000000000000e+00
7.310515826495206149e+00 1.695945828850798032e+00 -2.231690483328213037e-05 -1.000000000000000000e+00 -3.847147028600115284e-05 -5.241151326503576906e-06 1.886827147483941758e+00 8.689218867589819650e-01 8.465335122909729559e-01 8.916911494941655025e-01 0.000000000000000000e+00
7.316612140487947613e+00 1.694532740649751679e+00 -2.565043147201139927e-05 -1.000000000000000000e+00 -4.177847146633373895e-05 -8.598023694548288098e-06 2.474004942786478978e+00 8.703373661225985991e-01 8.479262369369918728e-01 8.931297539244130723e-01 0.000000000000000000e+00
7.322713538259342236e+00 1.693120829855571774e+00 -2.876109135915874107e-05 -1.000000000000000000e+00 -4.496559776589995777e-05 -1.163376958451229240e-05 3.063652341376169375e+00 8.677314224097633089e-01 8.452398415393963527e-01 8.906083057908976697e-01 0.000000000000000000e+00
7.328820024048804171e+00 1.691710095487224841e+00 -3.325208159526366010e-05 -1.000000000000000000e+00 -4.950095594587577936e-05 -1.606503131129939830e-05 4.020416123069864511e+00 8.705133880733380014e-01 8.478736597204766801e-01 8.935414978047363510e-01 0.000000000000000000e+00
7.334931602099284298e+00 1.690300536564494527e+00 -3.625075076553969580e-05 -1.000000000000000000e+00 -5.250952322401298639e-05 -1.902189250067188797e-05 4.710214340369873298e+00 8.717495276874065446e-01 8.490875181518763304e-01 8.947989622114841390e-01 0.000000000000000000e+00
7.341048276657271110e+00 1.688892152107981603e+00 -3.546712317059262621e-05 -1.000000000000000000e+00 -5.186032814552606632e-05 -1.808429249256145334e-05 4.451882063659127198e+00 8.659127647433159103e-01 8.432159146934479210e-01 8.889998511773042900e-01 0.000000000000000000e+00
7.347170051972794269e+00 1.687484941139102412e+00 -3.359479329645330496e-05 -1.000000000000000000e+00 -5.023079477470317471e-05 -1.597923366573873627e-05 3.924692016307560039e+00 8.650227011651024922e-01 8.423259487457996908e-01 8.881105210329427457e-01 0.000000000000000000e+00
7.353296932299427269e+00 1.686078902680089531e+00 -2.965804243611655749e-05 -1.000000000000000000e+00 -4.655614900131942700e-05 -1.179945052951852463e-05 3.020590399118077585e+00 8.663604852626353159e-01 8.435463612761199270e-01 8.895701226515021487e-01 0.000000000000000000e+00
7.359428921894291875e+00 1.684674035753989330e+00 -2.321347099215915281e-05 -1.000000000000000000e+00 -4.029880949791134258e-05 -5.175886990057446086e-06 1.851207600653225427e+00 8.662274641462472946e-01 8.431961819950732906e-01 8.896620676847108999e-01 0.000000000000000000e+00
7.365566025018059015e+00 1.683270339384662417e+00 -1.462583052060040191e-05 -1.000000000000000000e+00 -3.181744775796350929e-05 3.525024945732587242e-06 7.415720332302271345e-01 8.607082999848115756e-01 8.379210732556402474e-01 8.838930656610056724e-01 0.000000000000000000e+00
7.371708245934952330e+00 1.681867812596783196e+00 -7.819495835149225691e-06 -1.000000000000000000e+00 -2.517532669800494777e-05 1.049745305194108740e-05 2.125244129856014297e-01 8.591956201011397010e-01 8.362115339297038208e-01 8.825851083918241358e-01 0.000000000000000000e+00
7.377855588912752616e+00 1.680466454415837863e+00 -1.897350028681320509e-06 -1.000000000000000000e+00 -1.947325640121400298e-05 1.664259256239471527e-05 1.240956906104884183e-02 8.555218624712050968e-01 8.327303299309893880e-01 8.787138762196875508e-01 0.000000000000000000e+00
7.384008058222798709e+00 1.679066263868125519e+00 2.463883352500743850e-06 1.000000000000000000e+00 -1.546089635369285291e-05 2.135487019498259927e-05 2.048664928622656589e-02 8.516109421165610760e-01 8.286099679433828191e-01 8.750212154835182998e-01 0.000000000000000000e+00
7.390165658139991045e+00 1.677667239980756175e+00 3.000106410525600503e-06 1.000000000000000000e+00 -1.528162759558304473e-05 2.225183445485107750e-05 2.936535356010949727e-02 8.566065793066259815e-01 8.334041580079785128e-01 8.802227159473595686e-01 0.000000000000000000e+00
7.396328392942796093e+00 1.676269381781650081e+00 4.191919370720268758e-06 1.000000000000000000e+00 -1.443671996491008628e-05 2.379673606804083580e-05 5.558137292524634177e-02 8.560919863888291070e-01 8.328628584487640651e-01 8.797354671716900443e-01 0.000000000000000000e+00
7.402496266913247247e+00 1.674872688299538392e+00 3.885017290559199193e-06 1.000000000000000000e+00 -1.498852073103125517e-05 2.374224368839084764e-05 4.659070280825972077e-02 8.603471862851141960e-01 8.369372496598067590e-01 8.841755547896982259e-01 0.000000000000000000e+00
7.408669284336948380e+00 1.673477158563960288e+00 5.438413509672455303e-06 1.000000000000000000e+00 -1.356156506508651309e-05 2.543344001927733033e-05 9.042154266026614096e-02 8.596787841393760399e-01 8.362805993433973795e-01 8.834949617312717329e-01 0.000000000000000000e+00
7.414847449503079169e+00 1.672082791605264962e+00 7.682376345550635344e-06 1.000000000000000000e+00 -1.137422956864792344e-05 2.774607223457070630e-05 1.803238209897983779e-01 8.588467754363949824e-01 8.353710634871960306e-01 8.827432335406902864e-01 0.000000000000000000e+00
7.421030766704393322e+00 1.670689586454608300e+00 1.441922786801685492e-05 1.000000000000000000e+00 -4.757742896254589260e-06 3.461375314249190270e-05 6.393383226146340803e-01 8.439443081090000076e-01 8.205755445943359039e-01 8.677369311064272450e-01 0.000000000000000000e+00
7.427219240237226572e+00 1.669297542143953983e+00 1.733086971361124024e-05 1.000000000000000000e+00 -1.961437381763674260e-06 3.764439791663851673e-05 9.189741116576470858e-01 8.427111172517890436e-01 8.193716552062840774e-01 8.664741623191339892e-01 0.000000000000000000e+00
7.433412874401496673e+00 1.667906657706072160e+00 1.965010787599230164e-05 1.000000000000000000e+00 1.702297405103919508e-07 4.014730873881979520e-05 1.167058584426968082e+00 8.428593981850066585e-01 8.194117854254796551e-01 8.667348324387914582e-01 0.000000000000000000e+00
7.439611673500706956e+00 1.666516932174539223e+00 2.176098212221982861e-05 1.000000000000000000e+00 2.091162136907321641e-06 4.244251710572397463e-05 1.411583706889601331e+00 8.419914533643392263e-01 8.185540033150268124e-01 8.658575070355134518e-01 0.000000000000000000e+00
7.445815641841948995e+00 1.665128364583736253e+00 2.421673535980602363e-05 1.000000000000000000e+00 4.390333099170246024e-06 4.505565258242858742e-05 1.733538750499491243e+00 8.374113638060095566e-01 8.139284175627946594e-01 8.613269449522628074e-01 0.000000000000000000e+00
7.452024783735907043e+00 1.663740953968849468e+00 2.444447665423504204e-05 1.000000000000000000e+00 4.578399561627507065e-06 4.533562403738556680e-05 1.758300647807288897e+00 8.373758302378340179e-01 8.139056706467314717e-01 8.612778693335513269e-01 0.000000000000000000e+00
7.458239103496859812e+00 1.662354699365868660e+00 2.666378965794756692e-05 1.000000000000000000e+00 6.755430442534730037e-06 4.761599587207407955e-05 2.097334580604197640e+00 8.275258256013614533e-01 8.040916275043467065e-01 8.513948816603577052e-01 0.000000000000000000e+00
7.464458605442683137e+00 1.660969599811586539e+00 2.591465330362523393e-05 1.000000000000000000e+00 5.968021380024708292e-06 4.691761125351691668e-05 1.973583250109044229e+00 8.251775460205188484e-01 8.015218483162430685e-01 8.492769535716719886e-01 0.000000000000000000e+00
7.470683293894854415e+00 1.659585654343599170e+00 2.408803609773279826e-05 1.000000000000000000e+00 4.106266487477068495e-06 4.513077207652889996e-05 1.687464252410620702e+00 8.244119407921306486e-01 8.009204537251615186e-01 8.483418956094748165e-01 0.000000000000000000e+00
7.476913173178454386e+00 1.658202862000304201e+00 2.285548349353592887e-05 1.000000000000000000e+00 2.744515346224430822e-06 4.402702648085225063e-05 1.499705274668713173e+00 8.202706471604374050e-01 7.965638238131032001e-01 8.444261662493890430e-01 0.000000000000000000e+00
7.483148247622170679e+00 1.656821221820899526e+00 1.745450351188550863e-05 1.000000000000000000e+00 -2.661128205020459611e-06 3.863918508937861838e-05 8.595604428249714601e-01 8.295377838819468774e-01 8.058553343940346725e-01 8.536633687597179332e-01 0.000000000000000000e+00
7.489388521558299594e+00 1.655440732845385288e+00 1.247961629331893632e-05 1.000000000000000000e+00 -7.623017733552464917e-06 3.366697319649996235e-05 4.346635544019079589e-01 8.379704035104060811e-01 8.139117883023671007e-01 8.624812366986296386e-01 0.000000000000000000e+00
7.495633999322752317e+00 1.654061394114560324e+00 1.056905488113872819e-05 1.000000000000000000e+00 -9.490347488713155052e-06 3.172668833526071883e-05 3.112989422317866683e-01 8.379706898008307814e-01 8.138134179002083357e-01 8.625837391917177133e-01 0.000000000000000000e+00
7.501884685255054031e+00 1.652683204670022832e+00 9.000570856165235808e-06 1.000000000000000000e+00 -1.098311667834139797e-05 3.008293191071810302e-05 2.260155666158993881e-01 8.386811519072082666e-01 8.145394810015247344e-01 8.632783881400887260e-01 0.000000000000000000e+00
7.508140583698349246e+00 1.651306163554170148e+00 9.946529787205395462e-06 1.000000000000000000e+00 -9.997857182987111366e-06 3.098428764191380066e-05 2.777449626242258773e-01 8.318660613674534465e-01 8.077277501728434839e-01 8.564643264176836635e-01 0.000000000000000000e+00
7.514401698999403578e+00 1.649930269810196748e+00 8.523058672933098888e-06 1.000000000000000000e+00 -1.130972557401225585e-05 2.945283998492086169e-05 2.048576352625275376e-01 8.325099076973433432e-01 8.083940564180451815e-01 8.570850684392942176e-01 0.000000000000000000e+00
7.520668035508609073e+00 1.648555522482095359e+00 5.879007589575687910e-06 1.000000000000000000e+00 -1.383366125349802081e-05 2.670385832562123573e-05 9.773536599662691060e-02 8.353774397158646448e-01 8.111305302034902409e-01 8.600869957459384985e-01 0.000000000000000000e+00
7.526939597579984209e+00 1.647181920614653627e+00 2.380088085378170738e-06 1.000000000000000000e+00 -1.721939302830209214e-05 2.311070628549179273e-05 1.597408790959775615e-02 8.382419134182212961e-01 8.141251069748236535e-01 8.628148085133988676e-01 0.000000000000000000e+00
7.533216389571179228e+00 1.645809463253457006e+00 -2.137524729564683932e-06 -1.000000000000000000e+00 -2.174730467401916152e-05 1.861063404968477480e-05 1.273111470594301409e-02 8.413562398315366231e-01 8.169246692866920512e-01 8.662540286581081883e-01 0.000000000000000000e+00
7.539498415843477019e+00 1.644438149444884756e+00 -6.112795263861488007e-06 -1.000000000000000000e+00 -2.580254207942276657e-05 1.471420802961815606e-05 1.023950987272712609e-01 8.400179316190770074e-01 8.154668694957792896e-01 8.650408743462940642e-01 0.000000000000000000e+00
7.545785680761798453e+00 1.643067978236111282e+00 -1.135371556011967468e-05 -1.000000000000000000e+00 -3.106001588742630709e-05 9.492918404010744236e-06 3.476458468029761661e-01 8.422388995344461948e-01 8.176513423227316224e-01 8.672988282777007729e-01 0.000000000000000000e+00
7.552078188694705041e+00 1.641698948675104575e+00 -1.547100052108044385e-05 -1.000000000000000000e+00 -3.508631861103644157e-05 5.305024722756079955e-06 6.428403153859818531e-01 8.423113165456743712e-01 8.176048460764874237e-01 8.674941969917585594e-01 0.000000000000000000e+00
7.558375944014398939e+00 1.640331059810627101e+00 -1.900297776600278168e-05 -1.000000000000000000e+00 -3.840677089495146885e-05 1.593238777150090640e-06 9.742129663789000915e-01 8.437590273736358393e-01 8.190665035686058859e-01 8.689259570755727413e-01 0.000000000000000000e+00
7.564678951096730941e+00 1.638964310692231585e+00 -2.135029589167148281e-05 -1.000000000000000000e+00 -4.061175630042031552e-05 -8.693269738671285864e-07 1.233072557618328347e+00 8.444326804852596569e-01 8.196291273077112027e-01 8.697146686944882132e-01 0.000000000000000000e+00
7.570987214321198699e+00 1.637598700370265004e+00 -2.296321842129643741e-05 -1.000000000000000000e+00 -4.225191056337895552e-05 -2.449596653986766120e-06 1.413273624423695196e+00 8.450205266024418682e-01 8.202259789815071755e-01 8.702934022727970564e-01 0.000000000000000000e+00
7.577300738070952946e+00 1.636234227895864146e+00 -2.549740187535486969e-05 -1.000000000000000000e+00 -4.496821897168595811e-05 -4.803474563204306882e-06 1.702123487360537979e+00 8.510677062358071865e-01 8.260527175895495677e-01 8.765668068171895699e-01 0.000000000000000000e+00
7.583619526732800153e+00 1.634870892320956948e+00 -2.565269427154631096e-05 -1.000000000000000000e+00 -4.540849924057834442e-05 -4.661676863933057838e-06 1.679943599966293277e+00 8.519714247909860871e-01 8.266525874694206077e-01 8.777856880698791109e-01 0.000000000000000000e+00
7.589943584697204315e+00 1.633508692698261822e+00 -2.396967733355236465e-05 -1.000000000000000000e+00 -4.396952212583871112e-05 -2.700688636768510558e-06 1.433400922859917159e+00 8.507526165779236704e-01 8.256127700877571307e-01 8.763810150912676455e-01 0.000000000000000000e+00
7.596272916358290495e+00 1.632147628081284996e+00 -2.255831597530188901e-05 -1.000000000000000000e+00 -4.287264900703633064e-05 -9.506266764140725283e-07 1.238057917420420040e+00 8.549220317753499776e-01 8.294417032443621718e-01 8.809008210733497712e-01 0.000000000000000000e+00
7.602607526113848380e+00 1.630787697524322288e+00 -1.767873547489740046e-05 -1.000000000000000000e+00 -3.838136237552280169e-05 4.330926742334932210e-06 7.420979429451080023e-01 8.518822853751023549e-01 8.266049885568215183e-01 8.776522087047725629e-01 0.000000000000000000e+00
7.608947418365335835e+00 1.629428900082457776e+00 -1.097690183588097343e-05 -1.000000000000000000e+00 -3.217078091367390032e-05 1.151895112213464658e-05 2.797024180434561913e-01 8.469832835054229569e-01 8.214885149149634413e-01 8.729827805542336172e-01 0.000000000000000000e+00
7.615292597517878903e+00 1.628071234811562906e+00 -2.581914430415042590e-06 -1.000000000000000000e+00 -2.416650998634740146e-05 2.030670619548265423e-05 1.524692446170661242e-02 8.394422378358594727e-01 8.142254457032319648e-01 8.651580561081664289e-01 0.000000000000000000e+00
7.621643067980279795e+00 1.626714700768294497e+00 5.674033807265143057e-06 1.000000000000000000e+00 -1.624512677731117423e-05 2.890536325113527883e-05 7.309502343677820591e-02 8.328313805066449582e-01 8.074473975652523006e-01 8.587251820271293301e-01 0.000000000000000000e+00
7.627998834165015118e+00 1.625359297010096737e+00 1.021275632593372565e-05 1.000000000000000000e+00 -1.189727012679276677e-05 3.364584778926766944e-05 2.351316101126315061e-01 8.358537637335234916e-01 8.103214357083156072e-01 8.619005355264997004e-01 0.000000000000000000e+00
7.634359900488242090e+00 1.624005022595198744e+00 1.459534103208799785e-05 1.000000000000000000e+00 -7.673121814279657243e-06 3.819919423021161736e-05 4.777129052600486148e-01 8.341578932311100036e-01 8.086848290769675929e-01 8.601444697966506014e-01 0.000000000000000000e+00
7.640726271369800315e+00 1.622651876582614117e+00 1.615080765739966546e-05 1.000000000000000000e+00 -6.278457818681243386e-06 3.992971800877955153e-05 5.785615856448060867e-01 8.347160261920475444e-01 8.091174294044316539e-01 8.608329750401099156e-01 0.000000000000000000e+00
7.647097951233216229e+00 1.621299858032140939e+00 1.532959879720379901e-05 1.000000000000000000e+00 -7.262661872810864336e-06 3.929278334888039361e-05 5.120225205465374074e-01 8.351096793485288661e-01 8.095120341545033460e-01 8.612252232715181810e-01 0.000000000000000000e+00
7.653474944505703093e+00 1.619948966004359558e+00 1.250628629115091877e-05 1.000000000000000000e+00 -1.028622511370547068e-05 3.669618422681202383e-05 3.327328217230558494e-01 8.343503564308577536e-01 8.086165890829016822e-01 8.606073275387692290e-01 0.000000000000000000e+00
7.659857255618167216e+00 1.618599199560634805e+00 6.915970412965098508e-06 1.000000000000000000e+00 -1.604930146836470829e-05 3.130884769113440155e-05 9.878701431287595369e-02 8.365714274096976988e-01 8.107861715784189238e-01 8.628798047409489413e-01 0.000000000000000000e+00
7.666244889005210617e+00 1.617250557763112662e+00 -5.602956584916301848e-07 -1.000000000000000000e+00 -2.367202058070183563e-05 2.400911439676349214e-05 6.287125302577578623e-04 8.417399921539671093e-01 8.157198100979778932e-01 8.682886674747666289e-01 0.000000000000000000e+00
7.672637849105131913e+00 1.615903039674720043e+00 -6.543332185612851909e-06 -1.000000000000000000e+00 -2.978468136760266426e-05 1.818443894737974673e-05 8.370203407768883608e-02 8.432263882226834761e-01 8.168692327413129561e-01 8.701239569554416464e-01 0.000000000000000000e+00
7.679036140359931650e+00 1.614556644359165460e+00 -8.865440864061319116e-06 -1.000000000000000000e+00 -3.214510730055357218e-05 1.593348504812512029e-05 1.517209476702134907e-01 8.384656338620873894e-01 8.123491053779219317e-01 8.651151980340691106e-01 0.000000000000000000e+00
7.685439767215314077e+00 1.613211370880937023e+00 -1.254274066735868417e-05 -1.000000000000000000e+00 -3.580891179748693957e-05 1.227354808718591774e-05 3.007431145232146719e-01 8.455547208558777950e-01 8.190487528591584576e-01 8.726045926555443533e-01 0.000000000000000000e+00
7.691848734120691589e+00 1.611867218305303329e+00 -1.144730803775520600e-05 -1.000000000000000000e+00 -3.476364635771343791e-05 1.344598271135922853e-05 2.489635217986858606e-01 8.460474184837906142e-01 8.197227857309803412e-01 8.729082413042197341e-01 0.000000000000000000e+00
7.698263045529186499e+00 1.610524185698310351e+00 -4.814120827019719404e-06 -1.000000000000000000e+00 -2.847550771662474861e-05 2.042321935964910845e-05 4.370962185890903129e-02 8.366250265478780701e-01 8.101387804083157729e-01 8.636599544076749568e-01 0.000000000000000000e+00
7.704682705897634598e+00 1.609182272126782998e+00 7.892161226163159262e-07 1.000000000000000000e+00 -2.321150022355232995e-05 2.634085063256247068e-05 1.159086968371525472e-03 8.363649782514441799e-01 8.100519192519952671e-01 8.632215459401189062e-01 0.000000000000000000e+00
7.711107719686588702e+00 1.607841476658323998e+00 6.982148074389008495e-06 1.000000000000000000e+00 -1.735939130103019405e-05 3.284167540480636212e-05 8.995085588077245120e-02 8.381758833922750007e-01 8.115324670237490379e-01 8.653768086757700484e-01 0.000000000000000000e+00
7.717538091360320429e+00 1.606501798361312572e+00 1.462486656984981260e-05 1.000000000000000000e+00 -9.891304266300903028e-06 4.064296500106723568e-05 3.966016457806915696e-01 8.360796571382792530e-01 8.093449697169373680e-01 8.633780682769880421e-01 0.000000000000000000e+00
7.723973825386825531e+00 1.605163236304904206e+00 2.030841219174233978e-05 1.000000000000000000e+00 -4.172569158660980265e-06 4.629333732594281207e-05 7.745439170481347446e-01 8.367606853102695919e-01 8.102229788982050485e-01 8.638541144943929773e-01 0.000000000000000000e+00
7.730414926237823892e+00 1.603825789559029547e+00 2.477099699573765462e-05 1.000000000000000000e+00 3.223158492143481134e-07 5.072932255200062032e-05 1.169274475227041421e+00 8.345407138460150254e-01 8.077535909721837992e-01 8.618952476951211583e-01 0.000000000000000000e+00
7.736861398388765743e+00 1.602489457194395728e+00 2.522398663635893576e-05 1.000000000000000000e+00 8.399627266627093672e-07 5.112759611861201304e-05 1.216915558094243011e+00 8.365927966581331310e-01 8.099579591580461368e-01 8.637873096042528731e-01 0.000000000000000000e+00
7.743313246318833443e+00 1.601154238282482378e+00 1.986216590663696026e-05 1.000000000000000000e+00 -4.569117194963223335e-06 4.581964247238878976e-05 7.431539807784304230e-01 8.482484905359555238e-01 8.211017170774528307e-01 8.759683142642324949e-01 0.000000000000000000e+00
7.749770474510944140e+00 1.599820131895543396e+00 1.595595858839725370e-05 1.000000000000000000e+00 -8.654544165269267446e-06 4.210626714951590797e-05 4.684030025119341190e-01 8.465246597357035663e-01 8.195339532088433687e-01 8.740823829712598414e-01 0.000000000000000000e+00
7.756233087451753327e+00 1.598487137106606282e+00 8.859374847989517614e-06 1.000000000000000000e+00 -1.601829156771613928e-05 3.528426395390317797e-05 1.397566858366303677e-01 8.488371782462987847e-01 8.214259878686460681e-01 8.768305917049988851e-01 0.000000000000000000e+00
7.762701089631657503e+00 1.597155252989470364e+00 1.831367703461206898e-06 1.000000000000000000e+00 -2.317755951183221580e-05 2.839902080383889687e-05 5.816571200682574272e-03 8.490732829429228357e-01 8.217898458586515575e-01 8.769329144321486025e-01 0.000000000000000000e+00
7.769174485544799502e+00 1.595824478618706577e+00 -3.402303055465842905e-06 -1.000000000000000000e+00 -2.838394870547741340e-05 2.316560105068537074e-05 1.991552138822783036e-02 8.473925722023533114e-01 8.197930052024778869e-01 8.755815793992077767e-01 0.000000000000000000e+00
7.775653279689067610e+00 1.594494813069657235e+00 -8.508703807145983055e-06 -1.000000000000000000e+00 -3.318028392975260426e-05 1.780083347226988860e-05 1.254394643903964379e-01 8.525434812158975140e-01 8.247405555455618043e-01 8.809393419253718216e-01 0.000000000000000000e+00
7.782137476566102663e+00 1.593166255418435151e+00 -9.471898050443189893e-06 -1.000000000000000000e+00 -3.388778233436301192e-05 1.662311016896453396e-05 1.572558267867805171e-01 8.529020350491031133e-01 8.251409122994106671e-01 8.812533046429789074e-01 0.000000000000000000e+00
7.788627080681298942e+00 1.591838804741922297e+00 -8.067930664554686019e-06 -1.000000000000000000e+00 -3.255983246683255311e-05 1.810778210505080871e-05 1.138261764950527777e-01 8.521454074003146362e-01 8.242544454143684307e-01 8.806327923177488248e-01 0.000000000000000000e+00
7.795122096543806833e+00 1.590512460117771143e+00 -4.809246977001051268e-06 -1.000000000000000000e+00 -2.969212765689263489e-05 2.173290522490018702e-05 3.966411411232684259e-02 8.508492591228088431e-01 8.229655593201622432e-01 8.793313791187434836e-01 0.000000000000000000e+00
7.801622528666539047e+00 1.589187220624400876e+00 -4.255886941028170035e-07 -1.000000000000000000e+00 -2.584681451725282203e-05 2.661719244967152424e-05 3.027875922470002479e-04 8.511998616483865687e-01 8.231278856179219394e-01 8.798798172575058585e-01 0.000000000000000000e+00
7.808128381566169729e+00 1.587863085341000069e+00 6.469795443888241065e-06 1.000000000000000000e+00 -1.935448334280620667e-05 3.389544917343517450e-05 6.903530831552018299e-02 8.485025021327040617e-01 8.204760344589684395e-01 8.771383290786174403e-01 0.000000000000000000e+00
7.814639659763139790e+00 1.586540053347523793e+00 1.371849646968707398e-05 1.000000000000000000e+00 -1.227423920209864615e-05 4.132258070166263379e-05 3.113059650111154042e-01 8.467736599549476884e-01 8.186526902138004935e-01 8.755093894036907187e-01 0.000000000000000000e+00
7.821156367781661345e+00 1.585218123724693617e+00 2.256706230822240329e-05 1.000000000000000000e+00 -3.514647423650298492e-06 5.028473347516293891e-05 8.544731203132869268e-01 8.386485242129004813e-01 8.103536670811734011e-01 8.675707739506203220e-01 0.000000000000000000e+00
7.827678510149716828e+00 1.583897295553998275e+00 2.841276010203179719e-05 1.000000000000000000e+00 2.294606461962390845e-06 5.618575620704649031e-05 1.363974117867797986e+00 8.353614111325449176e-01 8.073588349646338980e-01 8.639811595691688773e-01 0.000000000000000000e+00
7.834206091399066985e+00 1.582577567917689887e+00 3.208991043910811388e-05 1.000000000000000000e+00 5.733762907329538456e-06 6.009915934210629054e-05 1.727385062647385894e+00 8.331928479375780849e-01 8.048837453545517606e-01 8.621346212688544286e-01 0.000000000000000000e+00
7.840739116065250869e+00 1.581258939898786631e+00 3.261451290384473827e-05 1.000000000000000000e+00 5.968428806919559289e-06 6.090619665015293779e-05 1.744423511131259374e+00 8.346607505074459255e-01 8.065154584485781930e-01 8.634315422793648054e-01 0.000000000000000000e+00
7.847277588687588512e+00 1.579941410581070071e+00 3.114969146660728224e-05 1.000000000000000000e+00 4.108677749050094173e-06 5.983294457417711405e-05 1.545475563668318841e+00 8.361432314492431850e-01 8.075895320188828386e-01 8.653399103365277956e-01 0.000000000000000000e+00
7.853821513809187138e+00 1.578624979049085830e+00 2.974855725521232208e-05 1.000000000000000000e+00 2.456024573074682852e-06 5.870819258370498601e-05 1.377270036436215150e+00 8.324438583903323030e-01 8.041379668411614556e-01 8.613839845282824648e-01 0.000000000000000000e+00
7.860370895976941163e+00 1.577309644388141585e+00 2.897897770019165631e-05 1.000000000000000000e+00 1.520504804349633336e-06 5.814904260861782803e-05 1.292238951608013053e+00 8.238810528999643834e-01 7.953627477088138775e-01 8.530480691337890553e-01 0.000000000000000000e+00
7.866925739741537527e+00 1.575995405684307737e+00 2.342245862250860245e-05 1.000000000000000000e+00 -3.904070553309822456e-06 5.251615372973671429e-05 8.367413299811943261e-01 8.279892057070341593e-01 7.996454216299533346e-01 8.569700782101730141e-01 0.000000000000000000e+00
7.873486049657457464e+00 1.574682262024415857e+00 1.842901310521685194e-05 1.000000000000000000e+00 -8.826395222232040152e-06 4.749718361565891480e-05 5.140615446962897295e-01 8.303947211203811518e-01 8.016932436321019262e-01 8.597470850612390914e-01 0.000000000000000000e+00
7.880051830282980951e+00 1.573370212496058462e+00 1.402020282431483125e-05 1.000000000000000000e+00 -1.321375262270943826e-05 4.310813252766497737e-05 2.932686459791256084e-01 8.313701985050989673e-01 8.028907058325684964e-01 8.604903825264776929e-01 0.000000000000000000e+00
7.886623086180188480e+00 1.572059256187587906e+00 8.679590917926032176e-06 1.000000000000000000e+00 -1.874497935614954469e-05 3.798712350881856354e-05 1.095350269369248508e-01 8.355170991785807466e-01 8.066179592120374942e-01 8.650726582744788784e-01 0.000000000000000000e+00
7.893199821914964609e+00 1.570749392188117488e+00 4.859528569783969223e-06 1.000000000000000000e+00 -2.287860276189589061e-05 3.450035992551345047e-05 3.329680686425717795e-02 8.364054511777250234e-01 8.073270576099902396e-01 8.661481731446258880e-01 0.000000000000000000e+00
7.899782042057002407e+00 1.569440619587517682e+00 1.873606305358580648e-06 1.000000000000000000e+00 -2.614848524653357536e-05 3.180821351952400618e-05 4.814562127862132002e-03 8.375252652019186117e-01 8.084346961515416208e-01 8.672810289367216541e-01 0.000000000000000000e+00
7.906369751179806116e+00 1.568132937476418354e+00 -1.063752036661843970e-06 -1.000000000000000000e+00 -2.919780545701966301e-05 2.899528045173580519e-05 1.527138731802324401e-03 8.424861236335607906e-01 8.131815205123762436e-01 8.724629884269878843e-01 0.000000000000000000e+00
7.912962953860692039e+00 1.566826344946206540e+00 -9.206797434977669884e-07 -1.000000000000000000e+00 -2.893485957736836780e-05 2.905142148103669061e-05 1.147118527072166216e-03 8.424292178838931333e-01 8.131928135202574071e-01 8.723356144347722552e-01 0.000000000000000000e+00
7.919561654680794760e+00 1.565520841089027337e+00 -2.375707769303154034e-06 -1.000000000000000000e+00 -3.011659771427957144e-05 2.736300432978206587e-05 7.707891085146911792e-03 8.486492009093373756e-01 8.192272839014163033e-01 8.787454414746955766e-01 0.000000000000000000e+00
7.926165858225068916e+00 1.564216424997781019e+00 -2.381058116334917737e-06 -1.000000000000000000e+00 -2.991781399526216361e-05 2.718659385617111382e-05 7.805890393328240862e-03 8.486395686595727961e-01 8.192871364345518659e-01 8.786638877075578780e-01 0.000000000000000000e+00
7.932775569082291867e+00 1.562913095766124583e+00 -4.610950104403491595e-06 -1.000000000000000000e+00 -3.213278123487640166e-05 2.496050412582040537e-05 2.907758316854369696e-02 8.504860728151452109e-01 8.209767952688172832e-01 8.806738154444581079e-01 0.000000000000000000e+00
7.939390791845069018e+00 1.561610852488469980e+00 -8.869208468772264868e-06 -1.000000000000000000e+00 -3.655088545183597833e-05 2.088135089272743681e-05 1.051639025243673586e-01 8.519408877610784581e-01 8.224100631157111874e-01 8.821503751886635714e-01 0.000000000000000000e+00
7.946011531109834714e+00 1.560309694259983226e+00 -1.966442497736952533e-05 -1.000000000000000000e+00 -4.755548355226206210e-05 1.032400483186654013e-05 4.966631568019010956e-01 8.669398118268990538e-01 8.369724891079679541e-01 8.975937525529029681e-01 0.000000000000000000e+00
7.952637791476856677e+00 1.559009620176584621e+00 -2.943931106755316582e-05 -1.000000000000000000e+00 -5.759048260510057899e-05 8.501559487820526057e-07 1.071625792072552485e+00 8.750848755262577994e-01 8.445631645587381442e-01 9.063110998058703238e-01 0.000000000000000000e+00
7.959269577550237784e+00 1.557710629334948083e+00 -3.637787764276787547e-05 -1.000000000000000000e+00 -6.462337599923826293e-05 -5.958484308265179797e-06 1.595540588411424210e+00 8.763640464282842490e-01 8.460291908152417495e-01 9.073933228303826537e-01 0.000000000000000000e+00
7.965906893937922284e+00 1.556412720832499597e+00 -4.040509900802651916e-05 -1.000000000000000000e+00 -6.859136516855477198e-05 -1.001606610197877651e-05 1.957006273951378716e+00 8.756934959879963953e-01 8.449952059650385205e-01 9.071053829468272989e-01 0.000000000000000000e+00
7.972549745251694908e+00 1.555115893767417656e+00 -4.268039031933576960e-05 -1.000000000000000000e+00 -7.045761982510265415e-05 -1.267385258603690487e-05 2.211631334159847029e+00 8.783240399198172232e-01 8.478598663738674546e-01 9.094890585985974107e-01 0.000000000000000000e+00
7.979198136107187977e+00 1.553820147238631932e+00 -4.398519014994805350e-05 -1.000000000000000000e+00 -7.133246630339841509e-05 -1.439859168490549812e-05 2.399231718469280850e+00 8.842889051683301416e-01 8.534000676918920281e-01 9.158943496257556660e-01 0.000000000000000000e+00
7.985852071123881402e+00 1.552525480345822828e+00 -4.194656833028607957e-05 -1.000000000000000000e+00 -6.898102952448445610e-05 -1.267881891006367807e-05 2.227379940418657611e+00 8.816352028142436792e-01 8.510636128371238396e-01 9.129107442330339772e-01 0.000000000000000000e+00
7.992511554925108008e+00 1.551231892189421036e+00 -4.342654338084939050e-05 -1.000000000000000000e+00 -7.037868668834584363e-05 -1.426800675346046136e-05 2.398334933613227804e+00 8.874642282765342616e-01 8.564283905370576599e-01 9.192231474870586894e-01 0.000000000000000000e+00
7.999176592138056208e+00 1.549939381870606869e+00 -4.518126273291644355e-05 -1.000000000000000000e+00 -7.216140497590281761e-05 -1.600414842726468194e-05 2.578419109980359281e+00 8.900467286351417817e-01 8.591886110484648897e-01 9.216182013415437080e-01 0.000000000000000000e+00
