# OBJ_NAME=4U 1630-47
#         GRID_START=6.00
#         GRID_END=8.00
#         GRID_STEP_FRACTION=0.50
#         XSPEC_FITSTAT=cstat
#         XSPEC_CONTINUUM_MODEL=tbabs*(bbodyrad + pow)*constant
#         XSPEC_LINE_MODEL=gauss
#         LINE_VELOCITY_WIDTH=500
#         INPUT_FILE=/home/simon/Downloads/tgcat/obs_13714_tgid_4632/pm_heg_abs1.pha
#         SEARCH_MODE=Sliding window
#         FIT_REGION_WIDTH=30.00
#         RUNTIME=69
#         COLUMN_NAMES=ENERGY,WAVELENGTH,NORM,NORM_SIGN,NORM_ERR_LO,NORM_ERR_HI,DELTA_FITSTAT,CONSTANT_FACTOR,CONSTANT_FACTOR_ERR_LO,CONSTANT_FACTOR_ERR_HI,FIT_ERR
6.000000000000000000e+00 2.066373137115381287e+00 -5.274771082484140623e-05 -1.000000000000000000e+00 -1.363908368463621857e-04 3.199390793113703518e-05 4.319319972228186089e-01 1.040043850621946930e+00 1.033754684802072443e+00 1.046369981022856610e+00 0.000000000000000000e+00
6.005003461427972589e+00 2.064651403172383937e+00 -4.073119648727089833e-05 -1.000000000000000000e+00 -1.246577841989371740e-04 4.429526263787201699e-05 2.566233892594027566e-01 1.040115719975996056e+00 1.033778458012949875e+00 1.046490639371119080e+00 0.000000000000000000e+00
6.010011095293655181e+00 2.062931103804642063e+00 -2.030112276360246319e-05 -1.000000000000000000e+00 -1.043052615853555748e-04 6.480511100821939499e-05 6.373256148299333290e-02 1.038788510446719382e+00 1.032494058637513978e+00 1.045120202021923239e+00 0.000000000000000000e+00
6.015022905076486737e+00 2.061212237816845594e+00 -3.002693106697347237e-06 -1.000000000000000000e+00 -8.707493230026346564e-05 8.217519884586801276e-05 1.395452657106943661e-03 1.038206626629010643e+00 1.031903651677974043e+00 1.044546760765078686e+00 0.000000000000000000e+00
6.020038894258807005e+00 2.059494804014679215e+00 1.120469630681107682e-05 1.000000000000000000e+00 -7.304375453144100147e-05 9.656303853673213152e-05 1.941804069929276011e-02 1.037835492686164152e+00 1.031485220121409085e+00 1.044223545568193190e+00 0.000000000000000000e+00
6.025059066325860080e+00 2.057778801204824592e+00 2.227758146489721081e-05 1.000000000000000000e+00 -6.226143379420035493e-05 1.079284609691122203e-04 7.641529456168427714e-02 1.037651554993024972e+00 1.031288818530851970e+00 1.044052213433940945e+00 0.000000000000000000e+00
6.030083424765796174e+00 2.056064228194956822e+00 3.410627904317763148e-05 1.000000000000000000e+00 -5.075810053641768263e-05 1.200801711651174687e-04 1.779573435769634671e-01 1.037204502604134104e+00 1.030878858832579903e+00 1.043567694395286960e+00 0.000000000000000000e+00
6.035111973069674285e+00 2.054351083793744426e+00 4.458964117008181323e-05 1.000000000000000000e+00 -4.056766290437224354e-05 1.308516142523783159e-04 3.030909105159480532e-01 1.037457168370457428e+00 1.031080640788771818e+00 1.043871840747960134e+00 0.000000000000000000e+00
6.040144714731465747e+00 2.052639366810848021e+00 6.874077632280476975e-05 1.000000000000000000e+00 -1.637981155934721783e-05 1.549675293380765135e-04 7.235788098728335171e-01 1.034625890096001477e+00 1.028247245697147427e+00 1.041042861379735562e+00 0.000000000000000000e+00
6.045181653248054232e+00 2.050929076056921652e+00 7.572956637050311528e-05 1.000000000000000000e+00 -9.013853053472603788e-06 1.615847836323440088e-04 8.849587910308400751e-01 1.034870245637316888e+00 1.028531917315268718e+00 1.041246479462442087e+00 0.000000000000000000e+00
6.050222792119239301e+00 2.049220210343609683e+00 7.338625504604536420e-05 1.000000000000000000e+00 -1.111541686524184739e-05 1.590012372841674983e-04 8.360318674158406793e-01 1.034909863972877098e+00 1.028524290265997898e+00 1.041333776479511863e+00 0.000000000000000000e+00
6.055268134847740846e+00 2.047512768483544576e+00 5.672199375852796967e-05 1.000000000000000000e+00 -2.768781216302106107e-05 1.422452958197920471e-04 4.993169240651695873e-01 1.035045416876989588e+00 1.028647097463580629e+00 1.041482263120806495e+00 0.000000000000000000e+00
6.060317684939197314e+00 2.045806749290351334e+00 2.791056041807262063e-05 1.000000000000000000e+00 -5.661178805020186688e-05 1.135487688559419435e-04 1.201295820942505088e-01 1.035092099553797551e+00 1.028678803751927662e+00 1.041543987549518713e+00 0.000000000000000000e+00
6.065371445902172809e+00 2.044102151578641724e+00 -9.672044811871059804e-06 -1.000000000000000000e+00 -9.435673056009507415e-05 7.613340787670206961e-05 1.429672115909852437e-02 1.035993048056429000e+00 1.029574490492220162e+00 1.042450307674145815e+00 0.000000000000000000e+00
6.070429421248155322e+00 2.042398974164015168e+00 -3.237595671050885716e-05 -1.000000000000000000e+00 -1.172041339784675462e-04 5.357786396095352496e-05 1.592310678538524371e-01 1.034752065643056884e+00 1.028322245696335457e+00 1.041220711027335710e+00 0.000000000000000000e+00
6.075491614491562942e+00 2.040697215863058300e+00 -4.407824757708090707e-05 -1.000000000000000000e+00 -1.288907029352180027e-04 4.186374474128068461e-05 2.947664409030039678e-01 1.034570733702255385e+00 1.028128751472869418e+00 1.041051785102262484e+00 0.000000000000000000e+00
6.080558029149742971e+00 2.038996875493343186e+00 -3.712065978585037481e-05 -1.000000000000000000e+00 -1.217904288538005730e-04 4.868150494933941855e-05 2.097996785046234436e-01 1.034401778642615399e+00 1.027962964847325855e+00 1.040879541950741727e+00 0.000000000000000000e+00
6.085628668742976366e+00 2.037297951873428659e+00 -1.002026577791961971e-05 -1.000000000000000000e+00 -9.461032696558744845e-05 7.570341331415443012e-05 1.537149557134398492e-02 1.032901988457980647e+00 1.026457817086969815e+00 1.039385262921899589e+00 0.000000000000000000e+00
6.090703536794479511e+00 2.035600443822857208e+00 1.351655360542569128e-05 1.000000000000000000e+00 -7.113162429486511915e-05 9.929908400609140247e-05 2.802163402611768106e-02 1.033796843485539574e+00 1.027339548786588175e+00 1.040293350156648478e+00 0.000000000000000000e+00
6.095782636830406886e+00 2.033904350162153651e+00 4.927418428131351231e-05 1.000000000000000000e+00 -3.576593879960516680e-05 1.354490586514585512e-04 3.715705164163409790e-01 1.031510830489113406e+00 1.025010012589613773e+00 1.038051461865911573e+00 0.000000000000000000e+00
6.100865972379854618e+00 2.032209669712826461e+00 6.646991843533166971e-05 1.000000000000000000e+00 -1.897999909827409253e-05 1.530556671732347129e-04 6.707526649393003026e-01 1.032414210230564455e+00 1.025948674645758452e+00 1.038919194457929907e+00 0.000000000000000000e+00
6.105953546974859592e+00 2.030516401297367324e+00 8.601924364484358977e-05 1.000000000000000000e+00 1.285725298645103154e-08 1.731598101786198710e-04 1.114306940427013615e+00 1.031211378300128878e+00 1.024696691233678569e+00 1.037766209049374000e+00 0.000000000000000000e+00
6.111045364150406556e+00 2.028824543739246700e+00 1.042708729366560413e-04 1.000000000000000000e+00 1.794991415727124396e-05 1.917270830148199963e-04 1.630688712446044519e+00 1.028868930911512214e+00 1.022348014283733120e+00 1.035430063269359602e+00 0.000000000000000000e+00
6.116141427444425460e+00 2.027134095862917373e+00 1.083911403570268631e-04 1.000000000000000000e+00 2.212561143743294761e-05 1.957982170897238673e-04 1.762437976408818940e+00 1.028439093764106360e+00 1.021959626558391232e+00 1.034958241734210915e+00 0.000000000000000000e+00
6.121241740397799447e+00 2.025445056493809570e+00 1.072266665488826504e-04 1.000000000000000000e+00 2.104676714997334925e-05 1.945545765498390880e-04 1.729509617005533073e+00 1.027654495747336139e+00 1.021127761047323501e+00 1.034221549393532058e+00 0.000000000000000000e+00
6.126346306554362187e+00 2.023757424458334508e+00 9.505818289921673771e-05 1.000000000000000000e+00 8.999920351468457323e-06 1.822682653943280659e-04 1.360425812051289540e+00 1.027746704390827270e+00 1.021207387424805546e+00 1.034326418302990769e+00 0.000000000000000000e+00
6.131455129460903208e+00 2.022071198583879958e+00 6.969098137148000273e-05 1.000000000000000000e+00 -1.632648096990895294e-05 1.568602758742563674e-04 7.291920648499399249e-01 1.029417370643323837e+00 1.022858972360023655e+00 1.036016341244433203e+00 0.000000000000000000e+00
6.136568212667169675e+00 2.020386377698810687e+00 4.483550664144822300e-05 1.000000000000000000e+00 -4.116606608228313773e-05 1.319901000019623469e-04 3.007599706656947092e-01 1.030025531812958528e+00 1.023464931318576854e+00 1.036626798950715189e+00 0.000000000000000000e+00
6.141685559725869936e+00 2.018702960632467569e+00 2.348574626456757008e-05 1.000000000000000000e+00 -6.245356112922550247e-05 1.105827098172302680e-04 8.239060699861511239e-02 1.029855091669903855e+00 1.023281165616799493e+00 1.036469874570733030e+00 0.000000000000000000e+00
6.146807174192673529e+00 2.017020946215167587e+00 8.053006024885347273e-06 1.000000000000000000e+00 -7.774235501861918667e-05 9.501128018466870842e-05 9.695862707303604111e-03 1.029227190989452367e+00 1.022642306257737443e+00 1.035852990032976928e+00 0.000000000000000000e+00
6.151933059626216505e+00 2.015340333278202056e+00 -5.827777089980996851e-06 -1.000000000000000000e+00 -9.142880792489727797e-05 8.093946166061707546e-05 5.086119732823135564e-03 1.029566476681576415e+00 1.022982566533301663e+00 1.036191331771181057e+00 0.000000000000000000e+00
6.157063219588101433e+00 2.013661120653835290e+00 -7.529988865941603815e-06 -1.000000000000000000e+00 -9.302999053337714292e-05 7.913737732034019942e-05 8.506939853759831749e-03 1.028151137396566606e+00 1.021559130496669132e+00 1.034784353330509443e+00 0.000000000000000000e+00
6.162197657642900950e+00 2.011983307175305935e+00 -7.371449960463343350e-06 -1.000000000000000000e+00 -9.284140820922388414e-05 7.926718318426635181e-05 8.157813012076076120e-03 1.027003816236175204e+00 1.020402485068180098e+00 1.033646359248098889e+00 0.000000000000000000e+00
6.167336377358160426e+00 2.010306891676824304e+00 -1.158187733037127969e-05 -1.000000000000000000e+00 -9.713974385831587873e-05 7.514659038119655520e-05 2.010887998721955228e-02 1.027269876248080971e+00 1.020614986080456532e+00 1.033966693209112719e+00 0.000000000000000000e+00
6.172479382304400630e+00 2.008631872993570600e+00 -1.042138023118129707e-05 -1.000000000000000000e+00 -9.606037872430220239e-05 7.639420493709255184e-05 1.623095787181227934e-02 1.026602650619693025e+00 1.019989597552010352e+00 1.033256969587135421e+00 0.000000000000000000e+00
6.177626676055119503e+00 2.006958249961698471e+00 -4.338108623776894027e-06 -1.000000000000000000e+00 -9.032228930098008379e-05 8.282720608005415635e-05 2.797625775201595388e-03 1.025573978347644077e+00 1.018909602254086888e+00 1.032280392517093803e+00 0.000000000000000000e+00
6.182778262186794827e+00 2.005286021418328790e+00 1.573275287247187421e-07 1.000000000000000000e+00 -8.620644722996945576e-05 8.770442591288598634e-05 3.640964223450282589e-06 1.026508436131330138e+00 1.019825589200654692e+00 1.033233475618902331e+00 0.000000000000000000e+00
6.187934144278887771e+00 2.003615186201552323e+00 2.250104539004110473e-05 1.000000000000000000e+00 -6.421233285462029164e-05 1.103986395904683112e-04 7.428845354252189281e-02 1.025407922965501095e+00 1.018767956685612486e+00 1.032089695166569898e+00 0.000000000000000000e+00
6.193094325913842901e+00 2.001945743150427948e+00 5.303309630272370835e-05 1.000000000000000000e+00 -3.406067670011664621e-05 1.413121390730476116e-04 4.116218227109129657e-01 1.024639152764259098e+00 1.017948379053475794e+00 1.031372320280709465e+00 0.000000000000000000e+00
6.198258810677093500e+00 2.000277691104981770e+00 9.047879776418503103e-05 1.000000000000000000e+00 3.146973429592412057e-06 1.789998863004513231e-04 1.198422869038495264e+00 1.023688391790567698e+00 1.016988071514291603e+00 1.030431346274982340e+00 0.000000000000000000e+00
6.203427602157062459e+00 1.998611028906206677e+00 1.292281560401943054e-04 1.000000000000000000e+00 4.174467635139620704e-05 2.179029843759235086e-04 2.446654649148058525e+00 1.022440633933656917e+00 1.015786298897094930e+00 1.029137016552146733e+00 0.000000000000000000e+00
6.208600703945164057e+00 1.996945755396060118e+00 1.588965631049049675e-04 1.000000000000000000e+00 7.114983108848444218e-05 2.478305866883257326e-04 3.698027346840262908e+00 1.021728311448562465e+00 1.015023827637441034e+00 1.028475626614442806e+00 0.000000000000000000e+00
6.213778119635809283e+00 1.995281869417466547e+00 1.742434552875913516e-04 1.000000000000000000e+00 8.636925861624057742e-05 2.633027409793251873e-04 4.444386744011353585e+00 1.021317267525011729e+00 1.014600386026325740e+00 1.028077119666103600e+00 0.000000000000000000e+00
6.218959852826404955e+00 1.993619369814312314e+00 1.727639500225288652e-04 1.000000000000000000e+00 8.490337966132792619e-05 2.618130595648649308e-04 4.369737800207076361e+00 1.020823836528031991e+00 1.014094714888950755e+00 1.027596206603535789e+00 0.000000000000000000e+00
6.224145907117359044e+00 1.991958255431448777e+00 1.487514125264763570e-04 1.000000000000000000e+00 6.105696500265001979e-05 2.376417388445344601e-04 3.238239184441681573e+00 1.021429533853315252e+00 1.014699715716937067e+00 1.028202506540985217e+00 0.000000000000000000e+00
6.229336286112081567e+00 1.990298525114688521e+00 1.112370516337355146e-04 1.000000000000000000e+00 2.371967739200726778e-05 1.999561346964597096e-04 1.807946040161368728e+00 1.021569780108736003e+00 1.014823838598705841e+00 1.028359120772263324e+00 0.000000000000000000e+00
6.234530993416986355e+00 1.988640177710806478e+00 5.690693782165734123e-05 1.000000000000000000e+00 -3.046598086763772976e-05 1.454845042711116348e-04 4.713862043349763553e-01 1.023360177124124526e+00 1.016551865593566140e+00 1.030212530905098456e+00 0.000000000000000000e+00
6.239730032641496393e+00 1.986983212067538140e+00 5.765430967865644900e-06 1.000000000000000000e+00 -8.132546869249205538e-05 9.406722160554452177e-05 4.823442279302980751e-03 1.023763384272868837e+00 1.016994121970325127e+00 1.030576165369535335e+00 0.000000000000000000e+00
6.244933407398043812e+00 1.985327627033580011e+00 -4.909778894088764347e-05 -1.000000000000000000e+00 -1.359071054463028378e-04 3.893140265656704871e-05 3.489239912728407944e-01 1.026393055960904244e+00 1.019600121259344627e+00 1.033229745099974117e+00 0.000000000000000000e+00
6.250141121302072555e+00 1.983673421458586272e+00 -9.039788064447679768e-05 -1.000000000000000000e+00 -1.770118268152643694e-04 -2.557182827635690091e-06 1.181309359755687183e+00 1.028603241933669921e+00 1.021748036968325168e+00 1.035502805744251464e+00 0.000000000000000000e+00
6.255353177972041934e+00 1.982020594193170782e+00 -1.114433083444095587e-04 -1.000000000000000000e+00 -1.978476900246258082e-04 -2.380907361392509754e-05 1.794276971935659049e+00 1.029470311088826806e+00 1.022654728473121999e+00 1.036329653931634232e+00 0.000000000000000000e+00
6.260569581029430175e+00 1.980369144088905076e+00 -1.129235798467350830e-04 -1.000000000000000000e+00 -1.992696164529255635e-04 -2.535016675507629287e-05 1.843931538628083899e+00 1.028944602520549090e+00 1.022116777688272915e+00 1.035816622423315847e+00 0.000000000000000000e+00
6.265790334098732650e+00 1.978719069998317037e+00 -1.058103634136924682e-04 -1.000000000000000000e+00 -1.920959211073712948e-04 -1.829866414591908039e-05 1.624222786467726110e+00 1.028641699646730245e+00 1.021761171213110941e+00 1.035567121045269490e+00 0.000000000000000000e+00
6.271015440807469865e+00 1.977070370774890451e+00 -9.831838847126271553e-05 -1.000000000000000000e+00 -1.844279031188874826e-04 -1.097863308356802035e-05 1.408620632337260759e+00 1.028925297597488742e+00 1.022031110576889112e+00 1.035864434264452738e+00 0.000000000000000000e+00
6.276244904786186574e+00 1.975423045273065226e+00 -9.311282470957401431e-05 -1.000000000000000000e+00 -1.790998089590124624e-04 -5.890912401458787973e-06 1.266817327802073123e+00 1.028788582351433556e+00 1.021897750103027747e+00 1.035724314796186318e+00 0.000000000000000000e+00
6.281478729668454442e+00 1.973777092348234952e+00 -1.049835872511381741e-04 -1.000000000000000000e+00 -1.909958581620873816e-04 -1.773504057743558219e-05 1.606475525825317163e+00 1.030883982181991065e+00 1.023970615803443396e+00 1.037842540725468776e+00 0.000000000000000000e+00
6.286716919090875599e+00 1.972132510856748011e+00 -1.152921406742816242e-04 -1.000000000000000000e+00 -2.014642359959505319e-04 -2.788275123152756166e-05 1.928352643369635189e+00 1.030565148224442895e+00 1.023635389652015171e+00 1.037540364969062434e+00 0.000000000000000000e+00
6.291959476693084419e+00 1.970489299655904469e+00 -1.334143640892075612e-04 -1.000000000000000000e+00 -2.196798669142839252e-04 -4.590702165368762465e-05 2.569113515358822042e+00 1.031016062080131412e+00 1.024084279898710870e+00 1.037993232505795449e+00 0.000000000000000000e+00
6.297206406117751065e+00 1.968847457603957185e+00 -1.455230911945415786e-04 -1.000000000000000000e+00 -2.318231941898564485e-04 -5.797382744043158369e-05 3.048788446705202659e+00 1.030085455138646022e+00 1.023140136130378242e+00 1.037076415157095477e+00 0.000000000000000000e+00
6.302457711010582386e+00 1.967206983560110700e+00 -1.597538223782861834e-04 -1.000000000000000000e+00 -2.460300582679661365e-04 -7.222061544049901535e-05 3.667155792445981888e+00 1.030883577112705396e+00 1.023919719763454195e+00 1.037893284909950697e+00 0.000000000000000000e+00
6.307713395020327241e+00 1.965567876384518575e+00 -1.633999213135471802e-04 -1.000000000000000000e+00 -2.497304114362483346e-04 -7.580620350451431862e-05 3.827384300774582471e+00 1.030964539149628711e+00 1.024001553540944132e+00 1.037973212102363263e+00 0.000000000000000000e+00
6.312973461798775610e+00 1.963930134938285832e+00 -1.540430369020501298e-04 -1.000000000000000000e+00 -2.406105365029366830e-04 -6.621074583174718327e-05 3.389678002118671429e+00 1.030019595307223756e+00 1.023043437305322989e+00 1.037041714904060719e+00 0.000000000000000000e+00
6.318237915000763039e+00 1.962293758083465844e+00 -1.364798495748053685e-04 -1.000000000000000000e+00 -2.233980928562748929e-04 -4.829952860677471879e-05 2.651663033026096628e+00 1.029161651024274482e+00 1.022130641733003609e+00 1.036239483181478738e+00 0.000000000000000000e+00
6.323506758284172413e+00 1.960658744683059451e+00 -1.128021393512910266e-04 -1.000000000000000000e+00 -1.998578091598345215e-04 -2.448249268471195739e-05 1.809425972754070244e+00 1.028320241203902086e+00 1.021336200430692953e+00 1.035350425653325468e+00 0.000000000000000000e+00
6.328779995309938400e+00 1.959025093601015399e+00 -9.305888137529486667e-05 -1.000000000000000000e+00 -1.802174177779962113e-04 -4.631613966095361398e-06 1.231958374951318547e+00 1.028842911312587649e+00 1.021843242076363678e+00 1.035888922004140955e+00 0.000000000000000000e+00
6.334057629742047446e+00 1.957392803702229900e+00 -7.104780378779263102e-05 -1.000000000000000000e+00 -1.584112463959663861e-04 1.758853580877708890e-05 7.180447797118176823e-01 1.027906028159165874e+00 1.020852999375617909e+00 1.035006200350604866e+00 0.000000000000000000e+00
6.339339665247542221e+00 1.955761873852543076e+00 -5.346929139549815030e-05 -1.000000000000000000e+00 -1.410580096475990211e-04 3.539675376821909742e-05 4.051687133655832440e-01 1.026329921584530069e+00 1.019325351567309745e+00 1.033381170113879310e+00 0.000000000000000000e+00
6.344626105496522506e+00 1.954132302918741848e+00 -4.358508539248430637e-05 -1.000000000000000000e+00 -1.316241538774697928e-04 4.573469140789251361e-05 2.671162183187334449e-01 1.024961761355491552e+00 1.017943930830406352e+00 1.032026391768163354e+00 0.000000000000000000e+00
6.349916954162148741e+00 1.952504089768555939e+00 -3.871210699082339824e-05 -1.000000000000000000e+00 -1.273157021351841920e-04 5.117749528976995313e-05 2.086818939042132115e-01 1.024026492630359719e+00 1.016950803272826276e+00 1.031149707263463444e+00 0.000000000000000000e+00
6.355212214920644698e+00 1.950877233270659206e+00 -3.871640712246884143e-05 -1.000000000000000000e+00 -1.277825632799190229e-04 5.164488851176428748e-05 2.067118598693014064e-01 1.024859669301801945e+00 1.017762648763090638e+00 1.032004467435462702e+00 0.000000000000000000e+00
6.360511891451300137e+00 1.949251732294668749e+00 -2.635490072959718308e-05 -1.000000000000000000e+00 -1.158350424046885707e-04 6.442885350061038400e-05 9.509132215362114948e-02 1.024541296103472332e+00 1.017445322940223829e+00 1.031684961788234656e+00 0.000000000000000000e+00
6.365815987436472589e+00 1.947627585711142251e+00 1.741377090247898585e-05 1.000000000000000000e+00 -7.254269885018766427e-05 1.086763508012046685e-04 4.139513873133182642e-02 1.019095150698595242e+00 1.011999901267582658e+00 1.026238426750651023e+00 0.000000000000000000e+00
6.371124506561590906e+00 1.946004792391578420e+00 7.413847357349567248e-05 1.000000000000000000e+00 -1.622257557729901972e-05 1.658040137387054047e-04 7.507283445397661126e-01 1.012640029538906639e+00 1.005550073277614365e+00 1.019778219880835612e+00 0.000000000000000000e+00
6.376437452515156146e+00 1.944383351208418098e+00 1.114412258179773739e-04 1.000000000000000000e+00 2.090944391799577282e-05 2.032774379722245396e-04 1.698637709329204881e+00 1.011695140359122114e+00 1.004611775412916908e+00 1.018826666384915480e+00 0.000000000000000000e+00
6.381754828988746020e+00 1.942763261035039601e+00 1.644127698397332589e-04 1.000000000000000000e+00 7.369929902492554862e-05 2.564350309817823594e-04 3.713922109623354118e+00 1.005910674183835285e+00 9.988315581241850039e-01 1.013038216377616818e+00 0.000000000000000000e+00
6.387076639677015777e+00 1.941144520745761159e+00 2.043351137494584619e-04 1.000000000000000000e+00 1.134307925164762353e-04 2.965516008843534375e-04 5.750737502566380499e+00 1.000708333808536521e+00 9.936306967655984534e-01 1.007834628889396233e+00 0.000000000000000000e+00
6.392402888277703532e+00 1.939527129215838475e+00 2.093601041495931801e-04 1.000000000000000000e+00 1.182974732350576904e-04 3.017362605379182651e-04 6.019406601893479092e+00 1.000592204887331027e+00 9.935157266095316908e-01 1.007717344464172271e+00 0.000000000000000000e+00
6.397733578491629380e+00 1.937911085321463833e+00 2.125249766227543336e-04 1.000000000000000000e+00 1.212267491601209230e-04 3.051378568102128697e-04 6.178648958835310623e+00 9.973849629126209093e-01 9.902998039260527685e-01 1.004519000508004023e+00 0.000000000000000000e+00
6.403068714022700725e+00 1.936296387939767438e+00 1.888933359841511272e-04 1.000000000000000000e+00 9.745960485789603169e-05 2.816456823921625972e-04 4.857099728394587146e+00 9.978798768970567057e-01 9.907303516628102047e-01 1.005079149774066982e+00 0.000000000000000000e+00
6.408408298577912277e+00 1.934683035948813856e+00 1.835787911270940617e-04 1.000000000000000000e+00 9.221891350164564192e-05 2.762670341455916983e-04 4.586925150854654021e+00 9.923319219024089310e-01 9.852442300051864610e-01 9.994688083949138102e-01 0.000000000000000000e+00
6.413752335867351384e+00 1.933071028227602239e+00 1.819252471470946095e-04 1.000000000000000000e+00 9.064240129865258296e-05 2.745459498757438785e-04 4.514445135316464075e+00 9.857114100950377100e-01 9.786277594289410908e-01 9.928444974948816837e-01 0.000000000000000000e+00
6.419100829604198033e+00 1.931460363656067436e+00 1.622174434059781760e-04 1.000000000000000000e+00 7.104422359797831442e-05 2.547318562184601302e-04 3.591777847513981214e+00 9.843427169199137072e-01 9.772029709280640741e-01 9.915327126517576861e-01 0.000000000000000000e+00
6.424453783504729287e+00 1.929851041115075327e+00 1.521159393089711290e-04 1.000000000000000000e+00 6.115250216869960818e-05 2.444225690401502309e-04 3.162415391823628852e+00 9.820911907927150075e-01 9.750038300354125775e-01 9.892281846810115908e-01 0.000000000000000000e+00
6.429811201288321953e+00 1.928243059486426159e+00 1.428541922201129937e-04 1.000000000000000000e+00 5.197031255346335453e-05 2.350830453894654326e-04 2.793048006604408329e+00 9.811424747600346885e-01 9.739986056660621117e-01 9.883368348189658370e-01 0.000000000000000000e+00
6.435173086677453469e+00 1.926636417652850763e+00 1.375101513481759112e-04 1.000000000000000000e+00 4.674402570799936695e-05 2.296276554292568097e-04 2.592021370569000283e+00 9.804732737980834667e-01 9.733152435544514258e-01 9.876820748299333097e-01 0.000000000000000000e+00
6.440539443397706343e+00 1.925031114498011453e+00 1.386334225549894379e-04 1.000000000000000000e+00 4.795790620657842040e-05 2.306677288225404243e-04 2.635482281552185668e+00 9.790683917294722427e-01 9.719605442157169817e-01 9.862263644082034375e-01 0.000000000000000000e+00
6.445910275177769044e+00 1.923427148906499795e+00 1.433600007200210578e-04 1.000000000000000000e+00 5.248166154376878161e-05 2.355983885011885253e-04 2.812137172234997706e+00 9.773176792933992996e-01 9.701550752979912762e-01 9.845311802677038093e-01 0.000000000000000000e+00
6.451285585749439555e+00 1.921824519763838390e+00 1.544220913431102740e-04 1.000000000000000000e+00 6.328792323985695282e-05 2.469159086812574124e-04 3.252167811822005206e+00 9.744187568255011644e-01 9.672471520941490208e-01 9.816416063259497671e-01 0.000000000000000000e+00
6.456665378847628034e+00 1.920223225956476210e+00 1.551176376286183341e-04 1.000000000000000000e+00 6.383109982293139390e-05 2.477657638242893512e-04 3.269831947718216725e+00 9.744128747001123969e-01 9.672423971824722910e-01 9.816345799486205781e-01 0.000000000000000000e+00
6.462049658210359482e+00 1.918623266371792813e+00 1.626617501542386467e-04 1.000000000000000000e+00 7.126859988381416841e-05 2.554225172679133390e-04 3.592338724508408632e+00 9.730960771498088357e-01 9.659120103301549465e-01 9.803316606748643247e-01 0.000000000000000000e+00
6.467438427578775517e+00 1.917024639898092353e+00 1.714578817167770051e-04 1.000000000000000000e+00 7.999187178118208818e-05 2.642992760379742284e-04 3.991228388791455473e+00 9.717728980627744484e-01 9.645756365812691024e-01 9.790219006681533109e-01 0.000000000000000000e+00
6.472831690697137930e+00 1.915427345424606687e+00 1.761406676848823220e-04 1.000000000000000000e+00 8.457763656247264191e-05 2.690837699494912473e-04 4.204620087081025304e+00 9.716639449880795087e-01 9.644688779139791723e-01 9.789107410140835963e-01 0.000000000000000000e+00
6.478229451312831344e+00 1.913831381841492263e+00 1.861766522166403970e-04 1.000000000000000000e+00 9.437117207168332640e-05 2.793634242852044381e-04 4.682156745086558658e+00 9.703744898028645594e-01 9.631642594496928611e-01 9.776367541166672837e-01 0.000000000000000000e+00
6.483631713176364109e+00 1.912236748039830792e+00 1.947607825935057722e-04 1.000000000000000000e+00 1.026972532452383473e-04 2.882068409965339671e-04 5.104247279158812489e+00 9.694767955526000236e-01 9.622500270009792800e-01 9.767559126434461891e-01 0.000000000000000000e+00
6.489038480041373624e+00 1.910643442911627687e+00 1.995409502180281805e-04 1.000000000000000000e+00 1.073488181836578312e-04 2.931186665212719665e-04 5.344628797024370215e+00 9.693682484058706583e-01 9.621436071642687216e-01 9.766451953990022972e-01 0.000000000000000000e+00
6.494449755664626345e+00 1.909051465349812737e+00 2.029603981434573525e-04 1.000000000000000000e+00 1.107490582327915336e-04 2.965617051366637759e-04 5.529504511914979048e+00 9.691192214684632988e-01 9.618776747458137599e-01 9.764133385358697570e-01 0.000000000000000000e+00
6.499865543806021329e+00 1.907460814248235881e+00 2.032283977214914962e-04 1.000000000000000000e+00 1.110209404945833534e-04 2.968315634002346732e-04 5.550561360245865217e+00 9.687101331333444199e-01 9.614085505983356317e-01 9.760651800902931940e-01 0.000000000000000000e+00
6.505285848228594681e+00 1.905871488501671207e+00 1.937828882648292672e-04 1.000000000000000000e+00 1.016960550115793136e-04 2.872757731508993983e-04 5.041589962039779493e+00 9.694022241165062281e-01 9.621452095744340571e-01 9.767120571380126792e-01 0.000000000000000000e+00
6.510710672698518664e+00 1.904283487005811404e+00 1.854726039185642750e-04 1.000000000000000000e+00 9.323678074786612461e-05 2.791232023511344825e-04 4.598281753160904373e+00 9.685360082258539505e-01 9.612624342372286801e-01 9.758626497603224426e-01 0.000000000000000000e+00
6.516140020985107917e+00 1.902696808657271088e+00 1.672041180099216389e-04 1.000000000000000000e+00 7.461300155790031891e-05 2.612149384251406109e-04 3.703473940686194510e+00 9.693733751319550951e-01 9.620310252449056909e-01 9.767697307083746949e-01 0.000000000000000000e+00
6.521573896860818564e+00 1.901111452353583031e+00 1.464021251543961904e-04 1.000000000000000000e+00 5.355152458064631269e-05 2.406786124879306283e-04 2.809761825104487798e+00 9.710660501831280822e-01 9.637610542829798677e-01 9.784243954688681688e-01 0.000000000000000000e+00
6.527012304101254436e+00 1.899527416993199491e+00 1.389912519980071354e-04 1.000000000000000000e+00 4.579774875746676346e-05 2.336172206701786188e-04 2.514975210338548095e+00 9.708625049536208085e-01 9.634930844575002595e-01 9.782862140722122790e-01 0.000000000000000000e+00
6.532455246485166178e+00 1.897944701475490215e+00 1.544268713969260945e-04 1.000000000000000000e+00 6.104700612092048880e-05 2.492495991532937090e-04 3.100890782150713676e+00 9.672442538990866367e-01 9.598684600256133237e-01 9.746746363960363535e-01 0.000000000000000000e+00
6.537902727794456581e+00 1.896363304700741548e+00 1.615313657188341184e-04 1.000000000000000000e+00 6.819592217102642367e-05 2.563187117070570660e-04 3.392597923006974270e+00 9.677948805050139436e-01 9.604649545922643306e-01 9.751787408906954502e-01 0.000000000000000000e+00
6.543354751814182357e+00 1.894783225570156437e+00 1.841870601027575862e-04 1.000000000000000000e+00 9.067781355737249735e-05 2.791478141594447120e-04 4.416392198854737217e+00 9.659814181382203602e-01 9.585952757567631766e-01 9.734224037349630265e-01 0.000000000000000000e+00
6.548811322332555918e+00 1.893204462985853986e+00 2.104821995674928837e-04 1.000000000000000000e+00 1.168139444874821285e-04 3.055972532527649588e-04 5.773277197978700315e+00 9.635371994012095209e-01 9.561406732158319599e-01 9.709888972166170751e-01 0.000000000000000000e+00
6.554272443140948923e+00 1.891627015850867455e+00 2.243072463621179676e-04 1.000000000000000000e+00 1.305826975999083042e-04 3.194767095030466076e-04 6.559443612968493653e+00 9.631883052496286179e-01 9.557958417397640627e-01 9.706359777828902358e-01 0.000000000000000000e+00
6.559738118033894949e+00 1.890050883069143817e+00 2.387056134175816755e-04 1.000000000000000000e+00 1.449337131019836071e-04 3.339274626164896883e-04 7.440855675949705983e+00 9.607978406185001541e-01 9.533942833353933333e-01 9.682568796383341780e-01 0.000000000000000000e+00
6.565208350809092153e+00 1.888476063545543981e+00 2.411807008264393263e-04 1.000000000000000000e+00 1.473842798528280556e-04 3.364351127787094942e-04 7.598271579445281532e+00 9.590811651759993950e-01 9.516628180308194240e-01 9.665553093677530239e-01 0.000000000000000000e+00
6.570683145267405045e+00 1.886902556185840796e+00 2.267704132954394020e-04 1.000000000000000000e+00 1.329580339066725779e-04 3.220451528409914608e-04 6.697232877648048088e+00 9.594766164119371554e-01 9.520573739696162052e-01 9.669515705210850465e-01 0.000000000000000000e+00
6.576162505212867160e+00 1.885330359896719488e+00 2.067715482984398433e-04 1.000000000000000000e+00 1.128780596038629413e-04 3.021270642392140621e-04 5.542386442580209405e+00 9.597673361152836424e-01 9.523240896274753897e-01 9.672667274347678257e-01 0.000000000000000000e+00
6.581646434452685490e+00 1.883759473585775446e+00 1.870798487060809884e-04 1.000000000000000000e+00 9.311037235104864323e-05 2.825127028290951156e-04 4.522498174495012790e+00 9.592826610522523501e-01 9.517736365309320545e-01 9.668488107699547696e-01 0.000000000000000000e+00
6.587134936797241380e+00 1.882189896161514886e+00 1.632819069608994872e-04 1.000000000000000000e+00 6.955601649570018763e-05 2.584815483431207681e-04 3.442956765514963990e+00 9.599137543193164701e-01 9.524491948388144058e-01 9.674347189003643654e-01 0.000000000000000000e+00
6.592628016060094076e+00 1.880621626533353297e+00 1.447543729761806785e-04 1.000000000000000000e+00 5.125845572696838596e-05 2.397341001529878916e-04 2.710586791170499055e+00 9.599481420022802913e-01 9.524624873802801650e-01 9.674905023887188094e-01 0.000000000000000000e+00
6.598125676057981615e+00 1.879054663611614329e+00 1.254738053239439746e-04 1.000000000000000000e+00 3.212381578367610254e-05 2.203098792767403875e-04 2.038521303218431058e+00 9.610848813281517300e-01 9.535288545475031352e-01 9.686986248107859465e-01 0.000000000000000000e+00
6.603627920610826152e+00 1.877489006307530905e+00 1.166126107922913114e-04 1.000000000000000000e+00 2.345409425837913339e-05 2.112552283851602667e-04 1.762021293113775755e+00 9.603650367619699368e-01 9.528585447101594053e-01 9.679285868191004338e-01 0.000000000000000000e+00
6.609134753541735741e+00 1.875924653533241671e+00 1.153967113082586229e-04 1.000000000000000000e+00 2.228921193892921873e-05 2.099842549968542805e-04 1.729365832894018240e+00 9.579801009210786589e-01 9.504164630266566105e-01 9.656018246105810832e-01 0.000000000000000000e+00
6.614646178677005217e+00 1.874361604201792542e+00 1.117777063616406306e-04 1.000000000000000000e+00 1.893474423079373752e-05 2.061026330989373153e-04 1.630648522080832663e+00 9.556837180262396370e-01 9.481068580266007739e-01 9.633190702685776596e-01 0.000000000000000000e+00
6.620162199846120643e+00 1.872799857227134490e+00 9.987198138073053887e-05 1.000000000000000000e+00 7.570670690393410782e-06 1.936600311298664382e-04 1.311263423083460111e+00 9.539883523419910860e-01 9.464662815693781761e-01 9.615682057418859507e-01 0.000000000000000000e+00
6.625682820881761970e+00 1.871239411524124430e+00 6.799780055852689287e-05 1.000000000000000000e+00 -2.372887842396387195e-05 1.612088277637759590e-04 6.123491599410044728e-01 9.547533920896623671e-01 9.471639316359442562e-01 9.624015997368570163e-01 0.000000000000000000e+00
6.631208045619805702e+00 1.869680266008521441e+00 3.405614908637565096e-05 1.000000000000000000e+00 -5.693895596848114963e-05 1.265318169892460157e-04 1.550544776147262382e-01 9.522786611592516381e-01 9.446771465470911178e-01 9.599393177672309596e-01 0.000000000000000000e+00
6.636737877899325788e+00 1.868122419596990769e+00 -3.516048416952717928e-05 -1.000000000000000000e+00 -1.251153119211846794e-04 5.627550996478510753e-05 1.667160347827802980e-01 9.541531887919179056e-01 9.465496273826848883e-01 9.618158543735187971e-01 0.000000000000000000e+00
6.642272321562598059e+00 1.866565871207098271e+00 -1.054493505392711800e-04 -1.000000000000000000e+00 -1.942095641955802934e-04 -1.520109979198024054e-05 1.518361082884666757e+00 9.510469111579645807e-01 9.434337642570866933e-01 9.587195154468909353e-01 0.000000000000000000e+00
6.647811380455102892e+00 1.865010619757312416e+00 -1.939146899234717332e-04 -1.000000000000000000e+00 -2.812713879431054127e-04 -1.050610333470441770e-04 5.203615581700319126e+00 9.473823513104404626e-01 9.397617310905727050e-01 9.550627892079658343e-01 0.000000000000000000e+00
6.653355058425526991e+00 1.863456664167002952e+00 -3.280849039885353120e-04 -1.000000000000000000e+00 -4.137573294813283453e-04 -2.409079619906491975e-04 1.503688318870160856e+01 9.510069615399558973e-01 9.433769115733581234e-01 9.586968320644047026e-01 0.000000000000000000e+00
6.658903359325766047e+00 1.861904003356439352e+00 -4.533227721152370158e-04 -1.000000000000000000e+00 -5.372927618850912353e-04 -3.678387198297212719e-04 2.905076007283423678e+01 9.486324973757975787e-01 9.409888362164688935e-01 9.563362891892135398e-01 0.000000000000000000e+00
6.664456287010930069e+00 1.860352636246791480e+00 -6.014622637307967317e-04 -1.000000000000000000e+00 -6.835417672504009827e-04 -5.178588669679719692e-04 5.173029694020465286e+01 9.505613046887365636e-01 9.428431315919917344e-01 9.583406470725607251e-01 0.000000000000000000e+00
6.670013845339340719e+00 1.858802561760127592e+00 -7.294766888661070132e-04 -1.000000000000000000e+00 -8.093820033293322360e-04 -6.480329465678878655e-04 7.739745512045783471e+01 9.474755036485662529e-01 9.398201856453193281e-01 9.551913186602241090e-01 0.000000000000000000e+00
6.675576038172540194e+00 1.857253778819414780e+00 -8.667631017236907725e-04 -1.000000000000000000e+00 -9.444474942751817162e-04 -7.875314068028981766e-04 1.112396112485048434e+02 9.493159289544820245e-01 9.415890889966068711e-01 9.571042212357927514e-01 0.000000000000000000e+00
6.681142869375288562e+00 1.855706286348516532e+00 -9.669648870414290862e-04 -1.000000000000000000e+00 -1.042508186210258734e-03 -8.898604032007639223e-04 1.414562998475796576e+02 9.445983467596207328e-01 9.368708080547344386e-01 9.523877059584642257e-01 0.000000000000000000e+00
6.686714342815570866e+00 1.854160083272192949e+00 -1.062939513995777305e-03 -1.000000000000000000e+00 -1.136472444552997195e-03 -9.878295496706884869e-04 1.738101402665338355e+02 9.428546906664501126e-01 9.351854013126270626e-01 9.505850696413584711e-01 0.000000000000000000e+00
6.692290462364595349e+00 1.852615168516101862e+00 -1.156884171166859716e-03 -1.000000000000000000e+00 -1.229001985972495671e-03 -1.083168440519214661e-03 2.072859513156320190e+02 9.452497144441801558e-01 9.375033933354808280e-01 9.530581457866098560e-01 0.000000000000000000e+00
6.697871231896799671e+00 1.851071541006794829e+00 -1.206032137701680031e-03 -1.000000000000000000e+00 -1.277597176142256921e-03 -1.132839342808064339e-03 2.246988035544439981e+02 9.409167261512119129e-01 9.331608910571049798e-01 9.487350149842831426e-01 0.000000000000000000e+00
6.703456655289853572e+00 1.849529199671717139e+00 -1.240738503473390927e-03 -1.000000000000000000e+00 -1.312711046854717848e-03 -1.167115772848175033e-03 2.337239188531985974e+02 9.417760977639564324e-01 9.340123983134936969e-01 9.496022698101920234e-01 0.000000000000000000e+00
6.709046736424657986e+00 1.847988143439209141e+00 -1.201364219143456107e-03 -1.000000000000000000e+00 -1.274817861718895813e-03 -1.126259243181487648e-03 2.150212587527338428e+02 9.370991004618914877e-01 9.293213309587655679e-01 9.449398431879821869e-01 0.000000000000000000e+00
6.714641479185352146e+00 1.846448371238503361e+00 -1.082697068350423064e-03 -1.000000000000000000e+00 -1.157995608403010902e-03 -1.005768638115923149e-03 1.730728772274474068e+02 9.298658353967648171e-01 9.220886712455624856e-01 9.377063969812955424e-01 0.000000000000000000e+00
6.720240887459313583e+00 1.844909881999724721e+00 -9.171936582542405698e-04 -1.000000000000000000e+00 -9.941831270465217862e-04 -8.385884085917130098e-04 1.242477938227264076e+02 9.251916115704234000e-01 9.174383387785113309e-01 9.330082972341171565e-01 0.000000000000000000e+00
6.725844965137160791e+00 1.843372674653889876e+00 -7.044760267766553242e-04 -1.000000000000000000e+00 -7.834826554335778048e-04 -6.238702900710611397e-04 7.355348792318591222e+01 9.138188223067279514e-01 9.060901613895208095e-01 9.216113106518856180e-01 0.000000000000000000e+00
6.731453716112758556e+00 1.841836748132905655e+00 -5.177299775604266800e-04 -1.000000000000000000e+00 -5.989457445574271387e-04 -4.349309284226361184e-04 3.943703183652075950e+01 9.085830509577137448e-01 9.008780917848113745e-01 9.163518818703368929e-01 0.000000000000000000e+00
6.737067144283217068e+00 1.840302101369569288e+00 -3.397837963847676708e-04 -1.000000000000000000e+00 -4.234749307737697629e-04 -2.545233151249219681e-04 1.673703476534342371e+01 9.011442143336434452e-01 8.934412901041045574e-01 9.089115247284261789e-01 0.000000000000000000e+00
6.742685253548897251e+00 1.838768733297566405e+00 -1.908824985977769365e-04 -1.000000000000000000e+00 -2.770001160523136575e-04 -1.031998036463112675e-04 5.173398260359704182e+00 8.955528049041202587e-01 8.878415204979946962e-01 9.033289278541996037e-01 0.000000000000000000e+00
6.748308047813412536e+00 1.837236642851472368e+00 -7.419440997109373658e-05 -1.000000000000000000e+00 -1.625050659401947820e-04 1.569068504790904512e-05 7.633634930457446899e-01 8.922860056776494853e-01 8.845829245980523226e-01 9.000539868075191352e-01 0.000000000000000000e+00
6.753935530983630642e+00 1.835705828966748943e+00 2.822701074580337224e-05 1.000000000000000000e+00 -6.211408527649214817e-05 1.201552140254593737e-04 1.080776641252896297e-01 8.871994205736060124e-01 8.794836636692748844e-01 8.949805683653208055e-01 0.000000000000000000e+00
6.759567706969678902e+00 1.834176290579746293e+00 1.144325620855817243e-04 1.000000000000000000e+00 2.224950321581555771e-05 2.082136987584248269e-04 1.741339924387489191e+00 8.821985603531635745e-01 8.744236764670785256e-01 8.900400853780722210e-01 0.000000000000000000e+00
6.765204579684944264e+00 1.832648026627699211e+00 1.818103614257644211e-04 1.000000000000000000e+00 8.822662018569178851e-05 2.770055584776647028e-04 4.318904277470892339e+00 8.794836427118705169e-01 8.717620996843501446e-01 8.872710818693407830e-01 0.000000000000000000e+00
6.770846153046076843e+00 1.831121036048729556e+00 2.449042178687336861e-04 1.000000000000000000e+00 1.499851713265450137e-04 3.414442627292509449e-04 7.728787066027734909e+00 8.766831425181993431e-01 8.688954545118289241e-01 8.845379777477775374e-01 0.000000000000000000e+00
6.776492430972993475e+00 1.829595317781842700e+00 3.164223399864228722e-04 1.000000000000000000e+00 2.203829299747399892e-04 4.140910081057693143e-04 1.278451356437312825e+01 8.714666871950825788e-01 8.636706493839330090e-01 8.793303570979900119e-01 0.000000000000000000e+00
6.782143417388880380e+00 1.828070870766929312e+00 3.666559537163878381e-04 1.000000000000000000e+00 2.698553379438855464e-04 4.650931514626338581e-04 1.702342628264000268e+01 8.713864663975793290e-01 8.636372037027771897e-01 8.792024898229588992e-01 0.000000000000000000e+00
6.787799116220194051e+00 1.826547693944761797e+00 4.342887128611174256e-04 1.000000000000000000e+00 3.366015053535887942e-04 5.336172587595915638e-04 2.378358030992035310e+01 8.665209474916160115e-01 8.587183476268022142e-01 8.743916398662693323e-01 0.000000000000000000e+00
6.793459531396665696e+00 1.825025786256996740e+00 4.942635689246091318e-04 1.000000000000000000e+00 3.958308679751339427e-04 5.943438540521713215e-04 3.068618057279650202e+01 8.624824777400643683e-01 8.546677649811312838e-01 8.703657879194921509e-01 0.000000000000000000e+00
6.799124666851304788e+00 1.823505146646170916e+00 5.355994992327112614e-04 1.000000000000000000e+00 4.365553629036483048e-04 6.362969180950734435e-04 3.583269117362374345e+01 8.613603971452804542e-01 8.535521011332760644e-01 8.692372954233650306e-01 0.000000000000000000e+00
6.804794526520399067e+00 1.821985774055703944e+00 5.721350744287862508e-04 1.000000000000000000e+00 4.724678355031603784e-04 6.734594734200219932e-04 4.065643681237997953e+01 8.592515375599569794e-01 8.514205319670491434e-01 8.671516883799201825e-01 0.000000000000000000e+00
6.810469114343518982e+00 1.820467667429894965e+00 5.839825109010384147e-04 1.000000000000000000e+00 4.839343625804376167e-04 6.856943340308227887e-04 4.204843782758939597e+01 8.607544534499301792e-01 8.529596366402972807e-01 8.686177191400578090e-01 0.000000000000000000e+00
6.816148434263521239e+00 1.818950825713921748e+00 6.119732377326103211e-04 1.000000000000000000e+00 5.113729782723074090e-04 7.142445863227712055e-04 4.599623812526749589e+01 8.558858874602940370e-01 8.480358203815174800e-01 8.638056875648285615e-01 0.000000000000000000e+00
6.821832490226549695e+00 1.817435247853842917e+00 6.238021608642232161e-04 1.000000000000000000e+00 5.228460959106757651e-04 7.264385294826704222e-04 4.760592617855127173e+01 8.528879991106721459e-01 8.450150708490299367e-01 8.608311972813675883e-01 0.000000000000000000e+00
6.827521286182038907e+00 1.815920932796593723e+00 6.154464004230122010e-04 1.000000000000000000e+00 5.143594985558636251e-04 7.182210808257317482e-04 4.613730312823349777e+01 8.531884088001594479e-01 8.453153151936398935e-01 8.611317442747036255e-01 0.000000000000000000e+00
6.833214826082717686e+00 1.814407879489987385e+00 6.095579687124569757e-04 1.000000000000000000e+00 5.083772449925607045e-04 7.124303158732403322e-04 4.515911601048878765e+01 8.516876150172557614e-01 8.437853937990444919e-01 8.596607007540018053e-01 0.000000000000000000e+00
6.838913113884609984e+00 1.812896086882713975e+00 6.028000505166082731e-04 1.000000000000000000e+00 5.015972998234956770e-04 7.056970143230382282e-04 4.417214148854372979e+01 8.493843577759956354e-01 8.414156124897476108e-01 8.574253390876638292e-01 0.000000000000000000e+00
6.844616153547039339e+00 1.811385553924339531e+00 5.745009968151340487e-04 1.000000000000000000e+00 4.736743408488116778e-04 6.770292448078673361e-04 4.014969790630630087e+01 8.513146727445933815e-01 8.433831350608752553e-01 8.593177172492649785e-01 0.000000000000000000e+00
6.850323949032630644e+00 1.809876279565305390e+00 5.596747531820534232e-04 1.000000000000000000e+00 4.591530050154338824e-04 6.619065896771440024e-04 3.826671864589809502e+01 8.488912121928233745e-01 8.409366781671927527e-01 8.569178086135667005e-01 0.000000000000000000e+00
6.856036504307313706e+00 1.808368262756926637e+00 5.454199584194531795e-04 1.000000000000000000e+00 4.451558036071532904e-04 6.474023279353750826e-04 3.651229856731708878e+01 8.452119818268066798e-01 8.371982394821672058e-01 8.532992787279272129e-01 0.000000000000000000e+00
6.861753823340325908e+00 1.806861502451392543e+00 5.035344479799664166e-04 1.000000000000000000e+00 4.037598336547632309e-04 6.050356138004213749e-04 3.113390591000518270e+01 8.472833078748426283e-01 8.393060384794781559e-01 8.553332903194428294e-01 0.000000000000000000e+00
6.867475910104213099e+00 1.805355997601766127e+00 4.685635220519873798e-04 1.000000000000000000e+00 3.690310507896449213e-04 5.698255837374322386e-04 2.696354905269390656e+01 8.466846225420044947e-01 8.386330347965851306e-01 8.548103813654266414e-01 0.000000000000000000e+00
6.873202768574835808e+00 1.803851747161981711e+00 4.159140009494177660e-04 1.000000000000000000e+00 3.169022464365697008e-04 5.166596640191831050e-04 2.121872198705455048e+01 8.496430274660308202e-01 8.416233454603961883e-01 8.577360205355708533e-01 0.000000000000000000e+00
6.878934402731368358e+00 1.802348750086846252e+00 3.739644649386078090e-04 1.000000000000000000e+00 2.754037247076398381e-04 4.742629897891845669e-04 1.720132364712912931e+01 8.492723887322596310e-01 8.411781970551115428e-01 8.574413454615998909e-01 0.000000000000000000e+00
6.884670816556305084e+00 1.800847005332036233e+00 3.305874185008489093e-04 1.000000000000000000e+00 2.327307117428023119e-04 4.301905834586520518e-04 1.352526966135872044e+01 8.486444543041240518e-01 8.405209145204725063e-01 8.568434411454565192e-01 0.000000000000000000e+00
6.890412014035459443e+00 1.799346511854099884e+00 2.733773928522902985e-04 1.000000000000000000e+00 1.765330725521629387e-04 3.719798220844745340e-04 9.313403927322383424e+00 8.506940604339841006e-01 8.426126706253389553e-01 8.588499654632922864e-01 0.000000000000000000e+00
6.896157999157970231e+00 1.797847268610453630e+00 2.279933724285363448e-04 1.000000000000000000e+00 1.319748872561451081e-04 3.257773138890790844e-04 6.533995322378586934e+00 8.482643675494994095e-01 8.401225516716672725e-01 8.564821724335108799e-01 0.000000000000000000e+00
6.901908775916301586e+00 1.796349274559382980e+00 1.568425869669639390e-04 1.000000000000000000e+00 6.178792449633434172e-05 2.536700561847425703e-04 3.106840274795445112e+00 8.500116256009175864e-01 8.418316449831333426e-01 8.582680857810175423e-01 0.000000000000000000e+00
6.907664348306248314e+00 1.794852528660041413e+00 6.875477549131920392e-05 1.000000000000000000e+00 -2.519331955369315918e-05 1.644874384472277420e-04 5.987595947500494731e-01 8.526074283058202585e-01 8.444256762321052934e-01 8.608655904434084905e-01 0.000000000000000000e+00
6.913424720326936779e+00 1.793357029872449937e+00 -1.460434624677372259e-05 -1.000000000000000000e+00 -1.073678713995853871e-04 7.996153830462872554e-05 2.718886830234623631e-02 8.493763325895692384e-01 8.411790672943953995e-01 8.576507348878216197e-01 0.000000000000000000e+00
6.919189895980827565e+00 1.791862777157495312e+00 -1.430294492595748294e-04 -1.000000000000000000e+00 -2.340805634828357581e-04 -5.015310097371965291e-05 2.622676014863145610e+00 8.530403055639543819e-01 8.448369853896064985e-01 8.613206479826606143e-01 0.000000000000000000e+00
6.924959879273719920e+00 1.790369769476931161e+00 -2.803203440242194575e-04 -1.000000000000000000e+00 -3.693220697999942338e-04 -1.894697097024413443e-04 1.018358107176595695e+01 8.539596579653229158e-01 8.457221261719566341e-01 8.622748229960874866e-01 0.000000000000000000e+00
6.930734674214753532e+00 1.788878005793375303e+00 -4.487736665799532025e-04 -1.000000000000000000e+00 -5.352316666254112835e-04 -3.604449661656593793e-04 2.643532904629807945e+01 8.586160960755410132e-01 8.503265938063512275e-01 8.669838598758304871e-01 0.000000000000000000e+00
6.936514284816411191e+00 1.787387485070310644e+00 -6.327597398907299463e-04 -1.000000000000000000e+00 -7.162004673766221661e-04 -5.474253201594213650e-04 5.341533175108361320e+01 8.637263651789972574e-01 8.554231836224089891e-01 8.721076456270430155e-01 0.000000000000000000e+00
6.942298715094520567e+00 1.785898206272082511e+00 -8.173368742188313277e-04 -1.000000000000000000e+00 -8.974812298748533054e-04 -7.352809278625430317e-04 9.102358742540786807e+01 8.667156128552324645e-01 8.583656822261761521e-01 8.751443522897562888e-01 0.000000000000000000e+00
6.948087969068260428e+00 1.784410168363900873e+00 -9.972612661276643309e-04 -1.000000000000000000e+00 -1.073891900555115717e-03 -9.187031999326277345e-04 1.390086343550960919e+02 8.684771556763686284e-01 8.600417463628792225e-01 8.769928310942963767e-01 0.000000000000000000e+00
6.953882050760158862e+00 1.782923370311836564e+00 -1.176722952612948431e-03 -1.000000000000000000e+00 -1.249380433218414939e-03 -1.102109210041635114e-03 1.989180149908030444e+02 8.734433895496082068e-01 8.650375796847812326e-01 8.819285350591111738e-01 0.000000000000000000e+00
6.959680964196100383e+00 1.781437811082822398e+00 -1.331038393057072883e-03 -1.000000000000000000e+00 -1.399948678022828021e-03 -1.260132019013426863e-03 2.617584526479434999e+02 8.772146854619676803e-01 8.687132976431508613e-01 8.857968641969966583e-01 0.000000000000000000e+00
6.965484713405325046e+00 1.779953489644652054e+00 -1.449734308309773160e-03 -1.000000000000000000e+00 -1.515727210825065872e-03 -1.381724436182143328e-03 3.170943902887864283e+02 8.776199066414883676e-01 8.690775075691851148e-01 8.862438680035104044e-01 0.000000000000000000e+00
6.971293302420433768e+00 1.778470404965979412e+00 -1.542267234696888386e-03 -1.000000000000000000e+00 -1.606348588364151300e-03 -1.476150893965735497e-03 3.620688972693577057e+02 8.803323797100593984e-01 8.717786729961797265e-01 8.889676199612186469e-01 0.000000000000000000e+00
6.977106735277391003e+00 1.776988556016316556e+00 -1.561750813434673773e-03 -1.000000000000000000e+00 -1.625094002228895992e-03 -1.496360429392514999e-03 3.740593388866250280e+02 8.765532213498580250e-01 8.679750549140873295e-01 8.852136276455926378e-01 0.000000000000000000e+00
6.982925016015525621e+00 1.775507941766035547e+00 -1.532248798470578011e-03 -1.000000000000000000e+00 -1.595946138861357522e-03 -1.466519572054900741e-03 3.607676514014459599e+02 8.752141350571461809e-01 8.666884465302499008e-01 8.838212453307674465e-01 0.000000000000000000e+00
6.988748148677535355e+00 1.774028561186365982e+00 -1.446780099808891128e-03 -1.000000000000000000e+00 -1.512174961959884389e-03 -1.379397643795841162e-03 3.209278452096954197e+02 8.716752070713743583e-01 8.630778040235067561e-01 8.803557755720262668e-01 0.000000000000000000e+00
6.994576137309488573e+00 1.772550413249394330e+00 -1.322228738885748321e-03 -1.000000000000000000e+00 -1.389888303852888311e-03 -1.252603661088951513e-03 2.661732794404918536e+02 8.665345454772677147e-01 8.579169638755422822e-01 8.752362068420587171e-01 0.000000000000000000e+00
7.000408985960828723e+00 1.771073496928063928e+00 -1.184604240980898122e-03 -1.000000000000000000e+00 -1.255065061931392176e-03 -1.112181298466726441e-03 2.099864846372698821e+02 8.623132007292728662e-01 8.537143026891067521e-01 8.709962023898885075e-01 0.000000000000000000e+00
7.006246698684376106e+00 1.769597811196173431e+00 -1.037699276611959466e-03 -1.000000000000000000e+00 -1.111618968590828618e-03 -9.618315516253040428e-04 1.568494456528710543e+02 8.574529994424791024e-01 8.488254833192176996e-01 8.661656279885570076e-01 0.000000000000000000e+00
7.012089279536330544e+00 1.768123355028376364e+00 -8.850827944402167710e-04 -1.000000000000000000e+00 -9.626097787234779660e-04 -8.056135664462826199e-04 1.105336978233231093e+02 8.527767761633542332e-01 8.441646692803501661e-01 8.614740684593973352e-01 0.000000000000000000e+00
7.017936732576273151e+00 1.766650127400181791e+00 -7.365980119423324148e-04 -1.000000000000000000e+00 -8.176967114563505647e-04 -6.535568844078744246e-04 7.405095529465324944e+01 8.509951575962521053e-01 8.423372623311277119e-01 8.597392207797392993e-01 0.000000000000000000e+00
7.023789061867172556e+00 1.765178127287950538e+00 -5.862564246670460546e-04 -1.000000000000000000e+00 -6.707390667903858879e-04 -4.998282720192566333e-04 4.548865628227395064e+01 8.495892868802098485e-01 8.408836494438377551e-01 8.583821205043741243e-01 0.000000000000000000e+00
7.029646271475383124e+00 1.763707353668898525e+00 -4.240833666878368450e-04 -1.000000000000000000e+00 -5.116599352648189616e-04 -3.345630443056789869e-04 2.322839834170486029e+01 8.446191856857567792e-01 8.359328797874202577e-01 8.533928153596207489e-01 0.000000000000000000e+00
7.035508365470652059e+00 1.762237805521092104e+00 -2.917165926690109515e-04 -1.000000000000000000e+00 -3.819258268106743692e-04 -1.995689657489833446e-04 1.074908590297104638e+01 8.461490343474183939e-01 8.374043621901926526e-01 8.549819692857342224e-01 0.000000000000000000e+00
7.041375347926120298e+00 1.760769481823449834e+00 -1.702882329323590768e-04 -1.000000000000000000e+00 -2.627462343244487417e-04 -7.589361746510949228e-05 3.601463519497656307e+00 8.468886549138410214e-01 8.380434211496193830e-01 8.558240886436172534e-01 0.000000000000000000e+00
7.047247222918324283e+00 1.759302381555740702e+00 -5.424917541428411321e-05 -1.000000000000000000e+00 -1.484716280161603517e-04 4.191923627700529508e-05 3.610372555822323193e-01 8.435983061316686404e-01 8.348164606302637125e-01 8.524693714775183340e-01 0.000000000000000000e+00
7.053123994527200402e+00 1.757836503698584130e+00 1.684827905560956477e-05 1.000000000000000000e+00 -7.899099921939831852e-05 1.146403134186960529e-04 3.428616966971276270e-02 8.461832592627643868e-01 8.372903633684557478e-01 8.551672884834309318e-01 0.000000000000000000e+00
7.059005666836087656e+00 1.756371847233449524e+00 7.206861563120442319e-05 1.000000000000000000e+00 -2.511241552217307899e-05 1.712162375315500341e-04 6.170896302495521013e-01 8.465666007643559698e-01 8.377157375375803294e-01 8.555076274283442972e-01 0.000000000000000000e+00
7.064892243931729432e+00 1.754908411142653613e+00 8.078895480590952071e-05 1.000000000000000000e+00 -1.770549160700250963e-05 1.812595512292931616e-04 7.586973300010413368e-01 8.538338181239258917e-01 8.448426595890660140e-01 8.629170906251292239e-01 0.000000000000000000e+00
7.070783729904277948e+00 1.753446194409361780e+00 6.499993236330921763e-05 1.000000000000000000e+00 -3.455595904914229052e-05 1.665424288501970995e-04 4.800603196961787944e-01 8.633625150346159183e-01 8.542652201167092452e-01 8.725530216961282504e-01 0.000000000000000000e+00
7.076680128847296025e+00 1.751985196017586288e+00 7.645387191968103593e-05 1.000000000000000000e+00 -2.391568821164406279e-05 1.788230536712575344e-04 6.545928282536124243e-01 8.632325274109132751e-01 8.541808327261420919e-01 8.723764805203512163e-01 0.000000000000000000e+00
7.082581444857760644e+00 1.750525414952186498e+00 7.668952697924413396e-05 1.000000000000000000e+00 -2.424649591132128294e-05 1.796364452799708265e-04 6.528097524657709982e-01 8.655250957936178047e-01 8.563602812985975365e-01 8.747841507875743217e-01 0.000000000000000000e+00
7.088487682036063831e+00 1.749066850198867318e+00 8.953315092106242927e-05 1.000000000000000000e+00 -1.156789780615013628e-05 1.926637466279478169e-04 8.894425067954898623e-01 8.651358991045501323e-01 8.559234453012533050e-01 8.744435877523180078e-01 0.000000000000000000e+00
7.094398844486017985e+00 1.747609500744178535e+00 1.069275544901890493e-04 1.000000000000000000e+00 5.955565370123811386e-06 2.099483581759265839e-04 1.274195131934448000e+00 8.645980859108794991e-01 8.553965614420884211e-01 8.738946221218998334e-01 0.000000000000000000e+00
7.100314936314857661e+00 1.746153365575515037e+00 1.291977568556950090e-04 1.000000000000000000e+00 2.833001836620822075e-05 2.321229763555161547e-04 1.871844214368707071e+00 8.636151195004300174e-01 8.543725139498945520e-01 8.729537472431350142e-01 0.000000000000000000e+00
7.106235961633242226e+00 1.744698443681114597e+00 1.516162157214947105e-04 1.000000000000000000e+00 5.095480281973969669e-05 2.543399642963847860e-04 2.595406614276953405e+00 8.629231495945394181e-01 8.536941718942991919e-01 8.722480335433959731e-01 0.000000000000000000e+00
7.112161924555259418e+00 1.743244734050058975e+00 1.809903877115844766e-04 1.000000000000000000e+00 8.051977350492965581e-05 2.835350851021497349e-04 3.733699681912298729e+00 8.600183876015973228e-01 8.507592723596072437e-01 8.693743840371197518e-01 0.000000000000000000e+00
7.118092829198427118e+00 1.741792235672271039e+00 2.008906235554129343e-04 1.000000000000000000e+00 1.006950977330524696e-04 3.031841916395024063e-04 4.647672737539437549e+00 8.589302175295084885e-01 8.495820116289720669e-01 8.683771889274997102e-01 0.000000000000000000e+00
7.124028679683696907e+00 1.740340947538516092e+00 2.188024565106665999e-04 1.000000000000000000e+00 1.190651266254345836e-04 3.206690722695028709e-04 5.569809184523364820e+00 8.574472669865499386e-01 8.481688565619546205e-01 8.668231363603368100e-01 0.000000000000000000e+00
7.129969480135457616e+00 1.738890868640399878e+00 2.362915155944008512e-04 1.000000000000000000e+00 1.367488482411351950e-04 3.379813923784779099e-04 6.545985539515982055e+00 8.552816886637373273e-01 8.459673867303427741e-01 8.646943745006976378e-01 0.000000000000000000e+00
7.135915234681537100e+00 1.737441997970369245e+00 2.454961786567604965e-04 1.000000000000000000e+00 1.461047419004743051e-04 3.470427399079954300e-04 7.092077900992194373e+00 8.550248610066176758e-01 8.457200278744005928e-01 8.644279135709793671e-01 0.000000000000000000e+00
7.141865947453204910e+00 1.735994334521709703e+00 2.604691959456331349e-04 1.000000000000000000e+00 1.610540556742298679e-04 3.620466092736213375e-04 8.008124008303411756e+00 8.529184768119169036e-01 8.435747365496243377e-01 8.623615573613681029e-01 0.000000000000000000e+00
7.147821622585176726e+00 1.734547877288545648e+00 2.784068576663121337e-04 1.000000000000000000e+00 1.788981960121085969e-04 3.800914573997127678e-04 9.183165273314784827e+00 8.499727099753956461e-01 8.405426074766124689e-01 8.595042454326045078e-01 0.000000000000000000e+00
7.153782264215615250e+00 1.733102625265839913e+00 2.830464870561940011e-04 1.000000000000000000e+00 1.836968740672540791e-04 3.845911467782256324e-04 9.510645863110539722e+00 8.511370970254572565e-01 8.417591775691563027e-01 8.606152470418253486e-01 0.000000000000000000e+00
7.159747876486134643e+00 1.731658577449392222e+00 3.111197319200873640e-04 1.000000000000000000e+00 2.115188930216545119e-04 4.129251055635279385e-04 1.152768110470219654e+01 8.455486380199230823e-01 8.360970848285683710e-01 8.551026367781873194e-01 0.000000000000000000e+00
7.165718463541802308e+00 1.730215732835839626e+00 3.183131630771331502e-04 1.000000000000000000e+00 2.186169716574644850e-04 4.202187486361521826e-04 1.203724933048249568e+01 8.462683483129946893e-01 8.368685670646470731e-01 8.557694348601251333e-01 0.000000000000000000e+00
7.171694029531142434e+00 1.728774090422655174e+00 3.409790642538104862e-04 1.000000000000000000e+00 2.408003485638576260e-04 4.433681713774948515e-04 1.377512657730392220e+01 8.421581494771375187e-01 8.326736156753551388e-01 8.517464616748909867e-01 0.000000000000000000e+00
7.177674578606138667e+00 1.727333649208146804e+00 3.587897976935080190e-04 1.000000000000000000e+00 2.581902361792468340e-04 4.616070032000164783e-04 1.519732842352425450e+01 8.388950365122939123e-01 8.293705531298392053e-01 8.485245276274400172e-01 0.000000000000000000e+00
7.183660114922237661e+00 1.725894408191456675e+00 3.624885227116704457e-04 1.000000000000000000e+00 2.617390844780076876e-04 4.654713240834706337e-04 1.545126262802386918e+01 8.388242118857711649e-01 8.293555695905224789e-01 8.483967372002013674e-01 0.000000000000000000e+00
7.189650642638349964e+00 1.724456366372562499e+00 3.798920689534607807e-04 1.000000000000000000e+00 2.788224081983169665e-04 4.832101170872175021e-04 1.696822843635345635e+01 8.332850477367220732e-01 8.237387502028565844e-01 8.429375469752685701e-01 0.000000000000000000e+00
7.195646165916856241e+00 1.723019522752273547e+00 3.724119236965036804e-04 1.000000000000000000e+00 2.714127443662539747e-04 4.756750987815746646e-04 1.627331286837977586e+01 8.336158622821702169e-01 8.241233784969468346e-01 8.432133455295757196e-01 0.000000000000000000e+00
7.201646688923606376e+00 1.721583876332232421e+00 3.673394011999782426e-04 1.000000000000000000e+00 2.662520120536245082e-04 4.706995874795955027e-04 1.581848700772366101e+01 8.315600470489910023e-01 8.219693423526848175e-01 8.412581881355617464e-01 0.000000000000000000e+00
7.207652215827925701e+00 1.720149426114913060e+00 3.555512170207685550e-04 1.000000000000000000e+00 2.544770030907397645e-04 4.589087570688528709e-04 1.479901128315930237e+01 8.299784079784090496e-01 8.203362914183036647e-01 8.397293227214361888e-01 0.000000000000000000e+00
7.213662750802614987e+00 1.718716171103621404e+00 3.319378750004613318e-04 1.000000000000000000e+00 2.310075960577890968e-04 4.351676046902047852e-04 1.286137767290449574e+01 8.308037722827529281e-01 8.211589336712644682e-01 8.405572395967871868e-01 0.000000000000000000e+00
7.219678298023954888e+00 1.717284110302493172e+00 3.163751586598767193e-04 1.000000000000000000e+00 2.154366888137713228e-04 4.196300216776060457e-04 1.165676955453000119e+01 8.287760893550469854e-01 8.190797339570271562e-01 8.385824430165705889e-01 0.000000000000000000e+00
7.225698861671710382e+00 1.715853242716494531e+00 2.925605180389552972e-04 1.000000000000000000e+00 1.917124976895293693e-04 3.957373207461566946e-04 9.927188644202033174e+00 8.296064051821302465e-01 8.199065966127428995e-01 8.394161530320668474e-01 0.000000000000000000e+00
7.231724445929129885e+00 1.714423567351419875e+00 2.824351400191843324e-04 1.000000000000000000e+00 1.815500564743214977e-04 3.856514019961453403e-04 9.233347898270608312e+00 8.273866086729779745e-01 8.176361495285983105e-01 8.372485480744928932e-01 0.000000000000000000e+00
7.237755054982951464e+00 1.712995083213891823e+00 2.725989099946536133e-04 1.000000000000000000e+00 1.717535706637300500e-04 3.757741265855500906e-04 8.604362346661787342e+00 8.263420573194832919e-01 8.164819931507579787e-01 8.363162374032093727e-01 0.000000000000000000e+00
7.243790693023404614e+00 1.711567789311361887e+00 2.538606057111430928e-04 1.000000000000000000e+00 1.534997271488671897e-04 3.565596175752658824e-04 7.482160241585688709e+00 8.289693274922945720e-01 8.191557119350448835e-01 8.388957293893481992e-01 0.000000000000000000e+00
7.249831364244212040e+00 1.710141684652107807e+00 2.484563871285661095e-04 1.000000000000000000e+00 1.484965691485602539e-04 3.507655120245774206e-04 7.217297944891356565e+00 8.278513366335514823e-01 8.179858681114194896e-01 8.378309849570052537e-01 0.000000000000000000e+00
7.255877072842594977e+00 1.708716768245233997e+00 2.462897027232229408e-04 1.000000000000000000e+00 1.466181530867851084e-04 3.483206703354649238e-04 7.140661510667200673e+00 8.250909784940499980e-01 8.151285563136809742e-01 8.351701578543658799e-01 0.000000000000000000e+00
7.261927823019274086e+00 1.707293039100669763e+00 2.251040279344569445e-04 1.000000000000000000e+00 1.258241537023068704e-04 3.267558700684239630e-04 5.967328760040004454e+00 8.268312228623606597e-01 8.169191468431870051e-01 8.368586555911466940e-01 0.000000000000000000e+00
7.267983618978473004e+00 1.705870496229170197e+00 2.101612988560885539e-04 1.000000000000000000e+00 1.107471924940624534e-04 3.119596065333897017e-04 5.179793642923300467e+00 8.250549252112466814e-01 8.150337280080319768e-01 8.351942495124680121e-01 0.000000000000000000e+00
7.274044464927921894e+00 1.704449138642313732e+00 1.778386914352088257e-04 1.000000000000000000e+00 7.831179301173307879e-05 2.797731066001724618e-04 3.665849890219192275e+00 8.275501578574846473e-01 8.175686780202904291e-01 8.376485923224060715e-01 0.000000000000000000e+00
7.280110365078859225e+00 1.703028965352503699e+00 1.543598572828627172e-04 1.000000000000000000e+00 5.428150154174558450e-05 2.568717703150957691e-04 2.723469923003221993e+00 8.274813184209269812e-01 8.173751783506290058e-01 8.377071376367940525e-01 0.000000000000000000e+00
7.286181323646034436e+00 1.701609975372965211e+00 1.319349198034635120e-04 1.000000000000000000e+00 3.143432770377818707e-05 2.348993799040473773e-04 1.959720597537966569e+00 8.290442877775171526e-01 8.189817387282870564e-01 8.392252016192961461e-01 0.000000000000000000e+00
7.292257344847713263e+00 1.700192167717745617e+00 1.286429176892881865e-04 1.000000000000000000e+00 2.745679258806176741e-05 2.323121895651587712e-04 1.841216737094441669e+00 8.285617453030696966e-01 8.183791490801307633e-01 8.388655015793556879e-01 0.000000000000000000e+00
7.298338432905678630e+00 1.698775541401714717e+00 1.358895944021660911e-04 1.000000000000000000e+00 3.415917207875952214e-05 2.401162063721075433e-04 2.037501590009298980e+00 8.297503727388416683e-01 8.194958522504464105e-01 8.401275430130255018e-01 0.000000000000000000e+00
7.304424592045234199e+00 1.697360095440562322e+00 1.666669125958809101e-04 1.000000000000000000e+00 6.444483608879182299e-05 2.713977271750016816e-04 3.054727865885695337e+00 8.287140632530046735e-01 8.184726144122306257e-01 8.390781282835811927e-01 0.000000000000000000e+00
7.310515826495206149e+00 1.695945828850798032e+00 1.949521380993938179e-04 1.000000000000000000e+00 9.219767008164343682e-05 3.002245800422431092e-04 4.163523676014506236e+00 8.322421011242040478e-01 8.219199222237809632e-01 8.426882831846270738e-01 0.000000000000000000e+00
7.316612140487947613e+00 1.694532740649751679e+00 2.481720616709559481e-04 1.000000000000000000e+00 1.446484826112203435e-04 3.542199808350750159e-04 6.724729080958525174e+00 8.304423593131798897e-01 8.201383754033702012e-01 8.408702883665313266e-01 0.000000000000000000e+00
7.322713538259342236e+00 1.693120829855571774e+00 2.753376647482367180e-04 1.000000000000000000e+00 1.709469045621013830e-04 3.822493745265006116e-04 8.189787673650300803e+00 8.371918560303235335e-01 8.267839304742629070e-01 8.477253354968991017e-01 0.000000000000000000e+00
7.328820024048804171e+00 1.691710095487224841e+00 2.989430288665396659e-04 1.000000000000000000e+00 1.935321614027867010e-04 4.068703587942673399e-04 9.518556302490253529e+00 8.442494338407920962e-01 8.337307277547597595e-01 8.548952363929739340e-01 0.000000000000000000e+00
7.334931602099284298e+00 1.690300536564494527e+00 3.445991650465533677e-04 1.000000000000000000e+00 2.380361967513698173e-04 4.536830774041645392e-04 1.249850826246370161e+01 8.427201526219314509e-01 8.322116797519703013e-01 8.533557349992747509e-01 0.000000000000000000e+00
7.341048276657271110e+00 1.688892152107981603e+00 3.306307704377320009e-04 1.000000000000000000e+00 2.232772934913476227e-04 4.405126209730755318e-04 1.129510380561953298e+01 8.570100501740770538e-01 8.463438889756559336e-01 8.678051391493910582e-01 0.000000000000000000e+00
7.347170051972794269e+00 1.687484941139102412e+00 3.577391369771068877e-04 1.000000000000000000e+00 2.495519472097889940e-04 4.684716646446229022e-04 1.309387486750483731e+01 8.561273865488743251e-01 8.454677965402982442e-01 8.669157882518242486e-01 0.000000000000000000e+00
7.353296932299427269e+00 1.686078902680089531e+00 3.338117100570061864e-04 1.000000000000000000e+00 2.251877606556977010e-04 4.449972478537039052e-04 1.124697549461853896e+01 8.683630767774469517e-01 8.575573883381972795e-01 8.792993984223240744e-01 0.000000000000000000e+00
7.359428921894291875e+00 1.684674035753989330e+00 3.021923132147253245e-04 1.000000000000000000e+00 1.932385323572188092e-04 4.137220729820696545e-04 9.106416495880296225e+00 8.807687789581208904e-01 8.697543686632878135e-01 8.919170114680672334e-01 0.000000000000000000e+00
7.365566025018059015e+00 1.683270339384662417e+00 3.069314321554070875e-04 1.000000000000000000e+00 1.977310912395109361e-04 4.187251199160579862e-04 9.344861377179370265e+00 8.799844042842490666e-01 8.690385675662308795e-01 8.910625541324257437e-01 0.000000000000000000e+00
7.371708245934952330e+00 1.681867812596783196e+00 2.732404806996039347e-04 1.000000000000000000e+00 1.639268241708156351e-04 3.851554375033472248e-04 7.343471505054765203e+00 8.891286400797563383e-01 8.779915693104666241e-01 9.004012167066226535e-01 0.000000000000000000e+00
7.377855588912752616e+00 1.680466454415837863e+00 2.591505221629635675e-04 1.000000000000000000e+00 1.499245416242610219e-04 3.709948836074080866e-04 6.580867415888207006e+00 8.903055374382214948e-01 8.792281474850847101e-01 9.015169411900719743e-01 0.000000000000000000e+00
7.384008058222798709e+00 1.679066263868125519e+00 2.135766139454344653e-04 1.000000000000000000e+00 1.045148127523903820e-04 3.252727350125336238e-04 4.442505548099362045e+00 8.993352596091813700e-01 8.880660728111472446e-01 9.107417632105369032e-01 0.000000000000000000e+00
7.390165658139991045e+00 1.677667239980756175e+00 1.658267766425805089e-04 1.000000000000000000e+00 5.706161573471546739e-05 2.772435359709429629e-04 2.663753158097364349e+00 9.072149848358818103e-01 8.958208776098779413e-01 9.187482346528319521e-01 0.000000000000000000e+00
7.396328392942796093e+00 1.676269381781650081e+00 1.338451447985137589e-04 1.000000000000000000e+00 2.537636274700857399e-05 2.449808389785492336e-04 1.730171875355949851e+00 9.084000646417826896e-01 8.970045565611352023e-01 9.199345896708569503e-01 0.000000000000000000e+00
7.402496266913247247e+00 1.674872688299538392e+00 8.648974063312105370e-05 1.000000000000000000e+00 -2.165436094946077009e-05 1.973139763369998129e-04 7.191682536740131582e-01 9.129099975325185579e-01 9.014067498657790667e-01 9.245542756393640982e-01 0.000000000000000000e+00
7.408669284336948380e+00 1.673477158563960288e+00 4.523505004834946040e-05 1.000000000000000000e+00 -6.245775689170718933e-05 1.556328228398174719e-04 1.962194966957042652e-01 9.144133492003801988e-01 9.029068198474772267e-01 9.260607685409055767e-01 0.000000000000000000e+00
7.414847449503079169e+00 1.672082791605264962e+00 -3.274965710792833750e-06 -1.000000000000000000e+00 -1.104861052726638761e-04 1.066691262311346807e-04 1.026007959296748595e-03 9.177187360937011373e-01 9.061113149532927791e-01 9.294688988265517038e-01 0.000000000000000000e+00
7.421030766704393322e+00 1.670689586454608300e+00 -4.084456312493509375e-05 -1.000000000000000000e+00 -1.476449618648607073e-04 6.871398153432292611e-05 1.594293714208561141e-01 9.177188590498189802e-01 9.060287530989080684e-01 9.295537324956405500e-01 0.000000000000000000e+00
7.427219240237226572e+00 1.669297542143953983e+00 -8.022267037491406002e-05 -1.000000000000000000e+00 -1.865736945315841448e-04 2.891009087540918681e-05 6.134169150935235848e-01 9.191403655935325157e-01 9.074472325577704890e-01 9.309780918901073843e-01 0.000000000000000000e+00
7.433412874401496673e+00 1.667906657706072160e+00 -1.090013311445325531e-04 -1.000000000000000000e+00 -2.151785594690999053e-04 -1.726426637993451127e-08 1.128823593409123305e+00 9.187702176645693442e-01 9.069934595807577216e-01 9.306936374519169108e-01 0.000000000000000000e+00
7.439611673500706956e+00 1.666516932174539223e+00 -1.342015663094593128e-04 -1.000000000000000000e+00 -2.402648487797238758e-04 -2.530185111510636507e-05 1.702023321024398683e+00 9.196643340800333410e-01 9.078861832981084401e-01 9.315890307804074455e-01 0.000000000000000000e+00
7.445815641841948995e+00 1.665128364583736253e+00 -1.394470150770878885e-04 -1.000000000000000000e+00 -2.458032382607307025e-04 -3.023546107010067585e-05 1.827438415957345796e+00 9.173625562060122585e-01 9.055102024104378922e-01 9.293636036050947347e-01 0.000000000000000000e+00
7.452024783735907043e+00 1.663740953968849468e+00 -1.400919901875535985e-04 -1.000000000000000000e+00 -2.467755920522426484e-04 -3.054057194819391355e-05 1.831614609850731767e+00 9.173550817204467744e-01 9.055067818861919360e-01 9.293521617599397322e-01 0.000000000000000000e+00
7.458239103496859812e+00 1.662354699365868660e+00 -1.302420573715707146e-04 -1.000000000000000000e+00 -2.374138832832521076e-04 -2.019354385915997894e-05 1.574041901809096089e+00 9.178653824085241109e-01 9.059271462442204381e-01 9.299545661019604781e-01 0.000000000000000000e+00
7.464458605442683137e+00 1.660969599811586539e+00 -1.105187762865987924e-04 -1.000000000000000000e+00 -2.182550011133554642e-04 9.994905993677256038e-08 1.129256882481513458e+00 9.184912521047837730e-01 9.063928956560806105e-01 9.307444910849235198e-01 0.000000000000000000e+00
7.470683293894854415e+00 1.659585654343599170e+00 -7.376458151630534480e-05 -1.000000000000000000e+00 -1.818845452745804475e-04 3.724806451917454190e-05 5.025957512814045458e-01 9.155954747649835967e-01 9.035948389127038682e-01 9.277491358610444605e-01 0.000000000000000000e+00
7.476913173178454386e+00 1.658202862000304201e+00 -3.452818573369605424e-05 -1.000000000000000000e+00 -1.433328679977564099e-04 7.717260757266616801e-05 1.100044098352270794e-01 9.121523771931286939e-01 9.000187414488790560e-01 9.244430099302984871e-01 0.000000000000000000e+00
7.483148247622170679e+00 1.656821221820899526e+00 -3.435168828772536140e-06 -1.000000000000000000e+00 -1.127130655749023635e-04 1.087525464130826728e-04 1.084903260050396057e-03 9.100352048798888704e-01 8.979926008322340891e-01 9.222329354968662463e-01 0.000000000000000000e+00
7.489388521558299594e+00 1.655440732845385288e+00 9.070656147084973168e-06 1.000000000000000000e+00 -1.009447131712075017e-04 1.220066296400538645e-04 7.502681225332707982e-03 9.115827112384800035e-01 8.993733972880486593e-01 9.239511418945468568e-01 0.000000000000000000e+00
7.495633999322752317e+00 1.654061394114560324e+00 3.100672150431796857e-05 1.000000000000000000e+00 -7.988204657670845135e-05 1.448368124818701335e-04 8.689264908488780748e-02 9.073651151518995484e-01 8.950969383204745444e-01 9.197945892269564494e-01 0.000000000000000000e+00
7.501884685255054031e+00 1.652683204670022832e+00 3.314782330179309326e-05 1.000000000000000000e+00 -7.851928703260475451e-05 1.477856808724978635e-04 9.797990931591016306e-02 9.072921246257854566e-01 8.950235515659502594e-01 9.197218926250065874e-01 0.000000000000000000e+00
7.508140583698349246e+00 1.651306163554170148e+00 4.549348694805358879e-05 1.000000000000000000e+00 -6.720318316537880624e-05 1.611913686420000187e-04 1.821360779986207490e-01 9.028984178319278131e-01 8.905725938814116338e-01 9.153875261329302848e-01 0.000000000000000000e+00
7.514401698999403578e+00 1.649930269810196748e+00 4.560370812945120541e-05 1.000000000000000000e+00 -6.793950524220437122e-05 1.621754240719816575e-04 1.803545020429737633e-01 9.029044399559735812e-01 8.905762075326036920e-01 9.153959750280273866e-01 0.000000000000000000e+00
7.520668035508609073e+00 1.648555522482095359e+00 5.301486429248320864e-05 1.000000000000000000e+00 -6.138057147166023440e-05 1.704579679911638937e-04 2.408912150254991502e-01 9.025917580783578975e-01 8.901860961525323024e-01 9.151627782458034988e-01 0.000000000000000000e+00
7.526939597579984209e+00 1.647181920614653627e+00 8.212602666502083774e-05 1.000000000000000000e+00 -3.288122561129459235e-05 2.002059629203310482e-04 5.747435130870997000e-01 8.983629829689407931e-01 8.860611692123732119e-01 9.108282471947437564e-01 0.000000000000000000e+00
7.533216389571179228e+00 1.645809463253457006e+00 1.169724919155433105e-04 1.000000000000000000e+00 1.243901846951773853e-06 2.357947010554533804e-04 1.162910260954447494e+00 8.951092382532901404e-01 8.826868046857221373e-01 9.076987831073097812e-01 0.000000000000000000e+00
7.539498415843477019e+00 1.644438149444884756e+00 1.617715769424587667e-04 1.000000000000000000e+00 4.536152049138693061e-05 2.812906316734389909e-04 2.221990790938576765e+00 8.905826849303246640e-01 8.781216506502740327e-01 9.032127162318636104e-01 0.000000000000000000e+00
7.545785680761798453e+00 1.643067978236111282e+00 1.979147992685061596e-04 1.000000000000000000e+00 8.090447944533276964e-05 3.180366356458557775e-04 3.314698662155336706e+00 8.892652039639130646e-01 8.768227288799904651e-01 9.018765938469343046e-01 0.000000000000000000e+00
7.552078188694705041e+00 1.641698948675104575e+00 2.453773788743495560e-04 1.000000000000000000e+00 1.275376322104225719e-04 3.663257464625901180e-04 5.081404561216004367e+00 8.834150397474279659e-01 8.709412855989062674e-01 8.960597397728270463e-01 0.000000000000000000e+00
7.558375944014398939e+00 1.640331059810627101e+00 2.697880388308825463e-04 1.000000000000000000e+00 1.513556785797265792e-04 3.913391314259444969e-04 6.108014882496888731e+00 8.825613152849847154e-01 8.701008053831057465e-01 8.951926862244045102e-01 0.000000000000000000e+00
7.564678951096730941e+00 1.638964310692231585e+00 2.960504525022892327e-04 1.000000000000000000e+00 1.769288020188287069e-04 4.183156850826388884e-04 7.320167497195583906e+00 8.779929184393507891e-01 8.654891824614547868e-01 8.906695898933598698e-01 0.000000000000000000e+00
7.570987214321198699e+00 1.637598700370265004e+00 2.968472965654224871e-04 1.000000000000000000e+00 1.772821471272136116e-04 4.195893435642308270e-04 7.300577409274879415e+00 8.780418130847004177e-01 8.655427547189997739e-01 8.907135990564688521e-01 0.000000000000000000e+00
7.577300738070952946e+00 1.636234227895864146e+00 3.030101025202536669e-04 1.000000000000000000e+00 1.828407708520865397e-04 4.263848011230500891e-04 7.549932743211101638e+00 8.732263994501583415e-01 8.606834505471693264e-01 8.859441712954705395e-01 0.000000000000000000e+00
7.583619526732800153e+00 1.634870892320956948e+00 2.913764545784208412e-04 1.000000000000000000e+00 1.706622847919926959e-04 4.153172891256709499e-04 6.915742602824892060e+00 8.713701224594424533e-01 8.586870029486713962e-01 8.842322319310894629e-01 0.000000000000000000e+00
7.589943584697204315e+00 1.633508692698261822e+00 2.633196016679152825e-04 1.000000000000000000e+00 1.425644634554843837e-04 3.873317736128806602e-04 5.595425045699371935e+00 8.726947048468183254e-01 8.600807315582787993e-01 8.854855362324891566e-01 0.000000000000000000e+00
7.596272916358290495e+00 1.632147628081284996e+00 2.326866781295815830e-04 1.000000000000000000e+00 1.118922648523466704e-04 3.567709108635185771e-04 4.343532047397232532e+00 8.736587718052838403e-01 8.608876580659921007e-01 8.866108482584478256e-01 0.000000000000000000e+00
7.602607526113848380e+00 1.630787697524322288e+00 2.037412787206605513e-04 1.000000000000000000e+00 8.337559033313522001e-05 3.274431440066130736e-04 3.322456671793489136e+00 8.736761999588151806e-01 8.609888487376563537e-01 8.865421857795815486e-01 0.000000000000000000e+00
7.608947418365335835e+00 1.629428900082457776e+00 1.815931648500679438e-04 1.000000000000000000e+00 6.142219095158601408e-05 3.051382469302744505e-04 2.638241073517875179e+00 8.717151276979470120e-01 8.588934534853805980e-01 8.847195402941646636e-01 0.000000000000000000e+00
7.615292597517878903e+00 1.628071234811562906e+00 1.541910334939950410e-04 1.000000000000000000e+00 3.441334132130960573e-05 2.773775569995616920e-04 1.896710502137295862e+00 8.718909625003875563e-01 8.591511597866546834e-01 8.848111678224873655e-01 0.000000000000000000e+00
7.621643067980279795e+00 1.626714700768294497e+00 1.198901456891469773e-04 1.000000000000000000e+00 1.310579603040800322e-07 2.430754527655992498e-04 1.139174881453442367e+00 8.749858152293537028e-01 8.620722452924201029e-01 8.880841436604497430e-01 0.000000000000000000e+00
7.627998834165015118e+00 1.625359297010096737e+00 9.256309009474249943e-05 1.000000000000000000e+00 -2.725922689740217070e-05 2.158295973480708386e-04 6.740153196785598766e-01 8.768769845972260724e-01 8.638703163847911703e-01 8.900707463858864577e-01 0.000000000000000000e+00
7.634359900488242090e+00 1.624005022595198744e+00 7.272735631410721729e-05 1.000000000000000000e+00 -4.708729889735485631e-05 1.960162805267427603e-04 4.135324152182420221e-01 8.776493051182966409e-01 8.646455547239462192e-01 8.908400611104348998e-01 0.000000000000000000e+00
7.640726271369800315e+00 1.622651876582614117e+00 6.495841938714902930e-05 1.000000000000000000e+00 -5.495109299315744148e-05 1.883811274557724421e-04 3.287558626588094057e-01 8.760375607782036056e-01 8.629667524581308147e-01 8.892975707955579345e-01 0.000000000000000000e+00
7.647097951233216229e+00 1.621299858032140939e+00 5.529193643715711603e-05 1.000000000000000000e+00 -6.458266158840527478e-05 1.787195826803047029e-04 2.373023849383031347e-01 8.764188189599773082e-01 8.633563626243183631e-01 8.896701657117805917e-01 0.000000000000000000e+00
7.653474944505703093e+00 1.619948966004359558e+00 5.909359957917979437e-05 1.000000000000000000e+00 -6.104871639450306178e-05 1.828123714681541398e-04 2.701268317082394788e-01 8.736456251633453185e-01 8.605246633305971837e-01 8.869578348931557166e-01 0.000000000000000000e+00
7.659857255618167216e+00 1.618599199560634805e+00 5.590151850027677034e-05 1.000000000000000000e+00 -6.446154160015477106e-05 1.798558475644707337e-04 2.402677212313193422e-01 8.737836475904722233e-01 8.606717671379280343e-01 8.870866383910539499e-01 0.000000000000000000e+00
7.666244889005210617e+00 1.617250557763112662e+00 4.894871853242442974e-05 1.000000000000000000e+00 -7.174005772631259544e-05 1.732484534418675284e-04 1.828862837973446176e-01 8.752784990843851531e-01 8.620761355887670563e-01 8.886744245165583145e-01 0.000000000000000000e+00
7.672637849105131913e+00 1.615903039674720043e+00 3.995135309771960579e-05 1.000000000000000000e+00 -8.113589166648590154e-05 1.646879795580938495e-04 1.208959508222591239e-01 8.770737583768127843e-01 8.636995664364155445e-01 8.906461442891329128e-01 0.000000000000000000e+00
7.679036140359931650e+00 1.614556644359165460e+00 3.229743765303816501e-05 1.000000000000000000e+00 -8.901678106865306317e-05 1.573197754206090188e-04 7.832302944557056890e-02 8.777543889337753313e-01 8.644618932661009003e-01 8.912424980137290120e-01 0.000000000000000000e+00
7.685439767215314077e+00 1.613211370880937023e+00 1.557216759617593673e-05 1.000000000000000000e+00 -1.063421508981943908e-04 1.412324059019143263e-04 1.798466580615354360e-02 8.806362849457303188e-01 8.671584903947182621e-01 8.943144339880148008e-01 0.000000000000000000e+00
7.691848734120691589e+00 1.611867218305303329e+00 6.895695300311840471e-06 1.000000000000000000e+00 -1.155304228039227187e-04 1.330894037181668877e-04 3.483237449160014876e-03 8.805260685206620641e-01 8.671300364138873062e-01 8.941201743382785061e-01 0.000000000000000000e+00
7.698263045529186499e+00 1.610524185698310351e+00 -6.859548327948890992e-06 -1.000000000000000000e+00 -1.298531655054741040e-04 1.199008869645117254e-04 3.412318238929401559e-03 8.821426070898388261e-01 8.685653029757727239e-01 8.959231531748536037e-01 0.000000000000000000e+00
7.704682705897634598e+00 1.609182272126782998e+00 -1.514208766989753082e-05 -1.000000000000000000e+00 -1.379685185140101886e-04 1.114641174137229114e-04 1.659716420859069785e-02 8.824784495713269283e-01 8.689842311970488176e-01 8.961735416005734978e-01 0.000000000000000000e+00
7.711107719686588702e+00 1.607841476658323998e+00 -1.041275375170715743e-05 -1.000000000000000000e+00 -1.328728938442191518e-04 1.158396451140624708e-04 7.915374490920612516e-03 8.789339187127014341e-01 8.653031149733785288e-01 8.927703293906724680e-01 0.000000000000000000e+00
7.717538091360320429e+00 1.606501798361312572e+00 -8.283601647709027907e-06 -1.000000000000000000e+00 -1.299439783282750128e-04 1.171801844554359509e-04 5.076131080713253141e-03 8.757145856107542148e-01 8.620265006659401097e-01 8.896107486371515050e-01 0.000000000000000000e+00
7.723973825386825531e+00 1.605163236304904206e+00 -1.594466753339158488e-05 -1.000000000000000000e+00 -1.365946941844398306e-04 1.085118485482831847e-04 1.902718023359284416e-02 8.742973276930205984e-01 8.607090350686544822e-01 8.880911516019437402e-01 0.000000000000000000e+00
7.730414926237823892e+00 1.603825789559029547e+00 -2.187537561413952969e-05 -1.000000000000000000e+00 -1.420989743270454839e-04 1.021367856626029816e-04 3.610474408748132191e-02 8.703529986762006398e-01 8.566242520696000229e-01 8.842925271183733615e-01 0.000000000000000000e+00
7.736861398388765743e+00 1.602489457194395728e+00 -4.469218560877745081e-05 -1.000000000000000000e+00 -1.643720598362432780e-04 7.876110120498705871e-05 1.509597122515060619e-01 8.700523083096520782e-01 8.564058734006538831e-01 8.839072229381945700e-01 0.000000000000000000e+00
7.743313246318833443e+00 1.601154238282482378e+00 -7.342566925229615548e-05 -1.000000000000000000e+00 -1.928541989506586348e-04 4.975964251228077496e-05 4.073880881013423050e-01 8.703813667745493587e-01 8.565569635688373706e-01 8.843489413627638740e-01 0.000000000000000000e+00
7.749770474510944140e+00 1.599820131895543396e+00 -1.020395600939610821e-04 -1.000000000000000000e+00 -2.207387325474460967e-04 2.042940006132214074e-05 7.885858397042113666e-01 8.701976395892688787e-01 8.564586969475884715e-01 8.841480233322943638e-01 0.000000000000000000e+00
7.756233087451753327e+00 1.598487137106606282e+00 -1.163868715123643033e-04 -1.000000000000000000e+00 -2.344599628300117770e-04 5.482829502198184450e-06 1.034065886395808320e+00 8.654360408226432488e-01 8.515638740395424788e-01 8.794531064927684216e-01 0.000000000000000000e+00
7.762701089631657503e+00 1.597155252989470364e+00 -1.391684022961048827e-04 -1.000000000000000000e+00 -2.561688885171729542e-04 -1.832583148802009059e-05 1.489647314267045886e+00 8.636293156050893760e-01 8.498637956831033291e-01 8.775378480873198273e-01 0.000000000000000000e+00
7.769174485544799502e+00 1.595824478618706577e+00 -1.704997000420195054e-04 -1.000000000000000000e+00 -2.868410463621939507e-04 -5.028810882375141906e-05 2.242579565813855424e+00 8.645237135347751956e-01 8.505839186047111644e-01 8.786098869307124026e-01 0.000000000000000000e+00
7.775653279689067610e+00 1.594494813069657235e+00 -1.804816370355749209e-04 -1.000000000000000000e+00 -2.966382502735730262e-04 -6.042358022444263034e-05 2.514511274379671590e+00 8.577401085798632696e-01 8.437606452060726347e-01 8.718681163631614162e-01 0.000000000000000000e+00
7.782137476566102663e+00 1.593166255418435151e+00 -2.151446276220267905e-04 -1.000000000000000000e+00 -3.311296499651206725e-04 -9.523574118073647413e-05 3.545422739286891556e+00 8.590479190794767517e-01 8.450624926134798764e-01 8.731818332262907267e-01 0.000000000000000000e+00
7.788627080681298942e+00 1.591838804741922297e+00 -2.356017235484565242e-04 -1.000000000000000000e+00 -3.517101662872361293e-04 -1.155422088261040184e-04 4.222720211095690956e+00 8.561697758612198950e-01 8.421111330264409167e-01 8.703789578663057025e-01 0.000000000000000000e+00
7.795122096543806833e+00 1.590512460117771143e+00 -2.628448413576140916e-04 -1.000000000000000000e+00 -3.787281824268440267e-04 -1.429731271476221443e-04 5.225511351765860013e+00 8.571653363692582905e-01 8.431062336553112324e-01 8.713749464923721266e-01 0.000000000000000000e+00
7.801622528666539047e+00 1.589187220624400876e+00 -2.773215746734705093e-04 -1.000000000000000000e+00 -3.929291362329005353e-04 -1.576931667907183719e-04 5.814969999554278957e+00 8.560463234950225209e-01 8.419064981270092396e-01 8.703385419314071392e-01 0.000000000000000000e+00
7.808128381566169729e+00 1.587863085341000069e+00 -2.907156259352594997e-04 -1.000000000000000000e+00 -4.057717086250348191e-04 -1.716104331933291001e-04 6.403816250585649072e+00 8.564873094382301488e-01 8.423589421348126605e-01 8.707678527437571203e-01 0.000000000000000000e+00
7.814639659763139790e+00 1.586540053347523793e+00 -2.856348532826130746e-04 -1.000000000000000000e+00 -4.004178072939518739e-04 -1.667831431984581831e-04 6.212444499856403013e+00 8.516162464963291656e-01 8.374408266757925601e-01 8.659458654305093317e-01 0.000000000000000000e+00
7.821156367781661345e+00 1.585218123724693617e+00 -2.997817159743073430e-04 -1.000000000000000000e+00 -4.143956345739132382e-04 -1.810894483573929881e-04 6.839874466245376539e+00 8.531659539853676533e-01 8.388035639701173496e-01 8.676862548933009789e-01 0.000000000000000000e+00
7.827678510149716828e+00 1.583897295553998275e+00 -3.113499440255148676e-04 -1.000000000000000000e+00 -4.257434573292581963e-04 -1.928643791509748327e-04 7.357260004216044535e+00 8.528651273047422876e-01 8.385998257182221138e-01 8.672865228546225991e-01 0.000000000000000000e+00
7.834206091399066985e+00 1.582577567917689887e+00 -3.244038340418367518e-04 -1.000000000000000000e+00 -4.389278005405139590e-04 -2.057877287959555238e-04 7.956706405115596681e+00 8.518107607783340640e-01 8.373732123611092870e-01 8.664084517707031363e-01 0.000000000000000000e+00
7.840739116065250869e+00 1.581258939898786631e+00 -3.551531782775643482e-04 -1.000000000000000000e+00 -4.691815148928083412e-04 -2.369995185675911290e-04 9.492721993428588689e+00 8.557558123513067105e-01 8.413807159926919299e-01 8.702891051114074461e-01 0.000000000000000000e+00
7.847277588687588512e+00 1.579941410581070071e+00 -3.870653647354539923e-04 -1.000000000000000000e+00 -5.006055631355523991e-04 -2.693429230879341042e-04 1.125364043885235787e+01 8.591725088037335256e-01 8.445907561574494959e-01 8.739163180161522160e-01 0.000000000000000000e+00
7.853821513809187138e+00 1.578624979049085830e+00 -4.066256585353865719e-04 -1.000000000000000000e+00 -5.194906098585107528e-04 -2.895037645358597336e-04 1.241820647257355859e+01 8.572551172457250068e-01 8.427853873995209133e-01 8.718847145267857313e-01 0.000000000000000000e+00
7.860370895976941163e+00 1.577309644388141585e+00 -4.363685562219859712e-04 -1.000000000000000000e+00 -5.491086907596900903e-04 -3.193442083745028168e-04 1.422141003549641880e+01 8.579290138366345575e-01 8.432684325202226550e-01 8.727534753634195175e-01 0.000000000000000000e+00
7.866925739741537527e+00 1.575995405684307737e+00 -4.585258848686352248e-04 -1.000000000000000000e+00 -5.711865413644470887e-04 -3.415627560537936344e-04 1.558534152302176778e+01 8.557557519289188397e-01 8.412027424127327402e-01 8.704708102822784621e-01 0.000000000000000000e+00
7.873486049657457464e+00 1.574682262024415857e+00 -4.832158508764653154e-04 -1.000000000000000000e+00 -5.959703904643849203e-04 -3.661424888487170050e-04 1.718869795799238887e+01 8.557635654840523021e-01 8.410231533353048627e-01 8.706702267832767683e-01 0.000000000000000000e+00
7.880051830282980951e+00 1.573370212496058462e+00 -4.877151288177359397e-04 -1.000000000000000000e+00 -6.000626338915207103e-04 -3.709693273600035983e-04 1.750583652981663363e+01 8.512063968694923988e-01 8.366008914187155199e-01 8.659759018200099412e-01 0.000000000000000000e+00
7.886623086180188480e+00 1.572059256187587906e+00 -4.887586289122454681e-04 -1.000000000000000000e+00 -6.009724754369259042e-04 -3.720713664467336572e-04 1.758889325617971622e+01 8.479843485625159216e-01 8.332233715621834014e-01 8.629132949968594257e-01 0.000000000000000000e+00
7.893199821914964609e+00 1.570749392188117488e+00 -4.798975773599542961e-04 -1.000000000000000000e+00 -5.924512606253748209e-04 -3.628138945651948936e-04 1.689371211359367919e+01 8.432863718913423678e-01 8.284655473766693312e-01 8.582773839762709578e-01 0.000000000000000000e+00
7.899782042057002407e+00 1.569440619587517682e+00 -4.777355708521306677e-04 -1.000000000000000000e+00 -5.911456155316415590e-04 -3.597695586375977868e-04 1.652085177550966932e+01 8.430673625731541776e-01 8.282491438120955785e-01 8.580557494822165232e-01 0.000000000000000000e+00
7.906369751179806116e+00 1.568132937476418354e+00 -4.458829561552763582e-04 -1.000000000000000000e+00 -5.609996554925807469e-04 -3.262038306456312240e-04 1.418706731658313913e+01 8.358837924163546873e-01 8.210164908537750383e-01 8.509238495467127406e-01 0.000000000000000000e+00
7.912962953860692039e+00 1.566826344946206540e+00 -4.176594466626854830e-04 -1.000000000000000000e+00 -5.343379018129307181e-04 -2.963896351538383624e-04 1.225157613695223802e+01 8.346446201043901114e-01 8.197878169255705672e-01 8.496742400727705924e-01 0.000000000000000000e+00
7.919561654680794760e+00 1.565520841089027337e+00 -3.579412759582865163e-04 -1.000000000000000000e+00 -4.764041272351601667e-04 -2.348636980014865566e-04 8.919949954691674066e+00 8.276378945965785494e-01 8.127359680373199557e-01 8.427149138174090393e-01 0.000000000000000000e+00
7.926165858225068916e+00 1.564216424997781019e+00 -3.004838052802096915e-04 -1.000000000000000000e+00 -4.203884543690184850e-04 -1.759357925839668299e-04 6.241549732660473637e+00 8.252729205128890300e-01 8.104013493167167015e-01 8.403194780515512718e-01 0.000000000000000000e+00
7.932775569082291867e+00 1.562913095766124583e+00 -2.240464897824914899e-04 -1.000000000000000000e+00 -3.457387101426441815e-04 -9.767574266488903431e-05 3.452672807723601522e+00 8.184004691228828898e-01 8.034877876604300528e-01 8.334904937079484766e-01 0.000000000000000000e+00
7.939390791845069018e+00 1.561610852488469980e+00 -1.593548233154816333e-04 -1.000000000000000000e+00 -2.829537492357620952e-04 -3.104510126732254243e-05 1.726664687279225063e+00 8.157922287968573105e-01 8.009085867302609962e-01 8.308530542924336126e-01 0.000000000000000000e+00
7.946011531109834714e+00 1.560309694259983226e+00 -6.927782331777858501e-05 -1.000000000000000000e+00 -1.955854313760476944e-04 6.174848593600053693e-05 3.221312065205381714e-01 8.040861717976967027e-01 7.891930505018118769e-01 8.191592358021425602e-01 0.000000000000000000e+00
7.952637791476856677e+00 1.559009620176584621e+00 -6.077410860207526082e-07 -1.000000000000000000e+00 -1.296855233913787560e-04 1.331724413890711855e-04 2.432931398743676255e-05 7.988701723658389042e-01 7.838196539037590727e-01 8.141055505390534242e-01 0.000000000000000000e+00
7.959269577550237784e+00 1.557710629334948083e+00 5.547868030708163730e-05 1.000000000000000000e+00 -7.572259017802620510e-05 1.913870523677461554e-04 1.991589286671171521e-01 7.967625292727459341e-01 7.818186139769927046e-01 8.118894024702497658e-01 0.000000000000000000e+00
7.965906893937922284e+00 1.556412720832499597e+00 1.293095301453064028e-04 1.000000000000000000e+00 -4.056887797931798666e-06 2.674120088496721552e-04 1.072078448208529267e+00 7.872431639409560589e-01 7.721852188153034424e-01 8.024888915966733594e-01 0.000000000000000000e+00
7.972549745251694908e+00 1.555115893767417656e+00 1.782014581668841353e-04 1.000000000000000000e+00 4.353812297926146083e-05 3.176679902110807131e-04 2.019095637337045446e+00 7.835927021453688024e-01 7.686624525583886092e-01 7.987083588223684583e-01 0.000000000000000000e+00
7.979198136107187977e+00 1.553820147238631932e+00 2.327240931197626500e-04 1.000000000000000000e+00 9.644328186645409820e-05 3.738669359646005705e-04 3.422380587980399014e+00 7.755455655184109176e-01 7.604913816099350132e-01 7.907898223790584824e-01 0.000000000000000000e+00
7.985852071123881402e+00 1.552525480345822828e+00 2.580516436030151476e-04 1.000000000000000000e+00 1.206122761610466435e-04 4.003984725059547161e-04 4.157008236721054573e+00 7.744266063575961923e-01 7.594725694994979293e-01 7.895685351718662037e-01 0.000000000000000000e+00
7.992511554925108008e+00 1.551231892189421036e+00 2.869112119500934806e-04 1.000000000000000000e+00 1.478681407606244032e-04 4.308728251240202204e-04 5.074624299040806363e+00 7.699499918462754389e-01 7.548328948545874884e-01 7.852601597637338671e-01 0.000000000000000000e+00
7.999176592138056208e+00 1.549939381870606869e+00 3.058396083997995851e-04 1.000000000000000000e+00 1.657472717157998680e-04 4.508665583732578575e-04 5.698160929140158260e+00 7.666843052736700415e-01 7.516848269242861758e-01 7.818747685972856631e-01 0.000000000000000000e+00
