# OBJ_NAME=4U 1630-472
#         GRID_START=6.00
#         GRID_END=8.00
#         GRID_STEP_FRACTION=0.50
#         XSPEC_FITSTAT=cstat
#         XSPEC_CONTINUUM_MODEL=tbabs*(bbodyrad + pow)*constant
#         XSPEC_LINE_MODEL=gauss
#         LINE_VELOCITY_WIDTH=500
#         INPUT_FILE=/home/simon/Downloads/tgcat/obs_4568_tgid_6316/pm_heg_abs1.pha
#         SEARCH_MODE=Sliding window
#         FIT_REGION_WIDTH=30.00
#         RUNTIME=201
#         COLUMN_NAMES=ENERGY,WAVELENGTH,NORM,NORM_SIGN,NORM_ERR_LO,NORM_ERR_HI,DELTA_FITSTAT,CONSTANT_FACTOR,CONSTANT_FACTOR_ERR_LO,CONSTANT_FACTOR_ERR_HI,FIT_ERR
6.000000000000000000e+00 2.066373137115381287e+00 -3.041625430693177405e-06 -1.000000000000000000e+00 -7.258813816743414898e-05 6.747814153695689838e-05 2.110970187686689314e-03 9.735865557329682618e-01 9.693606990383107913e-01 9.778303140905260094e-01 0.000000000000000000e+00
6.005003461427972589e+00 2.064651403172383937e+00 1.660168787255387554e-05 1.000000000000000000e+00 -5.332518339665567224e-05 8.750287427534025094e-05 6.247516165763045137e-02 9.741950841006947748e-01 9.699333150975957274e-01 9.784750386973614100e-01 0.000000000000000000e+00
6.010011095293655181e+00 2.062931103804642063e+00 3.895565163263658536e-05 1.000000000000000000e+00 -3.123527162422876004e-05 1.101216770886249795e-04 3.420216662898383220e-01 9.746452848232038946e-01 9.704065258910693492e-01 9.789020545794901995e-01 0.000000000000000000e+00
6.015022905076486737e+00 2.061212237816845594e+00 6.504607471621174709e-05 1.000000000000000000e+00 -5.374474560471600841e-06 1.364435548412809194e-04 9.508672492747791694e-01 9.747492977772285183e-01 9.705002296289537700e-01 9.790165210938753804e-01 0.000000000000000000e+00
6.020038894258807005e+00 2.059494804014679215e+00 9.623778230692061253e-05 1.000000000000000000e+00 2.563799138127341882e-05 1.678168601158788503e-04 2.081874156760250116e+00 9.738537847234952638e-01 9.695731385182948525e-01 9.781528756308283112e-01 0.000000000000000000e+00
6.025059066325860080e+00 2.057778801204824592e+00 1.189151753370711382e-04 1.000000000000000000e+00 4.822531950396058095e-05 1.905869575723373086e-04 3.179754440735678145e+00 9.738444048855063873e-01 9.695540824567382421e-01 9.781531302718310394e-01 0.000000000000000000e+00
6.030083424765796174e+00 2.056064228194956822e+00 1.403602194209226659e-04 1.000000000000000000e+00 6.959938535829515564e-05 2.121050410606594057e-04 4.427109240946492719e+00 9.726359812575295916e-01 9.683731624694775775e-01 9.769170716503062790e-01 0.000000000000000000e+00
6.035111973069674285e+00 2.054351083793744426e+00 1.414206372575661449e-04 1.000000000000000000e+00 7.049429235720041265e-05 2.133306331493354971e-04 4.479963106508421333e+00 9.734416297748138547e-01 9.691425524843975126e-01 9.777592160743974192e-01 0.000000000000000000e+00
6.040144714731465747e+00 2.052639366810848021e+00 1.325886960295921148e-04 1.000000000000000000e+00 6.157366363011627485e-05 2.045902762391674365e-04 3.924545383023314571e+00 9.742024887400526634e-01 9.698909443202814451e-01 9.785326956412969679e-01 0.000000000000000000e+00
6.045181653248054232e+00 2.050929076056921652e+00 1.202740389535599219e-04 1.000000000000000000e+00 4.930079121851989354e-05 1.922378636874563752e-04 3.223405566269320843e+00 9.740253967307923588e-01 9.697387275376407878e-01 9.783304937845567206e-01 0.000000000000000000e+00
6.050222792119239301e+00 2.049220210343609683e+00 1.016483378465371230e-04 1.000000000000000000e+00 3.068971686630621537e-05 1.736028198872978335e-04 2.300504234146956151e+00 9.740374861705508591e-01 9.697162981543501203e-01 9.783773743891371888e-01 0.000000000000000000e+00
6.055268134847740846e+00 2.047512768483544576e+00 7.753690172441159482e-05 1.000000000000000000e+00 6.645316556357652943e-06 1.494293498617093143e-04 1.336901507514767218e+00 9.747851699624646704e-01 9.704517225489037724e-01 9.791374149808087513e-01 0.000000000000000000e+00
6.060317684939197314e+00 2.045806749290351334e+00 6.255133169230830861e-05 1.000000000000000000e+00 -8.347865095871952082e-06 1.344551227497699968e-04 8.683885269069833157e-01 9.742297455533356354e-01 9.698864412020200554e-01 9.785919639350511012e-01 0.000000000000000000e+00
6.065371445902172809e+00 2.044102151578641724e+00 4.963855616476037220e-05 1.000000000000000000e+00 -2.131072424651289117e-05 1.215959484349180897e-04 5.450246525315378676e-01 9.744884670143854066e-01 9.701449814540245020e-01 9.788508851531659838e-01 0.000000000000000000e+00
6.070429421248155322e+00 2.042398974164015168e+00 4.743193250010377973e-05 1.000000000000000000e+00 -2.364576343637394786e-05 1.195212385796061135e-04 4.958847834818698175e-01 9.746378923368859137e-01 9.702828110252810223e-01 9.790120085404347972e-01 0.000000000000000000e+00
6.075491614491562942e+00 2.040697215863058300e+00 5.247743250706359642e-05 1.000000000000000000e+00 -1.875176148232967667e-05 1.247208692749347879e-04 6.049508096955378278e-01 9.757904927784644133e-01 9.714217766286838973e-01 9.801783010150081354e-01 0.000000000000000000e+00
6.080558029149742971e+00 2.038996875493343186e+00 7.846877458481841346e-05 1.000000000000000000e+00 7.073937778992973944e-06 1.508784297469540204e-04 1.350510365886066211e+00 9.752774282942264783e-01 9.709107867089183941e-01 9.796630944293494014e-01 0.000000000000000000e+00
6.085628668742976366e+00 2.037297951873428659e+00 1.108781164790396343e-04 1.000000000000000000e+00 3.932985424448660579e-05 1.834397704159423893e-04 2.696499689579923142e+00 9.751251835209837626e-01 9.707485202611221276e-01 9.795210083151417724e-01 0.000000000000000000e+00
6.090703536794479511e+00 2.035600443822857208e+00 1.476669417143187675e-04 1.000000000000000000e+00 7.601572438924210904e-05 2.203309170782193538e-04 4.791741113470379787e+00 9.743959502789939497e-01 9.700108585631380675e-01 9.788003567656675674e-01 0.000000000000000000e+00
6.095782636830406886e+00 2.033904350162153651e+00 1.766234831066801955e-04 1.000000000000000000e+00 1.048750019130772283e-04 2.493852798308173434e-04 6.869842413663036496e+00 9.739205209184594869e-01 9.695015590190705357e-01 9.783590359821003890e-01 0.000000000000000000e+00
6.100865972379854618e+00 2.032209669712826461e+00 1.866666939225317319e-04 1.000000000000000000e+00 1.149363244826325886e-04 2.594130431793715955e-04 7.674238914656143606e+00 9.746302468818668352e-01 9.702358662517716059e-01 9.790440037920229432e-01 0.000000000000000000e+00
6.105953546974859592e+00 2.030516401297367324e+00 1.857216048799586138e-04 1.000000000000000000e+00 1.138692707483954952e-04 2.585912621876438472e-04 7.580875217261564103e+00 9.744309320028946564e-01 9.700006859499267220e-01 9.788808636820655051e-01 0.000000000000000000e+00
6.111045364150406556e+00 2.028824543739246700e+00 1.554947789284729363e-04 1.000000000000000000e+00 8.358400190977143158e-05 2.284259185999594813e-04 5.285983667573191269e+00 9.771231381328088217e-01 9.726746381024674593e-01 9.815914266851031300e-01 0.000000000000000000e+00
6.116141427444425460e+00 2.027134095862917373e+00 1.260949741570079248e-04 1.000000000000000000e+00 5.418718651047785338e-05 1.990291834623987642e-04 3.458798714242448114e+00 9.778848463563826199e-01 9.734591658655427082e-01 9.823300552012351750e-01 0.000000000000000000e+00
6.121241740397799447e+00 2.025445056493809570e+00 9.113516210437448012e-05 1.000000000000000000e+00 1.918322317240916453e-05 1.641185964299449185e-04 1.798928207437256788e+00 9.794468755174764452e-01 9.749805277693250893e-01 9.839330776075911889e-01 0.000000000000000000e+00
6.126346306554362187e+00 2.023757424458334508e+00 6.071731202274266697e-05 1.000000000000000000e+00 -1.119476592902277621e-05 1.336652081029437197e-04 7.962608370091857068e-01 9.813164055290154453e-01 9.768339366487297504e-01 9.858188329612891376e-01 0.000000000000000000e+00
6.131455129460903208e+00 2.022071198583879958e+00 4.607689823314499249e-05 1.000000000000000000e+00 -2.577915427734929656e-05 1.189708442432997615e-04 4.583698494659529388e-01 9.822015197095118610e-01 9.777056639100049074e-01 9.867175311887897982e-01 0.000000000000000000e+00
6.136568212667169675e+00 2.020386377698810687e+00 4.660468041298282930e-05 1.000000000000000000e+00 -2.515051778302288666e-05 1.193982176864964305e-04 4.698949995174643846e-01 9.821931203644286290e-01 9.776991251197397759e-01 9.867072267825877097e-01 0.000000000000000000e+00
6.141685559725869936e+00 2.018702960632467569e+00 5.229580579397026535e-05 1.000000000000000000e+00 -1.933508569843184129e-05 1.249647692009711792e-04 5.939078811579747708e-01 9.823210724400159854e-01 9.778164375767572913e-01 9.868459124810274874e-01 0.000000000000000000e+00
6.146807174192673529e+00 2.017020946215167587e+00 6.093562270147076217e-05 1.000000000000000000e+00 -1.055695177628885716e-05 1.334673504983892246e-04 8.100704166788545990e-01 9.816095039991348248e-01 9.770960261692350768e-01 9.861432399712064534e-01 0.000000000000000000e+00
6.151933059626216505e+00 2.015340333278202056e+00 5.748225046533814950e-05 1.000000000000000000e+00 -1.386418710612225035e-05 1.298705030825473563e-04 7.228225289773035911e-01 9.816829865772798147e-01 9.771713802326382758e-01 9.862148721253550798e-01 0.000000000000000000e+00
6.157063219588101433e+00 2.013661120653835290e+00 4.045284372099032234e-05 1.000000000000000000e+00 -3.083114243201819603e-05 1.127814706404786866e-04 3.577918842479448358e-01 9.821093896244914578e-01 9.775849491140629066e-01 9.866542013837268366e-01 0.000000000000000000e+00
6.162197657642900950e+00 2.011983307175305935e+00 1.319679250074014577e-05 1.000000000000000000e+00 -5.809538174559382732e-05 8.553706413534872908e-05 3.794231683059479110e-02 9.823705426743948310e-01 9.778326318259638050e-01 9.869289732899420020e-01 0.000000000000000000e+00
6.167336377358160426e+00 2.010306891676824304e+00 -2.633937121048364664e-05 -1.000000000000000000e+00 -9.769176675251552123e-05 4.606494495548641604e-05 1.503251581298172823e-01 9.838737777073284230e-01 9.792934567970231763e-01 9.884749790040151529e-01 0.000000000000000000e+00
6.172479382304400630e+00 2.008631872993570600e+00 -6.087654741374868710e-05 -1.000000000000000000e+00 -1.321638642626505157e-04 1.146867120550515651e-05 7.995481480795660900e-01 9.847433998897874297e-01 9.801867428222472700e-01 9.893205910440345807e-01 0.000000000000000000e+00
6.177626676055119503e+00 2.006958249961698471e+00 -8.461548375496336278e-05 -1.000000000000000000e+00 -1.559002046077674099e-04 -1.226913075145431484e-05 1.541759383481803525e+00 9.853103798104305699e-01 9.807142030520172860e-01 9.899274397417120452e-01 0.000000000000000000e+00
6.182778262186794827e+00 2.005286021418328790e+00 -9.270255235913398494e-05 -1.000000000000000000e+00 -1.639177739140505979e-04 -2.042245938881232512e-05 1.851744630643679557e+00 9.854176084010087822e-01 9.808093354309418421e-01 9.900468792622294512e-01 0.000000000000000000e+00
6.187934144278887771e+00 2.003615186201552323e+00 -8.877811309611649299e-05 -1.000000000000000000e+00 -1.598666332471687765e-04 -1.662204964487273059e-05 1.701554375487603465e+00 9.856301143014006838e-01 9.810492009767548538e-01 9.902318453717455782e-01 0.000000000000000000e+00
6.193094325913842901e+00 2.001945743150427948e+00 -7.406514675826134911e-05 -1.000000000000000000e+00 -1.451770705625612967e-04 -1.886353477530965952e-06 1.187023287810461625e+00 9.852316540319183691e-01 9.806145770257075345e-01 9.898698581618812220e-01 0.000000000000000000e+00
6.198258810677093500e+00 2.000277691104981770e+00 -6.212030523691424377e-05 -1.000000000000000000e+00 -1.332354617564380931e-04 1.006148098505756615e-05 8.361399528237143386e-01 9.856215753457326922e-01 9.809920567005843139e-01 9.902723809022966339e-01 0.000000000000000000e+00
6.203427602157062459e+00 1.998611028906206677e+00 -5.320238879929209468e-05 -1.000000000000000000e+00 -1.242890573587277685e-04 1.895415161343822294e-05 6.134114593580761721e-01 9.857143642297814257e-01 9.811119222376135651e-01 9.903377915906361739e-01 0.000000000000000000e+00
6.208600703945164057e+00 1.996945755396060118e+00 -4.974352752039526681e-05 -1.000000000000000000e+00 -1.209647479674897595e-04 2.255186157371127502e-05 5.352073253360458693e-01 9.854236892399249603e-01 9.807833789034042793e-01 9.900853917781841096e-01 0.000000000000000000e+00
6.213778119635809283e+00 1.995281869417466547e+00 -5.597134341891489079e-05 -1.000000000000000000e+00 -1.273611330296554227e-04 1.649732358401220024e-05 6.742040880187687435e-01 9.857893975413710708e-01 9.811344315947372330e-01 9.904658594677198113e-01 0.000000000000000000e+00
6.218959852826404955e+00 1.993619369814312314e+00 -6.004201702314773529e-05 -1.000000000000000000e+00 -1.316733180073051792e-04 1.267077483941914725e-05 7.708561532216435808e-01 9.852778806494889574e-01 9.806095568578085953e-01 9.899677804162693162e-01 0.000000000000000000e+00
6.224145907117359044e+00 1.991958255431448777e+00 -6.361601010845839078e-05 -1.000000000000000000e+00 -1.354315092933147538e-04 9.283470555290152990e-06 8.605269232006094171e-01 9.853491824428999291e-01 9.806806179206417617e-01 9.900393177179246385e-01 0.000000000000000000e+00
6.229336286112081567e+00 1.990298525114688521e+00 -6.215941957748842041e-05 -1.000000000000000000e+00 -1.340767075187988193e-04 1.084603279072217494e-05 8.195501398732858434e-01 9.859537750860455363e-01 9.812705592042085811e-01 9.906586675636674943e-01 0.000000000000000000e+00
6.234530993416986355e+00 1.988640177710806478e+00 -4.444139386394829543e-05 -1.000000000000000000e+00 -1.164530745743148812e-04 2.866324358530530740e-05 4.193186345572712526e-01 9.850065464730118903e-01 9.802864107774561520e-01 9.897487391231222231e-01 0.000000000000000000e+00
6.239730032641496393e+00 1.986983212067538140e+00 -2.187477631465774440e-05 -1.000000000000000000e+00 -9.389565278645765531e-05 5.124337988378599201e-05 1.016832621420462601e-01 9.842442487006030083e-01 9.795544281615288229e-01 9.889559287977233160e-01 0.000000000000000000e+00
6.244933407398043812e+00 1.985327627033580011e+00 2.158596961284211166e-06 1.000000000000000000e+00 -7.002476277244861662e-05 7.543921553342204992e-05 9.893471038822099217e-04 9.834922697006512893e-01 9.787910800479399098e-01 9.882154567195623462e-01 0.000000000000000000e+00
6.250141121302072555e+00 1.983673421458586272e+00 1.275988693927465187e-05 1.000000000000000000e+00 -5.965395904126014336e-05 8.626985201334966703e-05 3.444362935613298760e-02 9.849697253520790508e-01 9.802247775139506514e-01 9.897369749049009791e-01 0.000000000000000000e+00
6.255353177972041934e+00 1.982020594193170782e+00 2.703400037302759658e-05 1.000000000000000000e+00 -4.551794871031759914e-05 1.006863762397783779e-04 1.541042960312779542e-01 9.847862269251238532e-01 9.800691403624213205e-01 9.895253975248948786e-01 0.000000000000000000e+00
6.260569581029430175e+00 1.980369144088905076e+00 3.407137223000679984e-05 1.000000000000000000e+00 -3.866617793227266080e-05 1.079156946639015825e-04 2.438563753029256986e-01 9.851200893857462448e-01 9.803880405496089301e-01 9.898743891497029379e-01 0.000000000000000000e+00
6.265790334098732650e+00 1.978719069998317037e+00 3.832951784443802392e-05 1.000000000000000000e+00 -3.465630884123060631e-05 1.124262255338839920e-04 3.072096141751217147e-01 9.854181738382913336e-01 9.806440099158505452e-01 9.902148686507580289e-01 0.000000000000000000e+00
6.271015440807469865e+00 1.977070370774890451e+00 4.748752245123243770e-05 1.000000000000000000e+00 -2.572775520040921314e-05 1.218145298709674657e-04 4.694946510130648676e-01 9.846010885562683779e-01 9.798138988798222870e-01 9.894110281816905772e-01 0.000000000000000000e+00
6.276244904786186574e+00 1.975423045273065226e+00 5.392861984843209250e-05 1.000000000000000000e+00 -1.940819860000169317e-05 1.283775039498868606e-04 6.038213784991057764e-01 9.844664327742448373e-01 9.796803799152167258e-01 9.892751914677900826e-01 0.000000000000000000e+00
6.281478729668454442e+00 1.973777092348234952e+00 5.104717483294745711e-05 1.000000000000000000e+00 -2.226269400988623286e-05 1.254714228420799455e-04 5.410960798371888814e-01 9.861454897394057451e-01 9.813419664288385302e-01 9.909718202271039500e-01 0.000000000000000000e+00
6.286716919090875599e+00 1.972132510856748011e+00 5.116721984001780575e-05 1.000000000000000000e+00 -2.199573260308568750e-05 1.254481243526518286e-04 5.456047069577607544e-01 9.864702151459633361e-01 9.816530605840352308e-01 9.913103384217912817e-01 0.000000000000000000e+00
6.291959476693084419e+00 1.970489299655904469e+00 4.369456154631292711e-05 1.000000000000000000e+00 -2.924672306689727502e-05 1.177569070005519367e-04 3.994360451374632248e-01 9.866332379614333181e-01 9.818183606220096671e-01 9.914711264192581641e-01 0.000000000000000000e+00
6.297206406117751065e+00 1.968847457603957185e+00 1.531684993377593069e-05 1.000000000000000000e+00 -5.743800408872363724e-05 8.882396271109225486e-05 4.912512416876779753e-02 9.886290667618461425e-01 9.837956127068135936e-01 9.934855981643332390e-01 0.000000000000000000e+00
6.302457711010582386e+00 1.967206983560110700e+00 -2.459717976445846465e-05 -1.000000000000000000e+00 -9.723799813293648232e-05 4.879847988091370913e-05 1.263862389466794411e-01 9.904334185649664724e-01 9.855806428467683844e-01 9.953094176359617018e-01 0.000000000000000000e+00
6.307713395020327241e+00 1.965567876384518575e+00 -6.937728896465348509e-05 -1.000000000000000000e+00 -1.419427262819381453e-04 3.947705674908150988e-06 1.000891499287149600e+00 9.913947465985296637e-01 9.865396228752704166e-01 9.962730679753176721e-01 0.000000000000000000e+00
6.312973461798775610e+00 1.963930134938285832e+00 -1.165508284689334439e-04 -1.000000000000000000e+00 -1.890730773236019727e-04 -4.326539912203517218e-05 2.810625583352361900e+00 9.924986731326991274e-01 9.876248570875953980e-01 9.973958905919771967e-01 0.000000000000000000e+00
6.318237915000763039e+00 1.962293758083465844e+00 -1.551587140477672243e-04 -1.000000000000000000e+00 -2.276515895035146806e-04 -8.189821707319507938e-05 4.965074659268680080e+00 9.933328442966645744e-01 9.884135623927610137e-01 9.982759478825025123e-01 0.000000000000000000e+00
6.323506758284172413e+00 1.960658744683059451e+00 -1.803891520193231927e-04 -1.000000000000000000e+00 -2.527125036956368379e-04 -1.072927392238844996e-04 6.704079468945224107e+00 9.944426173840190675e-01 9.895496561478367425e-01 9.993590689741498334e-01 0.000000000000000000e+00
6.328779995309938400e+00 1.959025093601015399e+00 -1.855869499492399924e-04 -1.000000000000000000e+00 -2.578745207160004337e-04 -1.125233574819641219e-04 7.096478618755668322e+00 9.951943435609487132e-01 9.902850755739904809e-01 1.000127249413766961e+00 0.000000000000000000e+00
6.334057629742047446e+00 1.957392803702229900e+00 -1.735629910986839872e-04 -1.000000000000000000e+00 -2.459813837265570281e-04 -1.003686255122424514e-04 6.203173177001872318e+00 9.960293792137334679e-01 9.910756062345644768e-01 1.001007211887123383e+00 0.000000000000000000e+00
6.339339665247542221e+00 1.955761873852543076e+00 -1.393628771873628111e-04 -1.000000000000000000e+00 -2.119362478456975768e-04 -6.601439704335517931e-05 3.995797696634213025e+00 9.951733957651872631e-01 9.902509975815747545e-01 1.000119590798056013e+00 0.000000000000000000e+00
6.344626105496522506e+00 1.954132302918741848e+00 -8.750049848867319025e-05 -1.000000000000000000e+00 -1.603820188654265654e-04 -1.384446034212226211e-05 1.574420577988803416e+00 9.924271111934440670e-01 9.874962690865706216e-01 9.973818447749055460e-01 0.000000000000000000e+00
6.349916954162148741e+00 1.952504089768555939e+00 -3.875929771985754880e-05 -1.000000000000000000e+00 -1.119899355746408452e-04 3.524606315096170164e-05 3.086184569934857791e-01 9.908367982946567620e-01 9.858669084613881362e-01 9.958309979633378495e-01 0.000000000000000000e+00
6.355212214920644698e+00 1.950877233270659206e+00 4.418267205490446532e-06 1.000000000000000000e+00 -6.912909197048441867e-05 7.874220869113334332e-05 4.001628938794965507e-03 9.898336342518887498e-01 9.848507914209672087e-01 9.948409405350304713e-01 0.000000000000000000e+00
6.360511891451300137e+00 1.949251732294668749e+00 4.081198404201179518e-05 1.000000000000000000e+00 -3.307604572046181975e-05 1.154799029549556893e-04 3.400385487376524907e-01 9.890317049443958508e-01 9.840515283840824967e-01 9.940363763253946550e-01 0.000000000000000000e+00
6.365815987436472589e+00 1.947627585711142251e+00 6.484448836806005372e-05 1.000000000000000000e+00 -9.458164104751627969e-06 1.399284067829432868e-04 8.524075819295831025e-01 9.894840686615886671e-01 9.844859851291791752e-01 9.945068401987735562e-01 0.000000000000000000e+00
6.371124506561590906e+00 1.946004792391578420e+00 9.031124122551839790e-05 1.000000000000000000e+00 1.556880439417781040e-05 1.658360624788806194e-04 1.641390282429028957e+00 9.886156898841833573e-01 9.836024350753376222e-01 9.936537778196934401e-01 0.000000000000000000e+00
6.376437452515156146e+00 1.944383351208418098e+00 1.105032331379626526e-04 1.000000000000000000e+00 3.544546250716025288e-05 1.863447801300917284e-04 2.443458857842642828e+00 9.881756637807306287e-01 9.831638546708791893e-01 9.932123129177741205e-01 0.000000000000000000e+00
6.381754828988746020e+00 1.942763261035039601e+00 1.258315585975579071e-04 1.000000000000000000e+00 5.059265371183004870e-05 2.018580904106303349e-04 3.160552988534846008e+00 9.882106494611475611e-01 9.831829611261513335e-01 9.932633441140321651e-01 0.000000000000000000e+00
6.387076639677015777e+00 1.941144520745761159e+00 1.383398912632594210e-04 1.000000000000000000e+00 6.304738955387672672e-05 2.144227750479360149e-04 3.821212395686075070e+00 9.880559847661544159e-01 9.830135368693474485e-01 9.931235546591677954e-01 0.000000000000000000e+00
6.392402888277703532e+00 1.939527129215838475e+00 1.443292461784572919e-04 1.000000000000000000e+00 6.906780306570969679e-05 2.203837635558927150e-04 4.162660526007357475e+00 9.879334994161059758e-01 9.828936716130981521e-01 9.929984136932544780e-01 0.000000000000000000e+00
6.397733578491629380e+00 1.937911085321463833e+00 1.390208376447457010e-04 1.000000000000000000e+00 6.378036027480991996e-05 2.150551728922309885e-04 3.861213923401237480e+00 9.881966472162543313e-01 9.831405932738809250e-01 9.932779262761506356e-01 0.000000000000000000e+00
6.403068714022700725e+00 1.936296387939767438e+00 1.209037027575747666e-04 1.000000000000000000e+00 4.567009265637660489e-05 1.969323666746423951e-04 2.917201290740422337e+00 9.887194199747867396e-01 9.836172022157191330e-01 9.938473892378102414e-01 0.000000000000000000e+00
6.408408298577912277e+00 1.934683035948813856e+00 8.328431513655515438e-05 1.000000000000000000e+00 8.254361328550703994e-06 1.591142923189069495e-04 1.381701431111650891e+00 9.908974017363738618e-01 9.858198722109585699e-01 9.960003066443384734e-01 0.000000000000000000e+00
6.413752335867351384e+00 1.933071028227602239e+00 3.904813940624542754e-05 1.000000000000000000e+00 -3.580793686273840004e-05 1.147088895317134117e-04 3.032373920352711139e-01 9.925639319422933093e-01 9.874655749376097802e-01 9.976877788406608438e-01 0.000000000000000000e+00
6.419100829604198033e+00 1.931460363656067436e+00 -1.105496402021651344e-06 -1.000000000000000000e+00 -7.585007783197640586e-05 7.444883378093681973e-05 2.427765161883144174e-04 9.924419832135115138e-01 9.872978545649894189e-01 9.976120873745701889e-01 0.000000000000000000e+00
6.424453783504729287e+00 1.929851041115075327e+00 -4.895031722983950802e-05 -1.000000000000000000e+00 -1.234607832018163221e-04 2.637439524719841627e-05 4.747038376414138838e-01 9.941693471934258675e-01 9.890507045690992705e-01 9.993137303766406188e-01 0.000000000000000000e+00
6.429811201288321953e+00 1.928243059486426159e+00 -7.857196297124448303e-05 -1.000000000000000000e+00 -1.530172019407789611e-04 -3.309730887848092340e-06 1.221726833695242931e+00 9.934807391047898451e-01 9.883175114333035971e-01 9.986701909710583580e-01 0.000000000000000000e+00
6.435173086677453469e+00 1.926636417652850763e+00 -1.051692049449114467e-04 -1.000000000000000000e+00 -1.794785202469152143e-04 -3.004002480054835105e-05 2.188209144958477737e+00 9.944046448390982951e-01 9.892221082217388384e-01 9.996135377016224233e-01 0.000000000000000000e+00
6.440539443397706343e+00 1.925031114498011453e+00 -1.151121248721916258e-04 -1.000000000000000000e+00 -1.892296961178441543e-04 -4.017119854630875331e-05 2.625343338292850603e+00 9.944080511478713413e-01 9.892565146652334551e-01 9.995856665529812002e-01 0.000000000000000000e+00
6.445910275177769044e+00 1.923427148906499795e+00 -1.124305862924888613e-04 -1.000000000000000000e+00 -1.865347406562284328e-04 -3.750137254574004468e-05 2.508927444590653977e+00 9.940983783751151659e-01 9.889022103561641019e-01 9.993210760512378776e-01 0.000000000000000000e+00
6.451285585749439555e+00 1.921824519763838390e+00 -1.072424884357050227e-04 -1.000000000000000000e+00 -1.813778611739605743e-04 -3.228038605124221208e-05 2.282487785219473153e+00 9.950542309990366707e-01 9.898384214926861935e-01 1.000296668871725858e+00 0.000000000000000000e+00
6.456665378847628034e+00 1.920223225956476210e+00 -8.981237658424446029e-05 -1.000000000000000000e+00 -1.641002027660171429e-04 -1.469612872386733622e-05 1.597733073380481983e+00 9.946512344562086216e-01 9.894377681847614792e-01 9.998913995916905995e-01 0.000000000000000000e+00
6.462049658210359482e+00 1.918623266371792813e+00 -6.949883194840058274e-05 -1.000000000000000000e+00 -1.440717879640870556e-04 5.903253929384925588e-06 9.529247048449178692e-01 9.944985650765969520e-01 9.892666336182812659e-01 9.997573160001125281e-01 0.000000000000000000e+00
6.467438427578775517e+00 1.917024639898092353e+00 -4.612134718360958737e-05 -1.000000000000000000e+00 -1.210118424623676868e-04 2.959871146476655308e-05 4.178512266468032976e-01 9.943409587950478024e-01 9.890902235199424686e-01 9.996187562972194129e-01 0.000000000000000000e+00
6.472831690697137930e+00 1.915427345424606687e+00 -1.853271035850071179e-05 -1.000000000000000000e+00 -9.367544938065433817e-05 5.744135471814191841e-05 6.726571392448477127e-02 9.937077355292056602e-01 9.884597560172336816e-01 9.989827760000998813e-01 0.000000000000000000e+00
6.478229451312831344e+00 1.913831381841492263e+00 1.245996789924761298e-05 1.000000000000000000e+00 -6.291689676191696760e-05 8.867070545257740659e-05 3.036510316701424017e-02 9.923855637673869579e-01 9.871222014709486459e-01 9.976760999649633144e-01 0.000000000000000000e+00
6.483631713176364109e+00 1.912236748039830792e+00 3.981702840167304403e-05 1.000000000000000000e+00 -3.576254182320343105e-05 1.162328921448030686e-04 3.097600624125789182e-01 9.913549344062049240e-01 9.860753511768908242e-01 9.966619463461212636e-01 0.000000000000000000e+00
6.489038480041373624e+00 1.910643442911627687e+00 5.989571172904144058e-05 1.000000000000000000e+00 -1.585529704553993588e-05 1.364851210024750942e-04 6.994739719609697204e-01 9.908970464910790144e-01 9.856201259527770375e-01 9.962013573386803156e-01 0.000000000000000000e+00
6.494449755664626345e+00 1.909051465349812737e+00 6.834312919222861721e-05 1.000000000000000000e+00 -7.608914457176267914e-06 1.451352455224497683e-04 9.073826671220786011e-01 9.916133503068133015e-01 9.863147465391083335e-01 9.969395509562485325e-01 0.000000000000000000e+00
6.499865543806021329e+00 1.907460814248235881e+00 7.016183231898223064e-05 1.000000000000000000e+00 -6.014581072780021557e-06 1.471798464781536248e-04 9.525251723167684759e-01 9.923198870735309152e-01 9.869702062697826017e-01 9.976977261775802353e-01 0.000000000000000000e+00
6.505285848228594681e+00 1.905871488501671207e+00 6.767160744930310779e-05 1.000000000000000000e+00 -8.546389406680047107e-06 1.447345755500629451e-04 8.833975088806482745e-01 9.926207435868220630e-01 9.873002716203450602e-01 9.979690492163694193e-01 0.000000000000000000e+00
6.510710672698518664e+00 1.904283487005811404e+00 5.566632185773035343e-05 1.000000000000000000e+00 -2.057242334336958868e-05 1.327534135884225102e-04 5.965316555083290950e-01 9.938435825234269716e-01 9.884999695937749520e-01 9.992152796584345964e-01 0.000000000000000000e+00
6.516140020985107917e+00 1.902696808657271088e+00 4.127476156621065928e-05 1.000000000000000000e+00 -3.497321960990305601e-05 1.183749684007139638e-04 3.276182020175610887e-01 9.947376548172672805e-01 9.893426373864818713e-01 1.000161264129322936e+00 0.000000000000000000e+00
6.521573896860818564e+00 1.901111452353583031e+00 2.665070850540222577e-05 1.000000000000000000e+00 -4.948005575084985332e-05 1.036385604976011715e-04 1.364561338041312410e-01 9.950966022690820312e-01 9.897313630392732264e-01 1.000490043659065797e+00 0.000000000000000000e+00
6.527012304101254436e+00 1.899527416993199491e+00 9.510168231595746727e-06 1.000000000000000000e+00 -6.664408732036279442e-05 8.652344215667947278e-05 1.734645967326287064e-02 9.956665849057981799e-01 9.902502514652253840e-01 1.001111623103743797e+00 0.000000000000000000e+00
6.532455246485166178e+00 1.897944701475490215e+00 -1.259537736945830761e-05 -1.000000000000000000e+00 -8.872430715759960685e-05 6.439485630583951647e-05 3.035394551329773094e-02 9.972689194257819967e-01 9.918277046063488367e-01 1.002739133811396899e+00 0.000000000000000000e+00
6.537902727794456581e+00 1.896363304700741548e+00 -2.853050471543577230e-05 -1.000000000000000000e+00 -1.045582401321474945e-04 4.836334621203259155e-05 1.554994460101397635e-01 9.978315784129138111e-01 9.924198248189285421e-01 1.003271996652976616e+00 0.000000000000000000e+00
6.543354751814182357e+00 1.894783225570156437e+00 -3.690052811539637392e-05 -1.000000000000000000e+00 -1.129717784772104965e-04 4.004104926509056083e-05 2.598639768249313420e-01 9.973804749824350946e-01 9.919198244924970487e-01 1.002870285317903676e+00 0.000000000000000000e+00
6.548811322332555918e+00 1.893204462985853986e+00 -4.411745575516260446e-05 -1.000000000000000000e+00 -1.202256663211221201e-04 3.286475239358108196e-05 3.707857336535198556e-01 9.975849935710130456e-01 9.921029374645036203e-01 1.003096461003433193e+00 0.000000000000000000e+00
6.554272443140948923e+00 1.891627015850867455e+00 -4.517226668830135291e-05 -1.000000000000000000e+00 -1.213536687282765181e-04 3.188548114014728600e-05 3.877326907014548851e-01 9.976066627818424015e-01 9.921257950336026532e-01 1.003116899904316073e+00 0.000000000000000000e+00
6.559738118033894949e+00 1.890050883069143817e+00 -4.657598952053732064e-05 -1.000000000000000000e+00 -1.228900436878416040e-04 3.061609022241369357e-05 4.108486709030785278e-01 9.989929223028967131e-01 9.934871270676335353e-01 1.004528267881656056e+00 0.000000000000000000e+00
6.565208350809092153e+00 1.888476063545543981e+00 -3.943665366918940767e-05 -1.000000000000000000e+00 -1.158963795036431000e-04 3.790296499650671117e-05 2.938379921848763843e-01 9.998077972975661920e-01 9.942787050000170268e-01 1.005366733554865055e+00 0.000000000000000000e+00
6.570683145267405045e+00 1.886902556185840796e+00 -2.190251811172301387e-05 -1.000000000000000000e+00 -9.847868418774687797e-05 5.555628926417400295e-05 9.054136284089508990e-02 9.993882532428233212e-01 9.938621168659572680e-01 1.004944190926843950e+00 0.000000000000000000e+00
6.576162505212867160e+00 1.885330359896719488e+00 -1.848196871931393800e-07 -1.000000000000000000e+00 -7.692365230998888365e-05 7.743870037371559272e-05 6.434295869439665694e-06 9.986283442800779619e-01 9.930833237257877810e-01 1.004203400978614713e+00 0.000000000000000000e+00
6.581646434452685490e+00 1.883759473585775446e+00 1.823364108429611569e-05 1.000000000000000000e+00 -5.872951309508336122e-05 9.608223441598853884e-05 6.260863162333407672e-02 9.986235445306638203e-01 9.930264285110106393e-01 1.004251286197839210e+00 0.000000000000000000e+00
6.587134936797241380e+00 1.882189896161514886e+00 3.590862476712383466e-05 1.000000000000000000e+00 -4.117965198523825893e-05 1.138847425474729411e-04 2.422603560776224185e-01 9.983519250176580151e-01 9.927878816291820785e-01 1.003946190924996484e+00 0.000000000000000000e+00
6.592628016060094076e+00 1.880621626533353297e+00 4.303557352259796754e-05 1.000000000000000000e+00 -3.424746578223747254e-05 1.212086266509681452e-04 3.467316994378961681e-01 9.996414653064169542e-01 9.940521086830602648e-01 1.005261327154438611e+00 0.000000000000000000e+00
6.598125676057981615e+00 1.879054663611614329e+00 5.829086677130760025e-05 1.000000000000000000e+00 -1.925008378470343903e-05 1.367242777678040250e-04 6.344936256311939360e-01 9.982213736024148076e-01 9.925824256820819924e-01 1.003891357459675726e+00 0.000000000000000000e+00
6.603627920610826152e+00 1.877489006307530905e+00 6.469904804850561586e-05 1.000000000000000000e+00 -1.289651079634665997e-05 1.431889979167445576e-04 7.800048574058564554e-01 9.977138173274405775e-01 9.921087382886344397e-01 1.003349593574698773e+00 0.000000000000000000e+00
6.609134753541735741e+00 1.875924653533241671e+00 5.760092009606144488e-05 1.000000000000000000e+00 -2.006206182824478635e-05 1.361598566165073913e-04 6.173668382436972024e-01 9.990687646414632139e-01 9.934071079084161315e-01 1.004761656912343648e+00 0.000000000000000000e+00
6.614646178677005217e+00 1.874361604201792542e+00 5.159078195229775888e-05 1.000000000000000000e+00 -2.603728155741193547e-05 1.301191452959245623e-04 4.953214200057800554e-01 9.990525617176052586e-01 9.933691990235710145e-01 1.004767426894630944e+00 0.000000000000000000e+00
6.620162199846120643e+00 1.872799857227134490e+00 4.111484484693411729e-05 1.000000000000000000e+00 -3.639569916860017185e-05 1.195324643832117552e-04 3.144351880750946293e-01 9.990161841882817528e-01 9.933661439987969688e-01 1.004697429982177148e+00 0.000000000000000000e+00
6.625682820881761970e+00 1.871239411524124430e+00 3.176671324724154898e-05 1.000000000000000000e+00 -4.585785298700493395e-05 1.103029900546291699e-04 1.872215034451301108e-01 9.981379743404531490e-01 9.924359612450985857e-01 1.003871732730490463e+00 0.000000000000000000e+00
6.631208045619805702e+00 1.869680266008521441e+00 1.695899625648713345e-05 1.000000000000000000e+00 -6.082743117553208561e-05 9.566032979661449919e-05 5.306001565975293488e-02 9.985842079215684342e-01 9.928568128757165878e-01 1.004343619848553137e+00 0.000000000000000000e+00
6.636737877899325788e+00 1.868122419596990769e+00 7.539122122083435229e-06 1.000000000000000000e+00 -7.041402043374324631e-05 8.640924685534572707e-05 1.042465797581826337e-02 9.988167743568283630e-01 9.930889270563053595e-01 1.004576602064598090e+00 0.000000000000000000e+00
6.642272321562598059e+00 1.866565871207098271e+00 2.007853947797779627e-05 1.000000000000000000e+00 -5.804600637748457922e-05 9.912215001783343266e-05 7.381056378835637588e-02 9.958359638708315087e-01 9.900930002779505523e-01 1.001611217941205778e+00 0.000000000000000000e+00
6.647811380455102892e+00 1.865010619757312416e+00 2.052907894758339104e-05 1.000000000000000000e+00 -5.756851071132467270e-05 9.954901402279795624e-05 7.720699029607658304e-02 9.971687202217345281e-01 9.914001776973101476e-01 1.002969748214062484e+00 0.000000000000000000e+00
6.653355058425526991e+00 1.863456664167002952e+00 3.302732586364832160e-05 1.000000000000000000e+00 -4.495301776483756926e-05 1.119341765964725554e-04 2.005462112138047814e-01 9.968620910368382049e-01 9.910982830767068874e-01 1.002658368470555894e+00 0.000000000000000000e+00
6.658903359325766047e+00 1.861904003356439352e+00 4.372334231860691337e-05 1.000000000000000000e+00 -3.421358894876206605e-05 1.225889950905146805e-04 3.523639000954972289e-01 9.969301527777214567e-01 9.911445826526836811e-01 1.002748474283805313e+00 0.000000000000000000e+00
6.664456287010930069e+00 1.860352636246791480e+00 4.568981867222796621e-05 1.000000000000000000e+00 -3.235942153836910448e-05 1.246685118788981345e-04 3.843135839624665095e-01 9.980518892255448860e-01 9.922075639388771018e-01 1.003929545952269908e+00 0.000000000000000000e+00
6.670013845339340719e+00 1.858802561760127592e+00 5.883575874346473985e-05 1.000000000000000000e+00 -1.937649792604949150e-05 1.379816040135357674e-04 6.350487070768622289e-01 9.954371675953435084e-01 9.896334531004477020e-01 1.001273901721421389e+00 0.000000000000000000e+00
6.675576038172540194e+00 1.857253778819414780e+00 5.328588953508880618e-05 1.000000000000000000e+00 -2.527346737847067627e-05 1.327831922674176232e-04 5.169994580550110186e-01 9.962285274424986792e-01 9.903641591281618917e-01 1.002126565287962956e+00 0.000000000000000000e+00
6.681142869375288562e+00 1.855706286348516532e+00 4.926782193399427623e-05 1.000000000000000000e+00 -2.962887512633105601e-05 1.291070389313359610e-04 4.384017620127451664e-01 9.968579701777242619e-01 9.909652983982565333e-01 1.002784470352910295e+00 0.000000000000000000e+00
6.686714342815570866e+00 1.854160083272192949e+00 5.848224170780797745e-05 1.000000000000000000e+00 -2.064304018178080718e-05 1.385535846744190953e-04 6.142135317182919607e-01 9.958002307258579933e-01 9.899436553653039317e-01 1.001690324495863704e+00 0.000000000000000000e+00
6.692290462364595349e+00 1.852615168516101862e+00 7.612513841938120247e-05 1.000000000000000000e+00 -3.251228860522357143e-06 1.564485698922721572e-04 1.038690871145035999e+00 9.947157866487185141e-01 9.888050987432426275e-01 1.000660659101651584e+00 0.000000000000000000e+00
6.697871231896799671e+00 1.851071541006794829e+00 1.050512314900243279e-04 1.000000000000000000e+00 2.558645101880115905e-05 1.854658812635648899e-04 1.982441582648675649e+00 9.927038713879309251e-01 9.867757072517145955e-01 9.986665031610825194e-01 0.000000000000000000e+00
6.703456655289853572e+00 1.849529199671717139e+00 1.305475358746305400e-04 1.000000000000000000e+00 5.110696898237697026e-05 2.109412406855126429e-04 3.071525590814758289e+00 9.920671215596941206e-01 9.861449396758252828e-01 9.980237740327133622e-01 0.000000000000000000e+00
6.709046736424657986e+00 1.847988143439209141e+00 1.577737038309200818e-04 1.000000000000000000e+00 7.826295475066039824e-05 2.382386326729272498e-04 4.497142397415700543e+00 9.903877152038712550e-01 9.844470346668346972e-01 9.963630712446861493e-01 0.000000000000000000e+00
6.714641479185352146e+00 1.846448371238503361e+00 1.677410576283310136e-04 1.000000000000000000e+00 8.811886196161793897e-05 2.483175660797127962e-04 5.077689574754458590e+00 9.908593344182826668e-01 9.848926291327183558e-01 9.968609863730185650e-01 0.000000000000000000e+00
6.720240887459313583e+00 1.844909881999724721e+00 1.696895939427013849e-04 1.000000000000000000e+00 8.994375920530157454e-05 2.503924135427471899e-04 5.179022390355044081e+00 9.908254270331741109e-01 9.848604130108514765e-01 9.968254638544233881e-01 0.000000000000000000e+00
6.725844965137160791e+00 1.843372674653889876e+00 1.622824246182292792e-04 1.000000000000000000e+00 8.237460253777876640e-05 2.431524013882218195e-04 4.715245753468366274e+00 9.906407693699349482e-01 9.846498216607069143e-01 9.966670244211939256e-01 0.000000000000000000e+00
6.731453716112758556e+00 1.841836748132905655e+00 1.445830239116731731e-04 1.000000000000000000e+00 6.460307826288056950e-05 2.255320834602933858e-04 3.724045573755461191e+00 9.911100442955198542e-01 9.851190411394645796e-01 9.971363485254031156e-01 0.000000000000000000e+00
6.737067144283217068e+00 1.840302101369569288e+00 1.311953742986595513e-04 1.000000000000000000e+00 5.111469818463926565e-05 2.122521056682464104e-04 3.053729159549789074e+00 9.898408956423149219e-01 9.838274024593102185e-01 9.958899877515241528e-01 0.000000000000000000e+00
6.742685253548897251e+00 1.838768733297566405e+00 1.133654337440455459e-04 1.000000000000000000e+00 3.321667370095574185e-05 1.944976396989477486e-04 2.270314148490911066e+00 9.896918444137149384e-01 9.836529476298738750e-01 9.957666921634563684e-01 0.000000000000000000e+00
6.748308047813412536e+00 1.837236642851472368e+00 9.633836305798378053e-05 1.000000000000000000e+00 1.615297088246181868e-05 1.775168818750772349e-04 1.631783822999977929e+00 9.901450503823497895e-01 9.841081589754588910e-01 9.962177554657368761e-01 0.000000000000000000e+00
6.753935530983630642e+00 1.835705828966748943e+00 8.842382647053834534e-05 1.000000000000000000e+00 8.075641765506236030e-06 1.697749944930510924e-04 1.367256541976871631e+00 9.896960898862211531e-01 9.836350631667009070e-01 9.957933238270937348e-01 0.000000000000000000e+00
6.759567706969678902e+00 1.834176290579746293e+00 8.248535241328604705e-05 1.000000000000000000e+00 1.833900109785366198e-06 1.641478531220004109e-04 1.181000511328079483e+00 9.900886526822294531e-01 9.839674608903298259e-01 9.962466815520196750e-01 0.000000000000000000e+00
6.765204579684944264e+00 1.832648026627699211e+00 8.683811330035086980e-05 1.000000000000000000e+00 5.911279690701810277e-06 1.687845222935588818e-04 1.297978048566164944e+00 9.893995390256846711e-01 9.833164280908610611e-01 9.955190872897767829e-01 0.000000000000000000e+00
6.770846153046076843e+00 1.831121036048729556e+00 9.065837168358219873e-05 1.000000000000000000e+00 9.302435748455154581e-06 1.730402961436821783e-04 1.402217138832952514e+00 9.898955244471784320e-01 9.837515374345082719e-01 9.960766972508970918e-01 0.000000000000000000e+00
6.776492430972993475e+00 1.829595317781842700e+00 9.289570119674564344e-05 1.000000000000000000e+00 1.122517222268346320e-05 1.755994472484724664e-04 1.461124166611512010e+00 9.914346898859383028e-01 9.852591479532111229e-01 9.976477189799619616e-01 0.000000000000000000e+00
6.782143417388880380e+00 1.828070870766929312e+00 1.022143611724779191e-04 1.000000000000000000e+00 2.039271481596464312e-05 1.850775780256657603e-04 1.760592707662681278e+00 9.914902137950520888e-01 9.853507872624740482e-01 9.976666852323547996e-01 0.000000000000000000e+00
6.787799116220194051e+00 1.826547693944761797e+00 1.088381365215541701e-04 1.000000000000000000e+00 2.679937714204389822e-05 1.919250744607585121e-04 1.989443390430210457e+00 9.916572552949857178e-01 9.854579557995316597e-01 9.978942772916624682e-01 0.000000000000000000e+00
6.793459531396665696e+00 1.825025786256996740e+00 1.064582844212105990e-04 1.000000000000000000e+00 2.427229069015681502e-05 1.896993697994653425e-04 1.895730735217739493e+00 9.928971303206075572e-01 9.866651062102126390e-01 9.991673122472335411e-01 0.000000000000000000e+00
6.799124666851304788e+00 1.823505146646170916e+00 1.039236255999126678e-04 1.000000000000000000e+00 2.158588206962966263e-05 1.873236814686284708e-04 1.797671098958630864e+00 9.929766618513733434e-01 9.867468819527208668e-01 9.992445459448379141e-01 0.000000000000000000e+00
6.804794526520399067e+00 1.821985774055703944e+00 9.310097057266429805e-05 1.000000000000000000e+00 1.054947099901365915e-05 1.767201821667131398e-04 1.433704792632795488e+00 9.939567819235392010e-01 9.876916113696194710e-01 1.000260444481580802e+00 0.000000000000000000e+00
6.810469114343518982e+00 1.820467667429894965e+00 8.453055080305799508e-05 1.000000000000000000e+00 1.878246198954911222e-06 1.682554848691436089e-04 1.175728529230411823e+00 9.938662274704945787e-01 9.876325133081693686e-01 1.000138014263357356e+00 0.000000000000000000e+00
6.816148434263521239e+00 1.818950825713921748e+00 6.903425549256321232e-05 1.000000000000000000e+00 -1.371389373732200608e-05 1.528570327563620254e-04 7.817091971620016011e-01 9.953471861538204513e-01 9.890454562335938560e-01 1.001687784880595400e+00 0.000000000000000000e+00
6.821832490226549695e+00 1.817435247853842917e+00 6.178466653180922786e-05 1.000000000000000000e+00 -2.087733596065237461e-05 1.455242027414560134e-04 6.269873970780963646e-01 9.952231589718626426e-01 9.888883437093644035e-01 1.001597244302806944e+00 0.000000000000000000e+00
6.827521286182038907e+00 1.815920932796593723e+00 5.421200330561306885e-05 1.000000000000000000e+00 -2.817526536979436983e-05 1.376812603566038556e-04 4.847910716594014957e-01 9.954208886913389343e-01 9.890890141090098453e-01 1.001791989428525653e+00 0.000000000000000000e+00
6.833214826082717686e+00 1.814407879489987385e+00 5.078156762860103765e-05 1.000000000000000000e+00 -3.138745861649132356e-05 1.340365174485920604e-04 4.275180894410368637e-01 9.946298437618035226e-01 9.882668548113713314e-01 1.001032502229039833e+00 0.000000000000000000e+00
6.838913113884609984e+00 1.812896086882713975e+00 4.373353001924487930e-05 1.000000000000000000e+00 -3.837070965745107624e-05 1.269256497374910320e-04 3.177572683460425651e-01 9.944536607614492540e-01 9.880253691069870170e-01 1.000922451182428174e+00 0.000000000000000000e+00
6.844616153547039339e+00 1.811385553924339531e+00 3.104419070272214425e-05 1.000000000000000000e+00 -5.100935406627901426e-05 1.141873474694110960e-04 1.597750810118441223e-01 9.954963347490747294e-01 9.890958048746397724e-01 1.001936950391993042e+00 0.000000000000000000e+00
6.850323949032630644e+00 1.809876279565305390e+00 2.543890098324523842e-05 1.000000000000000000e+00 -5.679185178166272567e-05 1.087588165887807976e-04 1.068819904531324028e-01 9.952708993220044098e-01 9.888327155406810842e-01 1.001749622680585539e+00 0.000000000000000000e+00
6.856036504307313706e+00 1.808368262756926637e+00 2.106306191186969911e-05 1.000000000000000000e+00 -6.136547850592759593e-05 1.045806665793085467e-04 7.304081777181181678e-02 9.958606854948304221e-01 9.893515476728718117e-01 1.002411301603565397e+00 0.000000000000000000e+00
6.861753823340325908e+00 1.806861502451392543e+00 2.723490289550042445e-05 1.000000000000000000e+00 -5.517268889887149406e-05 1.107365352814178690e-04 1.221072296927445677e-01 9.956218927921589579e-01 9.891460897197671409e-01 1.002138703786021212e+00 0.000000000000000000e+00
6.867475910104213099e+00 1.805355997601766127e+00 4.724979177464721738e-05 1.000000000000000000e+00 -3.525158642971422195e-05 1.308469423757899794e-04 3.684798113605438630e-01 9.937915604973494021e-01 9.872543854417339393e-01 1.000370605560295445e+00 0.000000000000000000e+00
6.873202768574835808e+00 1.803851747161981711e+00 6.753545743576684667e-05 1.000000000000000000e+00 -1.491762700591274548e-05 1.510866651717442740e-04 7.546356986059663541e-01 9.929627597439587561e-01 9.864627316716653160e-01 9.995042103137109502e-01 0.000000000000000000e+00
6.878934402731368358e+00 1.802348750086846252e+00 8.346437058067690258e-05 1.000000000000000000e+00 8.857316599139455991e-07 1.671384407628695868e-04 1.153747527485506907e+00 9.932445423049777178e-01 9.866764128708782611e-01 9.998549558706620877e-01 0.000000000000000000e+00
6.884670816556305084e+00 1.800847005332036233e+00 9.559679176902394497e-05 1.000000000000000000e+00 1.293382458335686988e-05 1.793527608832983704e-04 1.514128824907913895e+00 9.933455699314132081e-01 9.867404228841865077e-01 9.999935511610005268e-01 0.000000000000000000e+00
6.890412014035459443e+00 1.799346511854099884e+00 1.000833192097576904e-04 1.000000000000000000e+00 1.749832382081419882e-05 1.837638097080712988e-04 1.660652944467301495e+00 9.931304048800985163e-01 9.865606859271728313e-01 9.997425036375039431e-01 0.000000000000000000e+00
6.896157999157970231e+00 1.797847268610453630e+00 9.120531234987096214e-05 1.000000000000000000e+00 8.641065391585213873e-06 1.748698093965954782e-04 1.379907740684643613e+00 9.933164574235812116e-01 9.866772800624532547e-01 9.999989131860455016e-01 0.000000000000000000e+00
6.901908775916301586e+00 1.796349274559382980e+00 7.061554694158093416e-05 1.000000000000000000e+00 -1.184022629453241064e-05 1.541778795134109647e-04 8.271036571732111042e-01 9.933615234341071076e-01 9.866839963937013014e-01 1.000082795438637540e+00 0.000000000000000000e+00
6.907664348306248314e+00 1.794852528660041413e+00 3.532786012513840630e-05 1.000000000000000000e+00 -4.693076855013355436e-05 1.186975049703307332e-04 2.066625273773183835e-01 9.943355648960729987e-01 9.876565974299666983e-01 1.001058354259702021e+00 0.000000000000000000e+00
6.913424720326936779e+00 1.793357029872449937e+00 -9.736832217497949467e-06 -1.000000000000000000e+00 -9.179572174721967247e-05 7.343453349228534386e-05 1.567011686665864545e-02 9.957108193766198712e-01 9.889878058717692655e-01 1.002478074854799894e+00 0.000000000000000000e+00
6.919189895980827565e+00 1.791862777157495312e+00 -5.932021922512751379e-05 -1.000000000000000000e+00 -1.409807500299577600e-04 2.345678104822377118e-05 5.818915311323280548e-01 9.970758330180931051e-01 9.903508178573332543e-01 1.003845052305384122e+00 0.000000000000000000e+00
6.924959879273719920e+00 1.790369769476931161e+00 -1.109912157416963939e-04 -1.000000000000000000e+00 -1.921330956048177756e-04 -2.872630950637169935e-05 2.044811427028150774e+00 9.986347182977229897e-01 9.918671118821739130e-01 1.005447061592153801e+00 0.000000000000000000e+00
6.930734674214753532e+00 1.788878005793375303e+00 -1.581358793287633438e-04 -1.000000000000000000e+00 -2.386780166528278872e-04 -7.646137863207690284e-05 4.175991425856068417e+00 9.992444103776696451e-01 9.924377696294567341e-01 1.006096241774091515e+00 0.000000000000000000e+00
6.936514284816411191e+00 1.787387485070310644e+00 -2.073276920298697040e-04 -1.000000000000000000e+00 -2.872528953756536591e-04 -1.262629040902143464e-04 7.211740443844973925e+00 1.000599374628198479e+00 9.937928050517033096e-01 1.007451014464752603e+00 0.000000000000000000e+00
6.942298715094520567e+00 1.785898206272082511e+00 -2.546880453319571398e-04 -1.000000000000000000e+00 -3.341969359451897690e-04 -1.740379076416970043e-04 1.090520141939396126e+01 1.001707940702464050e+00 9.948587462093146927e-01 1.008602805311789696e+00 0.000000000000000000e+00
6.948087969068260428e+00 1.784410168363900873e+00 -2.962222291422001797e-04 -1.000000000000000000e+00 -3.754655792742396438e-04 -2.158383435120457289e-04 1.476536379010372002e+01 1.001765410399746647e+00 9.948412958302191855e-01 1.008736248632489119e+00 0.000000000000000000e+00
6.953882050760158862e+00 1.782923370311836564e+00 -3.356695322793446521e-04 -1.000000000000000000e+00 -4.144602931750895241e-04 -2.557311864503015227e-04 1.898789610733143718e+01 1.002178355206511107e+00 9.952904872563526073e-01 1.009112487082797216e+00 0.000000000000000000e+00
6.959680964196100383e+00 1.781437811082822398e+00 -3.750460538224402386e-04 -1.000000000000000000e+00 -4.535011562736866795e-04 -2.954329108377510746e-04 2.374698950234170525e+01 1.004000622843662205e+00 9.970322902962983624e-01 1.011016103128153265e+00 0.000000000000000000e+00
6.965484713405325046e+00 1.779953489644652054e+00 -3.940231487284011412e-04 -1.000000000000000000e+00 -4.722708948492030409e-04 -3.146083073864872157e-04 2.625258609051184067e+01 1.002480150083243648e+00 9.954756612796216153e-01 1.009532256406693529e+00 0.000000000000000000e+00
6.971293302420433768e+00 1.778470404965979412e+00 -4.123651172156432652e-04 -1.000000000000000000e+00 -4.905408460124415556e-04 -3.330204250448276829e-04 2.868802059084816847e+01 1.002966343588460596e+00 9.959621888883072316e-01 1.010018150910033885e+00 0.000000000000000000e+00
6.977106735277391003e+00 1.776988556016316556e+00 -4.135334851753800145e-04 -1.000000000000000000e+00 -4.918781562438842136e-04 -3.340213056519138733e-04 2.876303270034236448e+01 1.001855134054570495e+00 9.948113452046883909e-01 1.008947263609401457e+00 0.000000000000000000e+00
6.982925016015525621e+00 1.775507941766035547e+00 -4.055641556300000118e-04 -1.000000000000000000e+00 -4.839602281977445223e-04 -3.259948940895962197e-04 2.760865767446188102e+01 1.001629020391111347e+00 9.946237095692737062e-01 1.008682238438054046e+00 0.000000000000000000e+00
6.988748148677535355e+00 1.774028561186365982e+00 -3.852182866080809068e-04 -1.000000000000000000e+00 -4.638437861498148130e-04 -3.054121164840713806e-04 2.488959766428223475e+01 1.001318585782889237e+00 9.942374664585534871e-01 1.008448554824926902e+00 0.000000000000000000e+00
6.994576137309488573e+00 1.772550413249394330e+00 -3.580697989897511815e-04 -1.000000000000000000e+00 -4.370107738892930267e-04 -2.779434114039349042e-04 2.145340259479877432e+01 1.001659482261219258e+00 9.945344830260637314e-01 1.008833855786007261e+00 0.000000000000000000e+00
7.000408985960828723e+00 1.771073496928063928e+00 -3.181081766816986744e-04 -1.000000000000000000e+00 -3.975352952734623321e-04 -2.374948263077592361e-04 1.684772289922307209e+01 1.000448075751723787e+00 9.933293467464291426e-01 1.007616165395387009e+00 0.000000000000000000e+00
7.006246698684376106e+00 1.769597811196173431e+00 -2.667715520778167959e-04 -1.000000000000000000e+00 -3.469170664959426759e-04 -1.854401254325940395e-04 1.177040607174711795e+01 9.975737231415374717e-01 9.904195426485900011e-01 1.004777889645586786e+00 0.000000000000000000e+00
7.012089279536330544e+00 1.768123355028376364e+00 -2.177660127373862750e-04 -1.000000000000000000e+00 -2.985621306296670687e-04 -1.357807617581755313e-04 7.786083617339045304e+00 9.961028182489668481e-01 9.889554656624480744e-01 1.003300174181895210e+00 0.000000000000000000e+00
7.017936732576273151e+00 1.766650127400181791e+00 -1.557156509792640472e-04 -1.000000000000000000e+00 -2.372042957053899172e-04 -7.303423038376429064e-05 3.962900361684376094e+00 9.915150246554164104e-01 9.843388941946339399e-01 9.987418399258565227e-01 0.000000000000000000e+00
7.023789061867172556e+00 1.765178127287950538e+00 -1.021829020602037198e-04 -1.000000000000000000e+00 -1.842403801085358583e-04 -1.893003028674257937e-05 1.700581885201074783e+00 9.884407236345615910e-01 9.812310454971522322e-01 9.957015730494679362e-01 0.000000000000000000e+00
7.029646271475383124e+00 1.763707353668898525e+00 -6.198366391182699644e-05 -1.000000000000000000e+00 -1.444433664059660734e-04 2.167866262623051516e-05 6.233953210745539764e-01 9.872389734517451609e-01 9.800378221990219130e-01 9.944913572993823170e-01 0.000000000000000000e+00
7.035508365470652059e+00 1.762237805521092104e+00 -2.715468482172562106e-05 -1.000000000000000000e+00 -1.101060802004988359e-04 5.700870059274755974e-05 1.190398066337365890e-01 9.852317370729974932e-01 9.779929784533804016e-01 9.925223113475617476e-01 0.000000000000000000e+00
7.041375347926120298e+00 1.760769481823449834e+00 -1.119303151372844292e-05 -1.000000000000000000e+00 -9.473275288657659646e-05 7.356769618773336642e-05 2.003798626844854880e-02 9.856238947542264039e-01 9.783003384114924428e-01 9.930004813483065407e-01 0.000000000000000000e+00
7.047247222918324283e+00 1.759302381555740702e+00 -2.525950394755204712e-06 -1.000000000000000000e+00 -8.656888109774871871e-05 8.274860863878623568e-05 1.008006651488813077e-03 9.857401981137310365e-01 9.784551714868255923e-01 9.930777287481907800e-01 0.000000000000000000e+00
7.053123994527200402e+00 1.757836503698584130e+00 -8.432374468188305870e-07 -1.000000000000000000e+00 -8.555332479075258704e-05 8.510787223329674867e-05 1.108765328012850659e-04 9.861756354809479985e-01 9.788037236476753167e-01 9.936012512980231248e-01 0.000000000000000000e+00
7.059005666836087656e+00 1.756371847233449524e+00 -5.845483944249019821e-07 -1.000000000000000000e+00 -8.571516778414390724e-05 8.580363087587398031e-05 5.265939796572638443e-05 9.864721797091392519e-01 9.791393184789650705e-01 9.938581152639551775e-01 0.000000000000000000e+00
7.064892243931729432e+00 1.754908411142653613e+00 1.610952480433326878e-05 1.000000000000000000e+00 -6.960089117520201773e-05 1.030943848643659752e-04 3.963296706723440366e-02 9.831033147132313132e-01 9.756983893264100649e-01 9.905624709954391482e-01 0.000000000000000000e+00
7.070783729904277948e+00 1.753446194409361780e+00 2.691586142012841390e-05 1.000000000000000000e+00 -5.928165167763861394e-05 1.144025921001947678e-04 1.096326379789047678e-01 9.823979851362562021e-01 9.749489954298189431e-01 9.899018319805015231e-01 0.000000000000000000e+00
7.076680128847296025e+00 1.751985196017586288e+00 3.911645950519268788e-05 1.000000000000000000e+00 -4.747229742749319975e-05 1.270065360667609240e-04 2.293290166917927309e-01 9.828989034796659086e-01 9.754911013509588447e-01 9.903610081903476692e-01 0.000000000000000000e+00
7.082581444857760644e+00 1.750525414952186498e+00 6.925894063765437631e-05 1.000000000000000000e+00 -1.796972164495060076e-05 1.577975505889967791e-04 7.131204715391277205e-01 9.803984534396320560e-01 9.729162536246035442e-01 9.879362293470568268e-01 0.000000000000000000e+00
7.088487682036063831e+00 1.749066850198867318e+00 1.019685649522580407e-04 1.000000000000000000e+00 1.419108983767217299e-05 1.910667824169119569e-04 1.535010056951477964e+00 9.782698326767298447e-01 9.707499696636574527e-01 9.858459506462166066e-01 0.000000000000000000e+00
7.094398844486017985e+00 1.747609500744178535e+00 1.301339729626243907e-04 1.000000000000000000e+00 4.198878072937346285e-05 2.196127496859078595e-04 2.486096821972068938e+00 9.774761808379984762e-01 9.699677366562674541e-01 9.850408118244955435e-01 0.000000000000000000e+00
7.100314936314857661e+00 1.746153365575515037e+00 1.534285884656219298e-04 1.000000000000000000e+00 6.496425390134176112e-05 2.432393835939244400e-04 3.442346672121971096e+00 9.771021347528872081e-01 9.695514812691321538e-01 9.847096331297322536e-01 0.000000000000000000e+00
7.106235961633242226e+00 1.744698443681114597e+00 1.701076359018144574e-04 1.000000000000000000e+00 8.149350124000519083e-05 2.600846374042416914e-04 4.219710958157747882e+00 9.766659987969694701e-01 9.691264204972024343e-01 9.842622521011890058e-01 0.000000000000000000e+00
7.112161924555259418e+00 1.743244734050058975e+00 1.797239534107243793e-04 1.000000000000000000e+00 9.092725135963928499e-05 2.699018317912256493e-04 4.696524746368879732e+00 9.757172249354751914e-01 9.681369334287888151e-01 9.833549024884346013e-01 0.000000000000000000e+00
7.118092829198427118e+00 1.741792235672271039e+00 1.791000803088547164e-04 1.000000000000000000e+00 9.007035518729646843e-05 2.695296619745902295e-04 4.642905686822246025e+00 9.750353229450858805e-01 9.673732494748260580e-01 9.827560818285645539e-01 0.000000000000000000e+00
7.124028679683696907e+00 1.740340947538516092e+00 1.686311469211376150e-04 1.000000000000000000e+00 7.953021515946517449e-05 2.591526223020525145e-04 4.090530232868104576e+00 9.750212809586771279e-01 9.674043722808206569e-01 9.826961923871712079e-01 0.000000000000000000e+00
7.129969480135457616e+00 1.738890868640399878e+00 1.517376464629565584e-04 1.000000000000000000e+00 6.248831923657689985e-05 2.424257485880000162e-04 3.290705196422891277e+00 9.756900740262162142e-01 9.680232715128145315e-01 9.834155623844628158e-01 0.000000000000000000e+00
7.135915234681537100e+00 1.737441997970369245e+00 1.355787905102944803e-04 1.000000000000000000e+00 4.633686645933213742e-05 2.262778489258970697e-04 2.615479284819400618e+00 9.761937799820660233e-01 9.685313818867016256e-01 9.839147937446882652e-01 0.000000000000000000e+00
7.141865947453204910e+00 1.735994334521709703e+00 1.302720893305011555e-04 1.000000000000000000e+00 4.106020076568965300e-05 2.209560843945739201e-04 2.413530507670316183e+00 9.746764103894884901e-01 9.669733525021920739e-01 9.824387390268628506e-01 0.000000000000000000e+00
7.147821622585176726e+00 1.734547877288545648e+00 1.279635707129974309e-04 1.000000000000000000e+00 3.885369357247613281e-05 2.185560696756603280e-04 2.334625566641250316e+00 9.735209708206288282e-01 9.657378879367789493e-01 9.813646618516128628e-01 0.000000000000000000e+00
7.153782264215615250e+00 1.733102625265839913e+00 1.204314644612108513e-04 1.000000000000000000e+00 3.168169079747950516e-05 2.106738959693091144e-04 2.075308573750987762e+00 9.746770729037034231e-01 9.669362526559019955e-01 9.824778281021927517e-01 0.000000000000000000e+00
7.159747876486134643e+00 1.731658577449392222e+00 1.249627418979984395e-04 1.000000000000000000e+00 3.634281196072307535e-05 2.150813169515761734e-04 2.244996840772273572e+00 9.728126407495890637e-01 9.649932560498926115e-01 9.806932295802045507e-01 0.000000000000000000e+00
7.165718463541802308e+00 1.730215732835839626e+00 1.225654591307242603e-04 1.000000000000000000e+00 3.417261763588839453e-05 2.124631947396250081e-04 2.164845163965310348e+00 9.723536201870545126e-01 9.645798461085103304e-01 9.801880300864558304e-01 0.000000000000000000e+00
7.171694029531142434e+00 1.728774090422655174e+00 1.179890084110688501e-04 1.000000000000000000e+00 2.956443426656865875e-05 2.079200789504568507e-04 2.006298139280431769e+00 9.715375757619496566e-01 9.636772061122123034e-01 9.794599380030556413e-01 0.000000000000000000e+00
7.177674578606138667e+00 1.727333649208146804e+00 9.717078610552090797e-05 1.000000000000000000e+00 8.779884697062318192e-06 1.870694485879767087e-04 1.357269918050349133e+00 9.740830957865959094e-01 9.661596415899125212e-01 9.820694114736093772e-01 0.000000000000000000e+00
7.183660114922237661e+00 1.725894408191456675e+00 8.155501305008110407e-05 1.000000000000000000e+00 -6.656798006599967113e-06 1.712788557512524075e-04 9.554716843330197662e-01 9.741564640521092056e-01 9.662739747349757824e-01 9.821012081181282882e-01 0.000000000000000000e+00
7.189650642638349964e+00 1.724456366372562499e+00 6.333454894064502905e-05 1.000000000000000000e+00 -2.470716012730352605e-05 1.528919782208598894e-04 5.773943676001067615e-01 9.742192715409988546e-01 9.662441623376646360e-01 9.822580165527869944e-01 0.000000000000000000e+00
7.195646165916856241e+00 1.723019522752273547e+00 3.784170925623141560e-05 1.000000000000000000e+00 -4.971150247493132487e-05 1.269187923802278723e-04 2.069310075001453697e-01 9.758860054336992995e-01 9.679476419375829810e-01 9.838874553832818171e-01 0.000000000000000000e+00
7.201646688923606376e+00 1.721583876332232421e+00 2.280921691806089388e-05 1.000000000000000000e+00 -6.443301909144150607e-05 1.115811696679992152e-04 7.561260164436589548e-02 9.744396142395173044e-01 9.664138728937629041e-01 9.825298500228631937e-01 0.000000000000000000e+00
7.207652215827925701e+00 1.720149426114913060e+00 1.079975084043537567e-06 1.000000000000000000e+00 -8.585976763132111694e-05 8.955338531875443018e-05 1.700335882901526929e-04 9.749386230927277186e-01 9.668551984250948195e-01 9.830873416753879157e-01 0.000000000000000000e+00
7.213662750802614987e+00 1.718716171103621404e+00 -1.963102090615620641e-05 -1.000000000000000000e+00 -1.063479773371796278e-04 6.862082287514105006e-05 5.622304447729220556e-02 9.755679833768972076e-01 9.674833438638134053e-01 9.837179529101884867e-01 0.000000000000000000e+00
7.219678298023954888e+00 1.717284110302493172e+00 -4.478241474387539145e-05 -1.000000000000000000e+00 -1.314258305485778932e-04 4.339360131911944616e-05 2.919528151566623819e-01 9.783861398328702608e-01 9.702316998113689195e-01 9.866068775446343864e-01 0.000000000000000000e+00
7.225698861671710382e+00 1.715853242716494531e+00 -5.620865709086818866e-05 -1.000000000000000000e+00 -1.427415965340541357e-04 3.185728020521705811e-05 4.598334964757100352e-01 9.787340870035602380e-01 9.705798778104617330e-01 9.869546102084516548e-01 0.000000000000000000e+00
7.231724445929129885e+00 1.714423567351419875e+00 -6.184003928847669172e-05 -1.000000000000000000e+00 -1.482269827828859967e-04 2.608212588910706657e-05 5.581735429168475093e-01 9.790429405331410040e-01 9.708307567648017944e-01 9.873223737155564228e-01 0.000000000000000000e+00
7.237755054982951464e+00 1.712995083213891823e+00 -5.544350904538436747e-05 -1.000000000000000000e+00 -1.416768919476434335e-04 3.232792891232592891e-05 4.515097246634809380e-01 9.771411648823813412e-01 9.688378987528166730e-01 9.855132216677647827e-01 0.000000000000000000e+00
7.243790693023404614e+00 1.711567789311361887e+00 -5.374749538972544907e-05 -1.000000000000000000e+00 -1.396344628662092536e-04 3.368200275093524932e-05 4.267260359661122493e-01 9.769142949545658317e-01 9.686603660663487547e-01 9.852362922487614139e-01 0.000000000000000000e+00
7.249831364244212040e+00 1.710141684652107807e+00 -5.411280209989143588e-05 -1.000000000000000000e+00 -1.398777517104982939e-04 3.319560551768794139e-05 4.339430323299211523e-01 9.766385081891911790e-01 9.683283565492298850e-01 9.850176914323141020e-01 0.000000000000000000e+00
7.255877072842594977e+00 1.708716768245233997e+00 -5.759254021601468987e-05 -1.000000000000000000e+00 -1.434096002656016513e-04 2.977059428936668138e-05 4.915958900991768132e-01 9.758890333626776270e-01 9.674785930487106445e-01 9.843702170606485335e-01 0.000000000000000000e+00
7.261927823019274086e+00 1.707293039100669763e+00 -6.897328005693423205e-05 -1.000000000000000000e+00 -1.547439832012056915e-04 1.835145005026884936e-05 7.029499645582291123e-01 9.759067997496384539e-01 9.675415437060979063e-01 9.843420524853564446e-01 0.000000000000000000e+00
7.267983618978473004e+00 1.705870496229170197e+00 -7.331084758031280730e-05 -1.000000000000000000e+00 -1.593174987350123742e-04 1.425823667098784578e-05 7.912059378175513302e-01 9.728012820051048504e-01 9.643420071954653672e-01 9.813323113451708490e-01 0.000000000000000000e+00
7.274044464927921894e+00 1.704449138642313732e+00 -9.597443912815492671e-05 -1.000000000000000000e+00 -1.819805325581936055e-04 -8.394307480603317283e-06 1.347268570305061530e+00 9.748225523668845316e-01 9.663998227311928479e-01 9.833162723403211514e-01 0.000000000000000000e+00
7.280110365078859225e+00 1.703028965352503699e+00 -1.118843468285705441e-04 -1.000000000000000000e+00 -1.980684555721788599e-04 -2.411983280495003286e-05 1.821575915729852113e+00 9.756286528495826671e-01 9.670952549947647858e-01 9.842348498574432503e-01 0.000000000000000000e+00
7.286181323646034436e+00 1.701609975372965211e+00 -1.212001471531867492e-04 -1.000000000000000000e+00 -2.073080866704908945e-04 -3.350396261152101902e-05 2.132296134637897467e+00 9.759564214978225793e-01 9.674694233199517823e-01 9.845153812613066657e-01 0.000000000000000000e+00
7.292257344847713263e+00 1.700192167717745617e+00 -1.277579537164419106e-04 -1.000000000000000000e+00 -2.138432700051587669e-04 -4.007990799622824780e-05 2.370454842259505313e+00 9.769721549998013899e-01 9.683758649949925079e-01 9.856422504724137168e-01 0.000000000000000000e+00
7.298338432905678630e+00 1.698775541401714717e+00 -1.255888064366249886e-04 -1.000000000000000000e+00 -2.115421038135103073e-04 -3.803604886353532868e-05 2.298472514968409541e+00 9.762841980473548897e-01 9.676299179443226262e-01 9.850133617307803569e-01 0.000000000000000000e+00
7.304424592045234199e+00 1.697360095440562322e+00 -1.264597513362584710e-04 -1.000000000000000000e+00 -2.121895265257092331e-04 -3.912220317199999881e-05 2.337497837517901189e+00 9.762926106562811457e-01 9.676451769213207932e-01 9.850148367573769992e-01 0.000000000000000000e+00
7.310515826495206149e+00 1.695945828850798032e+00 -1.301173673022454911e-04 -1.000000000000000000e+00 -2.158032958301543799e-04 -4.281712910434885486e-05 2.476109467381377272e+00 9.759351354560350522e-01 9.672256032996667807e-01 9.847205597407807653e-01 0.000000000000000000e+00
7.316612140487947613e+00 1.694532740649751679e+00 -1.418480300187766096e-04 -1.000000000000000000e+00 -2.275372944288624622e-04 -5.453505489399736650e-05 2.932077724377450068e+00 9.763005881040212053e-01 9.675926835313271024e-01 9.850843077871183073e-01 0.000000000000000000e+00
7.322713538259342236e+00 1.693120829855571774e+00 -1.715380400704406686e-04 -1.000000000000000000e+00 -2.573802976009691287e-04 -8.406050863806233770e-05 4.250148203544881653e+00 9.806183952756217792e-01 9.718231559800296626e-01 9.894906380545447355e-01 0.000000000000000000e+00
7.328820024048804171e+00 1.691710095487224841e+00 -2.015241742587962394e-04 -1.000000000000000000e+00 -2.876326750249913206e-04 -1.137647932070826891e-04 5.800560762274699300e+00 9.847165200982473943e-01 9.758320689709707452e-01 9.936791894571606054e-01 0.000000000000000000e+00
7.334931602099284298e+00 1.690300536564494527e+00 -2.147587675926718035e-04 -1.000000000000000000e+00 -3.011916222067468696e-04 -1.266579855165374268e-04 6.518497717689058391e+00 9.851232498075470634e-01 9.762368543974890844e-01 9.940877735292740214e-01 0.000000000000000000e+00
7.341048276657271110e+00 1.688892152107981603e+00 -2.201623045938364378e-04 -1.000000000000000000e+00 -3.070577098855240190e-04 -1.315880722312703639e-04 6.782631501078299152e+00 9.862626465145566401e-01 9.772986406337921261e-01 9.953059337284547725e-01 0.000000000000000000e+00
7.347170051972794269e+00 1.687484941139102412e+00 -2.051599214220623261e-04 -1.000000000000000000e+00 -2.924917859119703515e-04 -1.161404607208168128e-04 5.847603140898968377e+00 9.857183914315940099e-01 9.767592858831360969e-01 9.947567904697662833e-01 0.000000000000000000e+00
7.353296932299427269e+00 1.686078902680089531e+00 -1.896889790198560196e-04 -1.000000000000000000e+00 -2.774717450615920124e-04 -1.002132662803904351e-04 4.968411318552938383e+00 9.896412312774371944e-01 9.805953477984955535e-01 9.987677037437850958e-01 0.000000000000000000e+00
7.359428921894291875e+00 1.684674035753989330e+00 -1.455392741783748589e-04 -1.000000000000000000e+00 -2.339465140381208927e-04 -5.543489478985085450e-05 2.916926947091042166e+00 9.889137296944572331e-01 9.797532946306496404e-01 9.981567919086249407e-01 0.000000000000000000e+00
7.365566025018059015e+00 1.683270339384662417e+00 -9.143858092264702377e-05 -1.000000000000000000e+00 -1.803692505587403618e-04 -8.063931837630326522e-07 1.148299010672076292e+00 9.874049832271979410e-01 9.783059573416941213e-01 9.965857022101373142e-01 0.000000000000000000e+00
7.371708245934952330e+00 1.681867812596783196e+00 -4.165368481874345651e-05 -1.000000000000000000e+00 -1.313861756878702226e-04 4.978090136220550394e-05 2.370577971690863706e-01 9.875082302278199720e-01 9.782889937191419083e-01 9.968113256851707238e-01 0.000000000000000000e+00
7.377855588912752616e+00 1.680466454415837863e+00 1.197868728256010689e-05 1.000000000000000000e+00 -7.846052392854307848e-05 1.041234858019774411e-04 1.948271736648621300e-02 9.851488754812157689e-01 9.759927982904776922e-01 9.943879771011082669e-01 0.000000000000000000e+00
7.384008058222798709e+00 1.679066263868125519e+00 4.590990837045219142e-05 1.000000000000000000e+00 -4.535103194544144999e-05 1.388781554033683904e-04 2.837227393353600746e-01 9.861481673111881507e-01 9.768644303709949073e-01 9.955171362175715410e-01 0.000000000000000000e+00
7.390165658139991045e+00 1.677667239980756175e+00 7.465950168522288307e-05 1.000000000000000000e+00 -1.729611602515295074e-05 1.683309931010484276e-04 7.444113955252475989e-01 9.853900545682763301e-01 9.760330296242885062e-01 9.948337011568160193e-01 0.000000000000000000e+00
7.396328392942796093e+00 1.676269381781650081e+00 9.075394322763944343e-05 1.000000000000000000e+00 -1.677413827664238680e-06 1.849168675389761796e-04 1.091428653062365584e+00 9.848474688455379766e-01 9.754963584566901380e-01 9.942851086042033826e-01 0.000000000000000000e+00
7.402496266913247247e+00 1.674872688299538392e+00 9.317965087165478713e-05 1.000000000000000000e+00 2.845275772551432306e-07 1.878223498594819665e-04 1.141093963342996176e+00 9.850211368970217540e-01 9.755910781724467240e-01 9.945390839239911518e-01 0.000000000000000000e+00
7.408669284336948380e+00 1.673477158563960288e+00 8.585261237029077799e-05 1.000000000000000000e+00 -7.341636276397560021e-06 1.808107426721046939e-04 9.603167006608828160e-01 9.852985729288995520e-01 9.758702513401751322e-01 9.948147672946404674e-01 0.000000000000000000e+00
7.414847449503079169e+00 1.672082791605264962e+00 8.400326879721459097e-05 1.000000000000000000e+00 -9.567190865374108899e-06 1.793511641334013260e-04 9.130593230166539342e-01 9.818759858974748234e-01 9.723839001524184900e-01 9.914573660782468600e-01 0.000000000000000000e+00
7.421030766704393322e+00 1.670689586454608300e+00 6.665957111144840263e-05 1.000000000000000000e+00 -2.710702445871887372e-05 1.622186324786930602e-04 5.711531731227523778e-01 9.818205880765302762e-01 9.722495957194984273e-01 9.914823472932834392e-01 0.000000000000000000e+00
7.427219240237226572e+00 1.669297542143953983e+00 4.498686827124852555e-05 1.000000000000000000e+00 -4.873247004960182857e-05 1.405190429040191512e-04 2.588823165005180726e-01 9.825993391296533597e-01 9.730302471385477991e-01 9.922591099043971408e-01 0.000000000000000000e+00
7.433412874401496673e+00 1.667906657706072160e+00 2.109889631007290167e-05 1.000000000000000000e+00 -7.258024599438058617e-05 1.166101855840875228e-04 5.673395387790947098e-02 9.841958030927855372e-01 9.745420411269843930e-01 9.939416519874106903e-01 0.000000000000000000e+00
7.439611673500706956e+00 1.666516932174539223e+00 2.329625304985944652e-06 1.000000000000000000e+00 -9.124732199454814680e-05 9.775695290385525945e-05 6.893133984533506009e-04 9.848620034335974216e-01 9.752117838684603024e-01 9.946042154183123429e-01 0.000000000000000000e+00
7.445815641841948995e+00 1.665128364583736253e+00 -7.605955238696608518e-06 -1.000000000000000000e+00 -1.013117365754820511e-04 8.796444890242021374e-05 7.317757109461808795e-03 9.837597723713406017e-01 9.740364379591827104e-01 9.935765621280197024e-01 0.000000000000000000e+00
7.452024783735907043e+00 1.663740953968849468e+00 -1.864138602989874090e-05 -1.000000000000000000e+00 -1.124828650216604055e-04 7.708137762350961326e-05 4.367119307917732840e-02 9.841466082742355015e-01 9.744267097038444847e-01 9.939599040249083028e-01 0.000000000000000000e+00
7.458239103496859812e+00 1.662354699365868660e+00 -3.094315921232757168e-05 -1.000000000000000000e+00 -1.251212125789539077e-04 6.513242396753314480e-05 1.192569056243826253e-01 9.864155194140126204e-01 9.766053177927509488e-01 9.963205802371837283e-01 0.000000000000000000e+00
7.464458605442683137e+00 1.660969599811586539e+00 -2.586108995406028526e-05 -1.000000000000000000e+00 -1.206166182810914977e-04 7.080658793941927646e-05 8.257253601209413318e-02 9.853112774640138127e-01 9.753743919460532430e-01 9.953455120207576057e-01 0.000000000000000000e+00
7.470683293894854415e+00 1.659585654343599170e+00 -1.834497922963167953e-05 -1.000000000000000000e+00 -1.135058536130531586e-04 7.874564329446562174e-05 4.116290106779274538e-02 9.855646878568217195e-01 9.756841622879801612e-01 9.955414743047775739e-01 0.000000000000000000e+00
7.476913173178454386e+00 1.658202862000304201e+00 2.213686472549621606e-06 1.000000000000000000e+00 -9.364867109164695647e-05 1.000208182648423257e-04 5.944733267710944347e-04 9.839547913541810686e-01 9.739520479658020369e-01 9.940563289938345592e-01 0.000000000000000000e+00
7.483148247622170679e+00 1.656821221820899526e+00 2.676649535518547021e-05 1.000000000000000000e+00 -6.960818459411851624e-05 1.251044342727698582e-04 8.621818400118286263e-02 9.828427892621998119e-01 9.729041867520119569e-01 9.928790288524835805e-01 0.000000000000000000e+00
7.489388521558299594e+00 1.655440732845385288e+00 6.242200385001260034e-05 1.000000000000000000e+00 -3.476365349885242285e-05 1.615817398096867073e-04 4.655982934154394570e-01 9.794941001773913580e-01 9.694436945640823033e-01 9.896446553705022797e-01 0.000000000000000000e+00
7.495633999322752317e+00 1.654061394114560324e+00 1.027902449740412255e-04 1.000000000000000000e+00 4.826700069567363871e-06 2.027391417276720091e-04 1.254408551712288045e+00 9.750882987518572076e-01 9.649850727977300480e-01 9.852932227730553105e-01 0.000000000000000000e+00
7.501884685255054031e+00 1.652683204670022832e+00 1.306791728312451653e-04 1.000000000000000000e+00 3.211592529073616174e-05 2.312424621359329485e-04 2.012565755859839101e+00 9.741136124024554199e-01 9.640204007432704447e-01 9.843083823584652947e-01 0.000000000000000000e+00
7.508140583698349246e+00 1.651306163554170148e+00 1.528927011348934562e-04 1.000000000000000000e+00 5.367821647853491011e-05 2.541182973098453173e-04 2.734360611700253685e+00 9.740544588628602396e-01 9.638870105069917704e-01 9.843249492076979745e-01 0.000000000000000000e+00
7.514401698999403578e+00 1.649930269810196748e+00 1.738876163450501220e-04 1.000000000000000000e+00 7.414733573555613009e-05 2.756449033684404558e-04 3.512855963478955346e+00 9.733275098909522915e-01 9.631665566276323975e-01 9.835914686367256410e-01 0.000000000000000000e+00
7.520668035508609073e+00 1.648555522482095359e+00 1.935899991217970482e-04 1.000000000000000000e+00 9.333324763677913380e-05 2.958644689666867309e-04 4.332302442616224880e+00 9.718481696339620335e-01 9.616200809235192493e-01 9.821808115611150303e-01 0.000000000000000000e+00
7.526939597579984209e+00 1.647181920614653627e+00 2.063355528574438891e-04 1.000000000000000000e+00 1.059187261573753307e-04 3.087767971940693561e-04 4.909547116305304826e+00 9.711892316553928373e-01 9.610201936831078706e-01 9.814616942912781639e-01 0.000000000000000000e+00
7.533216389571179228e+00 1.645809463253457006e+00 2.121293582542549308e-04 1.000000000000000000e+00 1.115756524213802142e-04 3.147172650732872699e-04 5.191606649497828130e+00 9.711728185056074381e-01 9.608802466990326030e-01 9.815714260517035550e-01 0.000000000000000000e+00
7.539498415843477019e+00 1.644438149444884756e+00 2.216823551642773922e-04 1.000000000000000000e+00 1.211453030681179443e-04 3.242635744543977691e-04 5.689072178188439466e+00 9.683662346016320699e-01 9.580157781848042120e-01 9.788240795862275245e-01 0.000000000000000000e+00
7.545785680761798453e+00 1.643067978236111282e+00 2.151601593048536442e-04 1.000000000000000000e+00 1.148321496046067665e-04 3.175412060499604202e-04 5.370045285448071581e+00 9.686270889567640818e-01 9.582802873392382015e-01 9.790811945791989546e-01 0.000000000000000000e+00
7.552078188694705041e+00 1.641698948675104575e+00 2.088144107114438416e-04 1.000000000000000000e+00 1.085204574338488538e-04 3.111665662166238078e-04 5.061993483128929938e+00 9.671200398496142547e-01 9.567051011940305161e-01 9.776438050733009533e-01 0.000000000000000000e+00
7.558375944014398939e+00 1.640331059810627101e+00 1.908842675661572702e-04 1.000000000000000000e+00 9.068949406928237882e-05 2.931417505815186141e-04 4.221253751103091645e+00 9.678023746779130798e-01 9.573851427939515935e-01 9.783284260846564218e-01 0.000000000000000000e+00
7.564678951096730941e+00 1.638964310692231585e+00 1.729420252700438550e-04 1.000000000000000000e+00 7.272638501754220255e-05 2.752224572343649417e-04 3.456369950835579630e+00 9.678225015820989263e-01 9.573260121080462426e-01 9.784293947428381877e-01 0.000000000000000000e+00
7.570987214321198699e+00 1.637598700370265004e+00 1.531997484798079125e-04 1.000000000000000000e+00 5.313481981967809636e-05 2.553377941000838786e-04 2.707884779565802091e+00 9.685789437865395257e-01 9.580807502750487981e-01 9.791875081729828345e-01 0.000000000000000000e+00
7.577300738070952946e+00 1.636234227895864146e+00 1.329334616031851014e-04 1.000000000000000000e+00 3.303116794063019586e-05 2.349195884482563682e-04 2.038600992660065003e+00 9.704640235023704875e-01 9.598794922935492968e-01 9.811604963702860172e-01 0.000000000000000000e+00
7.583619526732800153e+00 1.634870892320956948e+00 1.268350118097546456e-04 1.000000000000000000e+00 2.700501379770359699e-05 2.287582891471644849e-04 1.859881079071499244e+00 9.693667708710230757e-01 9.586567286702339930e-01 9.801914512150406988e-01 0.000000000000000000e+00
7.589943584697204315e+00 1.633508692698261822e+00 1.168789498566462603e-04 1.000000000000000000e+00 1.735540847119717298e-05 2.185045339976688175e-04 1.581166597664832807e+00 9.706563268866955640e-01 9.600033281089996873e-01 9.814227086787300491e-01 0.000000000000000000e+00
7.596272916358290495e+00 1.632147628081284996e+00 1.132959057590869471e-04 1.000000000000000000e+00 1.377551921582568476e-05 2.149212779365615130e-04 1.487044885427849295e+00 9.705733324135310536e-01 9.597896699396006870e-01 9.814732337336944390e-01 0.000000000000000000e+00
7.602607526113848380e+00 1.630787697524322288e+00 1.091208824976276805e-04 1.000000000000000000e+00 9.780472020266844533e-06 2.105796285618262767e-04 1.379323379176696562e+00 9.704789892805139040e-01 9.597602005517743562e-01 9.813127048786146611e-01 0.000000000000000000e+00
7.608947418365335835e+00 1.629428900082457776e+00 9.382228118723899037e-05 1.000000000000000000e+00 -5.579477052990083137e-06 1.953586574863696787e-04 1.016658475738779543e+00 9.730511981324565518e-01 9.621845974044178629e-01 9.840355630749492155e-01 0.000000000000000000e+00
7.615292597517878903e+00 1.628071234811562906e+00 8.209411664087179678e-05 1.000000000000000000e+00 -1.733396920784285302e-05 1.836790576772639398e-04 7.741377504883075744e-01 9.735052759410535161e-01 9.626980588949857198e-01 9.844289584127663417e-01 0.000000000000000000e+00
7.621643067980279795e+00 1.626714700768294497e+00 6.487543662427307798e-05 1.000000000000000000e+00 -3.496403423461661927e-05 1.668848149019151088e-04 4.788587099130552360e-01 9.749984341088270279e-01 9.640423045797539281e-01 9.860740197630818438e-01 0.000000000000000000e+00
7.627998834165015118e+00 1.625359297010096737e+00 4.807472788786772415e-05 1.000000000000000000e+00 -5.223452033116448911e-05 1.505661657093203785e-04 2.599284516068678386e-01 9.764868036813365570e-01 9.654357192790460340e-01 9.876591790047023478e-01 0.000000000000000000e+00
7.634359900488242090e+00 1.624005022595198744e+00 3.830096657098166227e-05 1.000000000000000000e+00 -6.236529145959017646e-05 1.411668907460758809e-04 1.633459615508741081e-01 9.768798520662911322e-01 9.658299445669731309e-01 9.880509651879290089e-01 0.000000000000000000e+00
7.640726271369800315e+00 1.622651876582614117e+00 3.624573585241057649e-05 1.000000000000000000e+00 -6.474664164811308031e-05 1.394544998578712235e-04 1.453887500530299803e-01 9.767951451895146020e-01 9.656622693532670443e-01 9.880510085153777489e-01 0.000000000000000000e+00
7.647097951233216229e+00 1.621299858032140939e+00 4.112623784764680280e-05 1.000000000000000000e+00 -5.990855304991265893e-05 1.443908342567276832e-04 1.868543151791755008e-01 9.766161523503875674e-01 9.654948811404407971e-01 9.878603371022148805e-01 0.000000000000000000e+00
7.653474944505703093e+00 1.619948966004359558e+00 5.010433615457104370e-05 1.000000000000000000e+00 -5.092529482801855722e-05 1.533715932259580137e-04 2.778128804758068782e-01 9.765058597681630648e-01 9.653079091695383473e-01 9.878285324236989462e-01 0.000000000000000000e+00
7.659857255618167216e+00 1.618599199560634805e+00 5.992234319628127605e-05 1.000000000000000000e+00 -4.094362702372585973e-05 1.630416505065147566e-04 3.984994804783070776e-01 9.761392947262170772e-01 9.649574544069657867e-01 9.874456277769572132e-01 0.000000000000000000e+00
7.666244889005210617e+00 1.617250557763112662e+00 5.192892980059153629e-05 1.000000000000000000e+00 -4.888554895748830964e-05 1.550167228004806902e-04 2.989031209557424518e-01 9.800831733814837632e-01 9.688004902572284749e-01 9.914920710119394798e-01 0.000000000000000000e+00
7.672637849105131913e+00 1.615903039674720043e+00 3.976699671654921882e-05 1.000000000000000000e+00 -6.130931248905858760e-05 1.431321638449882202e-04 1.742085400709640908e-01 9.829487190783212647e-01 9.715025515197571737e-01 9.945244708832587932e-01 0.000000000000000000e+00
7.679036140359931650e+00 1.614556644359165460e+00 2.544245313744706449e-05 1.000000000000000000e+00 -7.592472731985093915e-05 1.291102316961190123e-04 7.053221975789369935e-02 9.838720961435297729e-01 9.724867599757155423e-01 9.953855502828967694e-01 0.000000000000000000e+00
7.685439767215314077e+00 1.613211370880937023e+00 1.459142207042532106e-06 1.000000000000000000e+00 -1.004577247468110309e-04 1.056823491961375502e-04 2.289743741812344524e-04 9.858592351727238912e-01 9.743068983709490816e-01 9.975432214643352724e-01 0.000000000000000000e+00
7.691848734120691589e+00 1.611867218305303329e+00 -1.950229587297152973e-05 -1.000000000000000000e+00 -1.215371387987989368e-04 8.486345084649336162e-05 4.052460655620393482e-02 9.860306614815782522e-01 9.745452174761316533e-01 9.976462877640324134e-01 0.000000000000000000e+00
7.698263045529186499e+00 1.610524185698310351e+00 -3.956139302117037343e-05 -1.000000000000000000e+00 -1.416293534484353912e-04 6.486779604825509255e-05 1.661509597371093605e-01 9.863045481785497337e-01 9.746671080237910845e-01 9.980754197900363334e-01 0.000000000000000000e+00
7.704682705897634598e+00 1.609182272126782998e+00 -6.664355871261976743e-05 -1.000000000000000000e+00 -1.682193212824717606e-04 3.732484831726250261e-05 4.710975936886256932e-01 9.899096655974547465e-01 9.783293517893307811e-01 1.001621651438830973e+00 0.000000000000000000e+00
7.711107719686588702e+00 1.607841476658323998e+00 -8.680568946246251111e-05 -1.000000000000000000e+00 -1.881539584281144461e-04 1.694847334229602413e-05 7.996256405698147773e-01 9.921879663722588116e-01 9.804475958074618802e-01 1.004063509167858914e+00 0.000000000000000000e+00
7.717538091360320429e+00 1.606501798361312572e+00 -1.030803288271327006e-04 -1.000000000000000000e+00 -2.042548138735614672e-04 5.097164556971966760e-07 1.126767390472878105e+00 9.934516600232099481e-01 9.816191899051905922e-01 1.005421247568922150e+00 0.000000000000000000e+00
7.723973825386825531e+00 1.605163236304904206e+00 -1.215145443004329612e-04 -1.000000000000000000e+00 -2.224427774948733831e-04 -1.815073289084265316e-05 1.561009921012811219e+00 9.949848010902585527e-01 9.832196370205734670e-01 1.006885428289225892e+00 0.000000000000000000e+00
7.730414926237823892e+00 1.603825789559029547e+00 -1.525069374169925611e-04 -1.000000000000000000e+00 -2.534551802007360384e-04 -4.909739988708065059e-05 2.442864545303251589e+00 9.997795257157837678e-01 9.878319320369560730e-01 1.011866137323933046e+00 0.000000000000000000e+00
7.736861398388765743e+00 1.602489457194395728e+00 -1.765483910948669182e-04 -1.000000000000000000e+00 -2.774360717433829271e-04 -7.316840765692267856e-05 3.248856111869457663e+00 1.001483077156445578e+00 9.895986584523278617e-01 1.013504908012673900e+00 0.000000000000000000e+00
7.743313246318833443e+00 1.601154238282482378e+00 -2.112395974734453401e-04 -1.000000000000000000e+00 -3.123582397105628076e-04 -1.076057516008075489e-04 4.601030881877562706e+00 1.006560676471252247e+00 9.944867612237301424e-01 1.018775590465897718e+00 0.000000000000000000e+00
7.749770474510944140e+00 1.599820131895543396e+00 -2.266967929467466475e-04 -1.000000000000000000e+00 -3.280018814725205374e-04 -1.228465483374454595e-04 5.247075339330990573e+00 1.006222987291067517e+00 9.942222338851518515e-01 1.018363102761063566e+00 0.000000000000000000e+00
7.756233087451753327e+00 1.598487137106606282e+00 -2.402589453441908429e-04 -1.000000000000000000e+00 -3.420363713915799682e-04 -1.359132692074667686e-04 5.834148174107980367e+00 1.007547731607436159e+00 9.953770571380402554e-01 1.019861375345443300e+00 0.000000000000000000e+00
7.762701089631657503e+00 1.597155252989470364e+00 -2.399163021639145338e-04 -1.000000000000000000e+00 -3.419722612550198538e-04 -1.352654068780169828e-04 5.769827464474502676e+00 1.007613485878639192e+00 9.955169096556083508e-01 1.019851459607213684e+00 0.000000000000000000e+00
7.769174485544799502e+00 1.595824478618706577e+00 -2.244123054150291559e-04 -1.000000000000000000e+00 -3.270617908429325547e-04 -1.191517746456960977e-04 5.018667651774848082e+00 1.006426068935778462e+00 9.941764297023907293e-01 1.018820683303596208e+00 0.000000000000000000e+00
7.775653279689067610e+00 1.594494813069657235e+00 -1.994242805526764343e-04 -1.000000000000000000e+00 -3.026383555285019683e-04 -9.358602587055627516e-05 3.945081103013222901e+00 1.005473870966474115e+00 9.931384878949194306e-01 1.017956606365374883e+00 0.000000000000000000e+00
7.782137476566102663e+00 1.593166255418435151e+00 -1.662627833977775311e-04 -1.000000000000000000e+00 -2.700102838383985297e-04 -5.987913009408269663e-05 2.730758035530243433e+00 1.004093423360220783e+00 9.917777628771007326e-01 1.016556319715122836e+00 0.000000000000000000e+00
7.788627080681298942e+00 1.591838804741922297e+00 -1.243872687705761349e-04 -1.000000000000000000e+00 -2.288913470230792731e-04 -1.724106773740930257e-05 1.522439216543489238e+00 1.000618500773409192e+00 9.882319602790825552e-01 1.013154442934744548e+00 0.000000000000000000e+00
7.795122096543806833e+00 1.590512460117771143e+00 -9.086767059461302461e-05 -1.000000000000000000e+00 -1.959968284290428521e-04 1.692009461007626403e-05 8.079010067351362068e-01 9.992518259380537282e-01 9.868843659793511414e-01 1.011768554794620467e+00 0.000000000000000000e+00
7.801622528666539047e+00 1.589187220624400876e+00 -5.398071921766284422e-05 -1.000000000000000000e+00 -1.599123428655780071e-04 5.462979535372850377e-05 2.834805244199003482e-01 9.947255411883934029e-01 9.822914482305110662e-01 1.007311154705126999e+00 0.000000000000000000e+00
7.808128381566169729e+00 1.587863085341000069e+00 -3.689164940768867876e-05 -1.000000000000000000e+00 -1.434535550006540874e-04 7.237639845997093698e-05 1.311975687588073924e-01 9.940339293935970266e-01 9.816118299323723928e-01 1.006607466579076959e+00 0.000000000000000000e+00
7.814639659763139790e+00 1.586540053347523793e+00 -3.013412888578950892e-05 -1.000000000000000000e+00 -1.374536857051506737e-04 7.991890205787364500e-05 8.652871551029761577e-02 9.937418986567150281e-01 9.812238535819277629e-01 1.006413677204391455e+00 0.000000000000000000e+00
7.821156367781661345e+00 1.585218123724693617e+00 -3.219970352706134973e-05 -1.000000000000000000e+00 -1.403549006361630653e-04 7.871508768613627322e-05 9.748306253320038195e-02 9.937431954429108982e-01 9.810532429598777249e-01 1.006590998473951837e+00 0.000000000000000000e+00
7.827678510149716828e+00 1.583897295553998275e+00 -3.969475076324123757e-05 -1.000000000000000000e+00 -1.483601325793206731e-04 7.176408354002121351e-05 1.461657840458485680e-01 9.937073897158831270e-01 9.810945106800161852e-01 1.006476274265114101e+00 0.000000000000000000e+00
7.834206091399066985e+00 1.582577567917689887e+00 -5.005779613394691996e-05 -1.000000000000000000e+00 -1.593407631798045927e-04 6.204952459348097497e-05 2.297582544037197749e-01 9.937868971312108224e-01 9.810025983939576477e-01 1.006731332503644438e+00 0.000000000000000000e+00
7.840739116065250869e+00 1.581258939898786631e+00 -6.620171265747308543e-05 -1.000000000000000000e+00 -1.756046479500492953e-04 4.606753461157674654e-05 3.980762501346077897e-01 9.958135179799035841e-01 9.830991121156632540e-01 1.008686066769703071e+00 0.000000000000000000e+00
7.847277588687588512e+00 1.579941410581070071e+00 -8.126639061266401737e-05 -1.000000000000000000e+00 -1.909154432239072263e-04 3.128560294338647162e-05 5.956067676754344120e-01 9.979302590768324155e-01 9.850361088136996290e-01 1.010986606596677051e+00 0.000000000000000000e+00
7.853821513809187138e+00 1.578624979049085830e+00 -9.161089865568022394e-05 -1.000000000000000000e+00 -2.012592306373599239e-04 2.097952699279459412e-05 7.521440121154796543e-01 9.989636563036646821e-01 9.861483100999788309e-01 1.011939236898379946e+00 0.000000000000000000e+00
7.860370895976941163e+00 1.577309644388141585e+00 -9.895487970873831102e-05 -1.000000000000000000e+00 -2.089787524170354325e-04 1.403756696820051186e-05 8.712489190652092930e-01 9.992416355642106396e-01 9.862559982316828622e-01 1.012391682035274965e+00 0.000000000000000000e+00
7.866925739741537527e+00 1.575995405684307737e+00 -1.007674793865142557e-04 -1.000000000000000000e+00 -2.110592609903089948e-04 1.252505626626796407e-05 8.960600213196414643e-01 9.977028851014013711e-01 9.848089745885981738e-01 1.010759254784827643e+00 0.000000000000000000e+00
7.873486049657457464e+00 1.574682262024415857e+00 -1.172517098430157128e-04 -1.000000000000000000e+00 -2.280350428340298559e-04 -3.438925427501221825e-06 1.199753007949368566e+00 1.001223021507975597e+00 9.881350787085735332e-01 1.014477554697108763e+00 0.000000000000000000e+00
7.880051830282980951e+00 1.573370212496058462e+00 -1.272981850223464293e-04 -1.000000000000000000e+00 -2.383935903666420126e-04 -1.313237581589201959e-05 1.398823652521542726e+00 1.002968544857449462e+00 9.899505105925691106e-01 1.016151298023773464e+00 0.000000000000000000e+00
7.886623086180188480e+00 1.572059256187587906e+00 -1.235566327607524396e-04 -1.000000000000000000e+00 -2.353799369036687391e-04 -8.629083497719631417e-06 1.304969223887468388e+00 1.000945365888489036e+00 9.877646506699280238e-01 1.014295028457524062e+00 0.000000000000000000e+00
7.893199821914964609e+00 1.570749392188117488e+00 -1.242992673642811564e-04 -1.000000000000000000e+00 -2.367970623266988045e-04 -8.670746492773001774e-06 1.306167238493145533e+00 1.001946121253253219e+00 9.886567555961702780e-01 1.015407049296783271e+00 0.000000000000000000e+00
7.899782042057002407e+00 1.569440619587517682e+00 -1.144466835851131381e-04 -1.000000000000000000e+00 -2.276036047899598891e-04 1.860618808465229522e-06 1.096349486266745998e+00 1.001522925973173939e+00 9.882412476519163436e-01 1.014976020523812306e+00 0.000000000000000000e+00
7.906369751179806116e+00 1.568132937476418354e+00 -7.990424615227565872e-05 -1.000000000000000000e+00 -1.939306020585864518e-04 3.728632145143096605e-05 5.315043310269800259e-01 9.952211415284468732e-01 9.818776526793435711e-01 1.008738758864904161e+00 0.000000000000000000e+00
7.912962953860692039e+00 1.566826344946206540e+00 -5.511883704581536778e-05 -1.000000000000000000e+00 -1.696260667976907835e-04 6.256971863040299117e-05 2.519424562930510092e-01 9.942295055669612136e-01 9.809014581669657229e-01 1.007731518060548170e+00 0.000000000000000000e+00
7.919561654680794760e+00 1.565520841089027337e+00 -3.075807656687005130e-05 -1.000000000000000000e+00 -1.457063321184800739e-04 8.738870157264573308e-05 7.833154097340866429e-02 9.944660946450781802e-01 9.810381861606196630e-01 1.008070561007844868e+00 0.000000000000000000e+00
7.926165858225068916e+00 1.564216424997781019e+00 -2.800912402613270101e-06 -1.000000000000000000e+00 -1.181114313653272281e-04 1.157284909341122517e-04 6.488852049244542286e-04 9.933611058059986787e-01 9.799497523522007203e-01 1.006948801334868193e+00 0.000000000000000000e+00
7.932775569082291867e+00 1.562913095766124583e+00 2.481233541468325695e-05 1.000000000000000000e+00 -9.114354899827542035e-05 1.440007451853562688e-04 5.075597101028961333e-02 9.912409453270553117e-01 9.777386515216228702e-01 1.004922273776654551e+00 0.000000000000000000e+00
7.939390791845069018e+00 1.561610852488469980e+00 4.367631360025688725e-05 1.000000000000000000e+00 -7.295366949560758434e-05 1.635474881156969481e-04 1.561416222131697396e-01 9.904993243687129079e-01 9.770032157514436655e-01 1.004174451426210979e+00 0.000000000000000000e+00
7.946011531109834714e+00 1.560309694259983226e+00 5.683274052495013097e-05 1.000000000000000000e+00 -6.065892912025928712e-05 1.775651443595692729e-04 2.619335984362010095e-01 9.903160614198610601e-01 9.767071250836065754e-01 1.004106969698357554e+00 0.000000000000000000e+00
7.952637791476856677e+00 1.559009620176584621e+00 7.806885360625650551e-05 1.000000000000000000e+00 -4.034780442041572093e-05 1.997241139356798476e-04 4.909370691876375759e-01 9.865880917078040380e-01 9.728067600833084638e-01 1.000556635552972473e+00 0.000000000000000000e+00
7.959269577550237784e+00 1.557710629334948083e+00 7.769160128773193821e-05 1.000000000000000000e+00 -4.093504552609621237e-05 1.995683081187652949e-04 4.835438874977455725e-01 9.899400368509839732e-01 9.762184262256935474e-01 1.003846628211868763e+00 0.000000000000000000e+00
7.965906893937922284e+00 1.556412720832499597e+00 8.743730454545573124e-05 1.000000000000000000e+00 -3.148611268879707181e-05 2.096261089662790084e-04 6.124859499297770071e-01 9.900504645510244117e-01 9.761344829193142614e-01 1.004156453265812265e+00 0.000000000000000000e+00
7.972549745251694908e+00 1.555115893767417656e+00 9.605120329336436680e-05 1.000000000000000000e+00 -2.274904248857290362e-05 2.181405231118191293e-04 7.403777722771565095e-01 9.908040982231033356e-01 9.769705810059979845e-01 1.004825245641508324e+00 0.000000000000000000e+00
7.979198136107187977e+00 1.553820147238631932e+00 1.060920778927280749e-04 1.000000000000000000e+00 -1.299052757862927121e-05 2.284673370173811720e-04 9.036961631926487826e-01 9.912201654765833148e-01 9.771869584950052534e-01 1.005446195126831421e+00 0.000000000000000000e+00
7.985852071123881402e+00 1.552525480345822828e+00 1.219257396575005540e-04 1.000000000000000000e+00 2.610404920454293927e-06 2.445258358982159820e-04 1.191559959552094483e+00 9.897412041288123907e-01 9.758013646508056915e-01 1.003871808061598481e+00 0.000000000000000000e+00
7.992511554925108008e+00 1.551231892189421036e+00 1.411203967041115947e-04 1.000000000000000000e+00 2.117466415948405308e-05 2.643275384656095222e-04 1.592450386586577338e+00 9.871567642795645581e-01 9.730304765122218535e-01 1.001479449611447192e+00 0.000000000000000000e+00
7.999176592138056208e+00 1.549939381870606869e+00 1.600698428071219322e-04 1.000000000000000000e+00 3.994922492595902254e-05 2.834465593049334455e-04 2.048602959545604563e+00 9.844833597033814110e-01 9.704602386622911414e-01 9.987006505798933231e-01 0.000000000000000000e+00
