# OBJ_NAME=4U 1630-47
#         GRID_START=6.00
#         GRID_END=8.00
#         GRID_STEP_FRACTION=0.50
#         XSPEC_FITSTAT=cstat
#         XSPEC_CONTINUUM_MODEL=tbabs*(bbodyrad + pow)*constant
#         XSPEC_LINE_MODEL=gauss
#         LINE_VELOCITY_WIDTH=500
#         INPUT_FILE=/home/simon/Downloads/tgcat/obs_15511_tgid_4752/pm_heg_abs1.pha
#         SEARCH_MODE=Sliding window
#         FIT_REGION_WIDTH=30.00
#         RUNTIME=69
#         COLUMN_NAMES=ENERGY,WAVELENGTH,NORM,NORM_SIGN,NORM_ERR_LO,NORM_ERR_HI,DELTA_FITSTAT,CONSTANT_FACTOR,CONSTANT_FACTOR_ERR_LO,CONSTANT_FACTOR_ERR_HI,FIT_ERR
6.000000000000000000e+00 2.066373137115381287e+00 -1.952354248481103223e-05 -1.000000000000000000e+00 -6.998813074128396397e-05 3.160066533648525600e-05 1.631373915238327754e-01 9.821886442291627439e-01 9.762449418335144014e-01 9.881673206084699013e-01 0.000000000000000000e+00
6.005003461427972589e+00 2.064651403172383937e+00 -1.261304570061631002e-05 -1.000000000000000000e+00 -6.343207729136006467e-05 3.886615980343512318e-05 6.741105100900313118e-02 9.821581965023972183e-01 9.761652397917889301e-01 9.881867356237084010e-01 0.000000000000000000e+00
6.010011095293655181e+00 2.062931103804642063e+00 -3.120592565701281295e-06 -1.000000000000000000e+00 -5.407682245084570422e-05 4.849783160498481212e-05 4.108868509320018347e-03 9.822881433516682526e-01 9.763287982606673188e-01 9.882826094065990663e-01 0.000000000000000000e+00
6.015022905076486737e+00 2.061212237816845594e+00 1.139051924458245328e-05 1.000000000000000000e+00 -3.959925850678529832e-05 6.304648606912327080e-05 5.485399619237796287e-02 9.818787033598925795e-01 9.759083768888126009e-01 9.878843774408274658e-01 0.000000000000000000e+00
6.020038894258807005e+00 2.059494804014679215e+00 2.724947325293247116e-05 1.000000000000000000e+00 -2.379034654487853173e-05 7.895940696554706439e-05 3.147994150153863302e-01 9.815271652113535250e-01 9.755123512361921767e-01 9.875778388242879569e-01 0.000000000000000000e+00
6.025059066325860080e+00 2.057778801204824592e+00 4.445198648469204147e-05 1.000000000000000000e+00 -6.735762413044327646e-06 9.631010288430866175e-05 8.366679239138647972e-01 9.801656012737199886e-01 9.741413716961422331e-01 9.862258746170858847e-01 0.000000000000000000e+00
6.030083424765796174e+00 2.056064228194956822e+00 5.070332251940846345e-05 1.000000000000000000e+00 -6.592930398664355427e-07 1.027341258553964807e-04 1.081541971964242066e+00 9.815800861271010147e-01 9.755853576164010832e-01 9.876103964328033502e-01 0.000000000000000000e+00
6.035111973069674285e+00 2.054351083793744426e+00 5.721611078837139923e-05 1.000000000000000000e+00 5.649145876308191052e-06 1.094503997432148384e-04 1.370726331876511495e+00 9.811331295634038163e-01 9.750909775016332048e-01 9.872114574684883737e-01 0.000000000000000000e+00
6.040144714731465747e+00 2.052639366810848021e+00 5.519466635855525594e-05 1.000000000000000000e+00 3.628831967577864841e-06 1.074309629607688972e-04 1.274948973202754132e+00 9.818903208748779310e-01 9.758320854158143431e-01 9.879849676507068690e-01 0.000000000000000000e+00
6.045181653248054232e+00 2.050929076056921652e+00 4.498884237918822425e-05 1.000000000000000000e+00 -6.382166770094188386e-06 9.703438360798006374e-05 8.495534872699863627e-01 9.835816251377338393e-01 9.775543907863815107e-01 9.896447776021808362e-01 0.000000000000000000e+00
6.050222792119239301e+00 2.049220210343609683e+00 3.128394523701928366e-05 1.000000000000000000e+00 -1.992842276209870120e-05 8.317234701201600103e-05 4.122139347055053804e-01 9.843270904672021260e-01 9.782505424278123973e-01 9.904401098033001061e-01 0.000000000000000000e+00
6.055268134847740846e+00 2.047512768483544576e+00 1.367922829193073808e-05 1.000000000000000000e+00 -3.738839470487047420e-05 6.542424146926549729e-05 7.890325384050811408e-02 9.843684240629385629e-01 9.782771825749423389e-01 9.904964053679555791e-01 0.000000000000000000e+00
6.060317684939197314e+00 2.045806749290351334e+00 -1.288930958004010194e-05 -1.000000000000000000e+00 -6.384535227016625326e-05 3.874609671474406048e-05 6.989199313875360531e-02 9.862546640906728612e-01 9.801418994376164262e-01 9.924042829589456716e-01 0.000000000000000000e+00
6.065371445902172809e+00 2.044102151578641724e+00 -3.763146636858731613e-05 -1.000000000000000000e+00 -8.849587297435519695e-05 1.391550991785599147e-05 5.939218863904613954e-01 9.871827910633472758e-01 9.810671574452124455e-01 9.933352911942759933e-01 0.000000000000000000e+00
6.070429421248155322e+00 2.042398974164015168e+00 -6.316424183825496824e-05 -1.000000000000000000e+00 -1.139468441249158232e-04 -1.169561075051962562e-05 1.667646445262079169e+00 9.897775129818549011e-01 9.836381664919015000e-01 9.959538638796219256e-01 0.000000000000000000e+00
6.075491614491562942e+00 2.040697215863058300e+00 -7.742913723031729950e-05 -1.000000000000000000e+00 -1.281609636847351669e-04 -2.600841451783638227e-05 2.501549781504735392e+00 9.909596987186799488e-01 9.848013665342736367e-01 9.971553169949999296e-01 0.000000000000000000e+00
6.080558029149742971e+00 2.038996875493343186e+00 -7.907976491232909376e-05 -1.000000000000000000e+00 -1.297919364198078297e-04 -2.767689645086972381e-05 2.608650161300346326e+00 9.910148218825808319e-01 9.848578011617817873e-01 9.972090293997561972e-01 0.000000000000000000e+00
6.085628668742976366e+00 2.037297951873428659e+00 -7.468221308379687819e-05 -1.000000000000000000e+00 -1.254232089662461302e-04 -2.324979969908462919e-05 2.326253055472534470e+00 9.923362643968721697e-01 9.861607437265392795e-01 9.985492023543113271e-01 0.000000000000000000e+00
6.090703536794479511e+00 2.035600443822857208e+00 -6.231924009913700788e-05 -1.000000000000000000e+00 -1.131434967009495600e-04 -1.080330034817318305e-05 1.619610576451577799e+00 9.933305449415528177e-01 9.871375560666407756e-01 9.995611093703866690e-01 0.000000000000000000e+00
6.095782636830406886e+00 2.033904350162153651e+00 -4.210484036563531731e-05 -1.000000000000000000e+00 -9.310449600388726304e-05 9.585697324336583372e-06 7.390956113863467181e-01 9.926990142759389846e-01 9.864582879647895153e-01 9.989778740856493089e-01 0.000000000000000000e+00
6.100865972379854618e+00 2.032209669712826461e+00 -2.184274693397471215e-05 -1.000000000000000000e+00 -7.296707688703315230e-05 2.997241068922789557e-05 1.987029305346368346e-01 9.919815961922453518e-01 9.857794524392198277e-01 9.982215085386277886e-01 0.000000000000000000e+00
6.105953546974859592e+00 2.030516401297367324e+00 -3.855786526136596804e-06 -1.000000000000000000e+00 -5.515559744599417616e-05 4.813429316963985396e-05 6.186844342664699070e-03 9.907830460085320645e-01 9.845341755193488531e-01 9.970702905921037251e-01 0.000000000000000000e+00
6.111045364150406556e+00 2.028824543739246700e+00 4.410628954746662468e-06 1.000000000000000000e+00 -4.696232276432609848e-05 5.647480909095884452e-05 8.090574055131583009e-03 9.909744564571237868e-01 9.847092772377115111e-01 9.972782187345128335e-01 0.000000000000000000e+00
6.116141427444425460e+00 2.027134095862917373e+00 9.907875593374645550e-06 1.000000000000000000e+00 -4.144797871382653349e-05 6.195796173642738368e-05 4.085094154424950830e-02 9.893482655180941832e-01 9.831242103276340849e-01 9.956105077691786986e-01 0.000000000000000000e+00
6.121241740397799447e+00 2.025445056493809570e+00 1.307974199857590489e-06 1.000000000000000000e+00 -5.005832202518349059e-05 5.337155835614992486e-05 7.109863390724058263e-04 9.903342640367144289e-01 9.840561417230943020e-01 9.966511803567864591e-01 0.000000000000000000e+00
6.126346306554362187e+00 2.023757424458334508e+00 -1.408647227064027574e-05 -1.000000000000000000e+00 -6.545898243895031043e-05 3.798697431380319237e-05 8.213393191454088083e-02 9.918830869351240587e-01 9.855826148018298483e-01 9.982225007964268260e-01 0.000000000000000000e+00
6.131455129460903208e+00 2.022071198583879958e+00 -3.237012667615353159e-05 -1.000000000000000000e+00 -8.379823566360614226e-05 1.976183063262267720e-05 4.309597140054393094e-01 9.938806851054439173e-01 9.875554215389446000e-01 1.000245104848274114e+00 0.000000000000000000e+00
6.136568212667169675e+00 2.020386377698810687e+00 -4.372972812371643189e-05 -1.000000000000000000e+00 -9.523843096050038464e-05 8.485378344845135917e-06 7.818174446024386270e-01 9.943164662359927908e-01 9.879891907395702555e-01 1.000682952332179187e+00 0.000000000000000000e+00
6.141685559725869936e+00 2.018702960632467569e+00 -5.251289329633595127e-05 -1.000000000000000000e+00 -1.040718555832696783e-04 -2.462990740220892473e-07 1.122974640045868000e+00 9.963589387631667238e-01 9.900079764531933835e-01 1.002749312987021080e+00 0.000000000000000000e+00
6.146807174192673529e+00 2.017020946215167587e+00 -4.897578944394531875e-05 -1.000000000000000000e+00 -1.005199739924389116e-04 3.275867566971928514e-06 9.780736836937933276e-01 9.967896437883999594e-01 9.904216841700750340e-01 1.003197258349477705e+00 0.000000000000000000e+00
6.151933059626216505e+00 2.015340333278202056e+00 -3.741333216425452572e-05 -1.000000000000000000e+00 -8.885567302809332815e-05 1.473686800919572537e-05 5.740324778926151339e-01 9.963370757826648383e-01 9.899745318169408392e-01 1.002739224054316480e+00 0.000000000000000000e+00
6.157063219588101433e+00 2.013661120653835290e+00 -2.588318251105756985e-05 -1.000000000000000000e+00 -7.722344452439365613e-05 2.616661735316407628e-05 2.764385093901182699e-01 9.961764739404362912e-01 9.898005202778349387e-01 1.002592130853935171e+00 0.000000000000000000e+00
6.162197657642900950e+00 2.011983307175305935e+00 -2.424659638497735371e-05 -1.000000000000000000e+00 -7.554704677570418694e-05 2.776563460072444686e-05 2.429266982294393529e-01 9.982099168638185471e-01 9.918125137892714882e-01 1.004647251791761953e+00 0.000000000000000000e+00
6.167336377358160426e+00 2.010306891676824304e+00 -2.608568311465320419e-05 -1.000000000000000000e+00 -7.751705093717893699e-05 2.605895399497615259e-05 2.799967684973125870e-01 9.988237357724425447e-01 9.923708048416186589e-01 1.005317297298743862e+00 0.000000000000000000e+00
6.172479382304400630e+00 2.008631872993570600e+00 -3.245872416906928103e-05 -1.000000000000000000e+00 -8.405223735611521861e-05 1.985156851500056248e-05 4.296754829842939216e-01 9.986290413242252528e-01 9.922119729069329708e-01 1.005086237147443828e+00 0.000000000000000000e+00
6.177626676055119503e+00 2.006958249961698471e+00 -4.538372172770420058e-05 -1.000000000000000000e+00 -9.722169208290450441e-05 7.175377124698485785e-06 8.308961492271009774e-01 9.998204842596625230e-01 9.933436161617443805e-01 1.006338179507139996e+00 0.000000000000000000e+00
6.182778262186794827e+00 2.005286021418328790e+00 -5.238662821513482263e-05 -1.000000000000000000e+00 -1.044082911201150011e-04 3.623559108247996659e-07 1.097914454118352978e+00 9.995681670472770231e-01 9.930728437924933871e-01 1.006104515527703080e+00 0.000000000000000000e+00
6.187934144278887771e+00 2.003615186201552323e+00 -5.520114871083644652e-05 -1.000000000000000000e+00 -1.073019046847151979e-04 -2.367530398635357865e-06 1.212478391166740721e+00 1.000301462893250060e+00 9.938410836888215139e-01 1.006802475643155059e+00 0.000000000000000000e+00
6.193094325913842901e+00 2.001945743150427948e+00 -4.640942018254711089e-05 -1.000000000000000000e+00 -9.865513788661324306e-05 6.570881382426027573e-06 8.552637889351899503e-01 9.999349795576134570e-01 9.934222673984690610e-01 1.006488976842323968e+00 0.000000000000000000e+00
6.198258810677093500e+00 2.000277691104981770e+00 -2.898053946617688292e-05 -1.000000000000000000e+00 -8.134836212854367160e-05 2.412242786960980596e-05 3.334647586220853555e-01 9.992405580806347221e-01 9.927133920187869442e-01 1.005809209693246942e+00 0.000000000000000000e+00
6.203427602157062459e+00 1.998611028906206677e+00 -8.653869005421805855e-06 -1.000000000000000000e+00 -6.111346878163038520e-05 4.454137851043324159e-05 2.973699343056068756e-02 9.992462162645786572e-01 9.927578904142762006e-01 1.005775579901863281e+00 0.000000000000000000e+00
6.208600703945164057e+00 1.996945755396060118e+00 1.681467822522841199e-05 1.000000000000000000e+00 -3.585557191508290684e-05 7.021948681881881767e-05 1.122765243553658365e-01 9.976053473716972597e-01 9.910684794190639524e-01 1.004183883226628993e+00 0.000000000000000000e+00
6.213778119635809283e+00 1.995281869417466547e+00 3.518089547956292957e-05 1.000000000000000000e+00 -1.767680345310149956e-05 8.877256458277265998e-05 4.905596120811424043e-01 9.978480411352234070e-01 9.912914632299691942e-01 1.004446584234511164e+00 0.000000000000000000e+00
6.218959852826404955e+00 1.993619369814312314e+00 4.721488513766329776e-05 1.000000000000000000e+00 -5.826519333828621594e-06 1.009901543465556851e-04 8.806257588803703129e-01 9.989065400632646252e-01 9.923268431422397340e-01 1.005528442779276332e+00 0.000000000000000000e+00
6.224145907117359044e+00 1.991958255431448777e+00 5.804445802863158533e-05 1.000000000000000000e+00 4.849887060471105328e-06 1.119737148274354372e-04 1.326968673678521782e+00 9.984812227836566967e-01 9.919032296037405549e-01 1.005101448870342917e+00 0.000000000000000000e+00
6.229336286112081567e+00 1.990298525114688521e+00 6.499441952265214010e-05 1.000000000000000000e+00 1.168373769471358649e-05 1.190410201653175097e-04 1.660403813893509550e+00 9.976534515804522663e-01 9.910577590863383080e-01 1.004291581144454604e+00 0.000000000000000000e+00
6.234530993416986355e+00 1.988640177710806478e+00 6.401045226323347442e-05 1.000000000000000000e+00 1.064047249358527275e-05 1.181177190696612985e-04 1.608789080530669935e+00 9.981662372103075054e-01 9.915121522450983660e-01 1.004863473590538403e+00 0.000000000000000000e+00
6.239730032641496393e+00 1.986983212067538140e+00 5.828007692984814346e-05 1.000000000000000000e+00 4.997946817553328440e-06 1.123027406128661971e-04 1.333856912946430384e+00 9.989355314045965661e-01 9.923169756872733949e-01 1.005596753215655559e+00 0.000000000000000000e+00
6.244933407398043812e+00 1.985327627033580011e+00 5.489326699255255579e-05 1.000000000000000000e+00 1.668139364225914092e-06 1.088618847455703314e-04 1.185111063098247541e+00 9.973218274797143179e-01 9.906880651255985937e-01 1.003998490505395136e+00 0.000000000000000000e+00
6.250141121302072555e+00 1.983673421458586272e+00 4.010217698876959751e-05 1.000000000000000000e+00 -1.305927793272276691e-05 9.400877125119733179e-05 6.323127307800859853e-01 9.989203828326932433e-01 9.922245422710685991e-01 1.005659846283864844e+00 0.000000000000000000e+00
6.255353177972041934e+00 1.982020594193170782e+00 2.526375481717379014e-05 1.000000000000000000e+00 -2.776039278598816111e-05 7.903503592356202212e-05 2.508693697127455380e-01 9.995832535740438729e-01 9.929222510331781049e-01 1.006287399348636091e+00 0.000000000000000000e+00
6.260569581029430175e+00 1.980369144088905076e+00 6.786707623308125157e-06 1.000000000000000000e+00 -4.612012470739955720e-05 6.044285193211401485e-05 1.809689628271371475e-02 1.001173323749673827e+00 9.944857059005405286e-01 1.007904473406387780e+00 0.000000000000000000e+00
6.265790334098732650e+00 1.978719069998317037e+00 -1.142365218890347773e-05 -1.000000000000000000e+00 -6.422578040846554134e-05 4.213082188523074910e-05 5.128373079969605897e-02 1.002688684245272910e+00 9.959386277658510700e-01 1.009482861563804956e+00 0.000000000000000000e+00
6.271015440807469865e+00 1.977070370774890451e+00 -2.777029393202791430e-05 -1.000000000000000000e+00 -8.045430957190849864e-05 2.566882905038545665e-05 3.030862626542329963e-01 1.004040327894440754e+00 9.972642642814659730e-01 1.010860927348006033e+00 0.000000000000000000e+00
6.276244904786186574e+00 1.975423045273065226e+00 -3.907561786316836474e-05 -1.000000000000000000e+00 -9.167466384819836678e-05 1.428071809106555866e-05 5.998613026836210338e-01 1.004499381422276683e+00 9.977231217387229067e-01 1.011320103337440823e+00 0.000000000000000000e+00
6.281478729668454442e+00 1.973777092348234952e+00 -4.889688016686423157e-05 -1.000000000000000000e+00 -1.014784643529155820e-04 4.445259364274376846e-06 9.375861657672430738e-01 1.006034927789638544e+00 9.992314081279907167e-01 1.012883167022769371e+00 0.000000000000000000e+00
6.286716919090875599e+00 1.972132510856748011e+00 -5.717145410760968860e-05 -1.000000000000000000e+00 -1.097985803268428903e-04 -3.780616852679085369e-06 1.276976760308116354e+00 1.009173274611609550e+00 1.002337212293902935e+00 1.016054270303399454e+00 0.000000000000000000e+00
6.291959476693084419e+00 1.970489299655904469e+00 -5.015489154547185578e-05 -1.000000000000000000e+00 -1.029298891596802136e-04 3.384929932924772924e-06 9.790827501929015853e-01 1.008879617581156962e+00 1.002045070710805952e+00 1.015759174667816955e+00 0.000000000000000000e+00
6.297206406117751065e+00 1.968847457603957185e+00 -3.934374470561594604e-05 -1.000000000000000000e+00 -9.232257854548039109e-05 1.439818309589373902e-05 5.999801984758050821e-01 1.009873289831685783e+00 1.003013177513184973e+00 1.016778665904941370e+00 0.000000000000000000e+00
6.302457711010582386e+00 1.967206983560110700e+00 -1.874496888251649240e-05 -1.000000000000000000e+00 -7.192200723529039029e-05 3.519519450404480563e-05 1.359744804867659695e-01 1.009358174472019254e+00 1.002478337141243792e+00 1.016283562284008957e+00 0.000000000000000000e+00
6.307713395020327241e+00 1.965567876384518575e+00 6.558018501039206427e-06 1.000000000000000000e+00 -4.677947677423259585e-05 6.066175865041096654e-05 1.664403807853886974e-02 1.008312907263075209e+00 1.001439345779042922e+00 1.015232088235814567e+00 0.000000000000000000e+00
6.312973461798775610e+00 1.963930134938285832e+00 3.063645869302966104e-05 1.000000000000000000e+00 -2.291215653859936420e-05 8.495338738291938717e-05 3.627888973601329781e-01 1.007825296015343763e+00 1.000932099405875686e+00 1.014764318415072974e+00 0.000000000000000000e+00
6.318237915000763039e+00 1.962293758083465844e+00 5.161415978952573147e-05 1.000000000000000000e+00 -2.246301785392227084e-06 1.062426229976176769e-04 1.025182859993947204e+00 1.007643440678634983e+00 1.000690041241599104e+00 1.014643450412755055e+00 0.000000000000000000e+00
6.323506758284172413e+00 1.960658744683059451e+00 6.872838726962923056e-05 1.000000000000000000e+00 1.458526438954505747e-05 1.236415936108571558e-04 1.804989017910884286e+00 1.007641646326466578e+00 1.000726841729064009e+00 1.014602620761640761e+00 0.000000000000000000e+00
6.328779995309938400e+00 1.959025093601015399e+00 7.695756716522038961e-05 1.000000000000000000e+00 2.248871975498252160e-05 1.322000908334225856e-04 2.242587619520236331e+00 1.010017590802853915e+00 1.003070726885695096e+00 1.017010819225738771e+00 0.000000000000000000e+00
6.334057629742047446e+00 1.957392803702229900e+00 8.528850363797728417e-05 1.000000000000000000e+00 3.047459080721617191e-05 1.408797218302601463e-04 2.730934748348317953e+00 1.011823103001433743e+00 1.004807050151751646e+00 1.018886498287672637e+00 0.000000000000000000e+00
6.339339665247542221e+00 1.955761873852543076e+00 9.901876533865263460e-05 1.000000000000000000e+00 4.396956739950153410e-05 1.548473982421316036e-04 3.658431323378863453e+00 1.011680069053516151e+00 1.004703215839184205e+00 1.018703668342750390e+00 0.000000000000000000e+00
6.344626105496522506e+00 1.954132302918741848e+00 1.241867042056884790e-04 1.000000000000000000e+00 6.889810726638905252e-05 1.802550394656589729e-04 5.745947443970635504e+00 1.007496663863397313e+00 1.000510612183025616e+00 1.014529748434952694e+00 0.000000000000000000e+00
6.349916954162148741e+00 1.952504089768555939e+00 1.365535169823747753e-04 1.000000000000000000e+00 8.114863219412161337e-05 1.927379352490508468e-04 6.948131430325247493e+00 1.008441589567503183e+00 1.001392054465238601e+00 1.015538927701002070e+00 0.000000000000000000e+00
6.355212214920644698e+00 1.950877233270659206e+00 1.476270967424577688e-04 1.000000000000000000e+00 9.222969563747266124e-05 2.038044971944739350e-04 8.144559934413337032e+00 1.008891273377180431e+00 1.001819582603594050e+00 1.016011086424016607e+00 0.000000000000000000e+00
6.360511891451300137e+00 1.949251732294668749e+00 1.545817544976365308e-04 1.000000000000000000e+00 9.926156551520216864e-05 2.106831287342549475e-04 8.963359102778667875e+00 1.008612490438385079e+00 1.001545558900498900e+00 1.015727489889873603e+00 0.000000000000000000e+00
6.365815987436472589e+00 1.947627585711142251e+00 1.528065589168366004e-04 1.000000000000000000e+00 9.755976433356417887e-05 2.088363289156828617e-04 8.778186282313527045e+00 1.008308988656056782e+00 1.001221711476637743e+00 1.015444723297424856e+00 0.000000000000000000e+00
6.371124506561590906e+00 1.946004792391578420e+00 1.375162532556860242e-04 1.000000000000000000e+00 8.235286661952185856e-05 1.934654045044483883e-04 7.103776343629760959e+00 1.009397924129828983e+00 1.002284112259143711e+00 1.016560484580763424e+00 0.000000000000000000e+00
6.376437452515156146e+00 1.944383351208418098e+00 1.130609746826811686e-04 1.000000000000000000e+00 5.800471272500425460e-05 1.689071987734904118e-04 4.788231013122640434e+00 1.010454049712087965e+00 1.003337290787845948e+00 1.017619562938248512e+00 0.000000000000000000e+00
6.381754828988746020e+00 1.942763261035039601e+00 8.170452722912456436e-05 1.000000000000000000e+00 2.675401076536523126e-05 1.374505532202143290e-04 2.490736474191635352e+00 1.011804801849726099e+00 1.004658636238966896e+00 1.019000136086593233e+00 0.000000000000000000e+00
6.387076639677015777e+00 1.941144520745761159e+00 4.422560291000941763e-05 1.000000000000000000e+00 -1.059047113162689424e-05 9.984341200685678563e-05 7.263145701092525997e-01 1.015065079345227828e+00 1.007882700672764198e+00 1.022296844708058261e+00 0.000000000000000000e+00
6.392402888277703532e+00 1.939527129215838475e+00 1.567748004809053160e-05 1.000000000000000000e+00 -3.900952624532568250e-05 7.117200069617471469e-05 9.096334408286566031e-02 1.016288915749062438e+00 1.009103041237884968e+00 1.023524264528493655e+00 0.000000000000000000e+00
6.397733578491629380e+00 1.937911085321463833e+00 -5.084207493192480119e-06 -1.000000000000000000e+00 -5.967472038267744529e-05 5.031536051765195456e-05 9.547366166771098506e-03 1.017676373745626028e+00 1.010461678482562187e+00 1.024940720849702780e+00 0.000000000000000000e+00
6.403068714022700725e+00 1.936296387939767438e+00 -1.766467104036979809e-05 -1.000000000000000000e+00 -7.216923181891380301e-05 3.764850125085320498e-05 1.153305076654760342e-01 1.019901208889974153e+00 1.012615434991319674e+00 1.027237456918716818e+00 0.000000000000000000e+00
6.408408298577912277e+00 1.934683035948813856e+00 -1.890766306834212223e-05 -1.000000000000000000e+00 -7.322755317115082151e-05 3.622383733354426626e-05 1.326324894705521729e-01 1.021363575594032236e+00 1.014118473323189384e+00 1.028658553095607830e+00 0.000000000000000000e+00
6.413752335867351384e+00 1.933071028227602239e+00 -1.417895586939812667e-05 -1.000000000000000000e+00 -6.842302617326287612e-05 4.087937629589314667e-05 7.484053247162592015e-02 1.022986562187163218e+00 1.015714428139721237e+00 1.030308849828250883e+00 0.000000000000000000e+00
6.419100829604198033e+00 1.931460363656067436e+00 -2.355056867628571328e-06 -1.000000000000000000e+00 -5.671354284302901566e-05 5.281801442768726363e-05 2.065225849037233274e-03 1.022806468818869163e+00 1.015471073218759956e+00 1.030192991486180043e+00 0.000000000000000000e+00
6.424453783504729287e+00 1.929851041115075327e+00 1.025449746271251664e-05 1.000000000000000000e+00 -4.427960988315023561e-05 6.560347822412920327e-05 3.898342518209574337e-02 1.022357542404796149e+00 1.015065686847432369e+00 1.029700006804811441e+00 0.000000000000000000e+00
6.429811201288321953e+00 1.928243059486426159e+00 2.013496133488377560e-05 1.000000000000000000e+00 -3.470258852952278514e-05 7.578595335698543110e-05 1.493343604781784961e-01 1.022606856878383264e+00 1.015246745620746349e+00 1.030018357545449570e+00 0.000000000000000000e+00
6.435173086677453469e+00 1.926636417652850763e+00 3.048967293400568776e-05 1.000000000000000000e+00 -2.454538674147914255e-05 8.633826531430114043e-05 3.411218803164501878e-01 1.022039657113435362e+00 1.014655701716452363e+00 1.029475366022284843e+00 0.000000000000000000e+00
6.440539443397706343e+00 1.925031114498011453e+00 3.449904855916039842e-05 1.000000000000000000e+00 -2.051883597502608323e-05 9.033409689803643516e-05 4.366242284961572295e-01 1.023238031603001197e+00 1.015893827548361772e+00 1.030633432745849065e+00 0.000000000000000000e+00
6.445910275177769044e+00 1.923427148906499795e+00 3.778758758894371750e-05 1.000000000000000000e+00 -1.721362597622143900e-05 9.361113493219731449e-05 5.251341562318430078e-01 1.023499311915198273e+00 1.016089385500361875e+00 1.030961484839434839e+00 0.000000000000000000e+00
6.451285585749439555e+00 1.921824519763838390e+00 3.677600646095451471e-05 1.000000000000000000e+00 -1.819780404097168306e-05 9.257610026618609002e-05 4.977829654478682642e-01 1.023988333806711060e+00 1.016551797788508127e+00 1.031477465344107225e+00 0.000000000000000000e+00
6.456665378847628034e+00 1.920223225956476210e+00 3.283311005096031744e-05 1.000000000000000000e+00 -2.218408124955650401e-05 8.867785719603185298e-05 3.956229663940575847e-01 1.024164979353273885e+00 1.016728508754608074e+00 1.031654055237358314e+00 0.000000000000000000e+00
6.462049658210359482e+00 1.918623266371792813e+00 1.933953872676875710e-05 1.000000000000000000e+00 -3.576846341920189137e-05 7.527518564047044392e-05 1.363984339895694120e-01 1.027334932839317982e+00 1.019859498495903960e+00 1.034863361284771077e+00 0.000000000000000000e+00
6.467438427578775517e+00 1.917024639898092353e+00 7.975347948484172057e-06 1.000000000000000000e+00 -4.719665730467177852e-05 6.397806275835844964e-05 2.308390357825373940e-02 1.029569428271151166e+00 1.022058205512829776e+00 1.037133924941246121e+00 0.000000000000000000e+00
6.472831690697137930e+00 1.915427345424606687e+00 3.738277033227047471e-06 1.000000000000000000e+00 -5.142134335552936674e-05 5.973422518877922549e-05 5.065116651394419023e-03 1.029757258149478716e+00 1.022247039169807747e+00 1.037320677137689273e+00 0.000000000000000000e+00
6.478229451312831344e+00 1.913831381841492263e+00 -6.175869976268753983e-07 -1.000000000000000000e+00 -5.574208798390109190e-05 5.534663564379926226e-05 1.381764491270587314e-04 1.031426559322637493e+00 1.023884875214621903e+00 1.039021990572675191e+00 0.000000000000000000e+00
6.483631713176364109e+00 1.912236748039830792e+00 1.001481485126722619e-06 1.000000000000000000e+00 -5.411282588067138665e-05 5.695615214116991670e-05 3.637792453901056433e-04 1.031915881152533299e+00 1.024346646912248859e+00 1.039539169555425469e+00 0.000000000000000000e+00
6.489038480041373624e+00 1.910643442911627687e+00 5.997669599091465714e-06 1.000000000000000000e+00 -4.910613359036869387e-05 6.194254281071895091e-05 1.305862364665699715e-02 1.031694695998515154e+00 1.024129770654257143e+00 1.039313673834374674e+00 0.000000000000000000e+00
6.494449755664626345e+00 1.909051465349812737e+00 1.252491378658461363e-05 1.000000000000000000e+00 -4.259971506129820817e-05 6.849220884737248192e-05 5.700206142046226887e-02 1.030714511660593802e+00 1.023126663760277832e+00 1.038356746028518796e+00 0.000000000000000000e+00
6.499865543806021329e+00 1.907460814248235881e+00 1.295148603816213901e-05 1.000000000000000000e+00 -4.221635150923406371e-05 6.896396889976082092e-05 6.092120048742799554e-02 1.031457227156832079e+00 1.023798576524644899e+00 1.039171157526009415e+00 0.000000000000000000e+00
6.505285848228594681e+00 1.905871488501671207e+00 1.020133449115265389e-05 1.000000000000000000e+00 -4.495079895320670219e-05 6.620276271056880254e-05 3.770481674155234941e-02 1.032207450829505380e+00 1.024591163607811994e+00 1.039878352297617825e+00 0.000000000000000000e+00
6.510710672698518664e+00 1.904283487005811404e+00 -6.781078141613179938e-08 -1.000000000000000000e+00 -5.529436237996134803e-05 5.601381567446703669e-05 1.653088020248105749e-06 1.034695678959736576e+00 1.027043085964160607e+00 1.042403296179644778e+00 0.000000000000000000e+00
6.516140020985107917e+00 1.902696808657271088e+00 -1.169141603643421930e-05 -1.000000000000000000e+00 -6.708740026680286002e-05 4.456782169041990401e-05 4.881648632272117538e-02 1.036492049138341809e+00 1.028764160580500242e+00 1.044275985889564717e+00 0.000000000000000000e+00
6.521573896860818564e+00 1.901111452353583031e+00 -2.339881884477504158e-05 -1.000000000000000000e+00 -7.893823806341049223e-05 3.301640974766540732e-05 1.934222490642696357e-01 1.037498452957987594e+00 1.029811840951603719e+00 1.045240597828327456e+00 0.000000000000000000e+00
6.527012304101254436e+00 1.899527416993199491e+00 -3.895745232433274035e-05 -1.000000000000000000e+00 -9.476232953843427217e-05 1.773621721794823284e-05 5.290501304600923049e-01 1.039909659429922639e+00 1.032145841332188896e+00 1.047729860406338309e+00 0.000000000000000000e+00
6.532455246485166178e+00 1.897944701475490215e+00 -4.801470805108297966e-05 -1.000000000000000000e+00 -1.041212032539181600e-04 8.994060234348442626e-06 7.927323935803087807e-01 1.039949050576778111e+00 1.032156325426176080e+00 1.047798610113893636e+00 0.000000000000000000e+00
6.537902727794456581e+00 1.896363304700741548e+00 -5.804174260054340364e-05 -1.000000000000000000e+00 -1.144094161686382287e-04 -7.594823276103711404e-07 1.141958631336592589e+00 1.041485648264807828e+00 1.033731044759295781e+00 1.049296477140518657e+00 0.000000000000000000e+00
6.543354751814182357e+00 1.894783225570156437e+00 -6.177118547180894721e-05 -1.000000000000000000e+00 -1.184823651156455303e-04 -4.137429476276527633e-06 1.278004235368371155e+00 1.042058646673635902e+00 1.034231240539680519e+00 1.049943217656101213e+00 0.000000000000000000e+00
6.548811322332555918e+00 1.893204462985853986e+00 -5.754396472510156328e-05 -1.000000000000000000e+00 -1.145018423881049164e-04 3.415047293051128442e-07 1.101127187710972066e+00 1.041419877023446405e+00 1.033563572843496869e+00 1.049333710865480773e+00 0.000000000000000000e+00
6.554272443140948923e+00 1.891627015850867455e+00 -4.874356870702821763e-05 -1.000000000000000000e+00 -1.057884714457618349e-04 9.230411865575768014e-06 7.890853433123083960e-01 1.041029018561675734e+00 1.033177021392606143e+00 1.048938546150999462e+00 0.000000000000000000e+00
6.559738118033894949e+00 1.890050883069143817e+00 -3.832465578271749781e-05 -1.000000000000000000e+00 -9.533708705423227052e-05 1.961518835425948403e-05 4.898291011245419213e-01 1.041623592807688903e+00 1.033738408381853491e+00 1.049566840681166013e+00 0.000000000000000000e+00
6.565208350809092153e+00 1.888476063545543981e+00 -2.758024852528584775e-05 -1.000000000000000000e+00 -8.447953247910303522e-05 3.024427414122667402e-05 2.554722769462216547e-01 1.042849957159409202e+00 1.034928496423564104e+00 1.050829978391152553e+00 0.000000000000000000e+00
6.570683145267405045e+00 1.886902556185840796e+00 -1.291107738704020036e-05 -1.000000000000000000e+00 -6.971879339196177384e-05 4.482097643058605217e-05 5.637038000486427336e-02 1.042204383903672982e+00 1.034287576601849556e+00 1.050179696870964019e+00 0.000000000000000000e+00
6.576162505212867160e+00 1.885330359896719488e+00 -6.140642193047992226e-06 -1.000000000000000000e+00 -6.298108400828086721e-05 5.162287561724026257e-05 1.277043885397688427e-02 1.044262210495390919e+00 1.036302708038771669e+00 1.052280679901983929e+00 0.000000000000000000e+00
6.581646434452685490e+00 1.883759473585775446e+00 7.025354906782016612e-06 1.000000000000000000e+00 -5.005208781359892970e-05 6.502374057486605700e-05 1.668015711265979917e-02 1.042857388686256881e+00 1.034824417908328575e+00 1.050950535049829826e+00 0.000000000000000000e+00
6.587134936797241380e+00 1.882189896161514886e+00 1.556854518455381354e-05 1.000000000000000000e+00 -4.171515154667483643e-05 7.377271180916773123e-05 8.147391036209228332e-02 1.043298362379865729e+00 1.035303167211397923e+00 1.051353105243670871e+00 0.000000000000000000e+00
6.592628016060094076e+00 1.880621626533353297e+00 2.249997431440588414e-05 1.000000000000000000e+00 -3.501679474789442571e-05 8.093742587808301723e-05 1.693114802005766251e-01 1.044874532687793733e+00 1.036836199112714185e+00 1.052973014877172320e+00 0.000000000000000000e+00
6.598125676057981615e+00 1.879054663611614329e+00 3.594302984537781499e-05 1.000000000000000000e+00 -2.178248414923822656e-05 9.459029108147137279e-05 4.313637916829975438e-01 1.044352160681077057e+00 1.036237871829668977e+00 1.052527673185158719e+00 0.000000000000000000e+00
6.603627920610826152e+00 1.877489006307530905e+00 5.030342367805971319e-05 1.000000000000000000e+00 -7.469124244051969334e-06 1.089994096648017605e-04 8.455328254221967654e-01 1.043811557130924328e+00 1.035743825675088825e+00 1.051939994320669092e+00 0.000000000000000000e+00
6.609134753541735741e+00 1.875924653533241671e+00 6.087470904477354467e-05 1.000000000000000000e+00 3.022322442492749285e-06 1.196492124682366274e-04 1.240085047375714566e+00 1.044419656881827585e+00 1.036273503076512670e+00 1.052627554972521029e+00 0.000000000000000000e+00
6.614646178677005217e+00 1.874361604201792542e+00 6.469180626679797621e-05 1.000000000000000000e+00 6.837271061288177241e-06 1.234684751264290088e-04 1.402068970637401435e+00 1.046385095506610075e+00 1.038196840462891624e+00 1.054635677546440276e+00 0.000000000000000000e+00
6.620162199846120643e+00 1.872799857227134490e+00 6.974834227926310273e-05 1.000000000000000000e+00 1.194306293991249544e-05 1.284793399387751552e-04 1.632265432610438438e+00 1.045306790777744022e+00 1.037167706775536491e+00 1.053507474781669284e+00 0.000000000000000000e+00
6.625682820881761970e+00 1.871239411524124430e+00 6.465240372633951338e-05 1.000000000000000000e+00 6.812679256720764200e-06 1.234207662025764906e-04 1.401200926251931378e+00 1.045824941787333540e+00 1.037604498274407927e+00 1.054108176309338951e+00 0.000000000000000000e+00
6.631208045619805702e+00 1.869680266008521441e+00 4.851998038857522776e-05 1.000000000000000000e+00 -9.318193197472249441e-06 1.072890328487824732e-04 7.862352634292619769e-01 1.048663018056237961e+00 1.040393920870852806e+00 1.056995493497302929e+00 0.000000000000000000e+00
6.636737877899325788e+00 1.868122419596990769e+00 3.355888736431601206e-05 1.000000000000000000e+00 -2.425508122650208424e-05 9.230558952699950107e-05 3.748492144111423841e-01 1.049367776142797970e+00 1.041095638452550043e+00 1.057703324330267147e+00 0.000000000000000000e+00
6.642272321562598059e+00 1.866565871207098271e+00 1.143631531524966451e-05 1.000000000000000000e+00 -4.629067819753457526e-05 7.009830886649964267e-05 4.342055294227975537e-02 1.052800559551429593e+00 1.044477459826778754e+00 1.061187709611172147e+00 0.000000000000000000e+00
6.647811380455102892e+00 1.865010619757312416e+00 -2.074865263495441382e-08 -1.000000000000000000e+00 -5.760707243137253090e-05 5.850458338891076880e-05 1.439445895812241361e-07 1.052227738106338073e+00 1.043869985157433122e+00 1.060649973143939384e+00 0.000000000000000000e+00
6.653355058425526991e+00 1.863456664167002952e+00 -1.122106966530324837e-05 -1.000000000000000000e+00 -6.857396167126873624e-05 4.707522851855444048e-05 4.204410790339352388e-02 1.052758220312772997e+00 1.044402284046839435e+00 1.061178745634193898e+00 0.000000000000000000e+00
6.658903359325766047e+00 1.861904003356439352e+00 -2.613433246359530020e-05 -1.000000000000000000e+00 -8.327445822504763026e-05 3.195196409000060139e-05 2.287092368171670387e-01 1.056127294817014617e+00 1.047723612191720610e+00 1.064596025381057798e+00 0.000000000000000000e+00
6.664456287010930069e+00 1.860352636246791480e+00 -2.964192688362808352e-05 -1.000000000000000000e+00 -8.671968700995789578e-05 2.838428826710612325e-05 2.949434033157558588e-01 1.055252390635692317e+00 1.046770196185571322e+00 1.063800801266571394e+00 0.000000000000000000e+00
6.670013845339340719e+00 1.858802561760127592e+00 -3.513159850483072387e-05 -1.000000000000000000e+00 -9.214247014405961512e-05 2.283204219640106445e-05 4.138345694418603671e-01 1.055808047640225844e+00 1.047371774079510987e+00 1.064309946408846574e+00 0.000000000000000000e+00
6.675576038172540194e+00 1.857253778819414780e+00 -4.066487977438364978e-05 -1.000000000000000000e+00 -9.780565389650611814e-05 1.743085449013113269e-05 5.521113868628617638e-01 1.057033078867568809e+00 1.048507060631801657e+00 1.065625916837537934e+00 0.000000000000000000e+00
6.681142869375288562e+00 1.855706286348516532e+00 -4.350370847073417292e-05 -1.000000000000000000e+00 -1.008091990293422726e-04 1.475888465537843587e-05 6.283416200899409887e-01 1.058177624746126311e+00 1.049607129247213111e+00 1.066815496696823962e+00 0.000000000000000000e+00
6.686714342815570866e+00 1.854160083272192949e+00 -3.921063576864820935e-05 -1.000000000000000000e+00 -9.663764936646643147e-05 1.917566328654078233e-05 5.082399127965970820e-01 1.057838970737252193e+00 1.049316732626977666e+00 1.066427845488475690e+00 0.000000000000000000e+00
6.692290462364595349e+00 1.852615168516101862e+00 -2.901120732595973190e-05 -1.000000000000000000e+00 -8.661809458733988969e-05 2.955439300014291851e-05 2.778110426386604104e-01 1.056818287692824043e+00 1.048215183975176545e+00 1.065489380483111148e+00 0.000000000000000000e+00
6.697871231896799671e+00 1.851071541006794829e+00 -1.445534692611900694e-05 -1.000000000000000000e+00 -7.214434719869875228e-05 4.419413471459928219e-05 6.907605046035314444e-02 1.055422465247691344e+00 1.046787683693786164e+00 1.064125901496464133e+00 0.000000000000000000e+00
6.703456655289853572e+00 1.849529199671717139e+00 6.700922418028452401e-08 1.000000000000000000e+00 -5.765257439130297694e-05 5.875219574730702448e-05 1.483561618442763574e-06 1.054708080168702766e+00 1.046080881191232992e+00 1.063403894938839134e+00 0.000000000000000000e+00
6.709046736424657986e+00 1.847988143439209141e+00 1.354460112439358671e-05 1.000000000000000000e+00 -4.431222347409530655e-05 7.237126887406220422e-05 6.073448423148875008e-02 1.054185015518687374e+00 1.045521373910923923e+00 1.062917743962549011e+00 0.000000000000000000e+00
6.714641479185352146e+00 1.846448371238503361e+00 2.139586683914950310e-05 1.000000000000000000e+00 -3.670771270737140416e-05 8.047076157251625253e-05 1.507371449172296707e-01 1.055393397768813024e+00 1.046683479630583058e+00 1.064173027479849321e+00 0.000000000000000000e+00
6.720240887459313583e+00 1.844909881999724721e+00 3.130535749986371636e-05 1.000000000000000000e+00 -2.710967691850895176e-05 9.069209640644876076e-05 3.202483744032633695e-01 1.054906495975240555e+00 1.046197909536636272e+00 1.063684922070549987e+00 0.000000000000000000e+00
6.725844965137160791e+00 1.843372674653889876e+00 3.512355497130369657e-05 1.000000000000000000e+00 -2.357963705245965226e-05 9.479907815452836585e-05 4.000501366583648633e-01 1.056823958454035539e+00 1.048064840635609896e+00 1.065653696283403340e+00 0.000000000000000000e+00
6.731453716112758556e+00 1.841836748132905655e+00 4.426048540614535912e-05 1.000000000000000000e+00 -1.458661745047272126e-05 1.040835967246106280e-04 6.335367444146413618e-01 1.056375840450471060e+00 1.047620413423526742e+00 1.065201864231206441e+00 0.000000000000000000e+00
6.737067144283217068e+00 1.840302101369569288e+00 5.605216301311355799e-05 1.000000000000000000e+00 -2.836895902721270216e-06 1.159218333152949184e-04 1.018252360428505199e+00 1.054656986824624276e+00 1.045869407440179089e+00 1.063515629764651305e+00 0.000000000000000000e+00
6.742685253548897251e+00 1.838768733297566405e+00 5.219085915384982972e-05 1.000000000000000000e+00 -6.608916776674705180e-06 1.119747775199775829e-04 8.841457246639947698e-01 1.059349743463049887e+00 1.050505534611957170e+00 1.068265828980767607e+00 0.000000000000000000e+00
6.748308047813412536e+00 1.837236642851472368e+00 5.570553871684298832e-05 1.000000000000000000e+00 -3.033135450240036723e-06 1.154311290173216334e-04 1.009244060864375570e+00 1.059183241716097346e+00 1.050344622635931424e+00 1.068093528744192167e+00 0.000000000000000000e+00
6.753935530983630642e+00 1.835705828966748943e+00 5.016548590345928541e-05 1.000000000000000000e+00 -8.583259325018180918e-06 1.099035818304932845e-04 8.170329023355407116e-01 1.060949556419725104e+00 1.052063617989698274e+00 1.069907783187597383e+00 0.000000000000000000e+00
6.759567706969678902e+00 1.834176290579746293e+00 4.110306590471111417e-05 1.000000000000000000e+00 -1.774409035722034094e-05 1.009436639387647377e-04 5.461748666807579866e-01 1.061959098852554684e+00 1.052977646413045809e+00 1.071014356435205706e+00 0.000000000000000000e+00
6.765204579684944264e+00 1.832648026627699211e+00 2.835674913416634928e-05 1.000000000000000000e+00 -3.049879931014801938e-05 8.821324486862359147e-05 2.584884049606444023e-01 1.062821496312915892e+00 1.053887289934074545e+00 1.071828777747480865e+00 0.000000000000000000e+00
6.770846153046076843e+00 1.831121036048729556e+00 1.379829235351853260e-05 1.000000000000000000e+00 -4.515183824353459063e-05 7.375436870743475395e-05 6.085931662846633117e-02 1.063775049952448537e+00 1.054743988703893187e+00 1.072880558405767459e+00 0.000000000000000000e+00
6.776492430972993475e+00 1.829595317781842700e+00 -5.107196335786188809e-06 -1.000000000000000000e+00 -6.405487204258288633e-05 5.485154490854927945e-05 8.294194154586875811e-03 1.067280538758188735e+00 1.058192191022373940e+00 1.076444047153709338e+00 0.000000000000000000e+00
6.782143417388880380e+00 1.828070870766929312e+00 -1.631776562062051440e-05 -1.000000000000000000e+00 -7.517911610997773161e-05 4.356298020016563695e-05 8.442186649926952668e-02 1.068866574467239650e+00 1.059825668890866268e+00 1.077981846815522449e+00 0.000000000000000000e+00
6.787799116220194051e+00 1.826547693944761797e+00 -2.043747028995625075e-05 -1.000000000000000000e+00 -7.935008812546457161e-05 3.950278827467876248e-05 1.321292334946519986e-01 1.069219420577319113e+00 1.060087852965028610e+00 1.078426826035021824e+00 0.000000000000000000e+00
6.793459531396665696e+00 1.825025786256996740e+00 -1.849760593896102398e-05 -1.000000000000000000e+00 -7.752843447796125198e-05 4.156946883526027500e-05 1.078043753047950304e-01 1.068547202109306760e+00 1.059377401634998606e+00 1.077793594859470794e+00 0.000000000000000000e+00
6.799124666851304788e+00 1.823505146646170916e+00 -1.528045546439066248e-05 -1.000000000000000000e+00 -7.451238370272705619e-05 4.499679468307788842e-05 7.301536094473703997e-02 1.068375269118435833e+00 1.059213230845769127e+00 1.077613550526665520e+00 0.000000000000000000e+00
6.804794526520399067e+00 1.821985774055703944e+00 -1.980310830534308067e-05 -1.000000000000000000e+00 -7.932984349345250611e-05 4.077907284857048892e-05 1.211903624637216126e-01 1.072143017910921481e+00 1.062922769543451551e+00 1.081440352105628833e+00 0.000000000000000000e+00
6.810469114343518982e+00 1.820467667429894965e+00 -1.923873438882619079e-05 -1.000000000000000000e+00 -7.906061610851032497e-05 4.165289162646775413e-05 1.129789088085999538e-01 1.073280332952601279e+00 1.064108230394108956e+00 1.082528681090500822e+00 0.000000000000000000e+00
6.816148434263521239e+00 1.818950825713921748e+00 -2.021714458223720744e-05 -1.000000000000000000e+00 -8.044776347985538398e-05 4.109659755274924650e-05 1.231577993141854677e-01 1.074662738072873047e+00 1.065391957949223922e+00 1.084011282398605669e+00 0.000000000000000000e+00
6.821832490226549695e+00 1.817435247853842917e+00 -1.816676105158585174e-05 -1.000000000000000000e+00 -7.879404857805490006e-05 4.355686151733814205e-05 9.822431999123182322e-02 1.074400606372632794e+00 1.065082889766731711e+00 1.083797022892573958e+00 0.000000000000000000e+00
6.827521286182038907e+00 1.815920932796593723e+00 -1.553073620825692316e-05 -1.000000000000000000e+00 -7.651394180976684323e-05 4.656070671528228424e-05 7.094100931158209278e-02 1.074261967363912440e+00 1.064948783646483710e+00 1.083653707278810163e+00 0.000000000000000000e+00
6.833214826082717686e+00 1.814407879489987385e+00 -1.695248987428810662e-05 -1.000000000000000000e+00 -7.828802186690914187e-05 4.550181999842507438e-05 8.353388842374442902e-02 1.077203825641605661e+00 1.067828604475829390e+00 1.086658385027786000e+00 0.000000000000000000e+00
6.838913113884609984e+00 1.812896086882713975e+00 -6.712680761064209439e-06 -1.000000000000000000e+00 -6.847085358288751845e-05 5.617587357058582655e-05 1.297562263675899885e-02 1.076647470139569629e+00 1.067176991828740373e+00 1.086198939174500833e+00 0.000000000000000000e+00
6.844616153547039339e+00 1.811385553924339531e+00 6.423640759539439650e-06 1.000000000000000000e+00 -5.568495992868932978e-05 6.967513667335771652e-05 1.176952868058833701e-02 1.077096870147863150e+00 1.067676453652346868e+00 1.086597322200750337e+00 0.000000000000000000e+00
6.850323949032630644e+00 1.809876279565305390e+00 2.580228960534001909e-05 1.000000000000000000e+00 -3.679818578478993233e-05 8.955157401097408481e-05 1.880679753978711233e-01 1.077013071546002898e+00 1.067542594245858512e+00 1.086564521794946891e+00 0.000000000000000000e+00
6.856036504307313706e+00 1.808368262756926637e+00 5.087496701523140034e-05 1.000000000000000000e+00 -1.226276659005799875e-05 1.151626200325973334e-04 7.250648348508548224e-01 1.076117556528093600e+00 1.066552956939415209e+00 1.085764854595937967e+00 0.000000000000000000e+00
6.861753823340325908e+00 1.806861502451392543e+00 7.838468861223833045e-05 1.000000000000000000e+00 1.490077717207990179e-05 1.430230070448888042e-04 1.712176762061744739e+00 1.074695825512556935e+00 1.065191126859261761e+00 1.084282382086426688e+00 0.000000000000000000e+00
6.867475910104213099e+00 1.805355997601766127e+00 9.903019746451107027e-05 1.000000000000000000e+00 3.524189634806548365e-05 1.639789156608375252e-04 2.724763347140665815e+00 1.075301010973633620e+00 1.065698941943942879e+00 1.084986638427178907e+00 0.000000000000000000e+00
6.873202768574835808e+00 1.803851747161981711e+00 1.120219733697036085e-04 1.000000000000000000e+00 4.812127965188332443e-05 1.770929365931633002e-04 3.478302174929481794e+00 1.076449040215239572e+00 1.066897233561833414e+00 1.086083412494591505e+00 0.000000000000000000e+00
6.878934402731368358e+00 1.802348750086846252e+00 1.172273448739810653e-04 1.000000000000000000e+00 5.312072406235578744e-05 1.825117650071656622e-04 3.793886461635480600e+00 1.076690090228711760e+00 1.067040985324641200e+00 1.086423327759505453e+00 0.000000000000000000e+00
6.884670816556305084e+00 1.800847005332036233e+00 1.056903948703649616e-04 1.000000000000000000e+00 4.142936315857452772e-05 1.711360400449890627e-04 3.059670144527800062e+00 1.079461755147668178e+00 1.069748618567276210e+00 1.089260108314316522e+00 0.000000000000000000e+00
6.890412014035459443e+00 1.799346511854099884e+00 8.577680017695117468e-05 1.000000000000000000e+00 2.147535734600194426e-05 1.512706306153762770e-04 1.998507818723638252e+00 1.080852016501726354e+00 1.071180383251189694e+00 1.090607983182547924e+00 0.000000000000000000e+00
6.896157999157970231e+00 1.797847268610453630e+00 5.328835026639133283e-05 1.000000000000000000e+00 -1.096482534606065928e-05 1.187398032388826095e-04 7.666781646406661821e-01 1.083911355200766424e+00 1.074123752217668093e+00 1.093784996333219128e+00 0.000000000000000000e+00
6.901908775916301586e+00 1.796349274559382980e+00 1.082960018230624779e-05 1.000000000000000000e+00 -5.306204468707459855e-05 7.592603416081762538e-05 3.164681195823959570e-02 1.089408518244064705e+00 1.079541866558721752e+00 1.099362192110739045e+00 0.000000000000000000e+00
6.907664348306248314e+00 1.794852528660041413e+00 -2.328695138767659714e-05 -1.000000000000000000e+00 -8.659454475055013416e-05 4.123250219032253072e-05 1.473964030498109423e-01 1.091119465732010241e+00 1.081247494442523660e+00 1.101078341713108477e+00 0.000000000000000000e+00
6.913424720326936779e+00 1.793357029872449937e+00 -5.444966609408831995e-05 -1.000000000000000000e+00 -1.171485502985540909e-04 9.465318585212516972e-06 8.138576631409932816e-01 1.093641460107134034e+00 1.083704807827034156e+00 1.103665895636099403e+00 0.000000000000000000e+00
6.919189895980827565e+00 1.791862777157495312e+00 -7.515397200507404837e-05 -1.000000000000000000e+00 -1.373589523905432964e-04 -1.173211488198950300e-05 1.563741102243966452e+00 1.094700157339650426e+00 1.084760988344110944e+00 1.104727049135648231e+00 0.000000000000000000e+00
6.924959879273719920e+00 1.790369769476931161e+00 -8.640219831041668947e-05 -1.000000000000000000e+00 -1.483951453495720369e-04 -2.319682813016577341e-05 2.075819092800315957e+00 1.095476932700763184e+00 1.085478056054617113e+00 1.105564631605630010e+00 0.000000000000000000e+00
6.930734674214753532e+00 1.788878005793375303e+00 -8.755051814223301760e-05 -1.000000000000000000e+00 -1.495342214032292414e-04 -2.436045385167776055e-05 2.134047856431067203e+00 1.096021915915481371e+00 1.085962734535773855e+00 1.106170920724471429e+00 0.000000000000000000e+00
6.936514284816411191e+00 1.787387485070310644e+00 -7.710627121353102055e-05 -1.000000000000000000e+00 -1.391396610479899852e-04 -1.386928117637710228e-05 1.657513132628309904e+00 1.095475691681209618e+00 1.085420909485972585e+00 1.105620292894754275e+00 0.000000000000000000e+00
6.942298715094520567e+00 1.785898206272082511e+00 -6.727121558001153824e-05 -1.000000000000000000e+00 -1.293735867712379447e-04 -3.966282491949519435e-06 1.263185171604490620e+00 1.098836048962801737e+00 1.088710956545232866e+00 1.109051921318618961e+00 0.000000000000000000e+00
6.948087969068260428e+00 1.784410168363900873e+00 -4.484654539686986887e-05 -1.000000000000000000e+00 -1.071139835188797439e-04 1.862178643521233864e-05 5.631924177288851752e-01 1.098035813726219390e+00 1.087806751345721024e+00 1.108357495896188150e+00 0.000000000000000000e+00
6.953882050760158862e+00 1.782923370311836564e+00 -2.033033613053032772e-05 -1.000000000000000000e+00 -8.270446311374666484e-05 4.324394162023659585e-05 1.160073388475382217e-01 1.096268563327901679e+00 1.086104436282059993e+00 1.106524488824025543e+00 0.000000000000000000e+00
6.959680964196100383e+00 1.781437811082822398e+00 -7.058232220828763949e-07 -1.000000000000000000e+00 -6.334216458731113740e-05 6.312800443493619246e-05 1.397783205163705134e-04 1.095384532664056110e+00 1.085113881418507731e+00 1.105748873782781194e+00 0.000000000000000000e+00
6.965484713405325046e+00 1.779953489644652054e+00 1.336135426927766048e-05 1.000000000000000000e+00 -4.953243090793717321e-05 7.745348166714251009e-05 4.995514732232209099e-02 1.094778949043613281e+00 1.084449942117295507e+00 1.105202814834788105e+00 0.000000000000000000e+00
6.971293302420433768e+00 1.778470404965979412e+00 2.181585658081397689e-05 1.000000000000000000e+00 -4.130154068692664434e-05 8.613663996300636528e-05 1.325703444299790590e-01 1.094322858950905308e+00 1.083996125797035637e+00 1.104744429192622723e+00 0.000000000000000000e+00
6.977106735277391003e+00 1.776988556016316556e+00 2.594668302053226527e-05 1.000000000000000000e+00 -3.743931156741464139e-05 9.054245660065539868e-05 1.864432509214850597e-01 1.093972379044562793e+00 1.083583430686450466e+00 1.104457198571428655e+00 0.000000000000000000e+00
6.982925016015525621e+00 1.775507941766035547e+00 2.891042322573180351e-05 1.000000000000000000e+00 -3.467727033881195793e-05 9.371702599801320140e-05 2.299713018677209675e-01 1.093308684348614612e+00 1.082975341294215577e+00 1.103736871822514898e+00 0.000000000000000000e+00
6.988748148677535355e+00 1.774028561186365982e+00 2.991727071542197786e-05 1.000000000000000000e+00 -3.399149804399553766e-05 9.505039730287283132e-05 2.445069265524466573e-01 1.094061508893348300e+00 1.083606146120463798e+00 1.104613821012894181e+00 0.000000000000000000e+00
6.994576137309488573e+00 1.772550413249394330e+00 3.128855956068805715e-05 1.000000000000000000e+00 -3.288544452636983005e-05 9.668954170148048811e-05 2.656589421354738079e-01 1.096194495986449580e+00 1.085664236807132088e+00 1.106822994618909872e+00 0.000000000000000000e+00
7.000408985960828723e+00 1.771073496928063928e+00 4.238577986794936120e-05 1.000000000000000000e+00 -2.197541856186367503e-05 1.079747320427730588e-04 4.860690775859950463e-01 1.095588236469325905e+00 1.085063658125238195e+00 1.106210987143787960e+00 0.000000000000000000e+00
7.006246698684376106e+00 1.769597811196173431e+00 5.275705204764028947e-05 1.000000000000000000e+00 -1.170793711602873953e-05 1.184495964104504491e-04 7.531702494765681877e-01 1.096821395943031519e+00 1.086230142449531977e+00 1.107511908498400199e+00 0.000000000000000000e+00
7.012089279536330544e+00 1.768123355028376364e+00 6.752823205415802886e-05 1.000000000000000000e+00 3.096767944551738960e-06 1.331904176841861107e-04 1.238957432575688244e+00 1.096014191403236415e+00 1.085434994071920789e+00 1.106692634681678999e+00 0.000000000000000000e+00
7.017936732576273151e+00 1.766650127400181791e+00 7.855724314217765649e-05 1.000000000000000000e+00 1.415837859169924581e-05 1.441913296949843691e-04 1.683962833923402513e+00 1.095465511142897919e+00 1.084829140871589770e+00 1.106202264034253702e+00 0.000000000000000000e+00
7.023789061867172556e+00 1.765178127287950538e+00 8.087772036250557260e-05 1.000000000000000000e+00 1.646568746707140077e-05 1.465313631270287551e-04 1.786052415253266190e+00 1.096365366690899679e+00 1.085661426040464006e+00 1.107170825414845794e+00 0.000000000000000000e+00
7.029646271475383124e+00 1.763707353668898525e+00 7.802251028776037661e-05 1.000000000000000000e+00 1.349759848142500476e-05 1.437977733341363985e-04 1.654316102880159178e+00 1.096542159957163864e+00 1.085838941522588197e+00 1.107346782280078656e+00 0.000000000000000000e+00
7.035508365470652059e+00 1.762237805521092104e+00 6.430919521659090926e-05 1.000000000000000000e+00 -4.943983069522254158e-07 1.303699126523207941e-04 1.111427115234349117e+00 1.099516570214684297e+00 1.088726680826012982e+00 1.110409229175799872e+00 0.000000000000000000e+00
7.041375347926120298e+00 1.760769481823449834e+00 5.085129468025699386e-05 1.000000000000000000e+00 -1.433841052170815021e-05 1.173003396861147315e-04 6.861714296798169244e-01 1.101374611159772199e+00 1.090443479216200107e+00 1.112411043124714283e+00 0.000000000000000000e+00
7.047247222918324283e+00 1.759302381555740702e+00 4.274581157809509744e-05 1.000000000000000000e+00 -2.260982829512222153e-05 1.093641558175157693e-04 4.807515877185721820e-01 1.101728151210003670e+00 1.090850111713905779e+00 1.112710378258554345e+00 0.000000000000000000e+00
7.053123994527200402e+00 1.757836503698584130e+00 3.341197618393911234e-05 1.000000000000000000e+00 -3.197412718345626724e-05 1.000651510639408279e-04 2.931484084375597376e-01 1.105494656984632007e+00 1.094473087006262890e+00 1.116622760297779404e+00 0.000000000000000000e+00
7.059005666836087656e+00 1.756371847233449524e+00 3.881428972942226865e-05 1.000000000000000000e+00 -2.632650170521567322e-05 1.052343593304255786e-04 3.980481403863223022e-01 1.105280626090965113e+00 1.094326941478406923e+00 1.116339725181727749e+00 0.000000000000000000e+00
7.064892243931729432e+00 1.754908411142653613e+00 5.263412453674299680e-05 1.000000000000000000e+00 -1.242491284820867954e-05 1.189804745309707269e-04 7.376272034369719677e-01 1.103302466126148351e+00 1.092236767133592856e+00 1.114475769671914085e+00 0.000000000000000000e+00
7.070783729904277948e+00 1.753446194409361780e+00 6.627364195654760631e-05 1.000000000000000000e+00 1.151351457936148530e-06 1.326849230162560297e-04 1.172435444219786405e+00 1.102502236590165330e+00 1.091372622580317309e+00 1.113740814953964708e+00 0.000000000000000000e+00
7.076680128847296025e+00 1.751985196017586288e+00 7.574321488364293953e-05 1.000000000000000000e+00 1.044130957325371367e-05 1.423324447234342992e-04 1.524522825411366966e+00 1.103835846174000102e+00 1.092760734088830787e+00 1.115018756536450661e+00 0.000000000000000000e+00
7.082581444857760644e+00 1.750525414952186498e+00 8.471157851780173405e-05 1.000000000000000000e+00 1.898858482622823175e-05 1.517189739840799523e-04 1.892074075412921275e+00 1.104878677196773573e+00 1.093666177357189850e+00 1.116201573138797087e+00 0.000000000000000000e+00
7.088487682036063831e+00 1.749066850198867318e+00 9.143538145148301139e-05 1.000000000000000000e+00 2.539068607409869537e-05 1.587677408226817704e-04 2.189396246584720984e+00 1.106415334647451232e+00 1.095119938794694603e+00 1.117822722822892967e+00 0.000000000000000000e+00
7.094398844486017985e+00 1.747609500744178535e+00 1.011574054044609312e-04 1.000000000000000000e+00 3.499452308093884453e-05 1.686153605887533255e-04 2.675130235023630121e+00 1.105868991381478317e+00 1.094582742751865512e+00 1.117267110921160933e+00 0.000000000000000000e+00
7.100314936314857661e+00 1.746153365575515037e+00 1.112785126012432591e-04 1.000000000000000000e+00 4.512500371596064376e-05 1.787341608122352459e-04 3.248378948402148580e+00 1.104468743011463694e+00 1.093119761537403534e+00 1.115930937992138272e+00 0.000000000000000000e+00
7.106235961633242226e+00 1.744698443681114597e+00 1.173483510131711138e-04 1.000000000000000000e+00 5.140950643978813180e-05 1.845975335542268908e-04 3.636055363937487073e+00 1.104141407090719174e+00 1.092806189205427936e+00 1.115589590772114059e+00 0.000000000000000000e+00
7.112161924555259418e+00 1.743244734050058975e+00 1.181650138864682873e-04 1.000000000000000000e+00 5.247256198492155222e-05 1.851766509776656025e-04 3.714335158583736529e+00 1.105082274228503580e+00 1.093674541145616574e+00 1.116604445711838700e+00 0.000000000000000000e+00
7.118092829198427118e+00 1.741792235672271039e+00 1.167869242062679155e-04 1.000000000000000000e+00 5.130128776349510958e-05 1.836018560551072327e-04 3.653516685492348870e+00 1.105391982586277244e+00 1.093852357789106167e+00 1.117048581307989563e+00 0.000000000000000000e+00
7.124028679683696907e+00 1.740340947538516092e+00 1.111473517611786822e-04 1.000000000000000000e+00 4.595729195738424712e-05 1.776789629946570683e-04 3.324581169296436656e+00 1.106229196967916995e+00 1.094754810443880233e+00 1.117818995683087513e+00 0.000000000000000000e+00
7.129969480135457616e+00 1.738890868640399878e+00 9.997186492126755065e-05 1.000000000000000000e+00 3.495587496990312380e-05 1.663367757983291706e-04 2.694707662344285382e+00 1.108778802353731274e+00 1.097217580544210147e+00 1.120456936795156677e+00 0.000000000000000000e+00
7.135915234681537100e+00 1.737441997970369245e+00 9.152264134926838002e-05 1.000000000000000000e+00 2.670198343493067252e-05 1.576990198218695917e-04 2.262762960163314574e+00 1.109315830328846175e+00 1.097760338815830128e+00 1.120988321340764315e+00 0.000000000000000000e+00
7.141865947453204910e+00 1.735994334521709703e+00 7.777302492439112588e-05 1.000000000000000000e+00 1.316961410774240967e-05 1.437406843963990666e-04 1.637168780295894521e+00 1.112923229673546954e+00 1.101276463188113119e+00 1.124688341686645332e+00 0.000000000000000000e+00
7.147821622585176726e+00 1.734547877288545648e+00 7.038181351986734534e-05 1.000000000000000000e+00 5.968311769698254909e-06 1.361713820546965896e-04 1.346459196997045638e+00 1.113729074804435948e+00 1.101945181718573030e+00 1.125633895662007333e+00 0.000000000000000000e+00
7.153782264215615250e+00 1.733102625265839913e+00 6.285555619076197873e-05 1.000000000000000000e+00 -1.278007783596057348e-06 1.283806174582453820e-04 1.077229205972770387e+00 1.115419181003754368e+00 1.103697534123131208e+00 1.127260361111331433e+00 0.000000000000000000e+00
7.159747876486134643e+00 1.731658577449392222e+00 5.536100525991356525e-05 1.000000000000000000e+00 -8.742396398107316741e-06 1.208642659422956241e-04 8.351167436440221081e-01 1.117809401132406899e+00 1.105940549302618425e+00 1.129800606653176054e+00 0.000000000000000000e+00
7.165718463541802308e+00 1.730215732835839626e+00 5.325264698290654402e-05 1.000000000000000000e+00 -1.088803511424092315e-05 1.187990547799813311e-04 7.695712635737663732e-01 1.117770014367642784e+00 1.105967747007462698e+00 1.129693306778726924e+00 0.000000000000000000e+00
7.171694029531142434e+00 1.728774090422655174e+00 5.107983590442231018e-05 1.000000000000000000e+00 -1.330416974457253749e-05 1.168715820533639481e-04 7.033609209440783161e-01 1.118407355038871343e+00 1.106462917694850834e+00 1.130475764803799521e+00 0.000000000000000000e+00
7.177674578606138667e+00 1.727333649208146804e+00 4.645343422906141008e-05 1.000000000000000000e+00 -1.811152442232855732e-05 1.124332776014068538e-04 5.777095052298761857e-01 1.121201293891929351e+00 1.109164574864252018e+00 1.133363661554143587e+00 0.000000000000000000e+00
7.183660114922237661e+00 1.725894408191456675e+00 4.442679157252165279e-05 1.000000000000000000e+00 -2.019764005661495778e-05 1.104818733881093271e-04 5.256485628665927834e-01 1.123295877184394165e+00 1.111316619960601493e+00 1.135399376360522128e+00 0.000000000000000000e+00
7.189650642638349964e+00 1.724456366372562499e+00 4.569892079309257986e-05 1.000000000000000000e+00 -1.912690179626344328e-05 1.119708865571433993e-04 5.534745212728182651e-01 1.123991982252419808e+00 1.111873834493501301e+00 1.136237069305171321e+00 0.000000000000000000e+00
7.195646165916856241e+00 1.723019522752273547e+00 4.606778848435398501e-05 1.000000000000000000e+00 -1.891877639467109886e-05 1.125144930931957647e-04 5.582991265547434523e-01 1.125151640672282127e+00 1.113095747556688497e+00 1.137333238851398587e+00 0.000000000000000000e+00
7.201646688923606376e+00 1.721583876332232421e+00 4.075259560767647264e-05 1.000000000000000000e+00 -2.455900240695670707e-05 1.075302786732078503e-04 4.322795381781361357e-01 1.128884375845472965e+00 1.116671482508553526e+00 1.141225761237797620e+00 0.000000000000000000e+00
7.207652215827925701e+00 1.720149426114913060e+00 4.063512894380683066e-05 1.000000000000000000e+00 -2.497985481465470829e-05 1.077233554632810956e-04 4.260481949343386532e-01 1.128412970742660226e+00 1.116122987162463387e+00 1.140833207875410205e+00 0.000000000000000000e+00
7.213662750802614987e+00 1.718716171103621404e+00 3.661454691753323996e-05 1.000000000000000000e+00 -2.910254788942917889e-05 1.038177649868000062e-04 3.440223946453500048e-01 1.128674355046191513e+00 1.116388240597890880e+00 1.141090654804248539e+00 0.000000000000000000e+00
7.219678298023954888e+00 1.717284110302493172e+00 2.361603597788089403e-05 1.000000000000000000e+00 -4.204829603438636396e-05 9.077885053001443676e-05 1.427607802794739200e-01 1.132686989613532091e+00 1.120298285540591854e+00 1.145207608503900687e+00 0.000000000000000000e+00
7.225698861671710382e+00 1.715853242716494531e+00 1.504226327534594757e-05 1.000000000000000000e+00 -5.045775898208922859e-05 8.204829475719285380e-05 5.799888526371432818e-02 1.133216424762917507e+00 1.120827777953700366e+00 1.145736779314115328e+00 0.000000000000000000e+00
7.231724445929129885e+00 1.714423567351419875e+00 2.096100520083490677e-06 1.000000000000000000e+00 -6.322876349334723752e-05 6.892412765868316407e-05 1.128504703615362814e-03 1.136068164595306795e+00 1.123578442435523517e+00 1.148691384397825033e+00 0.000000000000000000e+00
7.237755054982951464e+00 1.712995083213891823e+00 -1.531616211265671586e-06 -1.000000000000000000e+00 -6.670749870603651956e-05 6.513908606735528358e-05 6.061464714548492339e-04 1.134150024905786980e+00 1.121521109897581248e+00 1.146915574369412161e+00 0.000000000000000000e+00
7.243790693023404614e+00 1.711567789311361887e+00 -9.210225132510617332e-06 -1.000000000000000000e+00 -7.396052154037721345e-05 5.702902739741036204e-05 2.211211218596531580e-02 1.135857544781439854e+00 1.123283787423493774e+00 1.148566678405727348e+00 0.000000000000000000e+00
7.249831364244212040e+00 1.710141684652107807e+00 -9.454822865782224682e-06 -1.000000000000000000e+00 -7.379238295213735497e-05 5.636514344649181990e-05 2.361653094669691200e-02 1.134632522390466969e+00 1.121982147115201611e+00 1.147420050108829415e+00 0.000000000000000000e+00
7.255877072842594977e+00 1.708716768245233997e+00 -1.036933460836490449e-05 -1.000000000000000000e+00 -7.432620631167334514e-05 5.506431370287542354e-05 2.878037454919990523e-02 1.134734924046925553e+00 1.121938944307083741e+00 1.147671136154500227e+00 0.000000000000000000e+00
7.261927823019274086e+00 1.707293039100669763e+00 -1.087530023042701141e-05 -1.000000000000000000e+00 -7.448102325301207206e-05 5.420618247286972271e-05 3.193643800139511768e-02 1.134782047156679408e+00 1.122054208157333033e+00 1.147648811930028101e+00 0.000000000000000000e+00
7.267983618978473004e+00 1.705870496229170197e+00 -1.617711313262900865e-05 -1.000000000000000000e+00 -7.974953234428171873e-05 4.886700746485636793e-05 7.075763028484516326e-02 1.137289468733048592e+00 1.124397116241907968e+00 1.150324002873491347e+00 0.000000000000000000e+00
7.274044464927921894e+00 1.704449138642313732e+00 -2.657887519457129003e-05 -1.000000000000000000e+00 -9.014439973033652796e-05 3.845724814022325475e-05 1.900570776751351332e-01 1.142274255094536395e+00 1.129419411647106131e+00 1.155269861898698514e+00 0.000000000000000000e+00
7.280110365078859225e+00 1.703028965352503699e+00 -3.320481413675297730e-05 -1.000000000000000000e+00 -9.695772893164719339e-05 3.201926050253627634e-05 2.949076796136580469e-01 1.144598476165896050e+00 1.131575969342742072e+00 1.157765213461865228e+00 0.000000000000000000e+00
7.286181323646034436e+00 1.701609975372965211e+00 -3.487727589537588624e-05 -1.000000000000000000e+00 -9.865951102583741497e-05 3.038854751630520342e-05 3.242208233766632475e-01 1.143972590350261553e+00 1.131021891823505099e+00 1.157065986291866633e+00 0.000000000000000000e+00
7.292257344847713263e+00 1.700192167717745617e+00 -4.080201066843815167e-05 -1.000000000000000000e+00 -1.046533814947185354e-04 2.454656634440148224e-05 4.423973536696905740e-01 1.146163062430078261e+00 1.133047892796378298e+00 1.159424415842901901e+00 0.000000000000000000e+00
7.298338432905678630e+00 1.698775541401714717e+00 -5.647347717386454863e-05 -1.000000000000000000e+00 -1.203119256114569953e-04 8.872786232838605837e-06 8.429473377883880403e-01 1.154464477697695557e+00 1.141213807941978242e+00 1.167863045713276371e+00 0.000000000000000000e+00
7.304424592045234199e+00 1.697360095440562322e+00 -5.877266966509852615e-05 -1.000000000000000000e+00 -1.226781264890605520e-04 6.645372016693202515e-06 9.093513682879788007e-01 1.154596915233801147e+00 1.141352043857297272e+00 1.167989800721838556e+00 0.000000000000000000e+00
7.310515826495206149e+00 1.695945828850798032e+00 -6.633280976909379425e-05 -1.000000000000000000e+00 -1.303416872880209468e-04 -8.087504168810696024e-07 1.152201259117305199e+00 1.157689212410709878e+00 1.144333718279543888e+00 1.171194640680785826e+00 0.000000000000000000e+00
7.316612140487947613e+00 1.694532740649751679e+00 -6.968719406985427465e-05 -1.000000000000000000e+00 -1.337130473784251699e-04 -4.134920103475721418e-06 1.267729189547594615e+00 1.157890047097965169e+00 1.144540337461121160e+00 1.171389495900487576e+00 0.000000000000000000e+00
7.322713538259342236e+00 1.693120829855571774e+00 -7.775462550103890520e-05 -1.000000000000000000e+00 -1.417855465271587734e-04 -1.218159603636717776e-05 1.573295939014890621e+00 1.160624958195577205e+00 1.147166806049829235e+00 1.174234984692982930e+00 0.000000000000000000e+00
7.328820024048804171e+00 1.691710095487224841e+00 -8.604108056853639215e-05 -1.000000000000000000e+00 -1.501153712290356117e-04 -2.041191546758021975e-05 1.918549128837021556e+00 1.163203632884631578e+00 1.149635352947952160e+00 1.176925818119868739e+00 0.000000000000000000e+00
7.334931602099284298e+00 1.690300536564494527e+00 -9.061388491788126254e-05 -1.000000000000000000e+00 -1.547747998602469303e-04 -2.489142771197990411e-05 2.116802254206199052e+00 1.163482620298315728e+00 1.149917705887674391e+00 1.177201427803705958e+00 0.000000000000000000e+00
7.341048276657271110e+00 1.688892152107981603e+00 -9.638143474979685632e-05 -1.000000000000000000e+00 -1.606948069422096026e-04 -3.050213149864460167e-05 2.380764301760976309e+00 1.165016561937837425e+00 1.151343821142353674e+00 1.178845538294654993e+00 0.000000000000000000e+00
7.347170051972794269e+00 1.687484941139102412e+00 -9.814349130232750084e-05 -1.000000000000000000e+00 -1.625104985441921089e-04 -3.219654600302437007e-05 2.459376803921927035e+00 1.165097818020052856e+00 1.151431508430193151e+00 1.178920141118323883e+00 0.000000000000000000e+00
7.353296932299427269e+00 1.686078902680089531e+00 -1.021491090601350283e-04 -1.000000000000000000e+00 -1.665812438573101414e-04 -3.612102616697661426e-05 2.654668787071514657e+00 1.167779882256068547e+00 1.154001489101958100e+00 1.181716438761828858e+00 0.000000000000000000e+00
7.359428921894291875e+00 1.684674035753989330e+00 -1.020073839357731895e-04 -1.000000000000000000e+00 -1.666392797844741818e-04 -3.576996761795601845e-05 2.635622410448760888e+00 1.169016486068331639e+00 1.155057099376851415e+00 1.183137924174455291e+00 0.000000000000000000e+00
7.365566025018059015e+00 1.683270339384662417e+00 -9.920675012078774885e-05 -1.000000000000000000e+00 -1.640256117811555092e-04 -3.277419494163044634e-05 2.476048439198152096e+00 1.169679316305025862e+00 1.155795693850078187e+00 1.183723317433176936e+00 0.000000000000000000e+00
7.371708245934952330e+00 1.681867812596783196e+00 -9.781342663782063276e-05 -1.000000000000000000e+00 -1.630288162176485756e-04 -3.097919261653699443e-05 2.385138450381376174e+00 1.172475077417288514e+00 1.158397122570655080e+00 1.186717447899369171e+00 0.000000000000000000e+00
7.377855588912752616e+00 1.680466454415837863e+00 -8.897204843912056801e-05 -1.000000000000000000e+00 -1.544962704758154706e-04 -2.181710049692745532e-05 1.957710836271019161e+00 1.172181232961903907e+00 1.158183458523013964e+00 1.186341682904711314e+00 0.000000000000000000e+00
7.384008058222798709e+00 1.679066263868125519e+00 -7.938186047279650859e-05 -1.000000000000000000e+00 -1.453299186751812059e-04 -1.179610008354998866e-05 1.547509527181460953e+00 1.173080116406337137e+00 1.158897297389838821e+00 1.187429617176066987e+00 0.000000000000000000e+00
7.390165658139991045e+00 1.677667239980756175e+00 -6.551525511552424490e-05 -1.000000000000000000e+00 -1.318149099401451330e-04 2.428476692717862397e-06 1.049134668467218034e+00 1.172686251866524199e+00 1.158400679585527948e+00 1.187141027433900042e+00 0.000000000000000000e+00
7.396328392942796093e+00 1.676269381781650081e+00 -4.946633117463163331e-05 -1.000000000000000000e+00 -1.160191293336491794e-04 1.874123967233858463e-05 5.962291046966470276e-01 1.171524638519800821e+00 1.157255697816263140e+00 1.185962684758504748e+00 0.000000000000000000e+00
7.402496266913247247e+00 1.674872688299538392e+00 -3.519448864178393883e-05 -1.000000000000000000e+00 -1.020698978893677710e-04 3.334844639223108801e-05 3.006272593457595121e-01 1.171082528396804046e+00 1.156709998567620135e+00 1.185626655162054011e+00 0.000000000000000000e+00
7.408669284336948380e+00 1.673477158563960288e+00 -2.206486602476057191e-05 -1.000000000000000000e+00 -8.928398670711060843e-05 4.683483155790684881e-05 1.174126898764598081e-01 1.170139031234901150e+00 1.155778916177043980e+00 1.184670494439483024e+00 0.000000000000000000e+00
7.414847449503079169e+00 1.672082791605264962e+00 -1.268614783988114378e-05 -1.000000000000000000e+00 -8.039077903669974079e-05 5.670611268455780652e-05 3.844401016078791145e-02 1.170013004975206217e+00 1.155540556573178224e+00 1.184659499562602969e+00 0.000000000000000000e+00
7.421030766704393322e+00 1.670689586454608300e+00 -1.770204860124592299e-05 -1.000000000000000000e+00 -8.582279249031193240e-05 5.211286996801854144e-05 7.389795171795299211e-02 1.177540196468644718e+00 1.162907402390669809e+00 1.192349687869595609e+00 0.000000000000000000e+00
7.427219240237226572e+00 1.669297542143953983e+00 -1.150909388747669914e-05 -1.000000000000000000e+00 -7.996296819012490599e-05 5.865335068302690412e-05 3.098134550805298204e-02 1.177090572055925266e+00 1.162465067127691931e+00 1.191892712326932724e+00 0.000000000000000000e+00
7.433412874401496673e+00 1.667906657706072160e+00 -9.057674575194213116e-06 -1.000000000000000000e+00 -7.775957421975868210e-05 6.136903779782955143e-05 1.908004253175477061e-02 1.178480797479567466e+00 1.163732917533080613e+00 1.193408153657032678e+00 0.000000000000000000e+00
7.439611673500706956e+00 1.666516932174539223e+00 -4.411605333980521958e-06 -1.000000000000000000e+00 -7.322648292292478702e-05 6.614454971301596091e-05 4.512364055301532062e-03 1.178144736474426635e+00 1.163408294061066828e+00 1.193060438671396550e+00 0.000000000000000000e+00
7.445815641841948995e+00 1.665128364583736253e+00 -1.313349161157989345e-06 -1.000000000000000000e+00 -7.029913529504935984e-05 6.942549685710195013e-05 3.985827898134175484e-04 1.178339493084767264e+00 1.163487127154042344e+00 1.193373811120072903e+00 0.000000000000000000e+00
7.452024783735907043e+00 1.663740953968849468e+00 1.381753322643811878e-06 1.000000000000000000e+00 -6.776290866011808840e-05 7.229370728759071255e-05 4.390539448593244742e-04 1.178145974728385337e+00 1.163303646710750927e+00 1.193170138770961675e+00 0.000000000000000000e+00
7.458239103496859812e+00 1.662354699365868660e+00 -8.047198094726842654e-07 -1.000000000000000000e+00 -7.023046763358712361e-05 7.040299863946090095e-05 1.477049218863157876e-04 1.180399157804588928e+00 1.165423501664747841e+00 1.195559428760117893e+00 0.000000000000000000e+00
7.464458605442683137e+00 1.660969599811586539e+00 -2.067572538126844057e-06 -1.000000000000000000e+00 -7.190682071455176518e-05 6.956741088188344170e-05 9.653182490865219734e-04 1.181729513005908450e+00 1.166543202795737422e+00 1.197105327931441865e+00 0.000000000000000000e+00
7.470683293894854415e+00 1.659585654343599170e+00 6.255551609566841848e-07 1.000000000000000000e+00 -6.954650679750673981e-05 7.261072462018267537e-05 8.740904880255584430e-05 1.180864304697967437e+00 1.165769051002837564e+00 1.196146904250145360e+00 0.000000000000000000e+00
7.476913173178454386e+00 1.658202862000304201e+00 3.882371162411833860e-06 1.000000000000000000e+00 -6.679310694375309736e-05 7.638593842521769581e-05 3.331970628835279058e-03 1.180788985990264717e+00 1.165491512629652782e+00 1.196278871057485205e+00 0.000000000000000000e+00
7.483148247622170679e+00 1.656821221820899526e+00 1.138973769500091779e-05 1.000000000000000000e+00 -5.964524919918642149e-05 8.427294223391095277e-05 2.840069036898285049e-02 1.179917039549790436e+00 1.164712615913040317e+00 1.195311655384090344e+00 0.000000000000000000e+00
7.489388521558299594e+00 1.655440732845385288e+00 2.265865182091470636e-05 1.000000000000000000e+00 -4.889659609987234473e-05 9.607397065349410450e-05 1.114568591298734646e-01 1.178934985879149133e+00 1.163536909156299481e+00 1.194528216384260544e+00 0.000000000000000000e+00
7.495633999322752317e+00 1.654061394114560324e+00 4.295571304494022913e-05 1.000000000000000000e+00 -2.908886906516028000e-05 1.168690455612872686e-04 3.983518036025657238e-01 1.174287228371350356e+00 1.158802179506274177e+00 1.189970382905277901e+00 0.000000000000000000e+00
7.501884685255054031e+00 1.652683204670022832e+00 5.956265340102773827e-05 1.000000000000000000e+00 -1.280308776028165956e-05 1.338086671462210698e-04 7.623538281135324723e-01 1.173104178680177911e+00 1.157640593239765536e+00 1.188765540282590960e+00 0.000000000000000000e+00
7.508140583698349246e+00 1.651306163554170148e+00 7.770009371592123150e-05 1.000000000000000000e+00 4.982312201662594310e-06 1.523134088531064576e-04 1.293249701936304064e+00 1.170737336970463893e+00 1.155180954515387937e+00 1.186494395229141352e+00 0.000000000000000000e+00
7.514401698999403578e+00 1.649930269810196748e+00 9.113072386226006637e-05 1.000000000000000000e+00 1.812502583698162248e-05 1.660527568956940989e-04 1.770448198773294735e+00 1.169813975286360108e+00 1.154277869195551087e+00 1.185550499221556198e+00 0.000000000000000000e+00
7.520668035508609073e+00 1.648555522482095359e+00 9.815034894948714461e-05 1.000000000000000000e+00 2.471721515707465250e-05 1.735197738045154352e-04 2.035531523552009503e+00 1.170546428076268075e+00 1.154895526840908682e+00 1.186400511506657818e+00 0.000000000000000000e+00
7.526939597579984209e+00 1.647181920614653627e+00 1.041331060902160941e-04 1.000000000000000000e+00 3.022813010484936170e-05 1.799973801442822548e-04 2.262169561317506350e+00 1.169300997913817142e+00 1.153746088037372219e+00 1.185056941492312665e+00 0.000000000000000000e+00
7.533216389571179228e+00 1.645809463253457006e+00 1.061407602483013346e-04 1.000000000000000000e+00 3.152501636030435395e-05 1.827362881238488287e-04 2.312167956684561432e+00 1.168460462001319033e+00 1.152712567588461967e+00 1.184414281744091912e+00 0.000000000000000000e+00
7.539498415843477019e+00 1.644438149444884756e+00 1.053129688322909473e-04 1.000000000000000000e+00 3.002576864086034948e-05 1.826046414079518726e-04 2.237166540155925532e+00 1.168276510410836133e+00 1.152411229376557378e+00 1.184350913342760325e+00 0.000000000000000000e+00
7.545785680761798453e+00 1.643067978236111282e+00 1.038440821558114004e-04 1.000000000000000000e+00 2.804282329905875631e-05 1.816794620624130911e-04 2.142176096679008879e+00 1.168468227254904734e+00 1.152608882643261223e+00 1.184536249239943384e+00 0.000000000000000000e+00
7.552078188694705041e+00 1.641698948675104575e+00 1.008878134661483352e-04 1.000000000000000000e+00 2.466912246463557712e-05 1.791692344438449986e-04 1.998051588109319709e+00 1.170423401197846491e+00 1.154438732246166444e+00 1.186619618094014950e+00 0.000000000000000000e+00
7.558375944014398939e+00 1.640331059810627101e+00 1.030871903722577231e-04 1.000000000000000000e+00 2.661912485063866788e-05 1.816456356069924127e-04 2.070818381984622647e+00 1.170337717685996148e+00 1.154366267639914456e+00 1.186520353841598707e+00 0.000000000000000000e+00
7.564678951096730941e+00 1.638964310692231585e+00 1.042691239866100963e-04 1.000000000000000000e+00 2.755722445690776603e-05 1.830923647122279353e-04 2.106323250583102435e+00 1.172056398992560311e+00 1.155962141334184734e+00 1.188364719679217973e+00 0.000000000000000000e+00
7.570987214321198699e+00 1.637598700370265004e+00 1.104032615348159597e-04 1.000000000000000000e+00 3.344386161704176390e-05 1.894911530517132765e-04 2.349008811028539867e+00 1.171669312646205663e+00 1.155586258805022082e+00 1.187966289064582126e+00 0.000000000000000000e+00
7.577300738070952946e+00 1.636234227895864146e+00 1.231406314041296000e-04 1.000000000000000000e+00 4.574214997700375390e-05 2.026764323496602462e-04 2.906204074179612462e+00 1.168142074732554603e+00 1.151962914428845242e+00 1.184538362499147457e+00 0.000000000000000000e+00
7.583619526732800153e+00 1.634870892320956948e+00 1.310119485531561839e-04 1.000000000000000000e+00 5.314561605810700089e-05 2.110153592868508655e-04 3.266846804176879004e+00 1.168895444398108996e+00 1.152504373679622329e+00 1.185509159783306954e+00 0.000000000000000000e+00
7.589943584697204315e+00 1.633508692698261822e+00 1.437007658421350664e-04 1.000000000000000000e+00 6.558113161786895530e-05 2.239587592551987643e-04 3.915530330048696328e+00 1.167759222247994666e+00 1.151466525340213654e+00 1.184272300235309716e+00 0.000000000000000000e+00
7.596272916358290495e+00 1.632147628081284996e+00 1.553424237460498231e-04 1.000000000000000000e+00 7.699955646449380001e-05 2.358269694166767764e-04 4.577034683166417040e+00 1.167943134363879309e+00 1.151447777952434137e+00 1.184664459426538086e+00 0.000000000000000000e+00
7.602607526113848380e+00 1.630787697524322288e+00 1.656421533840400314e-04 1.000000000000000000e+00 8.737646179958069722e-05 2.460642789108765391e-04 5.222038161748002949e+00 1.168762893956631466e+00 1.152359137101802933e+00 1.185389992045307261e+00 0.000000000000000000e+00
7.608947418365335835e+00 1.629428900082457776e+00 1.803259155213517151e-04 1.000000000000000000e+00 1.019471318699317273e-04 2.608695581217949271e-04 6.216903617379088587e+00 1.165552984510663137e+00 1.148968619543145664e+00 1.182365998759181025e+00 0.000000000000000000e+00
7.615292597517878903e+00 1.628071234811562906e+00 1.886108659143656812e-04 1.000000000000000000e+00 1.102088841740891137e-04 2.691796322939725840e-04 6.805422744611732355e+00 1.164468179199916298e+00 1.147983238098285952e+00 1.181179443772197191e+00 0.000000000000000000e+00
7.621643067980279795e+00 1.626714700768294497e+00 1.868639166601108027e-04 1.000000000000000000e+00 1.082315827753683015e-04 2.676565551522438503e-04 6.650556702942310494e+00 1.167424498383244025e+00 1.150705406648293794e+00 1.184375837506639106e+00 0.000000000000000000e+00
7.627998834165015118e+00 1.625359297010096737e+00 1.832298674298004368e-04 1.000000000000000000e+00 1.043578482593483461e-04 2.642642663505323985e-04 6.356905717352915985e+00 1.169089551346634837e+00 1.152221655574938719e+00 1.186193314424412559e+00 0.000000000000000000e+00
7.634359900488242090e+00 1.624005022595198744e+00 1.784118279143323430e-04 1.000000000000000000e+00 9.942419461030575073e-05 2.595747642623015485e-04 5.998859739833818594e+00 1.169488099049941221e+00 1.152617219282178418e+00 1.186594762708994555e+00 0.000000000000000000e+00
7.640726271369800315e+00 1.622651876582614117e+00 1.648182163271872086e-04 1.000000000000000000e+00 8.583228733087514451e-05 2.459896427103777086e-04 5.101948027159494359e+00 1.174380409145831416e+00 1.157338109050839448e+00 1.191662160040208862e+00 0.000000000000000000e+00
7.647097951233216229e+00 1.621299858032140939e+00 1.573741810980166568e-04 1.000000000000000000e+00 7.855445173483951071e-05 2.383854288382018761e-04 4.656697411584303836e+00 1.174967847248559405e+00 1.157925724426619229e+00 1.192249242455520220e+00 0.000000000000000000e+00
7.653474944505703093e+00 1.619948966004359558e+00 1.521552210847111760e-04 1.000000000000000000e+00 7.352811251656728934e-05 2.329758991920917552e-04 4.372601956774389009e+00 1.174318728380644439e+00 1.157142539433904105e+00 1.191738103259446513e+00 0.000000000000000000e+00
7.659857255618167216e+00 1.618599199560634805e+00 1.457582129861001202e-04 1.000000000000000000e+00 6.749794959215613609e-05 2.262163659663999835e-04 4.038813605276260432e+00 1.174813527130627255e+00 1.157640966231082036e+00 1.192229187984475303e+00 0.000000000000000000e+00
7.666244889005210617e+00 1.617250557763112662e+00 1.331885596445781970e-04 1.000000000000000000e+00 5.530635897026586799e-05 2.132673663118289089e-04 3.393388394140885111e+00 1.179751006279284864e+00 1.162401599464288005e+00 1.197347339468291638e+00 0.000000000000000000e+00
7.672637849105131913e+00 1.615903039674720043e+00 1.235222875970503286e-04 1.000000000000000000e+00 4.592219321703995452e-05 2.033117554353288943e-04 2.937096926089907356e+00 1.183136042473758254e+00 1.165524891364716487e+00 1.201000748461922285e+00 0.000000000000000000e+00
7.679036140359931650e+00 1.614556644359165460e+00 1.157424905187814674e-04 1.000000000000000000e+00 3.850407279548414120e-05 1.951675454851117754e-04 2.590923281279685852e+00 1.185665109603733613e+00 1.168133038490876352e+00 1.203448180869467476e+00 0.000000000000000000e+00
7.685439767215314077e+00 1.613211370880937023e+00 1.140150641174390449e-04 1.000000000000000000e+00 3.680345006465648885e-05 1.934107460332419441e-04 2.521948613958855390e+00 1.184732799538420700e+00 1.166963567754535358e+00 1.202759905949905450e+00 0.000000000000000000e+00
7.691848734120691589e+00 1.611867218305303329e+00 1.115614760973008093e-04 1.000000000000000000e+00 3.443955484584265139e-05 1.908745591939346763e-04 2.413901457302813469e+00 1.185226256855370419e+00 1.167550768214198564e+00 1.203157002046431279e+00 0.000000000000000000e+00
7.698263045529186499e+00 1.610524185698310351e+00 1.054668550115865926e-04 1.000000000000000000e+00 2.818667663090315310e-05 1.849427312557874010e-04 2.149036821635391448e+00 1.189452721274801839e+00 1.171501579576476049e+00 1.207666014483352201e+00 0.000000000000000000e+00
7.704682705897634598e+00 1.609182272126782998e+00 1.090482999896964989e-04 1.000000000000000000e+00 3.165607295668643780e-05 1.886455577409207839e-04 2.289273199660215141e+00 1.188618375813035533e+00 1.170773770717791207e+00 1.206722445778992459e+00 0.000000000000000000e+00
7.711107719686588702e+00 1.607841476658323998e+00 1.106040599633335202e-04 1.000000000000000000e+00 3.294230649337557128e-05 1.904743380181609801e-04 2.345099655254884397e+00 1.190410517726381068e+00 1.172310639515290021e+00 1.208776816879265192e+00 0.000000000000000000e+00
7.717538091360320429e+00 1.606501798361312572e+00 1.155576592088861456e-04 1.000000000000000000e+00 3.769482681282061037e-05 1.956366230982755131e-04 2.553227730280326568e+00 1.190594029157889144e+00 1.172344049355506179e+00 1.209114784400831866e+00 0.000000000000000000e+00
7.723973825386825531e+00 1.605163236304904206e+00 1.247057472140018742e-04 1.000000000000000000e+00 4.678574644332148035e-05 2.048588318868023190e-04 2.971538250321202668e+00 1.187721535828192732e+00 1.169602115077960081e+00 1.206108836035334031e+00 0.000000000000000000e+00
7.730414926237823892e+00 1.603825789559029547e+00 1.178016219307677695e-04 1.000000000000000000e+00 3.976099042715147854e-05 1.980894283282634625e-04 2.640355239838541479e+00 1.194788669917097756e+00 1.176373758348516541e+00 1.213478399474798186e+00 0.000000000000000000e+00
7.736861398388765743e+00 1.602489457194395728e+00 1.227628802334127986e-04 1.000000000000000000e+00 4.460992494280505193e-05 2.031816584432763072e-04 2.857883408353160348e+00 1.192141844804982975e+00 1.173853151141920126e+00 1.210702369796342825e+00 0.000000000000000000e+00
7.743313246318833443e+00 1.601154238282482378e+00 1.211931042108982284e-04 1.000000000000000000e+00 4.270031979085640124e-05 2.019618821664567591e-04 2.766044603951669956e+00 1.192284578671734208e+00 1.173742353134511918e+00 1.211106029088392599e+00 0.000000000000000000e+00
7.749770474510944140e+00 1.599820131895543396e+00 1.114850416365147052e-04 1.000000000000000000e+00 3.284279327314328122e-05 1.924176831558993203e-04 2.317735544890055621e+00 1.196662618030360559e+00 1.178191848326090696e+00 1.215409774264864406e+00 0.000000000000000000e+00
7.756233087451753327e+00 1.598487137106606282e+00 1.014355628353286301e-04 1.000000000000000000e+00 2.250598332045564847e-05 1.826671503526753693e-04 1.901779066131410900e+00 1.200496412150143133e+00 1.181740742569278524e+00 1.219536014634600152e+00 0.000000000000000000e+00
7.762701089631657503e+00 1.597155252989470364e+00 9.258231064229795215e-05 1.000000000000000000e+00 1.368320106307655893e-05 1.738015196020172134e-04 1.575842870856448030e+00 1.203312499671677749e+00 1.184645051606578070e+00 1.222260823130451701e+00 0.000000000000000000e+00
7.769174485544799502e+00 1.595824478618706577e+00 8.205534759547018818e-05 1.000000000000000000e+00 3.221394437846685052e-06 1.632206661871043411e-04 1.236445371206329469e+00 1.207159731301457040e+00 1.188217140277839423e+00 1.226390629656047615e+00 0.000000000000000000e+00
7.775653279689067610e+00 1.594494813069657235e+00 6.833499863942503298e-05 1.000000000000000000e+00 -1.017417603776239840e-05 1.491888320040739486e-04 8.595654562741827931e-01 1.212518817010341809e+00 1.193387927933537984e+00 1.231942624493584049e+00 0.000000000000000000e+00
7.782137476566102663e+00 1.593166255418435151e+00 5.813607821361269730e-05 1.000000000000000000e+00 -1.989606714166534956e-05 1.385339292208134234e-04 6.254958004814596961e-01 1.213429927260749164e+00 1.194318593039789045e+00 1.232833642429870924e+00 0.000000000000000000e+00
7.788627080681298942e+00 1.591838804741922297e+00 3.781726394510666388e-05 1.000000000000000000e+00 -3.978082725152449995e-05 1.178012580956515326e-04 2.653210918527406648e-01 1.218236730621143016e+00 1.198939143350443715e+00 1.237831230465626264e+00 0.000000000000000000e+00
7.795122096543806833e+00 1.590512460117771143e+00 1.553032195706311339e-05 1.000000000000000000e+00 -6.166570813746244612e-05 9.513122403466844239e-05 4.471294778964818306e-02 1.220156018997922587e+00 1.200861226016474603e+00 1.239747423451726505e+00 0.000000000000000000e+00
7.801622528666539047e+00 1.589187220624400876e+00 -1.147246918957381802e-05 -1.000000000000000000e+00 -8.843673077176398872e-05 6.790953342698842900e-05 2.429702279104617446e-02 1.220955452230330085e+00 1.201490392971291010e+00 1.240622673592956637e+00 0.000000000000000000e+00
7.808128381566169729e+00 1.587863085341000069e+00 -4.653743913979098304e-05 -1.000000000000000000e+00 -1.231214259817726042e-04 3.248751308754977178e-05 3.973973371961818657e-01 1.223929745141589143e+00 1.204450974866186908e+00 1.243610526076417644e+00 0.000000000000000000e+00
7.814639659763139790e+00 1.586540053347523793e+00 -8.770483329452948788e-05 -1.000000000000000000e+00 -1.638078868042257275e-04 -9.124968411043389007e-06 1.404775248042057001e+00 1.229516012983486117e+00 1.209828136727119086e+00 1.249409234189343465e+00 0.000000000000000000e+00
7.821156367781661345e+00 1.585218123724693617e+00 -1.284519089376689397e-04 -1.000000000000000000e+00 -2.039712189743960998e-04 -5.041554449232046430e-05 3.008027216306032869e+00 1.235277161087893649e+00 1.215275229997760054e+00 1.255489688464024312e+00 0.000000000000000000e+00
7.827678510149716828e+00 1.583897295553998275e+00 -1.614784725236769803e-04 -1.000000000000000000e+00 -2.362437581028746330e-04 -8.416048559420894783e-05 4.756769088132358547e+00 1.237798187508317049e+00 1.217898116233113504e+00 1.257906587969258805e+00 0.000000000000000000e+00
7.834206091399066985e+00 1.582577567917689887e+00 -1.898778071112025773e-04 -1.000000000000000000e+00 -2.641855299980326631e-04 -1.130041511543646910e-04 6.579161171994485358e+00 1.240686695930124817e+00 1.220493107477695238e+00 1.261094187291657231e+00 0.000000000000000000e+00
7.840739116065250869e+00 1.581258939898786631e+00 -2.159285187298577843e-04 -1.000000000000000000e+00 -2.896556762597351045e-04 -1.396154494213702876e-04 8.501155455410426498e+00 1.246636680784765749e+00 1.226520899480746163e+00 1.266963909017328360e+00 0.000000000000000000e+00
7.847277588687588512e+00 1.579941410581070071e+00 -2.316791179942911114e-04 -1.000000000000000000e+00 -3.051536143374771132e-04 -1.555932504678662410e-04 9.783466727622482040e+00 1.250214616316930538e+00 1.229798776120610171e+00 1.270847520596519953e+00 0.000000000000000000e+00
7.853821513809187138e+00 1.578624979049085830e+00 -2.343792945288853031e-04 -1.000000000000000000e+00 -3.076695310420991814e-04 -1.584473999806981759e-04 1.000475431102212553e+01 1.249190518301101172e+00 1.228904589839442174e+00 1.269690881921697656e+00 0.000000000000000000e+00
7.860370895976941163e+00 1.577309644388141585e+00 -2.310923242595301858e-04 -1.000000000000000000e+00 -3.046728354963602740e-04 -1.548661909486255951e-04 9.688309984752166315e+00 1.248529753586875124e+00 1.227969726020271990e+00 1.269310233147024292e+00 0.000000000000000000e+00
7.866925739741537527e+00 1.575995405684307737e+00 -2.238703280827604588e-04 -1.000000000000000000e+00 -2.977032416340104001e-04 -1.473892964098268534e-04 9.041132558355926108e+00 1.249507716500967591e+00 1.229059106751725805e+00 1.270174659238896719e+00 0.000000000000000000e+00
7.873486049657457464e+00 1.574682262024415857e+00 -2.151411108158877354e-04 -1.000000000000000000e+00 -2.894052533524785480e-04 -1.382278000454239967e-04 8.306056003787205100e+00 1.253284041343358579e+00 1.232527229557450976e+00 1.274265023103011485e+00 0.000000000000000000e+00
7.880051830282980951e+00 1.573370212496058462e+00 -1.982817305529808430e-04 -1.000000000000000000e+00 -2.728003068086170494e-04 -1.210976518921705574e-04 7.036781297172311156e+00 1.253223385016144942e+00 1.232591923119917166e+00 1.274076464871178205e+00 0.000000000000000000e+00
7.886623086180188480e+00 1.572059256187587906e+00 -1.790111156443351971e-04 -1.000000000000000000e+00 -2.540264876297810876e-04 -1.013181525080634912e-04 5.719360930532957354e+00 1.251533208692754640e+00 1.230639691692772208e+00 1.272654254922662709e+00 0.000000000000000000e+00
7.893199821914964609e+00 1.570749392188117488e+00 -1.742442394655909594e-04 -1.000000000000000000e+00 -2.497079661118796240e-04 -9.608848047030306211e-05 5.370300762001917860e+00 1.259551802229320616e+00 1.238420011119776065e+00 1.280915127857555236e+00 0.000000000000000000e+00
7.899782042057002407e+00 1.569440619587517682e+00 -1.607427541759862155e-04 -1.000000000000000000e+00 -2.367949326300740223e-04 -8.197670197055503696e-05 4.525132797425342801e+00 1.258247273702742586e+00 1.237133833027639573e+00 1.279592118450642912e+00 0.000000000000000000e+00
7.906369751179806116e+00 1.568132937476418354e+00 -1.530170726693080461e-04 -1.000000000000000000e+00 -2.298040682766795142e-04 -7.349522765015445132e-05 4.045898339661931686e+00 1.259123404280937386e+00 1.237817029346971465e+00 1.280665095863019909e+00 0.000000000000000000e+00
7.912962953860692039e+00 1.566826344946206540e+00 -1.447564633038882090e-04 -1.000000000000000000e+00 -2.222037102990741155e-04 -6.454687116914344439e-05 3.572780329191090232e+00 1.258297840890079566e+00 1.237000300595587410e+00 1.279830633885546964e+00 0.000000000000000000e+00
7.919561654680794760e+00 1.565520841089027337e+00 -1.329771103964859770e-04 -1.000000000000000000e+00 -2.111235649694648926e-04 -5.204296512490873055e-05 2.982903902066809110e+00 1.254822257652278727e+00 1.233367370813305719e+00 1.276516335503967925e+00 0.000000000000000000e+00
7.926165858225068916e+00 1.564216424997781019e+00 -1.231240309082212768e-04 -1.000000000000000000e+00 -2.017297954101682786e-04 -4.170419761396416589e-05 2.536070688090674707e+00 1.253868919623894351e+00 1.232430450537647992e+00 1.275546158874607983e+00 0.000000000000000000e+00
7.932775569082291867e+00 1.562913095766124583e+00 -1.167120561025763911e-04 -1.000000000000000000e+00 -1.957078478544317245e-04 -3.488318900896947067e-05 2.264244046838868485e+00 1.256875747419037959e+00 1.235236238379937346e+00 1.278757838609455355e+00 0.000000000000000000e+00
7.939390791845069018e+00 1.561610852488469980e+00 -1.036760899304443320e-04 -1.000000000000000000e+00 -1.829627035822036754e-04 -2.153219238901526490e-05 1.780570360471145364e+00 1.255648607852664966e+00 1.234035109387617402e+00 1.277504626466446469e+00 0.000000000000000000e+00
7.946011531109834714e+00 1.560309694259983226e+00 -9.702370137121194536e-05 -1.000000000000000000e+00 -1.766829352240947273e-04 -1.448239141845689257e-05 1.549923039277246062e+00 1.259489079429341407e+00 1.237668218855233482e+00 1.281556258059724174e+00 0.000000000000000000e+00
7.952637791476856677e+00 1.559009620176584621e+00 -8.553784410334796021e-05 -1.000000000000000000e+00 -1.658475267381947821e-04 -2.326499273155741292e-06 1.194428599453971174e+00 1.259233817164417291e+00 1.237118015789864467e+00 1.281602578503338696e+00 0.000000000000000000e+00
7.959269577550237784e+00 1.557710629334948083e+00 -7.228879524092939198e-05 -1.000000000000000000e+00 -1.532768329677972096e-04 1.161600072768541401e-05 8.427833394743089457e-01 1.257467940847585064e+00 1.235485062248236954e+00 1.279701164453014517e+00 0.000000000000000000e+00
7.965906893937922284e+00 1.556412720832499597e+00 -5.867074364914986719e-05 -1.000000000000000000e+00 -1.406080757478296323e-04 2.618205432193789270e-05 5.477916778352636129e-01 1.256025989784890440e+00 1.233749243064808931e+00 1.278559958475642633e+00 0.000000000000000000e+00
7.972549745251694908e+00 1.555115893767417656e+00 -4.539920606427374811e-05 -1.000000000000000000e+00 -1.279402243615804734e-04 4.007171391723227333e-05 3.244932861670406510e-01 1.256089916723328814e+00 1.233937533415220056e+00 1.278496686546932271e+00 0.000000000000000000e+00
7.979198136107187977e+00 1.553820147238631932e+00 -2.784090782424907101e-05 -1.000000000000000000e+00 -1.109810895799966731e-04 5.825316753878727273e-05 1.214190116130993147e-01 1.254015704336592485e+00 1.231585182332512129e+00 1.276707366007280742e+00 0.000000000000000000e+00
7.985852071123881402e+00 1.552525480345822828e+00 -1.137885367232997957e-05 -1.000000000000000000e+00 -9.476351221992467910e-05 7.499820503179307335e-05 2.023493788203722943e-02 1.253044724589088332e+00 1.230761083072949180e+00 1.275586323965412827e+00 0.000000000000000000e+00
7.992511554925108008e+00 1.551231892189421036e+00 2.613368024177899246e-06 1.000000000000000000e+00 -8.122187610692379808e-05 8.946129356092811906e-05 1.063926804050652208e-03 1.253019582159925482e+00 1.230442679851148524e+00 1.275861440685122750e+00 0.000000000000000000e+00
7.999176592138056208e+00 1.549939381870606869e+00 1.425359586305399933e-05 1.000000000000000000e+00 -6.992936808554968474e-05 1.014589650857366170e-04 3.146394024506093956e-02 1.252762145034887586e+00 1.230321556354380119e+00 1.275464773871614499e+00 0.000000000000000000e+00
