# OBJ_NAME=4U 1705-44
#         GRID_START=6.00
#         GRID_END=8.00
#         GRID_STEP_FRACTION=0.50
#         XSPEC_FITSTAT=cstat
#         XSPEC_CONTINUUM_MODEL=tbabs*(bbodyrad + pow)*constant
#         XSPEC_LINE_MODEL=gauss
#         LINE_VELOCITY_WIDTH=500
#         INPUT_FILE=/home/simon/Downloads/tgcat/obs_5500_tgid_3934/pm_heg_abs1.pha
#         SEARCH_MODE=Sliding window
#         FIT_REGION_WIDTH=30.00
#         RUNTIME=68
#         COLUMN_NAMES=ENERGY,WAVELENGTH,NORM,NORM_SIGN,NORM_ERR_LO,NORM_ERR_HI,DELTA_FITSTAT,CONSTANT_FACTOR,CONSTANT_FACTOR_ERR_LO,CONSTANT_FACTOR_ERR_HI,FIT_ERR
6.000000000000000000e+00 2.066373137115381287e+00 1.149877927988954095e-04 1.000000000000000000e+00 6.726259870660928068e-05 1.638557375163479559e-04 6.690547719698940909e+00 1.070320142701290056e+00 1.057796422040336193e+00 1.082987376726979090e+00 0.000000000000000000e+00
6.005003461427972589e+00 2.064651403172383937e+00 1.090688421023099553e-04 1.000000000000000000e+00 6.119776973955473294e-05 1.580904171442479896e-04 5.974937950601656667e+00 1.071707802498913731e+00 1.059074818954801156e+00 1.084486543781341572e+00 0.000000000000000000e+00
6.010011095293655181e+00 2.062931103804642063e+00 9.605246009617381445e-05 1.000000000000000000e+00 4.820056085428089081e-05 1.450656686595256381e-04 4.602418751676026432e+00 1.073615972430984389e+00 1.061042156399167213e+00 1.086333878673806375e+00 0.000000000000000000e+00
6.015022905076486737e+00 2.061212237816845594e+00 8.321177919790270663e-05 1.000000000000000000e+00 3.537843773848064148e-05 1.322162991249175939e-04 3.436423449156563947e+00 1.072883367611513483e+00 1.060284201265854209e+00 1.085627095745871573e+00 0.000000000000000000e+00
6.020038894258807005e+00 2.059494804014679215e+00 6.801237332193307166e-05 1.000000000000000000e+00 2.021037294931911680e-05 1.169922539287405908e-04 2.284166167676488612e+00 1.074675565174923797e+00 1.061964523711267150e+00 1.087533443996014926e+00 0.000000000000000000e+00
6.025059066325860080e+00 2.057778801204824592e+00 5.558907598203591564e-05 1.000000000000000000e+00 7.871564865729142131e-06 1.044866280940330171e-04 1.521490927995898801e+00 1.077021559371375226e+00 1.064271067656368697e+00 1.089919411590503762e+00 0.000000000000000000e+00
6.030083424765796174e+00 2.056064228194956822e+00 4.662043447018100073e-05 1.000000000000000000e+00 -9.179798279807329948e-07 9.534021030217933569e-05 1.070927571832982039e+00 1.080449827066596535e+00 1.067758080147993782e+00 1.093287339824232651e+00 0.000000000000000000e+00
6.035111973069674285e+00 2.054351083793744426e+00 4.282788516814048119e-05 1.000000000000000000e+00 -4.553218169829270699e-06 9.139216164592861178e-05 9.082451332030387903e-01 1.083063966549226320e+00 1.070264186999242861e+00 1.096011515832761907e+00 0.000000000000000000e+00
6.040144714731465747e+00 2.052639366810848021e+00 4.298376852198979237e-05 1.000000000000000000e+00 -4.229873198032702583e-06 9.138256739760169500e-05 9.206415694220169144e-01 1.084185663949295053e+00 1.071360423221403568e+00 1.097159336686514219e+00 0.000000000000000000e+00
6.045181653248054232e+00 2.050929076056921652e+00 4.390464050124907598e-05 1.000000000000000000e+00 -3.183553934725867716e-06 9.217777889773679022e-05 9.640956189034710633e-01 1.084414726296248688e+00 1.071668094183676256e+00 1.097307988949394408e+00 0.000000000000000000e+00
6.050222792119239301e+00 2.049220210343609683e+00 3.996099982147995175e-05 1.000000000000000000e+00 -7.138154479707046617e-06 8.824374300527826321e-05 7.974110984939670743e-01 1.087072425336648829e+00 1.074212521316547431e+00 1.100081070841474329e+00 0.000000000000000000e+00
6.055268134847740846e+00 2.047512768483544576e+00 3.527093358935284460e-05 1.000000000000000000e+00 -1.189383040352373806e-05 8.362471204409919015e-05 6.181499021381569037e-01 1.088260244940611798e+00 1.075365182449389723e+00 1.101304825982038826e+00 0.000000000000000000e+00
6.060317684939197314e+00 2.045806749290351334e+00 2.726793363066848145e-05 1.000000000000000000e+00 -2.001127885687691257e-05 7.574595561848537198e-05 3.663110166095009390e-01 1.091236168521481531e+00 1.078292635824543266e+00 1.104329774187406077e+00 0.000000000000000000e+00
6.065371445902172809e+00 2.044102151578641724e+00 2.337660342795529962e-05 1.000000000000000000e+00 -2.407743360307743754e-05 7.203608330300534878e-05 2.668073062980624854e-01 1.091580187418752290e+00 1.078630824754982065e+00 1.104679628860319340e+00 0.000000000000000000e+00
6.070429421248155322e+00 2.042398974164015168e+00 2.028639155624098144e-05 1.000000000000000000e+00 -2.731790566774785144e-05 6.909387526070227814e-05 1.994593364897809806e-01 1.094064823960275712e+00 1.081070986794578248e+00 1.107209465375556201e+00 0.000000000000000000e+00
6.075491614491562942e+00 2.040697215863058300e+00 2.159484088620466157e-05 1.000000000000000000e+00 -2.602150977699393356e-05 7.041075096861172992e-05 2.260150904683939643e-01 1.096337421627633590e+00 1.083305956086860977e+00 1.109520432574791604e+00 0.000000000000000000e+00
6.080558029149742971e+00 2.038996875493343186e+00 2.917853439311872264e-05 1.000000000000000000e+00 -1.830263454189396931e-05 7.786437397733293243e-05 4.160574293530316936e-01 1.095679463048016222e+00 1.082661533597424564e+00 1.108848801605101686e+00 0.000000000000000000e+00
6.085628668742976366e+00 2.037297951873428659e+00 2.824065427083906238e-05 1.000000000000000000e+00 -1.906963325958820337e-05 7.676399427560599050e-05 3.918268590498996673e-01 1.102648435637541446e+00 1.089571186153037941e+00 1.115877370947841785e+00 0.000000000000000000e+00
6.090703536794479511e+00 2.035600443822857208e+00 3.186357331775473075e-05 1.000000000000000000e+00 -1.551394092480979275e-05 8.045617889079074764e-05 4.983312725244957164e-01 1.103911899958529119e+00 1.090800855707900086e+00 1.117175203894678504e+00 0.000000000000000000e+00
6.095782636830406886e+00 2.033904350162153651e+00 3.316002221550795799e-05 1.000000000000000000e+00 -1.453248217273485392e-05 8.206189858653365875e-05 5.341560340714863742e-01 1.104786942459507815e+00 1.091560877191779522e+00 1.118167922503054523e+00 0.000000000000000000e+00
6.100865972379854618e+00 2.032209669712826461e+00 3.410758134225533094e-05 1.000000000000000000e+00 -1.389238602374714233e-05 8.331572185838843697e-05 5.580529140980559077e-01 1.104379132789933271e+00 1.091225220795000173e+00 1.117686318140221680e+00 0.000000000000000000e+00
6.105953546974859592e+00 2.030516401297367324e+00 3.398012767485872576e-05 1.000000000000000000e+00 -1.425225102440191301e-05 8.342708748232443021e-05 5.495950384081993434e-01 1.105030251902200611e+00 1.091762931017451255e+00 1.118453300377308723e+00 0.000000000000000000e+00
6.111045364150406556e+00 2.028824543739246700e+00 3.300241044378650232e-05 1.000000000000000000e+00 -1.525883770918433704e-05 8.248968323707938299e-05 5.174472332488733173e-01 1.108095223919871364e+00 1.094782393736984272e+00 1.121564265670849103e+00 0.000000000000000000e+00
6.116141427444425460e+00 2.027134095862917373e+00 3.434077323441393656e-05 1.000000000000000000e+00 -1.388284563269596105e-05 8.379787586155435582e-05 5.603549637573905784e-01 1.111445303890029379e+00 1.098194890736652107e+00 1.124849973726679275e+00 0.000000000000000000e+00
6.121241740397799447e+00 2.025445056493809570e+00 4.045336359661984700e-05 1.000000000000000000e+00 -7.904252654114946031e-06 9.004189369429195142e-05 7.766673392009408872e-01 1.112430293878713616e+00 1.099070057396861255e+00 1.125947335936480664e+00 0.000000000000000000e+00
6.126346306554362187e+00 2.023757424458334508e+00 4.971526976110658783e-05 1.000000000000000000e+00 1.180531993944955330e-06 9.947535077291157712e-05 1.170398380000250427e+00 1.111234194328259539e+00 1.097851811098228270e+00 1.124774325923397544e+00 0.000000000000000000e+00
6.131455129460903208e+00 2.022071198583879958e+00 5.942273449821256447e-05 1.000000000000000000e+00 1.075373856878749859e-05 1.093146158333311115e-04 1.671455587436042833e+00 1.108658614680349652e+00 1.095263609947912053e+00 1.122211993973489363e+00 0.000000000000000000e+00
6.136568212667169675e+00 2.020386377698810687e+00 6.372873575065351440e-05 1.000000000000000000e+00 1.505709674658002112e-05 1.136275416263298746e-04 1.925205444957583722e+00 1.108289766706604285e+00 1.094902354843326764e+00 1.121835387238750759e+00 0.000000000000000000e+00
6.141685559725869936e+00 2.018702960632467569e+00 6.348209989927694724e-05 1.000000000000000000e+00 1.484946029749885344e-05 1.133496950295083270e-04 1.912766143291122489e+00 1.108439846201888956e+00 1.095024559767374450e+00 1.122013875907749147e+00 0.000000000000000000e+00
6.146807174192673529e+00 2.017020946215167587e+00 5.862645240883673591e-05 1.000000000000000000e+00 9.991662014627619270e-06 1.085023281419184623e-04 1.627256159138028124e+00 1.109059877617548873e+00 1.095610827388339592e+00 1.122668460989543648e+00 0.000000000000000000e+00
6.151933059626216505e+00 2.015340333278202056e+00 5.052226505908983156e-05 1.000000000000000000e+00 1.819600233118895275e-06 1.004692745846994092e-04 1.200076753246207772e+00 1.109794840437384300e+00 1.096339425890848762e+00 1.123409787045188235e+00 0.000000000000000000e+00
6.157063219588101433e+00 2.013661120653835290e+00 3.893682125761096315e-05 1.000000000000000000e+00 -9.848725135052072675e-06 8.897051957429741504e-05 7.065129790060211690e-01 1.112474537017206444e+00 1.098967979552095464e+00 1.126141440584274234e+00 0.000000000000000000e+00
6.162197657642900950e+00 2.011983307175305935e+00 3.151916038020724395e-05 1.000000000000000000e+00 -1.728846820288545288e-05 8.158119953442792463e-05 4.609418924891883762e-01 1.112416490662657020e+00 1.098876846350553604e+00 1.126117225586621862e+00 0.000000000000000000e+00
6.167336377358160426e+00 2.010306891676824304e+00 2.324413087891299260e-05 1.000000000000000000e+00 -2.546187987935094065e-05 7.320648634938783591e-05 2.508355922035434560e-01 1.115324287402830628e+00 1.101659768535289796e+00 1.129152388725487732e+00 0.000000000000000000e+00
6.172479382304400630e+00 2.008631872993570600e+00 1.989919822495552718e-05 1.000000000000000000e+00 -2.853313137565365831e-05 6.958781100583344968e-05 1.851042923905481530e-01 1.116023095284430111e+00 1.102443054125485267e+00 1.129764743290762485e+00 0.000000000000000000e+00
6.177626676055119503e+00 2.006958249961698471e+00 1.470394863573432703e-05 1.000000000000000000e+00 -3.345672167078611798e-05 6.412109466231290537e-05 1.019150726422139996e-01 1.118838123758571390e+00 1.105139978351347363e+00 1.132700321861193071e+00 0.000000000000000000e+00
6.182778262186794827e+00 2.005286021418328790e+00 7.266896006335034518e-06 1.000000000000000000e+00 -4.062869350657282493e-05 5.642231505217172507e-05 2.503999599477424454e-02 1.122018216279583758e+00 1.108275886548080402e+00 1.135925337468209007e+00 0.000000000000000000e+00
6.187934144278887771e+00 2.003615186201552323e+00 -3.903320778558487949e-06 -1.000000000000000000e+00 -5.159720440462761063e-05 4.505316206916439427e-05 7.226194443575195692e-03 1.125310260887382841e+00 1.111632322375171844e+00 1.139151110381215970e+00 0.000000000000000000e+00
6.193094325913842901e+00 2.001945743150427948e+00 -1.837385501511397203e-05 -1.000000000000000000e+00 -6.602947325824199017e-05 3.054525652771981534e-05 1.593472724695743636e-01 1.128033752839250559e+00 1.114225658442957068e+00 1.142007492255585843e+00 0.000000000000000000e+00
6.198258810677093500e+00 2.000277691104981770e+00 -3.729525032588240619e-05 -1.000000000000000000e+00 -8.487787861361894681e-05 1.155723960890975803e-05 6.519573563846563502e-01 1.132457226212911339e+00 1.118586979569587525e+00 1.146493896626223252e+00 0.000000000000000000e+00
6.203427602157062459e+00 1.998611028906206677e+00 -5.757484527053661723e-05 -1.000000000000000000e+00 -1.049648644627885769e-04 -8.905204194283115318e-06 1.545954707971191056e+00 1.138076461726727384e+00 1.124252945843532858e+00 1.152064371666457365e+00 0.000000000000000000e+00
6.208600703945164057e+00 1.996945755396060118e+00 -7.240887758314402804e-05 -1.000000000000000000e+00 -1.196174293757830875e-04 -2.391597957282768950e-05 2.445317430521583901e+00 1.141072605987293986e+00 1.127119656088781063e+00 1.155192546421562438e+00 0.000000000000000000e+00
6.213778119635809283e+00 1.995281869417466547e+00 -7.774676477108547336e-05 -1.000000000000000000e+00 -1.247405442941383266e-04 -2.946307082332973019e-05 2.833543063394131423e+00 1.139065261946175633e+00 1.125095142965192752e+00 1.153203069156246485e+00 0.000000000000000000e+00
6.218959852826404955e+00 1.993619369814312314e+00 -8.038665789030402823e-05 -1.000000000000000000e+00 -1.272120356608170467e-04 -3.226344950896974572e-05 3.042886079170017410e+00 1.138166694813806279e+00 1.124172816436387334e+00 1.152329016331923972e+00 0.000000000000000000e+00
6.224145907117359044e+00 1.991958255431448777e+00 -8.073535424202622096e-05 -1.000000000000000000e+00 -1.275459312924648975e-04 -3.262209029487115594e-05 3.068206825387704839e+00 1.138179842131473052e+00 1.124189524337201762e+00 1.152338587827045346e+00 0.000000000000000000e+00
6.229336286112081567e+00 1.990298525114688521e+00 -7.807069111135774768e-05 -1.000000000000000000e+00 -1.250840821458299573e-04 -2.975705710176749423e-05 2.851887757670397150e+00 1.138207299537725259e+00 1.124180334281583260e+00 1.152403424113703778e+00 0.000000000000000000e+00
6.234530993416986355e+00 1.988640177710806478e+00 -7.224163540907217534e-05 -1.000000000000000000e+00 -1.195898812772049351e-04 -2.359719002377014090e-05 2.422147168645011561e+00 1.138501658544433193e+00 1.124352858627110541e+00 1.152822582419074759e+00 0.000000000000000000e+00
6.239730032641496393e+00 1.986983212067538140e+00 -6.275576739852323119e-05 -1.000000000000000000e+00 -1.103481751338861611e-04 -1.386272240048502992e-05 1.816721215183747518e+00 1.138982434679660427e+00 1.124914105256459296e+00 1.153220873808761260e+00 0.000000000000000000e+00
6.244933407398043812e+00 1.985327627033580011e+00 -4.913926147667062246e-05 -1.000000000000000000e+00 -9.699646211619904407e-05 2.421091832794714698e-08 1.110212813944485788e+00 1.138796107858707218e+00 1.124695101420450261e+00 1.153067967261122595e+00 0.000000000000000000e+00
6.250141121302072555e+00 1.983673421458586272e+00 -3.201934430519868375e-05 -1.000000000000000000e+00 -8.020340286250904967e-05 1.747171954642624933e-05 4.702006594071406198e-01 1.137267175989496337e+00 1.123059343980453040e+00 1.151648721972699407e+00 0.000000000000000000e+00
6.255353177972041934e+00 1.982020594193170782e+00 -1.353394648253745848e-05 -1.000000000000000000e+00 -6.201172780832963521e-05 3.624915745936423697e-05 8.374047844580445599e-02 1.134713951340020177e+00 1.120607011153958332e+00 1.148992805031928910e+00 0.000000000000000000e+00
6.260569581029430175e+00 1.980369144088905076e+00 -2.609431117425877647e-06 -1.000000000000000000e+00 -5.137146408131737458e-05 4.745440572248553224e-05 3.096364549548979994e-03 1.137558294321336039e+00 1.123399869406052076e+00 1.151889373876492595e+00 0.000000000000000000e+00
6.265790334098732650e+00 1.978719069998317037e+00 7.748399979367497350e-06 1.000000000000000000e+00 -4.127639296140529367e-05 5.807499403768896041e-05 2.720044111958941357e-02 1.137971582788375180e+00 1.123693161064829527e+00 1.152425489733280628e+00 0.000000000000000000e+00
6.271015440807469865e+00 1.977070370774890451e+00 8.278616399003004120e-06 1.000000000000000000e+00 -4.087551466612161430e-05 5.874004051769954370e-05 3.089378926478048015e-02 1.143359051474552412e+00 1.129012299357790239e+00 1.157882115797559175e+00 0.000000000000000000e+00
6.276244904786186574e+00 1.975423045273065226e+00 1.039934225203598033e-05 1.000000000000000000e+00 -3.888201123499130177e-05 6.099627446750349052e-05 4.854362732967842931e-02 1.143165162755679143e+00 1.128820536283707821e+00 1.157686054514073026e+00 0.000000000000000000e+00
6.281478729668454442e+00 1.973777092348234952e+00 5.724993401864441509e-06 1.000000000000000000e+00 -4.369659891679619919e-05 5.646990242067002788e-05 1.460020771705217157e-02 1.145775690131537017e+00 1.131375417678278872e+00 1.160353185884862581e+00 0.000000000000000000e+00
6.286716919090875599e+00 1.972132510856748011e+00 -3.072624324245840470e-06 -1.000000000000000000e+00 -5.264345040100177708e-05 4.782854832936335666e-05 4.163805082100680011e-03 1.150351495568839866e+00 1.135880557328866169e+00 1.165000376770633173e+00 0.000000000000000000e+00
6.291959476693084419e+00 1.970489299655904469e+00 -6.862055752698096941e-06 -1.000000000000000000e+00 -5.657792977639514132e-05 4.418949278708940047e-05 2.061066772546382708e-02 1.150701787522867336e+00 1.136225962378599741e+00 1.165355582427033188e+00 0.000000000000000000e+00
6.297206406117751065e+00 1.968847457603957185e+00 -1.005144975558340345e-05 -1.000000000000000000e+00 -5.983227210562565545e-05 4.106723174960823095e-05 4.404790489786591934e-02 1.152540902561123071e+00 1.138015086928469755e+00 1.167245809889594366e+00 0.000000000000000000e+00
6.302457711010582386e+00 1.967206983560110700e+00 -5.599140612739952563e-06 -1.000000000000000000e+00 -5.536653465373824541e-05 4.551012507402526358e-05 1.370573465311508699e-02 1.150214294655313108e+00 1.135667450654961552e+00 1.164941044761441002e+00 0.000000000000000000e+00
6.307713395020327241e+00 1.965567876384518575e+00 -9.523567910860566867e-07 -1.000000000000000000e+00 -5.064349623467911737e-05 5.008829157882166015e-05 3.982623513820726657e-04 1.149781417764675684e+00 1.135244900633123111e+00 1.164497638294719639e+00 0.000000000000000000e+00
6.312973461798775610e+00 1.963930134938285832e+00 6.570859055365945627e-06 1.000000000000000000e+00 -4.317365985640921999e-05 5.766987397036318159e-05 1.899316750180446434e-02 1.147646802138472255e+00 1.133088030348056385e+00 1.162386153081089057e+00 0.000000000000000000e+00
6.318237915000763039e+00 1.962293758083465844e+00 1.457996853737637217e-05 1.000000000000000000e+00 -3.542366783300767482e-05 6.593607897937581468e-05 9.313270625085579013e-02 1.145160193136259386e+00 1.130491086356863573e+00 1.160013011560923513e+00 0.000000000000000000e+00
6.323506758284172413e+00 1.960658744683059451e+00 1.922136644841876689e-05 1.000000000000000000e+00 -3.105371261199265124e-05 7.084785415007167051e-05 1.604048856389113098e-01 1.145774535887432499e+00 1.131182921028916155e+00 1.160547786924293279e+00 0.000000000000000000e+00
6.328779995309938400e+00 1.959025093601015399e+00 2.905988194090710911e-05 1.000000000000000000e+00 -2.155124506611856620e-05 8.102576405869100866e-05 3.640898197306228212e-01 1.142296903848774914e+00 1.127680215055497870e+00 1.157096290107217040e+00 0.000000000000000000e+00
6.334057629742047446e+00 1.957392803702229900e+00 3.625072042371331368e-05 1.000000000000000000e+00 -1.462224230222271618e-05 8.848487133075353620e-05 5.638391500228010500e-01 1.142329199267817286e+00 1.127586047198441133e+00 1.157258176784976333e+00 0.000000000000000000e+00
6.339339665247542221e+00 1.955761873852543076e+00 4.468607938450900875e-05 1.000000000000000000e+00 -6.319608785222684559e-06 9.706017090713606817e-05 8.547151353646427197e-01 1.142517351224348277e+00 1.127858929607905569e+00 1.157359339228195561e+00 0.000000000000000000e+00
6.344626105496522506e+00 1.954132302918741848e+00 5.164387803574536819e-05 1.000000000000000000e+00 4.616039958671772341e-07 1.041969539962201184e-04 1.137967674961231523e+00 1.144919423029099326e+00 1.130204931890260500e+00 1.159818557839852771e+00 0.000000000000000000e+00
6.349916954162148741e+00 1.952504089768555939e+00 5.857725587400687675e-05 1.000000000000000000e+00 7.149043323162889731e-06 1.113749558261420251e-04 1.457252669237192322e+00 1.147493482416181987e+00 1.132637691357062382e+00 1.162537050618607681e+00 0.000000000000000000e+00
6.355212214920644698e+00 1.950877233270659206e+00 6.727073699679520077e-05 1.000000000000000000e+00 1.559886597368459487e-05 1.203109449292849022e-04 1.913052873299108114e+00 1.147815016817697042e+00 1.132912878242689381e+00 1.162906223097232905e+00 0.000000000000000000e+00
6.360511891451300137e+00 1.949251732294668749e+00 7.577090069109341922e-05 1.000000000000000000e+00 2.388960026358540029e-05 1.290244035717111955e-04 2.417374231826585174e+00 1.147026225892129547e+00 1.132131361760996269e+00 1.162109978261702814e+00 0.000000000000000000e+00
6.365815987436472589e+00 1.947627585711142251e+00 8.243508595711884312e-05 1.000000000000000000e+00 3.033151391413157165e-05 1.359209390964231966e-04 2.847998388459558328e+00 1.146516968107488932e+00 1.131580245178625432e+00 1.161643585458716821e+00 0.000000000000000000e+00
6.371124506561590906e+00 1.946004792391578420e+00 8.595196643506835643e-05 1.000000000000000000e+00 3.358322642497895907e-05 1.397122983466377662e-04 3.072176028101182510e+00 1.147978781089714850e+00 1.132985667177547340e+00 1.163163003284219732e+00 0.000000000000000000e+00
6.376437452515156146e+00 1.944383351208418098e+00 9.158668212655584240e-05 1.000000000000000000e+00 3.889731963961350091e-05 1.456679191656202034e-04 3.456047427411164108e+00 1.147467656471691466e+00 1.132475459267692441e+00 1.162650939392303462e+00 0.000000000000000000e+00
6.381754828988746020e+00 1.942763261035039601e+00 9.359614087491873488e-05 1.000000000000000000e+00 4.065296585253441557e-05 1.479243348255804985e-04 3.579217346851976345e+00 1.150471350706118390e+00 1.135413843533026323e+00 1.165721316784674055e+00 0.000000000000000000e+00
6.387076639677015777e+00 1.941144520745761159e+00 9.536920054004432924e-05 1.000000000000000000e+00 4.237281711027568199e-05 1.497491337097736326e-04 3.710837077209674817e+00 1.153460248359130524e+00 1.138343253439338287e+00 1.168770800106101460e+00 0.000000000000000000e+00
6.392402888277703532e+00 1.939527129215838475e+00 9.902206439959103531e-05 1.000000000000000000e+00 4.619120165157655262e-05 1.532446267077386274e-04 4.028430393388589437e+00 1.153139140057211964e+00 1.138036155901803737e+00 1.168435288821812357e+00 0.000000000000000000e+00
6.397733578491629380e+00 1.937911085321463833e+00 9.432088873090860011e-05 1.000000000000000000e+00 4.177363487856800657e-05 1.482671899326652666e-04 3.682708852041429282e+00 1.156868178414383275e+00 1.141707193719211366e+00 1.172223174875404172e+00 0.000000000000000000e+00
6.403068714022700725e+00 1.936296387939767438e+00 8.522881369420273344e-05 1.000000000000000000e+00 3.290510222132643270e-05 1.389499583187962534e-04 3.020548063250970472e+00 1.159329203147075216e+00 1.144026469956406222e+00 1.174829191074831414e+00 0.000000000000000000e+00
6.408408298577912277e+00 1.934683035948813856e+00 7.189322028298748650e-05 1.000000000000000000e+00 1.982234544149244200e-05 1.253577209281394917e-04 2.151580791579476681e+00 1.159044633768284260e+00 1.143834144602587477e+00 1.174450498282530120e+00 0.000000000000000000e+00
6.413752335867351384e+00 1.933071028227602239e+00 5.199531516491928104e-05 1.000000000000000000e+00 2.001205102331111616e-07 1.051858061161763775e-04 1.126117182745133505e+00 1.157929939510317086e+00 1.142679479475563475e+00 1.173376952762781977e+00 0.000000000000000000e+00
6.419100829604198033e+00 1.931460363656067436e+00 1.982794456119802074e-05 1.000000000000000000e+00 -3.151012487908611806e-05 7.257522115766298595e-05 1.640271639158470407e-01 1.162550861170502658e+00 1.147138025649722781e+00 1.178163442284741569e+00 0.000000000000000000e+00
6.424453783504729287e+00 1.929851041115075327e+00 -1.733480563081539618e-05 -1.000000000000000000e+00 -6.798771113421391856e-05 3.475042840433056256e-05 1.258275005892528497e-01 1.168860462753011253e+00 1.153500706431007439e+00 1.184417382062540547e+00 0.000000000000000000e+00
6.429811201288321953e+00 1.928243059486426159e+00 -5.381984439847948377e-05 -1.000000000000000000e+00 -1.039158370055533512e-04 -2.275682380415120800e-06 1.215154733499730355e+00 1.174675266897157400e+00 1.159144900022413882e+00 1.190406094635590106e+00 0.000000000000000000e+00
6.435173086677453469e+00 1.926636417652850763e+00 -8.394029519188928295e-05 -1.000000000000000000e+00 -1.336743279133357208e-04 -3.274698085975146069e-05 2.947641635232145063e+00 1.177853266727903359e+00 1.162252385281203004e+00 1.193655729795485509e+00 0.000000000000000000e+00
6.440539443397706343e+00 1.925031114498011453e+00 -1.061934309627849267e-04 -1.000000000000000000e+00 -1.557515570404647599e-04 -5.516310901452215463e-05 4.683740415887768904e+00 1.180657651590288237e+00 1.165124356917904391e+00 1.196390306168178874e+00 0.000000000000000000e+00
6.445910275177769044e+00 1.923427148906499795e+00 -1.138824926999754280e-04 -1.000000000000000000e+00 -1.635638681532818267e-04 -6.272234442249082637e-05 5.348747107124836475e+00 1.180723214700022394e+00 1.165047643308720904e+00 1.196601581799398462e+00 0.000000000000000000e+00
6.451285585749439555e+00 1.921824519763838390e+00 -1.065309876609473285e-04 -1.000000000000000000e+00 -1.564327946273400254e-04 -5.515307531060745320e-05 4.663389191566352565e+00 1.180001605258156561e+00 1.164282504727230050e+00 1.195924826403732766e+00 0.000000000000000000e+00
6.456665378847628034e+00 1.920223225956476210e+00 -8.420230593999716341e-05 -1.000000000000000000e+00 -1.343634695836964184e-04 -3.257131269218088140e-05 2.918559489398262485e+00 1.177785289471777741e+00 1.162089461975048366e+00 1.193685205196672650e+00 0.000000000000000000e+00
6.462049658210359482e+00 1.918623266371792813e+00 -5.380898495768585751e-05 -1.000000000000000000e+00 -1.042798250284907924e-04 -1.876760253304307700e-06 1.197198834377104504e+00 1.176283073540870250e+00 1.160559168958950282e+00 1.192212199427042263e+00 0.000000000000000000e+00
6.467438427578775517e+00 1.917024639898092353e+00 -1.954208245144508239e-05 -1.000000000000000000e+00 -7.038626093029096446e-05 3.275217105114473900e-05 1.585657119997563314e-01 1.173503386407314997e+00 1.157759917320093423e+00 1.189453409108200965e+00 0.000000000000000000e+00
6.472831690697137930e+00 1.915427345424606687e+00 1.138910055864336774e-05 1.000000000000000000e+00 -3.982498344883346090e-05 6.404124873066345861e-05 5.396004871695936345e-02 1.170463951280796389e+00 1.154750515373209829e+00 1.186383937990367343e+00 0.000000000000000000e+00
6.478229451312831344e+00 1.913831381841492263e+00 3.359818124113136853e-05 1.000000000000000000e+00 -1.792396098362391204e-05 8.654921332468316865e-05 4.696847312191039236e-01 1.167650708673165116e+00 1.151912212157036430e+00 1.183597060727491490e+00 0.000000000000000000e+00
6.483631713176364109e+00 1.912236748039830792e+00 3.509706394901222288e-05 1.000000000000000000e+00 -1.653802417212057335e-05 8.816236659467331952e-05 5.105963333292038442e-01 1.173588737745623556e+00 1.157765619903535992e+00 1.189620885472052247e+00 0.000000000000000000e+00
6.489038480041373624e+00 1.910643442911627687e+00 2.995105617707523093e-05 1.000000000000000000e+00 -2.169993532386859151e-05 8.304923472830020280e-05 3.704348621163262578e-01 1.174105126740672134e+00 1.158279906129787484e+00 1.190139145369193185e+00 0.000000000000000000e+00
6.494449755664626345e+00 1.909051465349812737e+00 1.534399478344319325e-05 1.000000000000000000e+00 -3.634329017419928563e-05 6.850203888175809938e-05 9.640106861886010847e-02 1.173610638386633376e+00 1.157731813465453730e+00 1.189699581781185067e+00 0.000000000000000000e+00
6.499865543806021329e+00 1.907460814248235881e+00 -1.280106962818539230e-05 -1.000000000000000000e+00 -6.460233564291644403e-05 4.048631248920742787e-05 6.596390497153947763e-02 1.179706554316038325e+00 1.163630821075044119e+00 1.195996098477117631e+00 0.000000000000000000e+00
6.505285848228594681e+00 1.905871488501671207e+00 -3.986950585629724005e-05 -1.000000000000000000e+00 -9.176339904223721009e-05 1.351787463813387049e-05 6.283972815288620950e-01 1.183933874943829290e+00 1.167910521146238834e+00 1.200168942263799554e+00 0.000000000000000000e+00
6.510710672698518664e+00 1.904283487005811404e+00 -5.902016248013105523e-05 -1.000000000000000000e+00 -1.109186079259695990e-04 -5.620505558512354832e-06 1.364116030241319777e+00 1.186272474535922328e+00 1.170175224518290813e+00 1.202582873773523797e+00 0.000000000000000000e+00
6.516140020985107917e+00 1.902696808657271088e+00 -6.474026676586712079e-05 -1.000000000000000000e+00 -1.164248093827322320e-04 -1.153952039456207696e-05 1.649563978391171304e+00 1.186199119174796479e+00 1.169963796362307740e+00 1.202651121447660731e+00 0.000000000000000000e+00
6.521573896860818564e+00 1.901111452353583031e+00 -5.969595576618866274e-05 -1.000000000000000000e+00 -1.110079712014532736e-04 -6.853639232331757314e-06 1.420099001342606471e+00 1.186216379312640790e+00 1.170093640852191363e+00 1.202552891112986799e+00 0.000000000000000000e+00
6.527012304101254436e+00 1.899527416993199491e+00 -4.890707174627220369e-05 -1.000000000000000000e+00 -1.001659488107951097e-04 3.880265772188894137e-06 9.608363179622614325e-01 1.187620762418529097e+00 1.171356388729948739e+00 1.204102432329080319e+00 0.000000000000000000e+00
6.532455246485166178e+00 1.897944701475490215e+00 -3.049855649291653183e-05 -1.000000000000000000e+00 -8.205309422331164330e-05 2.257234225575318459e-05 3.734857670522018225e-01 1.184751760575029733e+00 1.168458106904801896e+00 1.201264268249002010e+00 0.000000000000000000e+00
6.537902727794456581e+00 1.896363304700741548e+00 -1.292596028751578804e-05 -1.000000000000000000e+00 -6.491515974950965231e-05 4.056561476960231298e-05 6.658814917544475520e-02 1.182885399168032814e+00 1.166698394418273166e+00 1.199289051183556998e+00 0.000000000000000000e+00
6.543354751814182357e+00 1.894783225570156437e+00 -1.812349150828779162e-06 -1.000000000000000000e+00 -5.424109824094127910e-05 5.211083720769269255e-05 1.297913820067719826e-03 1.185483810356986911e+00 1.169131740548686960e+00 1.202056441111263307e+00 0.000000000000000000e+00
6.548811322332555918e+00 1.893204462985853986e+00 9.205817956202513229e-06 1.000000000000000000e+00 -4.346704710545752398e-05 6.338244776524194161e-05 3.337990279973723773e-02 1.185139047191751338e+00 1.168737641981187236e+00 1.201762394491380226e+00 0.000000000000000000e+00
6.554272443140948923e+00 1.891627015850867455e+00 1.660077183972317086e-05 1.000000000000000000e+00 -3.618419333924303028e-05 7.090651513166666773e-05 1.084254175120236141e-01 1.184398816092953277e+00 1.168008247803169475e+00 1.201010974713405677e+00 0.000000000000000000e+00
6.559738118033894949e+00 1.890050883069143817e+00 1.716694960588081449e-05 1.000000000000000000e+00 -3.575906836449548249e-05 7.162234903341569477e-05 1.153936221641629345e-01 1.186219401537308871e+00 1.169763147989859586e+00 1.202898710973148599e+00 0.000000000000000000e+00
6.565208350809092153e+00 1.888476063545543981e+00 1.073453519893743538e-05 1.000000000000000000e+00 -4.237574936239545933e-05 6.537174993835376171e-05 4.468545960864389599e-02 1.191260080892089013e+00 1.174711812778915343e+00 1.208032922524732156e+00 0.000000000000000000e+00
6.570683145267405045e+00 1.886902556185840796e+00 6.538028463270313132e-06 1.000000000000000000e+00 -4.672238151483229686e-05 6.132347513801302246e-05 1.644995812903005117e-02 1.191686476314264276e+00 1.175133907942932820e+00 1.208463795127489915e+00 0.000000000000000000e+00
6.576162505212867160e+00 1.885330359896719488e+00 -3.463765790168813006e-07 -1.000000000000000000e+00 -5.357929569083598920e-05 5.441931797650694332e-05 4.605162546056362771e-05 1.193285355227916789e+00 1.176668027672733707e+00 1.210128902312653354e+00 0.000000000000000000e+00
6.581646434452685490e+00 1.883759473585775446e+00 -8.317194072942507384e-06 -1.000000000000000000e+00 -6.136845619848535927e-05 4.628158746259183681e-05 2.662868381644045712e-02 1.195334361598061834e+00 1.178556395814153612e+00 1.212342427410684209e+00 0.000000000000000000e+00
6.587134936797241380e+00 1.882189896161514886e+00 -1.632877047094698800e-05 -1.000000000000000000e+00 -6.908422672343832735e-05 3.798852520764864197e-05 1.030166286421234645e-01 1.197076785743918848e+00 1.180395322384626411e+00 1.213985388404810406e+00 0.000000000000000000e+00
6.592628016060094076e+00 1.880621626533353297e+00 -2.623053254084469570e-05 -1.000000000000000000e+00 -7.886207755271215473e-05 2.796637255519292625e-05 2.655292642713646956e-01 1.200309130830146120e+00 1.183554077941262106e+00 1.217292727685624687e+00 0.000000000000000000e+00
6.598125676057981615e+00 1.879054663611614329e+00 -3.476311145582464400e-05 -1.000000000000000000e+00 -8.747216866469338268e-05 1.951293884681370609e-05 4.635522973899526278e-01 1.202377486526353678e+00 1.185454146232507666e+00 1.219533533153227323e+00 0.000000000000000000e+00
6.603627920610826152e+00 1.877489006307530905e+00 -4.184100940632133820e-05 -1.000000000000000000e+00 -9.464749390633242173e-05 1.255011253384134254e-05 6.651073404676566270e-01 1.204505659252817829e+00 1.187668519263047617e+00 1.221572798470969889e+00 0.000000000000000000e+00
6.609134753541735741e+00 1.875924653533241671e+00 -4.229771193926184174e-05 -1.000000000000000000e+00 -9.544206373035675169e-05 1.245988864004128968e-05 6.717019321887818251e-01 1.203577711054111932e+00 1.186592308018297182e+00 1.220796986114142335e+00 0.000000000000000000e+00
6.614646178677005217e+00 1.874361604201792542e+00 -4.218882619304105446e-05 -1.000000000000000000e+00 -9.582588672869357628e-05 1.308754138361455240e-05 6.561488319681956227e-01 1.207186055329008356e+00 1.190118231814771832e+00 1.224489179470317657e+00 0.000000000000000000e+00
6.620162199846120643e+00 1.872799857227134490e+00 -3.038774641458064495e-05 -1.000000000000000000e+00 -8.473610882875450337e-05 2.561154229212130276e-05 3.333900635599178486e-01 1.206091955679243544e+00 1.189133059198892228e+00 1.223283417671450879e+00 0.000000000000000000e+00
6.625682820881761970e+00 1.871239411524124430e+00 -1.177135126460439008e-05 -1.000000000000000000e+00 -6.697683624648901083e-05 4.508704430920879887e-05 4.907321851683832392e-02 1.205214671405733018e+00 1.188109031190702547e+00 1.222557364455514106e+00 0.000000000000000000e+00
6.631208045619805702e+00 1.869680266008521441e+00 1.303178710962057873e-05 1.000000000000000000e+00 -4.286191231601474828e-05 7.059161515790593987e-05 5.942058989820964143e-02 1.203425301153461247e+00 1.186283911726533136e+00 1.220805227126386727e+00 0.000000000000000000e+00
6.636737877899325788e+00 1.868122419596990769e+00 4.040269156656301218e-05 1.000000000000000000e+00 -1.602240708418444648e-05 9.851640227747656504e-05 5.676127858494623979e-01 1.200749837899154793e+00 1.183643283746745656e+00 1.218094391387834818e+00 0.000000000000000000e+00
6.642272321562598059e+00 1.866565871207098271e+00 6.337901051762538976e-05 1.000000000000000000e+00 6.431825597222436337e-06 1.220311366634125043e-04 1.387382116298311985e+00 1.200417048137810250e+00 1.183261497512896332e+00 1.217812121340845266e+00 0.000000000000000000e+00
6.647811380455102892e+00 1.865010619757312416e+00 8.487091187375348682e-05 1.000000000000000000e+00 2.731859786401168687e-05 1.441314412210989427e-04 2.464851489595190515e+00 1.197647857587110787e+00 1.180450423527801496e+00 1.215086386023829013e+00 0.000000000000000000e+00
6.653355058425526991e+00 1.863456664167002952e+00 1.001919089522755379e-04 1.000000000000000000e+00 4.207284295144733189e-05 1.600126093432095828e-04 3.396414653029154351e+00 1.196163016630482856e+00 1.178970497469310708e+00 1.213596929071614650e+00 0.000000000000000000e+00
6.658903359325766047e+00 1.861904003356439352e+00 1.059013855606667960e-04 1.000000000000000000e+00 4.741088910187223271e-05 1.660841134290784037e-04 3.761041237716128194e+00 1.199197712440983610e+00 1.181914714614676232e+00 1.216724133768987803e+00 0.000000000000000000e+00
6.664456287010930069e+00 1.860352636246791480e+00 1.091726706461508003e-04 1.000000000000000000e+00 5.059618233938359047e-05 1.694357374941033367e-04 3.999731005717706012e+00 1.200356316172867421e+00 1.182898042879538592e+00 1.218062787847969508e+00 0.000000000000000000e+00
6.670013845339340719e+00 1.858802561760127592e+00 1.073720239753022271e-04 1.000000000000000000e+00 4.914672581611692566e-05 1.672869140886833238e-04 3.905122819896206465e+00 1.202377920130603295e+00 1.185015560609672391e+00 1.219985217464685023e+00 0.000000000000000000e+00
6.675576038172540194e+00 1.857253778819414780e+00 1.030188638425565909e-04 1.000000000000000000e+00 4.521126284237381339e-05 1.625201075044068345e-04 3.643095603687498851e+00 1.202891746522988026e+00 1.185370088926555932e+00 1.220662708589642431e+00 0.000000000000000000e+00
6.681142869375288562e+00 1.855706286348516532e+00 9.776974970500669861e-05 1.000000000000000000e+00 4.033045318011562120e-05 1.569104435753209651e-04 3.315450170892830783e+00 1.200145134515939072e+00 1.182585645594292023e+00 1.217955564075557939e+00 0.000000000000000000e+00
6.686714342815570866e+00 1.854160083272192949e+00 8.284590054045039428e-05 1.000000000000000000e+00 2.565234519747954640e-05 1.417500416793300751e-04 2.378858295475083651e+00 1.202828462731171610e+00 1.185352589250883604e+00 1.220552181196049579e+00 0.000000000000000000e+00
6.692290462364595349e+00 1.852615168516101862e+00 6.755840254194353707e-05 1.000000000000000000e+00 1.026075292035746270e-05 1.265694514344913653e-04 1.567556144460269252e+00 1.203077051754313898e+00 1.185421590175729678e+00 1.220985324815557771e+00 0.000000000000000000e+00
6.697871231896799671e+00 1.851071541006794829e+00 4.890511337916640037e-05 1.000000000000000000e+00 -8.536054612246712317e-06 1.080585767423587740e-04 8.106482212212569038e-01 1.205893712845615084e+00 1.188139961290599400e+00 1.223902437263745480e+00 0.000000000000000000e+00
6.703456655289853572e+00 1.849529199671717139e+00 3.389637960457669700e-05 1.000000000000000000e+00 -2.352728287736044520e-05 9.303393756670066961e-05 3.866891894010819897e-01 1.207447848067949803e+00 1.189679676772660288e+00 1.225471096806996396e+00 0.000000000000000000e+00
6.709046736424657986e+00 1.847988143439209141e+00 3.008000438644691451e-05 1.000000000000000000e+00 -2.710146757439750489e-05 8.898598186804730561e-05 3.064331391679360195e-01 1.202838183806564043e+00 1.185043291183597525e+00 1.220889930115545807e+00 0.000000000000000000e+00
6.714641479185352146e+00 1.846448371238503361e+00 2.653331324776893568e-05 1.000000000000000000e+00 -3.017771247642119631e-05 8.498436859745405727e-05 2.415758661798008688e-01 1.202377795736766952e+00 1.184536141088549765e+00 1.220477767374388955e+00 0.000000000000000000e+00
6.720240887459313583e+00 1.844909881999724721e+00 2.517617477586372131e-05 1.000000000000000000e+00 -3.111354129163137528e-05 8.321552376150710153e-05 2.201001135389475394e-01 1.202525807804235569e+00 1.184701729912848833e+00 1.220607542070031304e+00 0.000000000000000000e+00
6.725844965137160791e+00 1.843372674653889876e+00 2.336421056721063906e-05 1.000000000000000000e+00 -3.279904651360265058e-05 8.127560395504984105e-05 1.901698275946159811e-01 1.203598039828888799e+00 1.185706443431384649e+00 1.221749155850832436e+00 0.000000000000000000e+00
6.731453716112758556e+00 1.841836748132905655e+00 2.162911375169798453e-05 1.000000000000000000e+00 -3.467623243222295521e-05 7.967940702615597826e-05 1.620236854555230366e-01 1.203783393908507415e+00 1.185889553869261315e+00 1.221937075459961886e+00 0.000000000000000000e+00
6.737067144283217068e+00 1.840302101369569288e+00 2.504767688779255394e-05 1.000000000000000000e+00 -3.161822164520065490e-05 8.346165269728289191e-05 2.153455296802491148e-01 1.198513778547609432e+00 1.180579248608767617e+00 1.216710224073831670e+00 0.000000000000000000e+00
6.742685253548897251e+00 1.838768733297566405e+00 2.805100529242541611e-05 1.000000000000000000e+00 -2.896194190037166240e-05 8.682095229414032555e-05 2.677143465272138201e-01 1.194915862949875063e+00 1.176928304746773124e+00 1.213167475891486546e+00 0.000000000000000000e+00
6.748308047813412536e+00 1.837236642851472368e+00 3.089803310851918278e-05 1.000000000000000000e+00 -2.631993887270477013e-05 8.988130206764809150e-05 3.230497852105145284e-01 1.194623831357624066e+00 1.176636163880013797e+00 1.212875399692694867e+00 0.000000000000000000e+00
6.753935530983630642e+00 1.835705828966748943e+00 3.672316013905846106e-05 1.000000000000000000e+00 -2.061038468628901589e-05 9.582538322787826236e-05 4.560835915254415340e-01 1.195660807773530232e+00 1.177599131063160609e+00 1.213988575552011673e+00 0.000000000000000000e+00
6.759567706969678902e+00 1.834176290579746293e+00 4.815887445172050866e-05 1.000000000000000000e+00 -9.275543769581678086e-06 1.073609686230622402e-04 7.874014415537686773e-01 1.194940405429076424e+00 1.176713717741256104e+00 1.213437945083111202e+00 0.000000000000000000e+00
6.765204579684944264e+00 1.832648026627699211e+00 5.792307483511712830e-05 1.000000000000000000e+00 5.254452302276172793e-07 1.170870655130206394e-04 1.143545924790771551e+00 1.197479368276091805e+00 1.179353988527563901e+00 1.215872435937686014e+00 0.000000000000000000e+00
6.770846153046076843e+00 1.831121036048729556e+00 7.173897550874357729e-05 1.000000000000000000e+00 1.420066371250107581e-05 1.310389847123534209e-04 1.760759737465548369e+00 1.195244137150285546e+00 1.176965520025393008e+00 1.213795635180387578e+00 0.000000000000000000e+00
6.776492430972993475e+00 1.829595317781842700e+00 7.834213703085407413e-05 1.000000000000000000e+00 2.065735794531779068e-05 1.377893252808272623e-04 2.096809307847948389e+00 1.197077406528910481e+00 1.178716894835527107e+00 1.215712844548621829e+00 0.000000000000000000e+00
6.782143417388880380e+00 1.828070870766929312e+00 8.367582815994109721e-05 1.000000000000000000e+00 2.580321196290939290e-05 1.433186169168696659e-04 2.379962684170678244e+00 1.196057018810395389e+00 1.177811138258196166e+00 1.214574648202484397e+00 0.000000000000000000e+00
6.787799116220194051e+00 1.826547693944761797e+00 8.009981032136792795e-05 1.000000000000000000e+00 2.194835675411136729e-05 1.400250141814851439e-04 2.160128773699483418e+00 1.199475143143478029e+00 1.181019211568852922e+00 1.218208140338552514e+00 0.000000000000000000e+00
6.793459531396665696e+00 1.825025786256996740e+00 6.770457880981454524e-05 1.000000000000000000e+00 9.431053236110579715e-06 1.277527366125854008e-04 1.527414273619044138e+00 1.207673892782175740e+00 1.189078513117660663e+00 1.226548747744081735e+00 0.000000000000000000e+00
6.799124666851304788e+00 1.823505146646170916e+00 5.970184650377488236e-05 1.000000000000000000e+00 1.487947047866229958e-06 1.196946696605275472e-04 1.184371246101633801e+00 1.208560214041352054e+00 1.189962541041499788e+00 1.227437212084783402e+00 0.000000000000000000e+00
6.804794526520399067e+00 1.821985774055703944e+00 4.848204784748743419e-05 1.000000000000000000e+00 -9.436377258736039725e-06 1.081915693722606105e-04 7.840000631502590522e-01 1.210134415195692315e+00 1.191456569399323762e+00 1.229093708345276870e+00 0.000000000000000000e+00
6.810469114343518982e+00 1.820467667429894965e+00 3.654488859134595911e-05 1.000000000000000000e+00 -2.086803939629597630e-05 9.576903901994486535e-05 4.490448511223092964e-01 1.210205320000377505e+00 1.191647123844054246e+00 1.229041341386913677e+00 0.000000000000000000e+00
6.816148434263521239e+00 1.818950825713921748e+00 2.104178454965434866e-05 1.000000000000000000e+00 -3.598520270911736339e-05 7.989426707978883140e-05 1.496757549095661943e-01 1.211604235878818825e+00 1.192862018916910127e+00 1.230629453432569909e+00 0.000000000000000000e+00
6.821832490226549695e+00 1.817435247853842917e+00 4.037164662137559843e-06 1.000000000000000000e+00 -5.275017280388908552e-05 6.265983992421478527e-05 5.504479848525534180e-03 1.212568891572090912e+00 1.193739345610038249e+00 1.231683615597909620e+00 0.000000000000000000e+00
6.827521286182038907e+00 1.815920932796593723e+00 -1.486934576336674088e-05 -1.000000000000000000e+00 -7.156434217112748607e-05 4.366836352079976174e-05 7.411509260931836707e-02 1.214613344315673471e+00 1.195765935801873292e+00 1.233745973507400562e+00 0.000000000000000000e+00
6.833214826082717686e+00 1.814407879489987385e+00 -3.467859213958710126e-05 -1.000000000000000000e+00 -9.136089018716136295e-05 2.385386618320403017e-05 3.992606824890856387e-01 1.218974366613125193e+00 1.200006083188332129e+00 1.238230523434655339e+00 0.000000000000000000e+00
6.838913113884609984e+00 1.812896086882713975e+00 -4.124434704280021167e-05 -1.000000000000000000e+00 -9.796146207710122473e-05 1.733438018823864574e-05 5.631450380121663102e-01 1.214510824006188150e+00 1.195382872632628324e+00 1.233932314495220783e+00 0.000000000000000000e+00
6.844616153547039339e+00 1.811385553924339531e+00 -4.460342146042887995e-05 -1.000000000000000000e+00 -1.011301260492485695e-04 1.379955386311420716e-05 6.599007035645172436e-01 1.213004384826906534e+00 1.194005380530763549e+00 1.232293402089552403e+00 0.000000000000000000e+00
6.850323949032630644e+00 1.809876279565305390e+00 -4.766810358119556674e-05 -1.000000000000000000e+00 -1.040192113303835936e-04 1.056368997743894659e-05 7.562788330444476514e-01 1.217441984414920242e+00 1.198337393591466071e+00 1.236838987000136170e+00 0.000000000000000000e+00
6.856036504307313706e+00 1.808368262756926637e+00 -4.751108205535217732e-05 -1.000000000000000000e+00 -1.038189017519213040e-04 1.067684580370870508e-05 7.528778639500046665e-01 1.223578888569735623e+00 1.204245560219490807e+00 1.243111627665239860e+00 0.000000000000000000e+00
6.861753823340325908e+00 1.806861502451392543e+00 -3.680330269850679665e-05 -1.000000000000000000e+00 -9.321533944096532028e-05 2.149584459246926902e-05 4.518451461553780746e-01 1.222038865836803545e+00 1.202835589806841465e+00 1.241536635178090764e+00 0.000000000000000000e+00
6.867475910104213099e+00 1.805355997601766127e+00 -2.677048175489038775e-05 -1.000000000000000000e+00 -8.360042663481331924e-05 3.194979521428582033e-05 2.374842449168994563e-01 1.222642763515946474e+00 1.203239295480500681e+00 1.242247213854744237e+00 0.000000000000000000e+00
6.873202768574835808e+00 1.803851747161981711e+00 -1.706536804920945997e-05 -1.000000000000000000e+00 -7.438522017223787701e-05 4.214689184749761258e-05 9.533455447285632545e-02 1.224605595413182257e+00 1.205293185163808234e+00 1.244215214923202195e+00 0.000000000000000000e+00
6.878934402731368358e+00 1.802348750086846252e+00 -1.544993128916684345e-06 -1.000000000000000000e+00 -5.955836830223786390e-05 5.835772192041669977e-05 7.721534543065899925e-04 1.222062440174453979e+00 1.202565124307597211e+00 1.241763010132004075e+00 0.000000000000000000e+00
6.884670816556305084e+00 1.800847005332036233e+00 8.730720358162532551e-06 1.000000000000000000e+00 -4.980264894497757718e-05 6.915564181085463648e-05 2.438773606264987848e-02 1.226321938171500259e+00 1.206700183175901442e+00 1.246148869788120450e+00 0.000000000000000000e+00
6.890412014035459443e+00 1.799346511854099884e+00 2.446224944623925227e-05 1.000000000000000000e+00 -3.440552688448582255e-05 8.522999998912555606e-05 1.905795425088570028e-01 1.226242397407806495e+00 1.206736879699795262e+00 1.245950516956347176e+00 0.000000000000000000e+00
6.896157999157970231e+00 1.797847268610453630e+00 3.802055066497388419e-05 1.000000000000000000e+00 -2.113332924945361777e-05 9.907519011912000080e-05 4.598981057429654129e-01 1.227935800121516596e+00 1.208225889171608225e+00 1.247852327985572218e+00 0.000000000000000000e+00
6.901908775916301586e+00 1.796349274559382980e+00 4.955034775703800814e-05 1.000000000000000000e+00 -9.748543871968568127e-06 1.107464130369713648e-04 7.820487779700897590e-01 1.229100785802881290e+00 1.209299110041434089e+00 1.249110991413511895e+00 0.000000000000000000e+00
6.907664348306248314e+00 1.794852528660041413e+00 5.834229037329740611e-05 1.000000000000000000e+00 -1.001673670565464446e-06 1.195827796712460844e-04 1.086482317432682976e+00 1.228137493935449465e+00 1.208356312594255133e+00 1.248127138131174707e+00 0.000000000000000000e+00
6.913424720326936779e+00 1.793357029872449937e+00 5.769917075530948687e-05 1.000000000000000000e+00 -1.658408152397096674e-06 1.189608486788688526e-04 1.061851616011637134e+00 1.230277908714317858e+00 1.210393554386388404e+00 1.250372609037851301e+00 0.000000000000000000e+00
6.919189895980827565e+00 1.791862777157495312e+00 5.189110864151775371e-05 1.000000000000000000e+00 -7.486414658810003667e-06 1.131911681937132507e-04 8.551497271607502171e-01 1.230952145995449110e+00 1.211064999073544923e+00 1.251049309091759598e+00 0.000000000000000000e+00
6.924959879273719920e+00 1.790369769476931161e+00 4.164274728161122336e-05 1.000000000000000000e+00 -1.788361561537587401e-05 1.031112148901324312e-04 5.456116430107726956e-01 1.230759935900288982e+00 1.210772231894839068e+00 1.250959640990208399e+00 0.000000000000000000e+00
6.930734674214753532e+00 1.788878005793375303e+00 2.813520950092179604e-05 1.000000000000000000e+00 -3.162854625388579618e-05 8.985531804577451698e-05 2.457174786249112231e-01 1.231264700169559800e+00 1.211164649868777365e+00 1.251578959758552934e+00 0.000000000000000000e+00
6.936514284816411191e+00 1.787387485070310644e+00 1.456337293083210572e-05 1.000000000000000000e+00 -4.538763140831817203e-05 7.647998313724180730e-05 6.498527566780865072e-02 1.232806851965159156e+00 1.212685668586715559e+00 1.253142359614450196e+00 0.000000000000000000e+00
6.942298715094520567e+00 1.785898206272082511e+00 7.415585248615774794e-06 1.000000000000000000e+00 -5.260568257577760606e-05 6.940872200736028117e-05 1.676075851199243516e-02 1.232250896418392916e+00 1.212035099260063253e+00 1.252683057799612421e+00 0.000000000000000000e+00
6.948087969068260428e+00 1.784410168363900873e+00 1.250623596719788461e-06 1.000000000000000000e+00 -5.857960885314185650e-05 6.305660234156228953e-05 4.784621676492406550e-04 1.236440558794351441e+00 1.215993088403129807e+00 1.257108815641861055e+00 0.000000000000000000e+00
6.953882050760158862e+00 1.782923370311836564e+00 3.503502405354308099e-06 1.000000000000000000e+00 -5.586141978241406967e-05 6.484843349645319759e-05 3.801995268418068008e-03 1.236723752967393786e+00 1.216415467592203203e+00 1.257249751313354258e+00 0.000000000000000000e+00
6.959680964196100383e+00 1.781437811082822398e+00 4.992434646055730900e-06 1.000000000000000000e+00 -5.397759334786088385e-05 6.593935181283086836e-05 7.825816048963929461e-03 1.238857924032702229e+00 1.218346653130376600e+00 1.259591312946762853e+00 0.000000000000000000e+00
6.965484713405325046e+00 1.779953489644652054e+00 8.017507196936137588e-06 1.000000000000000000e+00 -5.067447546156647674e-05 6.868780712330788758e-05 2.038672970391530725e-02 1.236618380745825307e+00 1.216046615275533371e+00 1.257414199111471120e+00 0.000000000000000000e+00
6.971293302420433768e+00 1.778470404965979412e+00 2.990392136741379614e-06 1.000000000000000000e+00 -5.556239571243791589e-05 6.352965569532332179e-05 2.837981403743583542e-03 1.237201850555474936e+00 1.216635914986460953e+00 1.257991589036655977e+00 0.000000000000000000e+00
6.977106735277391003e+00 1.776988556016316556e+00 -1.349332513269486364e-05 -1.000000000000000000e+00 -7.206118121830257109e-05 4.706857962734611054e-05 5.724643905331561200e-02 1.243239341183837832e+00 1.222525945373410305e+00 1.264178717439997879e+00 0.000000000000000000e+00
6.982925016015525621e+00 1.775507941766035547e+00 -3.131532520590728886e-05 -1.000000000000000000e+00 -8.988886443638545952e-05 2.925920254557604040e-05 3.048993474592833763e-01 1.245066078142379018e+00 1.224445218276187575e+00 1.265910746815028576e+00 0.000000000000000000e+00
6.988748148677535355e+00 1.774028561186365982e+00 -5.270209212987996933e-05 -1.000000000000000000e+00 -1.112085973292548894e-04 7.812157145688211949e-06 8.569220386646350107e-01 1.247640455190001552e+00 1.226784656545887753e+00 1.268724618674508697e+00 0.000000000000000000e+00
6.994576137309488573e+00 1.772550413249394330e+00 -7.000650052637763532e-05 -1.000000000000000000e+00 -1.281233290230994622e-04 -9.855856404174626626e-06 1.515411296660062135e+00 1.246263050186702248e+00 1.225328499468578913e+00 1.267427764247011313e+00 0.000000000000000000e+00
7.000408985960828723e+00 1.771073496928063928e+00 -8.835608451094239873e-05 -1.000000000000000000e+00 -1.458113807719626836e-04 -2.883349189537186025e-05 2.432855025553536166e+00 1.248353513769089540e+00 1.227420998236990579e+00 1.269515544921453909e+00 0.000000000000000000e+00
7.006246698684376106e+00 1.769597811196173431e+00 -9.972109656517007476e-05 -1.000000000000000000e+00 -1.566574535048827503e-04 -4.070196785803228062e-05 3.126824467466477131e+00 1.245863830278065798e+00 1.224869276470724522e+00 1.267089624269691184e+00 0.000000000000000000e+00
7.012089279536330544e+00 1.768123355028376364e+00 -1.126452688560484572e-04 -1.000000000000000000e+00 -1.692308303472535519e-04 -5.397505023489262516e-05 3.999725863938948578e+00 1.247313979231999825e+00 1.226319134980998538e+00 1.268539966953658116e+00 0.000000000000000000e+00
7.017936732576273151e+00 1.766650127400181791e+00 -1.246764979893287529e-04 -1.000000000000000000e+00 -1.811453565744558763e-04 -6.611864129132884356e-05 4.884389471682609951e+00 1.250225135029365831e+00 1.229110207534358068e+00 1.271573626982628547e+00 0.000000000000000000e+00
7.023789061867172556e+00 1.765178127287950538e+00 -1.338261139837726454e-04 -1.000000000000000000e+00 -1.903214794517293722e-04 -7.522633872335344400e-05 5.592252431913223631e+00 1.253432217410885396e+00 1.232189357580148581e+00 1.274910580769164525e+00 0.000000000000000000e+00
7.029646271475383124e+00 1.763707353668898525e+00 -1.355956887239608292e-04 -1.000000000000000000e+00 -1.922505258222240436e-04 -7.681520289979202221e-05 5.699249976921350935e+00 1.253575138931993127e+00 1.232332310768592620e+00 1.275053271535110166e+00 0.000000000000000000e+00
7.035508365470652059e+00 1.762237805521092104e+00 -1.276322469944250759e-04 -1.000000000000000000e+00 -1.846943262416820023e-04 -6.843140890498555101e-05 5.010821151878758428e+00 1.249623719851233439e+00 1.228307308738274095e+00 1.271177665285469827e+00 0.000000000000000000e+00
7.041375347926120298e+00 1.760769481823449834e+00 -1.109582225722434629e-04 -1.000000000000000000e+00 -1.686306955519839730e-04 -5.114873021197050576e-05 3.760334480013185043e+00 1.243660034427917171e+00 1.222166644459878881e+00 1.265395918310841417e+00 0.000000000000000000e+00
7.047247222918324283e+00 1.759302381555740702e+00 -9.188551435251429396e-05 -1.000000000000000000e+00 -1.500310602145331351e-04 -3.160846016408956502e-05 2.564469883792725113e+00 1.242022750665850106e+00 1.220670034519447666e+00 1.263615589003302508e+00 0.000000000000000000e+00
7.053123994527200402e+00 1.757836503698584130e+00 -6.906832771486591527e-05 -1.000000000000000000e+00 -1.277070008265913069e-04 -8.308309007169030393e-06 1.447476234944105045e+00 1.241126878658326715e+00 1.219567315038159627e+00 1.262931413384394297e+00 0.000000000000000000e+00
7.059005666836087656e+00 1.756371847233449524e+00 -4.279332031973613729e-05 -1.000000000000000000e+00 -1.017109753808033608e-04 1.824167906985307353e-05 5.576374551120437673e-01 1.237475495778510792e+00 1.216087103462806907e+00 1.259106065968254695e+00 0.000000000000000000e+00
7.064892243931729432e+00 1.754908411142653613e+00 -2.521917176223190633e-05 -1.000000000000000000e+00 -8.440969301836019818e-05 3.608401038326074098e-05 1.940620535132637769e-01 1.239830639865550310e+00 1.218214079062616806e+00 1.261694205377746902e+00 0.000000000000000000e+00
7.070783729904277948e+00 1.753446194409361780e+00 -9.218090180062724745e-06 -1.000000000000000000e+00 -6.868573497565325201e-05 5.237021059509714880e-05 2.593175692939553301e-02 1.237377624540777710e+00 1.215686649651834150e+00 1.259317813776268613e+00 0.000000000000000000e+00
7.076680128847296025e+00 1.751985196017586288e+00 -5.315450413372448206e-07 -1.000000000000000000e+00 -6.029065155456842992e-05 6.136568951979688344e-05 8.567121945191047416e-05 1.234736801732168265e+00 1.213193605318192647e+00 1.256526526596971616e+00 0.000000000000000000e+00
7.082581444857760644e+00 1.750525414952186498e+00 2.386885755198944390e-06 1.000000000000000000e+00 -5.787892656678093298e-05 6.479972166347150865e-05 1.707409182472474640e-03 1.230615297713911760e+00 1.208869014237989203e+00 1.252613328527568015e+00 0.000000000000000000e+00
7.088487682036063831e+00 1.749066850198867318e+00 -1.183062144416929069e-05 -1.000000000000000000e+00 -7.244587529660029789e-05 5.093630483427784381e-05 4.119688951195144000e-02 1.238955983266706751e+00 1.217017207624666586e+00 1.261149298012426589e+00 0.000000000000000000e+00
7.094398844486017985e+00 1.747609500744178535e+00 -2.194390905129233054e-05 -1.000000000000000000e+00 -8.272519494380100214e-05 4.100573898765637803e-05 1.401576776252113632e-01 1.240157791342655136e+00 1.218204911599635176e+00 1.262365128633215594e+00 0.000000000000000000e+00
7.100314936314857661e+00 1.746153365575515037e+00 -2.833834558025806295e-05 -1.000000000000000000e+00 -8.907060012051175551e-05 3.459555882562684889e-05 2.332048157599189153e-01 1.238043451706530185e+00 1.216002426715702134e+00 1.260341224534970106e+00 0.000000000000000000e+00
7.106235961633242226e+00 1.744698443681114597e+00 -3.466349248918771308e-05 -1.000000000000000000e+00 -9.514515090096460051e-05 2.805677250421884095e-05 3.496048070900599214e-01 1.238782794394421849e+00 1.216750858060472451e+00 1.261070742278928458e+00 0.000000000000000000e+00
7.112161924555259418e+00 1.743244734050058975e+00 -4.259163119832898216e-05 -1.000000000000000000e+00 -1.028993212000800885e-04 1.997268580351936552e-05 5.277426786629035860e-01 1.245114978505523551e+00 1.222927772288979975e+00 1.267560592739743530e+00 0.000000000000000000e+00
7.118092829198427118e+00 1.741792235672271039e+00 -3.991740353475394269e-05 -1.000000000000000000e+00 -1.003412259783151690e-04 2.276047343610300324e-05 4.632556005563657209e-01 1.243965531652689638e+00 1.221554356088775384e+00 1.266640621179266901e+00 0.000000000000000000e+00
7.124028679683696907e+00 1.740340947538516092e+00 -3.436429521880827358e-05 -1.000000000000000000e+00 -9.484881966241215964e-05 2.836978536849424977e-05 3.430005587282352053e-01 1.242867203969220347e+00 1.220606198777967277e+00 1.265389290379849152e+00 0.000000000000000000e+00
7.129969480135457616e+00 1.738890868640399878e+00 -3.003373590373601871e-05 -1.000000000000000000e+00 -9.054415237183045025e-05 3.272792005292973045e-05 2.623132160671701740e-01 1.245013389403564874e+00 1.222631025857370490e+00 1.267659237276325568e+00 0.000000000000000000e+00
7.135915234681537100e+00 1.737441997970369245e+00 -2.275406669456505151e-05 -1.000000000000000000e+00 -8.316845306345117686e-05 3.993106914635518050e-05 1.513274965951723061e-01 1.244122389701735720e+00 1.221769749886026712e+00 1.266738026262171246e+00 0.000000000000000000e+00
7.141865947453204910e+00 1.735994334521709703e+00 -1.619591411436730353e-05 -1.000000000000000000e+00 -7.660588801217966127e-05 4.651167506787811908e-05 7.691258529520439424e-02 1.242510236945463697e+00 1.220068274716181511e+00 1.265217643476306719e+00 0.000000000000000000e+00
7.147821622585176726e+00 1.734547877288545648e+00 -9.246081663450977657e-06 -1.000000000000000000e+00 -6.995915661290260409e-05 5.378771135778472821e-05 2.497047028653298639e-02 1.238424650929681681e+00 1.215773606439449539e+00 1.261346746508148042e+00 0.000000000000000000e+00
7.153782264215615250e+00 1.733102625265839913e+00 -4.664240356992502832e-06 -1.000000000000000000e+00 -6.588764335159682389e-05 5.889932156105615670e-05 6.264076832437126541e-03 1.236158267914610365e+00 1.213645720790616389e+00 1.258938882241340096e+00 0.000000000000000000e+00
7.159747876486134643e+00 1.731658577449392222e+00 -3.050224310457030096e-06 -1.000000000000000000e+00 -6.513153455034741048e-05 6.138130754796756235e-05 2.619182191040181351e-03 1.239147435275091524e+00 1.216338348676118564e+00 1.262230891746192407e+00 0.000000000000000000e+00
7.165718463541802308e+00 1.730215732835839626e+00 8.703875351781217487e-06 1.000000000000000000e+00 -5.426022966758213133e-05 7.403466899853850870e-05 2.088943611794036315e-02 1.236907368704768029e+00 1.214229757819659250e+00 1.259856414043980299e+00 0.000000000000000000e+00
7.171694029531142434e+00 1.728774090422655174e+00 3.071666061469496833e-05 1.000000000000000000e+00 -3.321310408162319813e-05 9.702279578512711924e-05 2.565290070296271097e-01 1.232333628521816049e+00 1.209434991660560677e+00 1.255509630746222793e+00 0.000000000000000000e+00
7.177674578606138667e+00 1.727333649208146804e+00 5.940687930504195963e-05 1.000000000000000000e+00 -5.292174933532174219e-06 1.264853128518206142e-04 9.531714688601482521e-01 1.229546011941632155e+00 1.206553587774666925e+00 1.252819071146337615e+00 0.000000000000000000e+00
7.183660114922237661e+00 1.725894408191456675e+00 9.844813108843458499e-05 1.000000000000000000e+00 3.312667274953425684e-05 1.661487294390957370e-04 2.619140342018340561e+00 1.222166646811803536e+00 1.199389687097659252e+00 1.245220777160444880e+00 0.000000000000000000e+00
7.189650642638349964e+00 1.724456366372562499e+00 1.371005898224206395e-04 1.000000000000000000e+00 7.109897221116509168e-05 2.054785253370659359e-04 5.087725415708433729e+00 1.217165773685489061e+00 1.194200616476562393e+00 1.240414311013758208e+00 0.000000000000000000e+00
7.195646165916856241e+00 1.723019522752273547e+00 1.711714338710154410e-04 1.000000000000000000e+00 1.046493179814664959e-04 2.400590972738552169e-04 7.930809134492747603e+00 1.214166044449603188e+00 1.191380162888034056e+00 1.237232006944287255e+00 0.000000000000000000e+00
7.201646688923606376e+00 1.721583876332232421e+00 1.930967737335156215e-04 1.000000000000000000e+00 1.260949792202685537e-04 2.624434255916544825e-04 1.006734871461178216e+01 1.216492869719722592e+00 1.193450213453842279e+00 1.239821836245383446e+00 0.000000000000000000e+00
7.207652215827925701e+00 1.720149426114913060e+00 2.057311493495812989e-04 1.000000000000000000e+00 1.384944470070845787e-04 2.753008731440569718e-04 1.141622115406903504e+01 1.216776040352564481e+00 1.193618452416340459e+00 1.240223303044652559e+00 0.000000000000000000e+00
7.213662750802614987e+00 1.718716171103621404e+00 2.045693973210729465e-04 1.000000000000000000e+00 1.373982883255718611e-04 2.740844833168203359e-04 1.129085465587930059e+01 1.217059563072643069e+00 1.193916354905387056e+00 1.240492137083193613e+00 0.000000000000000000e+00
7.219678298023954888e+00 1.717284110302493172e+00 1.847746181418913412e-04 1.000000000000000000e+00 1.178693623306810082e-04 2.540567077712842432e-04 9.193550431989663707e+00 1.222182602365571080e+00 1.198868263495950437e+00 1.245788955500665152e+00 0.000000000000000000e+00
7.225698861671710382e+00 1.715853242716494531e+00 1.533888250917819687e-04 1.000000000000000000e+00 8.686841314719795360e-05 2.223331718785537757e-04 6.300370382454602236e+00 1.226154344545939745e+00 1.202804013101243186e+00 1.249796111753532557e+00 0.000000000000000000e+00
7.231724445929129885e+00 1.714423567351419875e+00 1.144747634715913151e-04 1.000000000000000000e+00 4.823748780000259955e-05 1.831757689569318956e-04 3.468432731087119691e+00 1.227900360708738647e+00 1.204384057542783770e+00 1.251711491531258380e+00 0.000000000000000000e+00
7.237755054982951464e+00 1.712995083213891823e+00 6.598183990021127393e-05 1.000000000000000000e+00 -5.452325732457799327e-08 1.345006372130894395e-04 1.131328218291116627e+00 1.234202287892244287e+00 1.210334368121875448e+00 1.258371736343646630e+00 0.000000000000000000e+00
7.243790693023404614e+00 1.711567789311361887e+00 2.026109090881159428e-05 1.000000000000000000e+00 -4.535686931850421000e-05 8.838799779019560659e-05 1.051362906820827448e-01 1.237758823492748794e+00 1.213976765514086509e+00 1.261839564224768839e+00 0.000000000000000000e+00
7.249831364244212040e+00 1.710141684652107807e+00 -2.352058220145677509e-05 -1.000000000000000000e+00 -8.833643235820937720e-05 4.384452291761498668e-05 1.413993377214808334e-01 1.246804305096885113e+00 1.222805616308221932e+00 1.271104688054097043e+00 0.000000000000000000e+00
7.255877072842594977e+00 1.708716768245233997e+00 -4.863484775887260531e-05 -1.000000000000000000e+00 -1.123112206468071159e-04 1.763724886202137053e-05 6.150899985148896576e-01 1.249150196808773483e+00 1.224887433089239641e+00 1.273720680087907065e+00 0.000000000000000000e+00
7.261927823019274086e+00 1.707293039100669763e+00 -5.755094434115960099e-05 -1.000000000000000000e+00 -1.199737656397253645e-04 7.496032177443398916e-06 8.838398498089787836e-01 1.247067450242454578e+00 1.223010832907468926e+00 1.271427245983201004e+00 0.000000000000000000e+00
7.267983618978473004e+00 1.705870496229170197e+00 -5.892499223688055698e-05 -1.000000000000000000e+00 -1.206478600751458811e-04 5.420273381820774408e-06 9.447342095616448887e-01 1.245337627574849559e+00 1.221059331512327262e+00 1.269925686649708174e+00 0.000000000000000000e+00
7.274044464927921894e+00 1.704449138642313732e+00 -5.285887344257847155e-05 -1.000000000000000000e+00 -1.143816223756025400e-04 1.128372710779275786e-05 7.656703697744404735e-01 1.239015888646352259e+00 1.214953776420071518e+00 1.263384356925088658e+00 0.000000000000000000e+00
7.280110365078859225e+00 1.703028965352503699e+00 -4.910390376044247409e-05 -1.000000000000000000e+00 -1.110111673670879332e-04 1.541863275501063321e-05 6.559887877941861234e-01 1.236359177577001089e+00 1.212048434619144688e+00 1.260983334778356113e+00 0.000000000000000000e+00
7.286181323646034436e+00 1.701609975372965211e+00 -4.564503847352837339e-05 -1.000000000000000000e+00 -1.080669803359240978e-04 1.940168805621313294e-05 5.585083311365650616e-01 1.234392960553026164e+00 1.210231984844546638e+00 1.258864146343428025e+00 0.000000000000000000e+00
7.292257344847713263e+00 1.700192167717745617e+00 -3.788240031433026927e-05 -1.000000000000000000e+00 -1.009919505645518042e-04 2.786877570494363605e-05 3.794636763709888783e-01 1.228676714141433202e+00 1.204287139437279164e+00 1.253383678886053287e+00 0.000000000000000000e+00
7.298338432905678630e+00 1.698775541401714717e+00 -3.517252640807807867e-05 -1.000000000000000000e+00 -9.872982295580277033e-05 3.105699849240775589e-05 3.231906870563392431e-01 1.230720910855094496e+00 1.206168453699186349e+00 1.255594392234918644e+00 0.000000000000000000e+00
7.304424592045234199e+00 1.697360095440562322e+00 -2.763348849521151014e-05 -1.000000000000000000e+00 -9.154109724375308552e-05 3.898785060769414175e-05 1.978930054725509535e-01 1.229743036654542099e+00 1.205216982076929844e+00 1.254589321782310751e+00 0.000000000000000000e+00
7.310515826495206149e+00 1.695945828850798032e+00 -2.257633809669446566e-05 -1.000000000000000000e+00 -8.693477863651276056e-05 4.453502901456101034e-05 1.306232270716520816e-01 1.233696081512205112e+00 1.208991289981282247e+00 1.258724754200317486e+00 0.000000000000000000e+00
7.316612140487947613e+00 1.694532740649751679e+00 -1.115804981350787408e-05 -1.000000000000000000e+00 -7.621614626156052435e-05 5.668171703430625359e-05 3.144186957645445091e-02 1.232260753399239128e+00 1.207576598260634126e+00 1.257268485653492807e+00 0.000000000000000000e+00
7.322713538259342236e+00 1.693120829855571774e+00 2.598121248675004527e-06 1.000000000000000000e+00 -6.341177090521082200e-05 7.139174374564400522e-05 1.674230227507678137e-03 1.229983466470833342e+00 1.205162831445061533e+00 1.255132011622305477e+00 0.000000000000000000e+00
7.328820024048804171e+00 1.691710095487224841e+00 2.241111310723558933e-05 1.000000000000000000e+00 -4.453393565489591666e-05 9.212600821363180637e-05 1.229220726584969725e-01 1.222757959256730365e+00 1.197846290591597418e+00 1.248002187755977044e+00 0.000000000000000000e+00
7.334931602099284298e+00 1.690300536564494527e+00 3.822816559749684983e-05 1.000000000000000000e+00 -2.920410187852453095e-05 1.084245545771396675e-04 3.557994075634383080e-01 1.220809025783520907e+00 1.195925015429339267e+00 1.246025617088739823e+00 0.000000000000000000e+00
7.341048276657271110e+00 1.688892152107981603e+00 5.994996958624614850e-05 1.000000000000000000e+00 -7.687534462884583139e-06 1.303580127886523946e-04 8.818566550628332834e-01 1.211234404140182797e+00 1.186298972364568938e+00 1.236506188559968855e+00 0.000000000000000000e+00
7.347170051972794269e+00 1.687484941139102412e+00 7.134720020870365326e-05 1.000000000000000000e+00 3.871705297457932876e-06 1.415989483525771815e-04 1.262278667008132516e+00 1.209810580355352716e+00 1.184908710271810328e+00 1.235048377216674043e+00 0.000000000000000000e+00
7.353296932299427269e+00 1.686078902680089531e+00 8.587005183636483392e-05 1.000000000000000000e+00 1.846296579574283243e-05 1.560436514299239704e-04 1.851081611439923336e+00 1.199900328208910016e+00 1.174944194254555763e+00 1.225196429925513586e+00 0.000000000000000000e+00
7.359428921894291875e+00 1.684674035753989330e+00 7.941624902300665600e-05 1.000000000000000000e+00 1.213616149011673704e-05 1.494406533671038340e-04 1.586497518902405091e+00 1.208019412215565858e+00 1.182680118529066515e+00 1.233706959002282888e+00 0.000000000000000000e+00
7.365566025018059015e+00 1.683270339384662417e+00 8.107305865787932267e-05 1.000000000000000000e+00 1.384417400679983912e-05 1.510407429100506065e-04 1.657097696373512008e+00 1.201564679247444145e+00 1.176419987087410357e+00 1.227054377349186209e+00 0.000000000000000000e+00
7.371708245934952330e+00 1.681867812596783196e+00 7.501136400293788938e-05 1.000000000000000000e+00 7.720256983814356038e-06 1.450495812160663370e-04 1.415783097898852816e+00 1.199926730046761314e+00 1.174479869246729091e+00 1.225726750165979206e+00 0.000000000000000000e+00
7.377855588912752616e+00 1.680466454415837863e+00 6.945018925571508394e-05 1.000000000000000000e+00 2.214863253768845205e-06 1.394614912033660258e-04 1.210856541764513850e+00 1.196134288562967773e+00 1.170855799695327271e+00 1.221762157034088192e+00 0.000000000000000000e+00
7.384008058222798709e+00 1.679066263868125519e+00 5.830702022812222623e-05 1.000000000000000000e+00 -8.957515116112521115e-06 1.283696332958373244e-04 8.492156966797494988e-01 1.199573508724253168e+00 1.173943892115150156e+00 1.225560803505157947e+00 0.000000000000000000e+00
7.390165658139991045e+00 1.677667239980756175e+00 5.547130184864547576e-05 1.000000000000000000e+00 -1.188146596101256251e-05 1.256352053208830159e-04 7.663676010298843266e-01 1.196829079953464658e+00 1.171054423482830176e+00 1.222966166969182700e+00 0.000000000000000000e+00
7.396328392942796093e+00 1.676269381781650081e+00 5.361444511554653170e-05 1.000000000000000000e+00 -1.375339610647428293e-05 1.237997274181388651e-04 7.141045845983029494e-01 1.197110752448698356e+00 1.171344544467556537e+00 1.223239370056071085e+00 0.000000000000000000e+00
7.402496266913247247e+00 1.674872688299538392e+00 5.903641761271376015e-05 1.000000000000000000e+00 -8.430237686112530761e-06 1.293308413286189517e-04 8.665966961787319178e-01 1.193177298777636341e+00 1.167292446517563809e+00 1.219429082474340342e+00 0.000000000000000000e+00
7.408669284336948380e+00 1.673477158563960288e+00 6.406895551101418043e-05 1.000000000000000000e+00 -3.446287496367214935e-06 1.344388347371811400e-04 1.020688327918989557e+00 1.192550765364273735e+00 1.166694033068231606e+00 1.218773716925212414e+00 0.000000000000000000e+00
7.414847449503079169e+00 1.672082791605264962e+00 7.585017494714437760e-05 1.000000000000000000e+00 8.000203012580085846e-06 1.465818043605362510e-04 1.428109383951849054e+00 1.186036896335092239e+00 1.160082714081295707e+00 1.212361729651983744e+00 0.000000000000000000e+00
7.421030766704393322e+00 1.670689586454608300e+00 8.826944065757751654e-05 1.000000000000000000e+00 1.984503625734159512e-05 1.595852257249599478e-04 1.919176221472127963e+00 1.179832586208050760e+00 1.153767326448608133e+00 1.206273530516646542e+00 0.000000000000000000e+00
7.427219240237226572e+00 1.669297542143953983e+00 9.679948927182228198e-05 1.000000000000000000e+00 2.774854470529144394e-05 1.687380541439388538e-04 2.277493502544331250e+00 1.178757686900441692e+00 1.152704367411771624e+00 1.205187086587236944e+00 0.000000000000000000e+00
7.433412874401496673e+00 1.667906657706072160e+00 1.187707571796678451e-04 1.000000000000000000e+00 4.892093701756607658e-05 1.915059268424988714e-04 3.403094737944343251e+00 1.163292214728167018e+00 1.137218457130853677e+00 1.189747639870682772e+00 0.000000000000000000e+00
7.439611673500706956e+00 1.666516932174539223e+00 1.276287232322413396e-04 1.000000000000000000e+00 5.741260136852915051e-05 2.007390586933991165e-04 3.905640170210858741e+00 1.162193354591633643e+00 1.136143775148271473e+00 1.188624424423506243e+00 0.000000000000000000e+00
7.445815641841948995e+00 1.665128364583736253e+00 1.408801056758909908e-04 1.000000000000000000e+00 7.047919944287131706e-05 2.141900768391797206e-04 4.774853228143228989e+00 1.154868768145908886e+00 1.128735759148074225e+00 1.181388281436624998e+00 0.000000000000000000e+00
7.452024783735907043e+00 1.663740953968849468e+00 1.454316459666470454e-04 1.000000000000000000e+00 7.519000244375731749e-05 2.186038060404692815e-04 5.117101087226131995e+00 1.154364120717395137e+00 1.128268612801361037e+00 1.180845128124453192e+00 0.000000000000000000e+00
7.458239103496859812e+00 1.662354699365868660e+00 1.610264397161388931e-04 1.000000000000000000e+00 9.074603404079260654e-05 2.342639583592551168e-04 6.336882527866379178e+00 1.137320744825838004e+00 1.111247233543270374e+00 1.163784530219866387e+00 0.000000000000000000e+00
7.464458605442683137e+00 1.660969599811586539e+00 1.540128401888992229e-04 1.000000000000000000e+00 8.373286503314663893e-05 2.272730164352961620e-04 5.781706339798233785e+00 1.141025461166113031e+00 1.114594470873856658e+00 1.167856140183687552e+00 0.000000000000000000e+00
7.470683293894854415e+00 1.659585654343599170e+00 1.540402966041695383e-04 1.000000000000000000e+00 8.358645370997288063e-05 2.274984174128300723e-04 5.749425173385702692e+00 1.132247659980370802e+00 1.106058950566710886e+00 1.158831669948430010e+00 0.000000000000000000e+00
7.476913173178454386e+00 1.658202862000304201e+00 1.417578928958960062e-04 1.000000000000000000e+00 7.098877773858337944e-05 2.155392401042174303e-04 4.801126702177981542e+00 1.133665395529460218e+00 1.107120430117533250e+00 1.160616143437064984e+00 0.000000000000000000e+00
7.483148247622170679e+00 1.656821221820899526e+00 1.336076068604574718e-04 1.000000000000000000e+00 6.268365851905769316e-05 2.075612104554444809e-04 4.220148834629554813e+00 1.128314052214644869e+00 1.101968501475384388e+00 1.155061216483394437e+00 0.000000000000000000e+00
7.489388521558299594e+00 1.655440732845385288e+00 1.218240354451958281e-04 1.000000000000000000e+00 5.089835692300830614e-05 1.958101545175950460e-04 3.491689585284717623e+00 1.126793243851981652e+00 1.100134476130054439e+00 1.153863457804277015e+00 0.000000000000000000e+00
7.495633999322752317e+00 1.654061394114560324e+00 1.167775522061972421e-04 1.000000000000000000e+00 4.611011908241607828e-05 1.905578508053627383e-04 3.225116128476486210e+00 1.119493219639846160e+00 1.092746550989263321e+00 1.146656021809584924e+00 0.000000000000000000e+00
7.501884685255054031e+00 1.652683204670022832e+00 1.062509518630910002e-04 1.000000000000000000e+00 3.609644910271861103e-05 1.795659333254787441e-04 2.685732620311142682e+00 1.121050333715247094e+00 1.094318543156321377e+00 1.148197264395576900e+00 0.000000000000000000e+00
7.508140583698349246e+00 1.651306163554170148e+00 1.027728886591975098e-04 1.000000000000000000e+00 3.288210248908884513e-05 1.758383929807636457e-04 2.526288761418754802e+00 1.117649444563241889e+00 1.090793453926461654e+00 1.144925644413086419e+00 0.000000000000000000e+00
7.514401698999403578e+00 1.649930269810196748e+00 9.733900062179213900e-05 1.000000000000000000e+00 2.763325259015996763e-05 1.702064413336848241e-04 2.266105622533359565e+00 1.118488982827675171e+00 1.091647339980148290e+00 1.145751099311754340e+00 0.000000000000000000e+00
7.520668035508609073e+00 1.648555522482095359e+00 1.072232938353961186e-04 1.000000000000000000e+00 3.740212589142344422e-05 1.801933435172754848e-04 2.761977595323315882e+00 1.102642890023603384e+00 1.075813999293190770e+00 1.129898502178265263e+00 0.000000000000000000e+00
7.526939597579984209e+00 1.647181920614653627e+00 1.104512413442800271e-04 1.000000000000000000e+00 4.080260969061070804e-05 1.832642576835097695e-04 2.945118564573874664e+00 1.093502988816223320e+00 1.066947950168181780e+00 1.120480022909360329e+00 0.000000000000000000e+00
7.533216389571179228e+00 1.645809463253457006e+00 1.095359142934819755e-04 1.000000000000000000e+00 4.009448611201641636e-05 1.821727969392444174e-04 2.917109568554195675e+00 1.087150874666991118e+00 1.060362573521343998e+00 1.114370636816747862e+00 0.000000000000000000e+00
7.539498415843477019e+00 1.644438149444884756e+00 1.057700027135218701e-04 1.000000000000000000e+00 3.665083900119192259e-05 1.781198742996118140e-04 2.739606866091264692e+00 1.081455791278845613e+00 1.054569635526950488e+00 1.108778776553074552e+00 0.000000000000000000e+00
7.545785680761798453e+00 1.643067978236111282e+00 9.306934146000928791e-05 1.000000000000000000e+00 2.434745403922351174e-05 1.650468977339964534e-04 2.123585515167576432e+00 1.083318902755290969e+00 1.056433541037182344e+00 1.110640536977995030e+00 0.000000000000000000e+00
7.552078188694705041e+00 1.641698948675104575e+00 8.775067489806047069e-05 1.000000000000000000e+00 1.912568713499133923e-05 1.596438201489676497e-04 1.888691837088856573e+00 1.073975869555808149e+00 1.047017646276315883e+00 1.101376597014478431e+00 0.000000000000000000e+00
7.558375944014398939e+00 1.640331059810627101e+00 7.034496556170226464e-05 1.000000000000000000e+00 1.983116295820193907e-06 1.419820770747530166e-04 1.207005794189058179e+00 1.076479888743365088e+00 1.049500778796149003e+00 1.103901547160225372e+00 0.000000000000000000e+00
7.564678951096730941e+00 1.638964310692231585e+00 6.144537804412279942e-05 1.000000000000000000e+00 -6.694305765870834637e-06 1.328695949197886757e-04 9.222207273576827902e-01 1.067894724823943875e+00 1.040833650861838100e+00 1.095404573560289530e+00 0.000000000000000000e+00
7.570987214321198699e+00 1.637598700370265004e+00 4.260331668016273659e-05 1.000000000000000000e+00 -2.487060531700192368e-05 1.133908070872708188e-04 4.450211368449004112e-01 1.070581562969301181e+00 1.043514853798350961e+00 1.098096445207585869e+00 0.000000000000000000e+00
7.577300738070952946e+00 1.636234227895864146e+00 4.197151300963865739e-05 1.000000000000000000e+00 -2.494139500600752130e-05 1.122559003446066780e-04 4.388881054102853341e-01 1.052586985631315697e+00 1.025575522594042166e+00 1.080051885071312334e+00 0.000000000000000000e+00
7.583619526732800153e+00 1.634870892320956948e+00 3.788158260834635134e-05 1.000000000000000000e+00 -2.856076055268131714e-05 1.077670612764051604e-04 3.617707707180102261e-01 1.039475744288062442e+00 1.012312495694786652e+00 1.067102553811696053e+00 0.000000000000000000e+00
7.589943584697204315e+00 1.633508692698261822e+00 3.170767710422567462e-05 1.000000000000000000e+00 -3.449525181785649845e-05 1.014110608284900673e-04 2.534563814575676588e-01 1.030408701959667273e+00 1.003519422955393425e+00 1.057755544686121763e+00 0.000000000000000000e+00
7.596272916358290495e+00 1.632147628081284996e+00 2.702911046948269769e-05 1.000000000000000000e+00 -3.963761733373174145e-05 9.722008145823789486e-05 1.816439346617357842e-01 1.022819558342072055e+00 9.956727595098960881e-01 1.050436004449946337e+00 0.000000000000000000e+00
7.602607526113848380e+00 1.630787697524322288e+00 2.815645042781755151e-05 1.000000000000000000e+00 -3.924267164734899930e-05 9.906940506143451788e-05 1.931533341339672916e-01 1.014181507837664586e+00 9.872720499661689075e-01 1.041557042107929210e+00 0.000000000000000000e+00
7.608947418365335835e+00 1.629428900082457776e+00 4.819770549743373350e-05 1.000000000000000000e+00 -2.018896078509141656e-05 1.200693194466884400e-04 5.610534430775828696e-01 9.924608171584671235e-01 9.654865648592715344e-01 1.019914357443913566e+00 0.000000000000000000e+00
7.615292597517878903e+00 1.628071234811562906e+00 6.416552586453596414e-05 1.000000000000000000e+00 -4.381482563502081171e-06 1.361968903417852105e-04 9.985875004642821295e-01 9.834035506560910855e-01 9.567247543782461117e-01 1.010556182622251553e+00 0.000000000000000000e+00
7.621643067980279795e+00 1.626714700768294497e+00 8.816578666710237031e-05 1.000000000000000000e+00 1.974744825014162087e-05 1.600781543362287144e-04 1.927151637277574991e+00 9.702014548700093055e-01 9.434192297716688103e-01 9.974679628079547999e-01 0.000000000000000000e+00
7.627998834165015118e+00 1.625359297010096737e+00 1.059496684665356766e-04 1.000000000000000000e+00 3.800613287214895416e-05 1.774069584628037142e-04 2.854016753280006924e+00 9.640798269068864279e-01 9.372525682973780192e-01 9.913969318988427037e-01 0.000000000000000000e+00
7.634359900488242090e+00 1.624005022595198744e+00 1.159408657065043172e-04 1.000000000000000000e+00 4.847845314503641974e-05 1.869084466484454495e-04 3.481742026350389096e+00 9.627734108370183952e-01 9.360288128098778193e-01 9.900068429118661362e-01 0.000000000000000000e+00
7.640726271369800315e+00 1.622651876582614117e+00 1.267963535951930395e-04 1.000000000000000000e+00 5.946959086609775809e-05 1.976087275405937925e-04 4.216687015861054988e+00 9.520491528511492163e-01 9.252905540067086765e-01 9.793035911869234500e-01 0.000000000000000000e+00
7.647097951233216229e+00 1.621299858032140939e+00 1.188865919794622082e-04 1.000000000000000000e+00 5.176210259819772946e-05 1.894840833757513074e-04 3.699900490496588645e+00 9.532926304974925769e-01 9.265385700691183279e-01 9.805427858917369344e-01 0.000000000000000000e+00
7.653474944505703093e+00 1.619948966004359558e+00 1.139389119852704703e-04 1.000000000000000000e+00 4.689466894387552779e-05 1.844669094002723635e-04 3.400486505084813871e+00 9.384120389250911742e-01 9.116679087276162718e-01 9.656599706472928091e-01 0.000000000000000000e+00
7.659857255618167216e+00 1.618599199560634805e+00 8.340739512820617848e-05 1.000000000000000000e+00 1.698112302936610578e-05 1.533596176885808056e-04 1.810427413727154544e+00 9.428371043266009499e-01 9.160345701273842067e-01 9.701432369539239042e-01 0.000000000000000000e+00
7.666244889005210617e+00 1.617250557763112662e+00 5.842243741342460404e-05 1.000000000000000000e+00 -7.143813791316102376e-06 1.275838740144784821e-04 8.946171804743130451e-01 9.307053354268117751e-01 9.038741261456902931e-01 9.580469121331571802e-01 0.000000000000000000e+00
7.672637849105131913e+00 1.615903039674720043e+00 1.593731892539777917e-05 1.000000000000000000e+00 -4.819277368442546070e-05 8.373634873132396867e-05 6.711041647025695056e-02 9.337534016796488201e-01 9.065501579777619501e-01 9.614789656022028064e-01 0.000000000000000000e+00
7.679036140359931650e+00 1.614556644359165460e+00 -2.373672430494671958e-05 -1.000000000000000000e+00 -8.603114760136357589e-05 4.229939233270037425e-05 1.512677027711788469e-01 9.311321066486205611e-01 9.041424552909527179e-01 9.586371613893213128e-01 0.000000000000000000e+00
7.685439767215314077e+00 1.613211370880937023e+00 -6.626896552767350243e-05 -1.000000000000000000e+00 -1.267018168603288412e-04 -2.048758113368920721e-06 1.198639560547348992e+00 9.330045722729132240e-01 9.056738230043881455e-01 9.608627600872681196e-01 0.000000000000000000e+00
7.691848734120691589e+00 1.611867218305303329e+00 -1.021115023087418950e-04 -1.000000000000000000e+00 -1.606068376257314034e-04 -3.979353970301988152e-05 2.902058461381727739e+00 9.297844276825659726e-01 9.026825113130088063e-01 9.574073399437951215e-01 0.000000000000000000e+00
7.698263045529186499e+00 1.610524185698310351e+00 -1.347383017571706254e-04 -1.000000000000000000e+00 -1.914668627762389067e-04 -7.416831555796456362e-05 5.158450399405012377e+00 9.276208272657757714e-01 9.002418616670365692e-01 9.555334931817982547e-01 0.000000000000000000e+00
7.704682705897634598e+00 1.609182272126782998e+00 -1.602988700211550432e-04 -1.000000000000000000e+00 -2.151438339702558601e-04 -1.016130898326904851e-04 7.496181017361266186e+00 9.229424901046026086e-01 8.958215736836672161e-01 9.505908715067894477e-01 0.000000000000000000e+00
7.711107719686588702e+00 1.607841476658323998e+00 -1.778950057826052332e-04 -1.000000000000000000e+00 -2.309006195436557728e-04 -1.210420032301559676e-04 9.561489666260399645e+00 9.148773058992988316e-01 8.875812309671698985e-01 9.427131248891553739e-01 0.000000000000000000e+00
7.717538091360320429e+00 1.606501798361312572e+00 -1.913841317937522719e-04 -1.000000000000000000e+00 -2.424391165271621337e-04 -1.364370194038054345e-04 1.150916244043764891e+01 9.064272465892336816e-01 8.791126896104226596e-01 9.342879910068493388e-01 0.000000000000000000e+00
7.723973825386825531e+00 1.605163236304904206e+00 -2.061454332980385072e-04 -1.000000000000000000e+00 -2.554053691054808243e-04 -1.530124479588408431e-04 1.381208035375510690e+01 9.011830530582941590e-01 8.741399860805654232e-01 9.287659334952337309e-01 0.000000000000000000e+00
7.730414926237823892e+00 1.603825789559029547e+00 -2.206121870343298586e-04 -1.000000000000000000e+00 -2.684887676057201382e-04 -1.689110481429725418e-04 1.626199505246700028e+01 8.938290768594965297e-01 8.665895399499276008e-01 9.216217665054031727e-01 0.000000000000000000e+00
7.736861398388765743e+00 1.602489457194395728e+00 -2.378786034897349526e-04 -1.000000000000000000e+00 -2.842071353139584682e-04 -1.877040177852847100e-04 1.932831863974399766e+01 8.875415218603025513e-01 8.605697436681051249e-01 9.150598341495284060e-01 0.000000000000000000e+00
7.743313246318833443e+00 1.601154238282482378e+00 -2.514853842292383464e-04 -1.000000000000000000e+00 -2.964061501441596184e-04 -2.026606821897210687e-04 2.208594890845870395e+01 8.729722324629120012e-01 8.459107869664639345e-01 9.005933889518467073e-01 0.000000000000000000e+00
7.749770474510944140e+00 1.599820131895543396e+00 -2.738654872854911809e-04 -1.000000000000000000e+00 -3.171839212476108187e-04 -2.265419794347318027e-04 2.645799967139441833e+01 8.691365485539388480e-01 8.422922663151355405e-01 8.965338437538328265e-01 0.000000000000000000e+00
7.756233087451753327e+00 1.598487137106606282e+00 -2.941281991887003647e-04 -1.000000000000000000e+00 -3.360678620783126591e-04 -2.480248735521600875e-04 3.067058716676353924e+01 8.631592978396964710e-01 8.360728760400515380e-01 8.908121952926670861e-01 0.000000000000000000e+00
7.762701089631657503e+00 1.597155252989470364e+00 -3.107197600982107089e-04 -1.000000000000000000e+00 -3.514217200310772778e-04 -2.656694305469136665e-04 3.422515139975934062e+01 8.578615319836491171e-01 8.310027917675737452e-01 8.852797583238259937e-01 0.000000000000000000e+00
7.769174485544799502e+00 1.595824478618706577e+00 -3.152201638030123401e-04 -1.000000000000000000e+00 -3.556610646859515367e-04 -2.703154208422306687e-04 3.524531704744157423e+01 8.474219603120395350e-01 8.203722730822123888e-01 8.750459118050486484e-01 0.000000000000000000e+00
7.775653279689067610e+00 1.594494813069657235e+00 -3.080310960874278422e-04 -1.000000000000000000e+00 -3.545630203285458806e-04 -2.569095443215189999e-04 3.271226518006034212e+01 8.292581895742957565e-01 8.022959086499962256e-01 8.568050424242891205e-01 0.000000000000000000e+00
7.782137476566102663e+00 1.593166255418435151e+00 -3.188779111110564093e-04 -1.000000000000000000e+00 -3.682612049522245609e-04 -2.612093454225983876e-04 3.119092747957142819e+01 8.277376305139889645e-01 8.008366290638413432e-01 8.552204410206681873e-01 0.000000000000000000e+00
7.788627080681298942e+00 1.591838804741922297e+00 -2.985535594087325114e-04 -1.000000000000000000e+00 -3.524716887664328113e-04 -2.369068836233552563e-04 2.661924420169322048e+01 8.056745330055163912e-01 7.789305229587958346e-01 8.330121420775222774e-01 0.000000000000000000e+00
7.795122096543806833e+00 1.590512460117771143e+00 -2.750208607170315624e-04 -1.000000000000000000e+00 -3.268901361009567130e-04 -2.154982134124219871e-04 2.487241261923850288e+01 8.032748281601808094e-01 7.766507682811653046e-01 8.304895193502234152e-01 0.000000000000000000e+00
7.801622528666539047e+00 1.589187220624400876e+00 -2.481625958191708160e-04 -1.000000000000000000e+00 -2.971099628298941460e-04 -1.960865805371577808e-04 2.308028827078874201e+01 7.866319177962401987e-01 7.600982184969793387e-01 8.137649911552603532e-01 0.000000000000000000e+00
7.808128381566169729e+00 1.587863085341000069e+00 -2.523199847867142330e-04 -1.000000000000000000e+00 -2.951018373024963046e-04 -2.076086157662751226e-04 2.478768723410621533e+01 7.882323367547223736e-01 7.616395004603313534e-01 8.154270540302340775e-01 0.000000000000000000e+00
7.814639659763139790e+00 1.586540053347523793e+00 -2.459636674152994892e-04 -1.000000000000000000e+00 -2.871859539808332084e-04 -2.005075571257178160e-04 2.337774807529444843e+01 7.587079356220692850e-01 7.318031215359165342e-01 7.856470858211263009e-01 0.000000000000000000e+00
7.821156367781661345e+00 1.585218123724693617e+00 -2.490612966156754548e-04 -1.000000000000000000e+00 -2.895530412840673215e-04 -2.041663240479613529e-04 2.416335430795123784e+01 7.536126559653455459e-01 7.263404180122832177e-01 7.809759464232742809e-01 0.000000000000000000e+00
7.827678510149716828e+00 1.583897295553998275e+00 -2.435346147099557378e-04 -1.000000000000000000e+00 -2.831860890410483472e-04 -1.996878026216546186e-04 2.383043574466626069e+01 7.448275865618393388e-01 7.179155521143736340e-01 7.722691812448386761e-01 0.000000000000000000e+00
7.834206091399066985e+00 1.582577567917689887e+00 -2.291341317183792376e-04 -1.000000000000000000e+00 -2.684258766442136341e-04 -1.856898300417235360e-04 2.194224993157251902e+01 7.244682808404104835e-01 6.975821999267390883e-01 7.520269816139700803e-01 0.000000000000000000e+00
7.840739116065250869e+00 1.581258939898786631e+00 -2.237097907728340367e-04 -1.000000000000000000e+00 -2.644025394416165461e-04 -1.811107581332769200e-04 2.163481946815755919e+01 7.168675618134078276e-01 6.903134707534729353e-01 7.440849139399643430e-01 0.000000000000000000e+00
7.847277588687588512e+00 1.579941410581070071e+00 -6.837674620123224438e-04 -1.000000000000000000e+00 -7.589163845987994183e-04 -6.093593022658862213e-04 6.525347701133512146e+00 7.268531711184774702e-01 6.991897345869819702e-01 7.509951947717141696e-01 0.000000000000000000e+00
7.853821513809187138e+00 1.578624979049085830e+00 -9.013661625684194628e-04 -1.000000000000000000e+00 0.000000000000000000e+00 0.000000000000000000e+00 0.000000000000000000e+00 7.334024393128160124e-01 0.000000000000000000e+00 0.000000000000000000e+00 1.000000000000000000e+00
7.860370895976941163e+00 1.577309644388141585e+00 -1.161407852716699052e-03 -1.000000000000000000e+00 0.000000000000000000e+00 0.000000000000000000e+00 0.000000000000000000e+00 6.948984976044523254e-01 0.000000000000000000e+00 0.000000000000000000e+00 1.000000000000000000e+00
7.866925739741537527e+00 1.575995405684307737e+00 -1.365981156734645931e-03 -1.000000000000000000e+00 0.000000000000000000e+00 0.000000000000000000e+00 0.000000000000000000e+00 6.935570303781966039e-01 0.000000000000000000e+00 0.000000000000000000e+00 1.000000000000000000e+00
7.873486049657457464e+00 1.574682262024415857e+00 -1.096300370046121488e-03 -1.000000000000000000e+00 0.000000000000000000e+00 0.000000000000000000e+00 0.000000000000000000e+00 6.946002667742201542e-01 0.000000000000000000e+00 0.000000000000000000e+00 1.000000000000000000e+00
7.880051830282980951e+00 1.573370212496058462e+00 -2.590911035417231643e-03 -1.000000000000000000e+00 0.000000000000000000e+00 0.000000000000000000e+00 0.000000000000000000e+00 6.825058084989646945e-01 0.000000000000000000e+00 0.000000000000000000e+00 1.000000000000000000e+00
7.886623086180188480e+00 1.572059256187587906e+00 -1.886803982635744305e-03 -1.000000000000000000e+00 0.000000000000000000e+00 0.000000000000000000e+00 0.000000000000000000e+00 6.663138797547017989e-01 0.000000000000000000e+00 0.000000000000000000e+00 1.000000000000000000e+00
7.893199821914964609e+00 1.570749392188117488e+00 -1.751525939994893859e-03 -1.000000000000000000e+00 0.000000000000000000e+00 0.000000000000000000e+00 0.000000000000000000e+00 6.243219779468741626e-01 0.000000000000000000e+00 0.000000000000000000e+00 1.000000000000000000e+00
7.899782042057002407e+00 1.569440619587517682e+00 -1.404328460538835843e-03 -1.000000000000000000e+00 0.000000000000000000e+00 0.000000000000000000e+00 0.000000000000000000e+00 6.460003550289949992e-01 0.000000000000000000e+00 0.000000000000000000e+00 1.000000000000000000e+00
7.906369751179806116e+00 1.568132937476418354e+00 -1.038736846364447016e-03 -1.000000000000000000e+00 0.000000000000000000e+00 0.000000000000000000e+00 0.000000000000000000e+00 6.199030394927073084e-01 0.000000000000000000e+00 0.000000000000000000e+00 1.000000000000000000e+00
7.912962953860692039e+00 1.566826344946206540e+00 -1.618798817319904533e-03 -1.000000000000000000e+00 0.000000000000000000e+00 0.000000000000000000e+00 0.000000000000000000e+00 6.362594027607969549e-01 0.000000000000000000e+00 0.000000000000000000e+00 1.000000000000000000e+00
7.919561654680794760e+00 1.565520841089027337e+00 -2.000592721287277123e-03 -1.000000000000000000e+00 0.000000000000000000e+00 0.000000000000000000e+00 0.000000000000000000e+00 6.030164189428756094e-01 0.000000000000000000e+00 0.000000000000000000e+00 1.000000000000000000e+00
7.926165858225068916e+00 1.564216424997781019e+00 -2.365448952703371951e-03 -1.000000000000000000e+00 0.000000000000000000e+00 0.000000000000000000e+00 0.000000000000000000e+00 5.979720213733548118e-01 0.000000000000000000e+00 0.000000000000000000e+00 1.000000000000000000e+00
7.932775569082291867e+00 1.562913095766124583e+00 -2.452541542370371627e-03 -1.000000000000000000e+00 0.000000000000000000e+00 0.000000000000000000e+00 0.000000000000000000e+00 5.907420009747376133e-01 0.000000000000000000e+00 0.000000000000000000e+00 1.000000000000000000e+00
7.939390791845069018e+00 1.561610852488469980e+00 -2.933783464298001225e-03 -1.000000000000000000e+00 0.000000000000000000e+00 0.000000000000000000e+00 0.000000000000000000e+00 5.824414125327406211e-01 0.000000000000000000e+00 0.000000000000000000e+00 1.000000000000000000e+00
7.946011531109834714e+00 1.560309694259983226e+00 -2.471818409624718885e-03 -1.000000000000000000e+00 0.000000000000000000e+00 0.000000000000000000e+00 0.000000000000000000e+00 5.532782078217155508e-01 0.000000000000000000e+00 0.000000000000000000e+00 1.000000000000000000e+00
7.952637791476856677e+00 1.559009620176584621e+00 -1.487511511167903316e-03 -1.000000000000000000e+00 0.000000000000000000e+00 0.000000000000000000e+00 0.000000000000000000e+00 5.273444136725571330e-01 0.000000000000000000e+00 0.000000000000000000e+00 1.000000000000000000e+00
7.959269577550237784e+00 1.557710629334948083e+00 -1.612493750840591307e-03 -1.000000000000000000e+00 0.000000000000000000e+00 0.000000000000000000e+00 0.000000000000000000e+00 5.106200187537519586e-01 0.000000000000000000e+00 0.000000000000000000e+00 1.000000000000000000e+00
7.965906893937922284e+00 1.556412720832499597e+00 -2.754553886568722378e-03 -1.000000000000000000e+00 0.000000000000000000e+00 0.000000000000000000e+00 0.000000000000000000e+00 5.091849979423892503e-01 0.000000000000000000e+00 0.000000000000000000e+00 1.000000000000000000e+00
7.972549745251694908e+00 1.555115893767417656e+00 -2.106987705747975521e-03 -1.000000000000000000e+00 0.000000000000000000e+00 0.000000000000000000e+00 0.000000000000000000e+00 5.103936451482055103e-01 0.000000000000000000e+00 0.000000000000000000e+00 1.000000000000000000e+00
7.979198136107187977e+00 1.553820147238631932e+00 -2.330914139409115664e-03 -1.000000000000000000e+00 0.000000000000000000e+00 0.000000000000000000e+00 0.000000000000000000e+00 4.824281666436499583e-01 0.000000000000000000e+00 0.000000000000000000e+00 1.000000000000000000e+00
7.985852071123881402e+00 1.552525480345822828e+00 -1.878986478046941900e-03 -1.000000000000000000e+00 0.000000000000000000e+00 0.000000000000000000e+00 0.000000000000000000e+00 4.757800378104907191e-01 0.000000000000000000e+00 0.000000000000000000e+00 1.000000000000000000e+00
7.992511554925108008e+00 1.551231892189421036e+00 -2.466259708723887029e-03 -1.000000000000000000e+00 0.000000000000000000e+00 0.000000000000000000e+00 0.000000000000000000e+00 4.681979986792144111e-01 0.000000000000000000e+00 0.000000000000000000e+00 1.000000000000000000e+00
7.999176592138056208e+00 1.549939381870606869e+00 -2.911084321344712539e-03 -1.000000000000000000e+00 0.000000000000000000e+00 0.000000000000000000e+00 0.000000000000000000e+00 4.669536490556046582e-01 0.000000000000000000e+00 0.000000000000000000e+00 1.000000000000000000e+00
