# OBJ_NAME=4U 1543-475
#         GRID_START=6.00
#         GRID_END=8.00
#         GRID_STEP_FRACTION=0.50
#         XSPEC_FITSTAT=cstat
#         XSPEC_CONTINUUM_MODEL=tbabs*(bbodyrad + pow)*constant
#         XSPEC_LINE_MODEL=gauss
#         LINE_VELOCITY_WIDTH=500
#         INPUT_FILE=/home/simon/Downloads/tgcat/obs_25079_tgid_6130/pm_heg_abs1.pha
#         SEARCH_MODE=Sliding window
#         FIT_REGION_WIDTH=30.00
#         RUNTIME=205
#         COLUMN_NAMES=ENERGY,WAVELENGTH,NORM,NORM_SIGN,NORM_ERR_LO,NORM_ERR_HI,DELTA_FITSTAT,CONSTANT_FACTOR,CONSTANT_FACTOR_ERR_LO,CONSTANT_FACTOR_ERR_HI,FIT_ERR
6.000000000000000000e+00 2.066373137115381287e+00 1.887207381582135584e-04 1.000000000000000000e+00 -1.238538492992407930e-03 1.638187964955638114e-03 1.919871734867228952e-02 9.896053969644545978e-01 9.825271775281196884e-01 9.967331131112178166e-01 0.000000000000000000e+00
6.005003461427972589e+00 2.064651403172383937e+00 3.049167891226681085e-04 1.000000000000000000e+00 -1.122690481523680710e-03 1.754716905774616684e-03 5.020723212794564461e-02 9.902379645568064603e-01 9.830995392052052084e-01 9.974267629560663595e-01 0.000000000000000000e+00
6.010011095293655181e+00 2.062931103804642063e+00 4.383907207483092160e-04 1.000000000000000000e+00 -9.888749348368019824e-04 1.887901861816920334e-03 1.038230157880661864e-01 9.895275994791657981e-01 9.824312597095865573e-01 9.966737812153222409e-01 0.000000000000000000e+00
6.015022905076486737e+00 2.061212237816845594e+00 3.941703609461958942e-04 1.000000000000000000e+00 -1.034333692573539444e-03 1.844971968315172340e-03 8.377632830661241314e-02 9.902362533820757706e-01 9.831154406949331737e-01 9.974072124281803120e-01 0.000000000000000000e+00
6.020038894258807005e+00 2.059494804014679215e+00 3.190764637353947085e-04 1.000000000000000000e+00 -1.111359510405063615e-03 1.771822833751967793e-03 5.478738436107732923e-02 9.902203061049249522e-01 9.830389049046186489e-01 9.974526506932474001e-01 0.000000000000000000e+00
6.025059066325860080e+00 2.057778801204824592e+00 1.642917051163606749e-04 1.000000000000000000e+00 -1.265711754574796837e-03 1.616628813482651195e-03 1.451335799822572881e-02 9.906914901154314501e-01 9.834862380320964492e-01 9.979480672910617800e-01 0.000000000000000000e+00
6.030083424765796174e+00 2.056064228194956822e+00 6.464226053999128302e-05 1.000000000000000000e+00 -1.362437300984895190e-03 1.514199660857307606e-03 2.249498405944905244e-03 9.900647325786618991e-01 9.829018728219570677e-01 9.972782839622588158e-01 0.000000000000000000e+00
6.035111973069674285e+00 2.054351083793744426e+00 -1.634685135630055451e-04 -1.000000000000000000e+00 -1.589791038300629065e-03 1.285504187736741764e-03 1.437892853419953099e-02 9.917834113559144127e-01 9.845546899965296195e-01 9.990636882841824606e-01 0.000000000000000000e+00
6.040144714731465747e+00 2.052639366810848021e+00 -1.892311829330673128e-04 -1.000000000000000000e+00 -1.618017544849520558e-03 1.262302266071555282e-03 1.920510043299827885e-02 9.912493334230213504e-01 9.839991939557835021e-01 9.985513547922623134e-01 0.000000000000000000e+00
6.045181653248054232e+00 2.050929076056921652e+00 -1.356246508159759142e-04 -1.000000000000000000e+00 -1.568727912156853968e-03 1.320234437065368263e-03 9.802440890041452803e-03 9.911213606122816211e-01 9.839097468119878398e-01 9.983843191729780964e-01 0.000000000000000000e+00
6.050222792119239301e+00 2.049220210343609683e+00 1.590466664422222442e-04 1.000000000000000000e+00 -1.280786875485274241e-03 1.621610034596390965e-03 1.342359880612775669e-02 9.894235283943922932e-01 9.821558576017999087e-01 9.967434944401307728e-01 0.000000000000000000e+00
6.055268134847740846e+00 2.047512768483544576e+00 5.119620288357359114e-04 1.000000000000000000e+00 -9.304303347174584966e-04 1.977121557463472172e-03 1.391346125221843977e-01 9.889167006940859928e-01 9.816290835365859557e-01 9.962568423276307872e-01 0.000000000000000000e+00
6.060317684939197314e+00 2.045806749290351334e+00 9.718245489015957641e-04 1.000000000000000000e+00 -4.704758518543374329e-04 2.436957607729440135e-03 5.037604674793669801e-01 9.878317701733785317e-01 9.805278265926102854e-01 9.951886042048343484e-01 0.000000000000000000e+00
6.065371445902172809e+00 2.044102151578641724e+00 1.377389934809121301e-03 1.000000000000000000e+00 -6.405228392401297877e-05 2.841705692150016047e-03 1.016686887580021903e+00 9.871757570629503542e-01 9.798782202968671085e-01 9.945260766615158232e-01 0.000000000000000000e+00
6.070429421248155322e+00 2.042398974164015168e+00 1.715682602256680348e-03 1.000000000000000000e+00 2.724980041199237275e-04 3.181717371584701082e-03 1.579782667334768576e+00 9.857774086693634752e-01 9.784626629557764410e-01 9.931452696005107494e-01 0.000000000000000000e+00
6.075491614491562942e+00 2.040697215863058300e+00 1.813783029901551739e-03 1.000000000000000000e+00 3.673946764698283411e-04 3.283008952745051709e-03 1.760575237746479615e+00 9.856809377394372129e-01 9.783424061714752762e-01 9.930729190196618816e-01 0.000000000000000000e+00
6.080558029149742971e+00 2.038996875493343186e+00 1.745208504157178724e-03 1.000000000000000000e+00 2.959962652825365824e-04 3.217342016838422355e-03 1.622350560480981585e+00 9.857998331359190125e-01 9.784607607851830702e-01 9.931923596616388794e-01 0.000000000000000000e+00
6.085628668742976366e+00 2.037297951873428659e+00 1.519768544720925601e-03 1.000000000000000000e+00 6.886973264984708881e-05 2.993709383555732528e-03 1.225043743275307406e+00 9.867623545553029230e-01 9.793950648824006899e-01 9.941834869939401020e-01 0.000000000000000000e+00
6.090703536794479511e+00 2.035600443822857208e+00 1.347704310516815735e-03 1.000000000000000000e+00 -1.030165635781811299e-04 2.821545565566907499e-03 9.621195565005109529e-01 9.862261662907471083e-01 9.788368115994389163e-01 9.936697145836780320e-01 0.000000000000000000e+00
6.095782636830406886e+00 2.033904350162153651e+00 1.068203895821827083e-03 1.000000000000000000e+00 -3.802988324252416352e-04 2.539862393946759264e-03 6.050344956679509778e-01 9.874829804376598075e-01 9.800266741630755396e-01 9.949943602845301438e-01 0.000000000000000000e+00
6.100865972379854618e+00 2.032209669712826461e+00 8.469464642128730078e-04 1.000000000000000000e+00 -5.956474540218080352e-04 2.312795218319004236e-03 3.817144135406920213e-01 9.880557103902484206e-01 9.806404641605950268e-01 9.955253879563408237e-01 0.000000000000000000e+00
6.105953546974859592e+00 2.030516401297367324e+00 5.994203004168398730e-04 1.000000000000000000e+00 -8.389347287748371912e-04 2.061094945095347762e-03 1.919273921659510052e-01 9.889876837734651316e-01 9.815077096114835919e-01 9.965229879374104538e-01 0.000000000000000000e+00
6.111045364150406556e+00 2.028824543739246700e+00 4.703567085235169911e-04 1.000000000000000000e+00 -9.647328438933918445e-04 1.928819620040646016e-03 1.185340942451489354e-01 9.874917459566214806e-01 9.799946326038317945e-01 9.950445489023337364e-01 0.000000000000000000e+00
6.116141427444425460e+00 2.027134095862917373e+00 7.603425423242136732e-05 1.000000000000000000e+00 -1.355257006069906633e-03 1.530785063765494189e-03 3.094300041766473441e-03 9.896591283048935539e-01 9.821958496444620490e-01 9.971775415692663014e-01 0.000000000000000000e+00
6.121241740397799447e+00 2.025445056493809570e+00 -2.953018754834508554e-04 -1.000000000000000000e+00 -1.726506953249061765e-03 1.159453799767974245e-03 4.654200596314694849e-02 9.911477155067128786e-01 9.836146687155365997e-01 9.987368148066189111e-01 0.000000000000000000e+00
6.126346306554362187e+00 2.023757424458334508e+00 -5.465912522853329496e-04 -1.000000000000000000e+00 -1.978319247636856851e-03 9.087988280312084277e-04 1.589441294173639108e-01 9.912023023971585634e-01 9.836439856758742994e-01 9.988170696906510937e-01 0.000000000000000000e+00
6.131455129460903208e+00 2.022071198583879958e+00 -6.666243213804494807e-04 -1.000000000000000000e+00 -2.099494239847902750e-03 7.899906987298197349e-04 2.358069161878688647e-01 9.906028204402510529e-01 9.830217118162709600e-01 9.982406670741565957e-01 0.000000000000000000e+00
6.136568212667169675e+00 2.020386377698810687e+00 -6.945927822538968104e-04 -1.000000000000000000e+00 -2.127654893797842253e-03 7.622771331010915700e-04 2.556990364405464788e-01 9.906464656600701968e-01 9.830673167726546868e-01 9.982823613426651255e-01 0.000000000000000000e+00
6.141685559725869936e+00 2.018702960632467569e+00 -4.846949871356839358e-04 -1.000000000000000000e+00 -1.918371680702170940e-03 9.728480154555432108e-04 1.246968697753914057e-01 9.889480727544589511e-01 9.813520562185110707e-01 9.966011975047072147e-01 0.000000000000000000e+00
6.146807174192673529e+00 2.017020946215167587e+00 -4.567268976714510789e-04 -1.000000000000000000e+00 -1.889811112885994744e-03 1.000282799450395981e-03 1.108036700812249364e-01 9.917159432103513916e-01 9.840868769528012816e-01 9.994024256719790111e-01 0.000000000000000000e+00
6.151933059626216505e+00 2.015340333278202056e+00 -2.064574315936479516e-04 -1.000000000000000000e+00 -1.640133201592393168e-03 1.251191448697254504e-03 2.266930886207774165e-02 9.912906639715534096e-01 9.836663111875301180e-01 9.989724527748908844e-01 0.000000000000000000e+00
6.157063219588101433e+00 2.013661120653835290e+00 8.161396541335267033e-06 1.000000000000000000e+00 -1.427786800240524135e-03 1.468074675801499165e-03 3.542146208701524301e-05 9.910105615114389588e-01 9.833625059966945026e-01 9.987163669285722412e-01 0.000000000000000000e+00
6.162197657642900950e+00 2.011983307175305935e+00 8.009081960773241869e-05 1.000000000000000000e+00 -1.358551403610184930e-03 1.542732946094096079e-03 3.401507094622502336e-03 9.922070355998984237e-01 9.845286576294235426e-01 9.999435461207343279e-01 0.000000000000000000e+00
6.167336377358160426e+00 2.010306891676824304e+00 1.382904259718204312e-04 1.000000000000000000e+00 -1.304477873183916515e-03 1.605124367782004595e-03 1.010773569566936203e-02 9.928701646736516340e-01 9.851211772906497410e-01 1.000678329489893104e+00 0.000000000000000000e+00
6.172479382304400630e+00 2.008631872993570600e+00 2.745246509657540686e-04 1.000000000000000000e+00 -1.170932580166695030e-03 1.744134967742099179e-03 3.969952069184046195e-02 9.920244070038148898e-01 9.843201977237414635e-01 9.997871889520402178e-01 0.000000000000000000e+00
6.177626676055119503e+00 2.006958249961698471e+00 3.743498240800272568e-04 1.000000000000000000e+00 -1.075538690313178163e-03 1.848412591397520380e-03 7.358060126153986857e-02 9.922136527925948801e-01 9.844404443152880990e-01 1.000046477054960636e+00 0.000000000000000000e+00
6.182778262186794827e+00 2.005286021418328790e+00 5.886596456548013820e-04 1.000000000000000000e+00 -8.642337553278218315e-04 2.065776287509251720e-03 1.817140400416974444e-01 9.913023666672560186e-01 9.835061998136915840e-01 9.991585105483248297e-01 0.000000000000000000e+00
6.187934144278887771e+00 2.003615186201552323e+00 8.471766040843266635e-04 1.000000000000000000e+00 -6.060398952201173856e-04 2.324678090043520544e-03 3.766735510626517680e-01 9.902831330748476102e-01 9.825349312926694445e-01 9.980906332108295809e-01 0.000000000000000000e+00
6.193094325913842901e+00 2.001945743150427948e+00 1.147420291657266387e-03 1.000000000000000000e+00 -3.071324997347530360e-04 2.626239107402651707e-03 6.929036320447607977e-01 9.884880698539904031e-01 9.806804170556558953e-01 9.963560569308037573e-01 0.000000000000000000e+00
6.198258810677093500e+00 2.000277691104981770e+00 1.338267831221370786e-03 1.000000000000000000e+00 -1.155025844446595177e-04 2.816308891838380062e-03 9.456249884159433350e-01 9.874285860861156117e-01 9.796003189722246596e-01 9.953175823748751094e-01 0.000000000000000000e+00
6.203427602157062459e+00 1.998611028906206677e+00 1.354441472087739408e-03 1.000000000000000000e+00 -9.653507542666753954e-05 2.829779337561802444e-03 9.707401937649819956e-01 9.873361320647923156e-01 9.795528173075884748e-01 9.951795331077191165e-01 0.000000000000000000e+00
6.208600703945164057e+00 1.996945755396060118e+00 1.240242963736245228e-03 1.000000000000000000e+00 -2.106222841770075994e-04 2.715550909827159527e-03 8.140825772122752824e-01 9.870673534405948191e-01 9.792171124213923106e-01 9.949787169510959650e-01 0.000000000000000000e+00
6.213778119635809283e+00 1.995281869417466547e+00 9.072641283754769893e-04 1.000000000000000000e+00 -5.431581464491693802e-04 2.382198072234743662e-03 4.343950019388671535e-01 9.883346710761226062e-01 9.804517183533647540e-01 9.962791163010367157e-01 0.000000000000000000e+00
6.218959852826404955e+00 1.993619369814312314e+00 4.181200297092745521e-04 1.000000000000000000e+00 -1.031446139723893362e-03 1.892252392780295351e-03 9.188532152279549337e-02 9.908484367319955188e-01 9.829273724035747506e-01 9.988313851015437894e-01 0.000000000000000000e+00
6.224145907117359044e+00 1.991958255431448777e+00 1.428912372177539014e-05 1.000000000000000000e+00 -1.432482143537562374e-03 1.485717257829313135e-03 1.071502414333735942e-04 9.915627835592993877e-01 9.836401819389388734e-01 9.995472585380120734e-01 0.000000000000000000e+00
6.229336286112081567e+00 1.990298525114688521e+00 -3.395666757339278730e-04 -1.000000000000000000e+00 -1.781552286725687946e-03 1.127182442179163087e-03 6.065982699533378764e-02 9.919662536455643442e-01 9.840158858550810406e-01 9.999790066100695540e-01 0.000000000000000000e+00
6.234530993416986355e+00 1.988640177710806478e+00 -6.421519354230699342e-04 -1.000000000000000000e+00 -2.078698279158853069e-03 8.192497453035405388e-04 2.179405740781703571e-01 9.924528447764316974e-01 9.844322168488344182e-01 1.000536811240798851e+00 0.000000000000000000e+00
6.239730032641496393e+00 1.986983212067538140e+00 -8.809010050115741782e-04 -1.000000000000000000e+00 -2.310774784659450076e-03 5.739365979970198917e-04 4.117987538232341649e-01 9.927512867784883399e-01 9.847762422048425002e-01 1.000789018021468912e+00 0.000000000000000000e+00
6.244933407398043812e+00 1.985327627033580011e+00 -1.081961491514730599e-03 -1.000000000000000000e+00 -2.509314868113611714e-03 3.704034017734025765e-04 6.219041093541477494e-01 9.931012871969243649e-01 9.850978318596876893e-01 1.001167818485403149e+00 0.000000000000000000e+00
6.250141121302072555e+00 1.983673421458586272e+00 -1.244050988271407652e-03 -1.000000000000000000e+00 -2.672454173774952649e-03 2.093805151993810999e-04 8.206168445385060295e-01 9.934567401600595815e-01 9.853804805934083255e-01 1.001597164738684098e+00 0.000000000000000000e+00
6.255353177972041934e+00 1.982020594193170782e+00 -1.275498142864519820e-03 -1.000000000000000000e+00 -2.704273447633073497e-03 1.783779168078073688e-04 8.605880517580999367e-01 9.924875987958129420e-01 9.844595101717964480e-01 1.000579281812445487e+00 0.000000000000000000e+00
6.260569581029430175e+00 1.980369144088905076e+00 -1.168844888622144014e-03 -1.000000000000000000e+00 -2.599352794183874132e-03 2.868434712421908360e-04 7.221015521964204709e-01 9.903777916285092520e-01 9.823298835476752533e-01 9.984896613425151557e-01 0.000000000000000000e+00
6.265790334098732650e+00 1.978719069998317037e+00 -1.180067044084507667e-03 -1.000000000000000000e+00 -2.611688984479399074e-03 2.768284611488699715e-04 7.355224734232592709e-01 9.916167067795691459e-01 9.834935378687126306e-01 9.998049875296580735e-01 0.000000000000000000e+00
6.271015440807469865e+00 1.977070370774890451e+00 -1.052176324258258201e-03 -1.000000000000000000e+00 -2.485009809619421247e-03 4.060445694973608809e-04 5.846164773564055395e-01 9.915460369481503555e-01 9.833955908241702737e-01 9.997619877115583309e-01 0.000000000000000000e+00
6.276244904786186574e+00 1.975423045273065226e+00 -8.733810148138160864e-04 -1.000000000000000000e+00 -2.308404321033350089e-03 5.870828593873196090e-04 4.022284012776253803e-01 9.912154142289588687e-01 9.830686732394442462e-01 9.994276028194093442e-01 0.000000000000000000e+00
6.281478729668454442e+00 1.973777092348234952e+00 -7.886777410995515162e-04 -1.000000000000000000e+00 -2.226662618122579942e-03 6.747088329805742656e-04 3.270972291373936969e-01 9.926034562815446716e-01 9.844223879729477877e-01 1.000850530968097951e+00 0.000000000000000000e+00
6.286716919090875599e+00 1.972132510856748011e+00 -5.503733517342961458e-04 -1.000000000000000000e+00 -1.990444801082524601e-03 9.150680406482056143e-04 1.593454192618537490e-01 9.907809625855267255e-01 9.825785348987726708e-01 9.990498438176038665e-01 0.000000000000000000e+00
6.291959476693084419e+00 1.970489299655904469e+00 -4.793189132637082632e-04 -1.000000000000000000e+00 -1.917457273404490469e-03 9.842835543383829985e-04 1.211622834643435453e-01 9.906486308817871178e-01 9.824505055826948663e-01 9.989131571522306130e-01 0.000000000000000000e+00
6.297206406117751065e+00 1.968847457603957185e+00 -6.375961464680290425e-04 -1.000000000000000000e+00 -2.072376071183089710e-03 8.228087328219882727e-04 2.148754595918944688e-01 9.927671092343339776e-01 9.845330712076457713e-01 1.001067916965525439e+00 0.000000000000000000e+00
6.302457711010582386e+00 1.967206983560110700e+00 -8.425409378226571180e-04 -1.000000000000000000e+00 -2.275859763373362654e-03 6.165467928791305580e-04 3.750341859741297412e-01 9.937921115457871712e-01 9.855246499432990248e-01 1.002126830098286181e+00 0.000000000000000000e+00
6.307713395020327241e+00 1.965567876384518575e+00 -1.090533813676857963e-03 -1.000000000000000000e+00 -2.525421837272418847e-03 3.702175862754374276e-04 6.249766470730264700e-01 9.942434464578673303e-01 9.859739285153139576e-01 1.002580209714005965e+00 0.000000000000000000e+00
6.312973461798775610e+00 1.963930134938285832e+00 -1.532225942036575389e-03 -1.000000000000000000e+00 -2.970849442262054035e-03 -6.767696818268335163e-05 1.221914030859068134e+00 9.981154238987000049e-01 9.897972641863638232e-01 1.006501397934791653e+00 0.000000000000000000e+00
6.318237915000763039e+00 1.962293758083465844e+00 -1.639573376197339628e-03 -1.000000000000000000e+00 -3.083589970513376556e-03 -1.695324506314499231e-04 1.389836624973611379e+00 9.978605958663636644e-01 9.894655398564894400e-01 1.006324671026331385e+00 0.000000000000000000e+00
6.323506758284172413e+00 1.960658744683059451e+00 -1.639844389014385919e-03 -1.000000000000000000e+00 -3.084619006477782102e-03 -1.688705016875914275e-04 1.386164718538111629e+00 9.988653345841868036e-01 9.905138126099539697e-01 1.007285112607679833e+00 0.000000000000000000e+00
6.328779995309938400e+00 1.959025093601015399e+00 -1.332373233702221398e-03 -1.000000000000000000e+00 -2.778869276666402245e-03 1.404421845746118419e-04 9.161789343831401311e-01 9.978895493633748170e-01 9.895138140070133259e-01 1.006334027787590735e+00 0.000000000000000000e+00
6.334057629742047446e+00 1.957392803702229900e+00 -8.437430776321567681e-04 -1.000000000000000000e+00 -2.294071366123602747e-03 6.329358220842083759e-04 3.680722613166267365e-01 9.963230854183682261e-01 9.878801187593292399e-01 1.004835997505190814e+00 0.000000000000000000e+00
6.339339665247542221e+00 1.955761873852543076e+00 -4.050863926400553199e-04 -1.000000000000000000e+00 -1.858760876181665299e-03 1.074966569643045090e-03 8.474610991544295757e-02 9.968709641950845857e-01 9.884750271375178921e-01 1.005336018101437690e+00 0.000000000000000000e+00
6.344626105496522506e+00 1.954132302918741848e+00 1.774262480907188991e-04 1.000000000000000000e+00 -1.283617832242193698e-03 1.664824521742390255e-03 1.621975303953604453e-02 9.946801812801224774e-01 9.862629143547643196e-01 1.003167157780650909e+00 0.000000000000000000e+00
6.349916954162148741e+00 1.952504089768555939e+00 4.980343599703824500e-04 1.000000000000000000e+00 -9.701017533563615746e-04 1.992477306715369125e-03 1.272590127092030343e-01 9.957898531211248905e-01 9.872914334931871538e-01 1.004359254201381724e+00 0.000000000000000000e+00
6.355212214920644698e+00 1.950877233270659206e+00 8.414192338499272041e-04 1.000000000000000000e+00 -6.313518544018311253e-04 2.340546786083276369e-03 3.626052671326078780e-01 9.942695327391587456e-01 9.857466472712351768e-01 1.002863966874826929e+00 0.000000000000000000e+00
6.360511891451300137e+00 1.949251732294668749e+00 9.569869894085238082e-04 1.000000000000000000e+00 -5.168551401404875229e-04 2.457346735631789868e-03 4.686936598006354870e-01 9.940569296350306727e-01 9.855379116177526155e-01 1.002647435561156986e+00 0.000000000000000000e+00
6.365815987436472589e+00 1.947627585711142251e+00 7.514359995981622232e-04 1.000000000000000000e+00 -7.222738535833228947e-04 2.251831917432238397e-03 2.883076858211666149e-01 9.968311829994699336e-01 9.882697251928660442e-01 1.005464584039199138e+00 0.000000000000000000e+00
6.371124506561590906e+00 1.946004792391578420e+00 4.818207039768778680e-04 1.000000000000000000e+00 -9.927845473580989774e-04 1.983240107201838381e-03 1.180465790791913605e-01 9.985382484954633542e-01 9.899369796941711597e-01 1.007211938901094728e+00 0.000000000000000000e+00
6.376437452515156146e+00 1.944383351208418098e+00 2.135057958979321238e-04 1.000000000000000000e+00 -1.262850874818387042e-03 1.716803020920451171e-03 2.304722338124065573e-02 9.990490169253044561e-01 9.904453741480113704e-01 1.007725130134029090e+00 0.000000000000000000e+00
6.381754828988746020e+00 1.942763261035039601e+00 -1.766129432688582951e-04 -1.000000000000000000e+00 -1.654696098797684648e-03 1.328530899228210849e-03 1.566745835293659184e-02 1.001928154737956822e+00 9.932783636509813219e-01 1.010651039993968769e+00 0.000000000000000000e+00
6.387076639677015777e+00 1.941144520745761159e+00 -2.582018560730366813e-04 -1.000000000000000000e+00 -1.737296029047856287e-03 1.248008873654731779e-03 3.342769599328221375e-02 1.000734061410823328e+00 9.920560688497644941e-01 1.009485499268913511e+00 0.000000000000000000e+00
6.392402888277703532e+00 1.939527129215838475e+00 -3.027808697401555447e-04 -1.000000000000000000e+00 -1.778902647839441121e-03 1.200503626961961848e-03 4.607654753988299490e-02 1.000817550325675986e+00 9.921434251590963704e-01 1.009565099897082874e+00 0.000000000000000000e+00
6.397733578491629380e+00 1.937911085321463833e+00 -3.440455379198940834e-04 -1.000000000000000000e+00 -1.815553436534236191e-03 1.154742817147819730e-03 5.978696877980382851e-02 1.002442914903524329e+00 9.937333762670451653e-01 1.011226474849795665e+00 0.000000000000000000e+00
6.403068714022700725e+00 1.936296387939767438e+00 -2.338006522815330853e-04 -1.000000000000000000e+00 -1.703805169825321634e-03 1.263652466972648575e-03 2.772277200040207390e-02 1.002045315740967002e+00 9.932598661066368573e-01 1.010905975240039112e+00 0.000000000000000000e+00
6.408408298577912277e+00 1.934683035948813856e+00 -6.856433784255907985e-05 -1.000000000000000000e+00 -1.540205893720850150e-03 1.430665707349235843e-03 2.380054085222127469e-03 1.000657908138368191e+00 9.919282851453991023e-01 1.009461900120854905e+00 0.000000000000000000e+00
6.413752335867351384e+00 1.933071028227602239e+00 2.576906790339579016e-05 1.000000000000000000e+00 -1.453880321965546297e-03 1.532952463206681531e-03 3.332879771278385306e-04 1.000556372818819151e+00 9.917910977585492338e-01 1.009396638367505039e+00 0.000000000000000000e+00
6.419100829604198033e+00 1.931460363656067436e+00 5.688803922390317969e-05 1.000000000000000000e+00 -1.431906962996126352e-03 1.573149946075611764e-03 1.608769033680346183e-03 1.002029499203170859e+00 9.931733769802940648e-01 1.010962093230860059e+00 0.000000000000000000e+00
6.424453783504729287e+00 1.929851041115075327e+00 1.845160663428558169e-04 1.000000000000000000e+00 -1.306559367160641839e-03 1.703116742786318309e-03 1.687272297226627416e-02 1.002528640420245587e+00 9.937209366530080912e-01 1.011411954505260891e+00 0.000000000000000000e+00
6.429811201288321953e+00 1.928243059486426159e+00 4.619277474707418206e-04 1.000000000000000000e+00 -1.028083088977179088e-03 1.979590402298057102e-03 1.063358345091387491e-01 1.000632186831332371e+00 9.917547998538107645e-01 1.009586560159585922e+00 0.000000000000000000e+00
6.435173086677453469e+00 1.926636417652850763e+00 5.877342532815294516e-04 1.000000000000000000e+00 -8.966860990853411147e-04 2.099953992666646254e-03 1.735446655676469163e-01 1.000521629213425578e+00 9.916164940304864617e-01 1.009504213986816223e+00 0.000000000000000000e+00
6.440539443397706343e+00 1.925031114498011453e+00 5.623083092250981884e-04 1.000000000000000000e+00 -9.162329156266278002e-04 2.068739726076549140e-03 1.596568565483948987e-01 1.000733223683000217e+00 9.918814866466884039e-01 1.009661592070427050e+00 0.000000000000000000e+00
6.445910275177769044e+00 1.923427148906499795e+00 3.543153244160109940e-04 1.000000000000000000e+00 -1.123847409988122312e-03 1.860361750132068920e-03 6.334231108979793134e-02 1.000802535548718897e+00 9.918686813234403044e-01 1.009814561707317537e+00 0.000000000000000000e+00
6.451285585749439555e+00 1.921824519763838390e+00 -1.289213194092243245e-04 -1.000000000000000000e+00 -1.607031799500362700e-03 1.377130729992540221e-03 8.340431068234011036e-03 1.002334393405417190e+00 9.933573044587399314e-01 1.011390181050428216e+00 0.000000000000000000e+00
6.456665378847628034e+00 1.920223225956476210e+00 -7.373895549775478283e-04 -1.000000000000000000e+00 -2.213319024121344295e-03 7.666574944187277627e-04 2.714785139293098837e-01 1.003526835926980665e+00 9.945445199547831017e-01 1.012587892657777378e+00 0.000000000000000000e+00
6.462049658210359482e+00 1.918623266371792813e+00 -1.341222937300663720e-03 -1.000000000000000000e+00 -2.812560606203917332e-03 1.584678670545722635e-04 8.969039039539552505e-01 1.003751102137256268e+00 9.947322429222095197e-01 1.012849340163998413e+00 0.000000000000000000e+00
6.467438427578775517e+00 1.917024639898092353e+00 -1.966927184554959247e-03 -1.000000000000000000e+00 -3.430932226201886467e-03 -4.743444547139056590e-04 1.931635757569097223e+00 1.005373100063745806e+00 9.963130177033460155e-01 1.014512896134935449e+00 0.000000000000000000e+00
6.472831690697137930e+00 1.915427345424606687e+00 -2.428418080564251780e-03 -1.000000000000000000e+00 -3.884880209058881161e-03 -9.432234540158940857e-04 2.952576987503334749e+00 1.006273390642886900e+00 9.972133268552739738e-01 1.015413193548534654e+00 0.000000000000000000e+00
6.478229451312831344e+00 1.913831381841492263e+00 -2.708482748596711433e-03 -1.000000000000000000e+00 -4.160569769875535097e-03 -1.227614179603522078e-03 3.680448128166688093e+00 1.006753808736826183e+00 9.976577096342218454e-01 1.015930219215923636e+00 0.000000000000000000e+00
6.483631713176364109e+00 1.912236748039830792e+00 -2.859640415835859335e-03 -1.000000000000000000e+00 -4.309872777268864037e-03 -1.380556786369215852e-03 4.104521894373533542e+00 1.007925575504325044e+00 9.987899357605060091e-01 1.017142219384529644e+00 0.000000000000000000e+00
6.489038480041373624e+00 1.910643442911627687e+00 -2.785389666737046310e-03 -1.000000000000000000e+00 -4.235742278951307171e-03 -1.306114195440827947e-03 3.893974129648086091e+00 1.007760768427800713e+00 9.986291495164703047e-01 1.016973275440582691e+00 0.000000000000000000e+00
6.494449755664626345e+00 1.909051465349812737e+00 -2.591194199826498453e-03 -1.000000000000000000e+00 -4.044200172388311490e-03 -1.109249941001978681e-03 3.367031980382478196e+00 1.007716191136775796e+00 9.985501067993323154e-01 1.016963727382116378e+00 0.000000000000000000e+00
6.499865543806021329e+00 1.907460814248235881e+00 -2.250076445666588862e-03 -1.000000000000000000e+00 -3.708212894016553289e-03 -7.629935125324019407e-04 2.536342591864411133e+00 1.006484912447727309e+00 9.972390224186946650e-01 1.015813925768998205e+00 0.000000000000000000e+00
6.505285848228594681e+00 1.905871488501671207e+00 -1.978975528652168053e-03 -1.000000000000000000e+00 -3.439660389378537426e-03 -4.892722292068666084e-04 1.958178127726682760e+00 1.007187001124431491e+00 9.979925504501417910e-01 1.016463686331652294e+00 0.000000000000000000e+00
6.510710672698518664e+00 1.904283487005811404e+00 -1.745129417644223453e-03 -1.000000000000000000e+00 -3.209589886132812198e-03 -2.515671928637402358e-04 1.519639640366222011e+00 1.008107514465554244e+00 9.988741958686696565e-01 1.017423644065116539e+00 0.000000000000000000e+00
6.516140020985107917e+00 1.902696808657271088e+00 -1.453758772778824962e-03 -1.000000000000000000e+00 -2.923089910461785200e-03 4.474709963250118015e-05 1.053107372086799387e+00 1.006453894659873782e+00 9.971417130813867713e-01 1.015850418953821332e+00 0.000000000000000000e+00
6.521573896860818564e+00 1.901111452353583031e+00 -1.339350969159827697e-03 -1.000000000000000000e+00 -2.810289534366757977e-03 1.608843843154718345e-04 8.915992237890009164e-01 1.006062684732448975e+00 9.968059907323338908e-01 1.015402740140369575e+00 0.000000000000000000e+00
6.527012304101254436e+00 1.899527416993199491e+00 -1.400799274431224805e-03 -1.000000000000000000e+00 -2.875243717975131154e-03 1.031032455937593104e-04 9.712377825815394772e-01 1.006847420300650331e+00 9.974993150586837221e-01 1.016280474914019516e+00 0.000000000000000000e+00
6.532455246485166178e+00 1.897944701475490215e+00 -1.417217367888412788e-03 -1.000000000000000000e+00 -2.895750115945719058e-03 9.106007382021340940e-05 9.889803370878951227e-01 1.005179640911189498e+00 9.958000231126176161e-01 1.014644938536205299e+00 0.000000000000000000e+00
6.537902727794456581e+00 1.896363304700741548e+00 -1.594403082400039145e-03 -1.000000000000000000e+00 -3.076832181345673985e-03 -8.192333834902785356e-05 1.240573149756215798e+00 1.006260936342070922e+00 9.969269211889203453e-01 1.015679573091357479e+00 0.000000000000000000e+00
6.543354751814182357e+00 1.894783225570156437e+00 -1.592869659739113396e-03 -1.000000000000000000e+00 -3.084492845085516632e-03 -7.107391226174623530e-05 1.226224946757156431e+00 1.005285446888571910e+00 9.958629214652529038e-01 1.014794274002076113e+00 0.000000000000000000e+00
6.548811322332555918e+00 1.893204462985853986e+00 -1.576239689247977381e-03 -1.000000000000000000e+00 -3.075410771532843465e-03 -4.686524234794801728e-05 1.190364686292326724e+00 1.006989735118690277e+00 9.975182870018964865e-01 1.016548164410575161e+00 0.000000000000000000e+00
6.554272443140948923e+00 1.891627015850867455e+00 -1.228432666912835725e-03 -1.000000000000000000e+00 -2.732615637478945370e-03 3.060550094672142944e-04 7.211452034622709562e-01 1.006271251134877032e+00 9.968057875791525024e-01 1.015823736047416714e+00 0.000000000000000000e+00
6.559738118033894949e+00 1.890050883069143817e+00 -6.823661490473824061e-04 -1.000000000000000000e+00 -2.190611299496920614e-03 8.563562115040218277e-04 2.228885867616270389e-01 1.005296748019996578e+00 9.957994427128759041e-01 1.014881693791050976e+00 0.000000000000000000e+00
6.565208350809092153e+00 1.888476063545543981e+00 -9.171849246244612237e-06 -1.000000000000000000e+00 -1.523364530856724823e-03 1.535609732786123944e-03 4.028880090345410281e-05 1.004214811293127951e+00 9.946854383171539471e-01 1.013832501165244704e+00 0.000000000000000000e+00
6.570683145267405045e+00 1.886902556185840796e+00 7.441557860717960132e-04 1.000000000000000000e+00 -7.798333553690562974e-04 2.298703216636104919e-03 2.645562857269112556e-01 1.002670167605277163e+00 9.931501126883057751e-01 1.012278522415875015e+00 0.000000000000000000e+00
6.576162505212867160e+00 1.885330359896719488e+00 1.535944466740718582e-03 1.000000000000000000e+00 -2.473070085290017192e-06 3.104818675881935996e-03 1.118907315719951612e+00 1.000605763872688847e+00 9.910526288060776956e-01 1.010247963390664028e+00 0.000000000000000000e+00
6.581646434452685490e+00 1.883759473585775446e+00 2.222460339596697004e-03 1.000000000000000000e+00 6.682983703312776920e-04 3.807036213338948691e-03 2.321278786401393290e+00 1.000234458337921462e+00 9.905866847880319126e-01 1.009973130750543957e+00 0.000000000000000000e+00
6.587134936797241380e+00 1.882189896161514886e+00 2.997674024484593691e-03 1.000000000000000000e+00 1.431858456049214714e-03 4.594016708610816971e-03 4.196917428621731005e+00 9.974131044916418887e-01 9.878310453119444334e-01 1.007085076325668904e+00 0.000000000000000000e+00
6.592628016060094076e+00 1.880621626533353297e+00 3.700008284087251843e-03 1.000000000000000000e+00 2.125045085793497192e-03 5.305505449826506195e-03 6.380151777363550991e+00 9.945314059953851427e-01 9.849215102264921029e-01 1.004231967391070013e+00 0.000000000000000000e+00
6.598125676057981615e+00 1.879054663611614329e+00 4.105008215260500665e-03 1.000000000000000000e+00 2.525440430845009299e-03 5.715109365261468975e-03 7.857091168216328469e+00 9.949104725734611021e-01 9.852071526214951636e-01 1.004706233801904602e+00 0.000000000000000000e+00
6.603627920610826152e+00 1.877489006307530905e+00 4.423451308910177071e-03 1.000000000000000000e+00 2.844259883547422749e-03 6.033336498386164190e-03 9.148184257411315912e+00 9.936314400434871352e-01 9.839910256421230406e-01 1.003363176528214717e+00 0.000000000000000000e+00
6.609134753541735741e+00 1.875924653533241671e+00 4.520388424901040751e-03 1.000000000000000000e+00 2.939639217377522200e-03 6.131988524549882372e-03 9.562838010337401329e+00 9.927297361137766840e-01 9.830002155251996721e-01 1.002552300249320183e+00 0.000000000000000000e+00
6.614646178677005217e+00 1.874361604201792542e+00 4.165397447516760131e-03 1.000000000000000000e+00 2.584260688089339529e-03 5.777483465574009824e-03 8.083794227096376517e+00 9.967278032387824060e-01 9.869347499335288099e-01 1.006614733176454113e+00 0.000000000000000000e+00
6.620162199846120643e+00 1.872799857227134490e+00 3.899041064170650356e-03 1.000000000000000000e+00 2.316840076027835201e-03 5.512283372394313069e-03 7.043002220690851800e+00 9.960262977794928085e-01 9.862866333574210609e-01 1.005858945235773350e+00 0.000000000000000000e+00
6.625682820881761970e+00 1.871239411524124430e+00 3.405571248746894208e-03 1.000000000000000000e+00 1.820863087860568903e-03 5.021457481945800980e-03 5.334780448104709194e+00 9.981495998636393807e-01 9.882997040470771211e-01 1.008094257046833420e+00 0.000000000000000000e+00
6.631208045619805702e+00 1.869680266008521441e+00 2.980279137570355022e-03 1.000000000000000000e+00 1.395437391895771500e-03 4.596556953909575367e-03 4.067204375229238167e+00 9.993892741904315535e-01 9.894857071758191847e-01 1.009388374829136570e+00 0.000000000000000000e+00
6.636737877899325788e+00 1.868122419596990769e+00 2.704132564336202919e-03 1.000000000000000000e+00 1.121594621426870528e-03 4.318306527299723904e-03 3.344972248095899658e+00 9.999970293470079596e-01 9.900926746993662375e-01 1.009996934856283168e+00 0.000000000000000000e+00
6.642272321562598059e+00 1.866565871207098271e+00 2.551061353062432455e-03 1.000000000000000000e+00 9.707516003222254729e-04 4.163057754104981106e-03 2.980141083795757595e+00 1.001534520191745381e+00 9.915791524011856595e-01 1.011586161864753919e+00 0.000000000000000000e+00
6.647811380455102892e+00 1.865010619757312416e+00 2.610890773050099888e-03 1.000000000000000000e+00 1.031841642109688041e-03 4.221660588291091531e-03 3.129164001078152069e+00 1.002316902536119159e+00 9.923150984267525843e-01 1.012416000102267732e+00 0.000000000000000000e+00
6.653355058425526991e+00 1.863456664167002952e+00 2.875530336906278323e-03 1.000000000000000000e+00 1.296420050041032250e-03 4.486431979243266262e-03 3.804860521644428673e+00 1.001759961849565617e+00 9.917663083826716575e-01 1.011850768664236622e+00 0.000000000000000000e+00
6.658903359325766047e+00 1.861904003356439352e+00 3.122927840303285022e-03 1.000000000000000000e+00 1.541229969031401642e-03 4.736414697663824704e-03 4.487831608530427729e+00 1.002969413960139944e+00 9.929265465300632920e-01 1.013110330315100782e+00 0.000000000000000000e+00
6.664456287010930069e+00 1.860352636246791480e+00 3.464782815786349949e-03 1.000000000000000000e+00 1.877535235479592043e-03 5.083746262409726858e-03 5.517633034335801767e+00 1.002532929492970348e+00 9.923933892045906369e-01 1.012772429192135615e+00 0.000000000000000000e+00
6.670013845339340719e+00 1.858802561760127592e+00 3.754223959468650906e-03 1.000000000000000000e+00 2.164246307715880866e-03 5.375926482162294955e-03 6.467075293157137139e+00 1.002043684456764616e+00 9.919651227981004515e-01 1.012221125057844340e+00 0.000000000000000000e+00
6.675576038172540194e+00 1.857253778819414780e+00 3.901720323207814693e-03 1.000000000000000000e+00 2.308336419379735174e-03 5.526876525090313255e-03 6.977764442026455072e+00 1.002164319732920417e+00 9.919866812497777353e-01 1.012442856335924679e+00 0.000000000000000000e+00
6.681142869375288562e+00 1.855706286348516532e+00 4.030461771872375851e-03 1.000000000000000000e+00 2.436073011962685154e-03 5.656790153632802742e-03 7.451702064568792139e+00 9.997727493417187805e-01 9.895625937947083450e-01 1.010084629014619928e+00 0.000000000000000000e+00
6.686714342815570866e+00 1.854160083272192949e+00 3.917825129916020430e-03 1.000000000000000000e+00 2.325661482519228700e-03 5.542186582322552318e-03 7.038027130823735433e+00 9.990487533049491331e-01 9.889014075691485717e-01 1.009296648896785609e+00 0.000000000000000000e+00
6.692290462364595349e+00 1.852615168516101862e+00 3.533480545287306061e-03 1.000000000000000000e+00 1.941315089522151942e-03 5.158038272003853675e-03 5.705435865597848988e+00 1.000953984941907793e+00 9.906956877171246845e-01 1.011314811590068308e+00 0.000000000000000000e+00
6.697871231896799671e+00 1.851071541006794829e+00 3.171070216252066393e-03 1.000000000000000000e+00 1.578877575219452597e-03 4.795742552546717989e-03 4.576916489895921814e+00 1.000426947609158956e+00 9.901225382050160562e-01 1.010834762118769659e+00 0.000000000000000000e+00
6.703456655289853572e+00 1.849529199671717139e+00 2.665862670431754129e-03 1.000000000000000000e+00 1.076725127956995858e-03 4.287539509424367207e-03 3.224164713669836146e+00 1.001575868837843553e+00 9.912675657691574216e-01 1.011987587149195233e+00 0.000000000000000000e+00
6.709046736424657986e+00 1.847988143439209141e+00 2.210957400571571512e-03 1.000000000000000000e+00 6.275615554564293371e-04 3.826973860709715746e-03 2.221279091925396187e+00 1.001476656240878338e+00 9.911229192540432775e-01 1.011934804950441302e+00 0.000000000000000000e+00
6.714641479185352146e+00 1.846448371238503361e+00 1.644361083779280605e-03 1.000000000000000000e+00 7.169164130017553586e-05 3.249894143057309621e-03 1.235589316363387979e+00 1.003881612562135484e+00 9.934729247582039235e-01 1.014395621018460814e+00 0.000000000000000000e+00
6.720240887459313583e+00 1.844909881999724721e+00 1.159933256152157139e-03 1.000000000000000000e+00 -3.997240001139149099e-04 2.752671798742925471e-03 6.199012124727971695e-01 1.004979855598102656e+00 9.945746328119743351e-01 1.015490209433896451e+00 0.000000000000000000e+00
6.725844965137160791e+00 1.843372674653889876e+00 6.775408228840969303e-04 1.000000000000000000e+00 -8.711822513896782475e-04 2.259392172302168884e-03 2.129638017524086990e-01 1.005822987496525434e+00 9.953705283624147970e-01 1.016381447836038232e+00 0.000000000000000000e+00
6.731453716112758556e+00 1.841836748132905655e+00 1.340997077527320090e-04 1.000000000000000000e+00 -1.404835364302851669e-03 1.706186744674588430e-03 8.373444010317143693e-03 1.007049790246804744e+00 9.965971619261009273e-01 1.017608310910213865e+00 0.000000000000000000e+00
6.737067144283217068e+00 1.840302101369569288e+00 -7.047068309518017635e-04 -1.000000000000000000e+00 -2.234743010996394739e-03 8.586205336341312840e-04 2.311228147274846378e-01 1.013265146627718494e+00 1.002734829966390739e+00 1.023902339919330773e+00 0.000000000000000000e+00
6.742685253548897251e+00 1.838768733297566405e+00 -1.165451509429642858e-03 -1.000000000000000000e+00 -2.690147304254567658e-03 3.928637849021487244e-04 6.325162035891196410e-01 1.011256707111400255e+00 1.000687489269030950e+00 1.021933799057270997e+00 0.000000000000000000e+00
6.748308047813412536e+00 1.837236642851472368e+00 -1.747426142644312435e-03 -1.000000000000000000e+00 -3.267657527570700000e-03 -1.932316742987393293e-04 1.417180749068165824e+00 1.012565974966621596e+00 1.001991586177127580e+00 1.023248100523600046e+00 0.000000000000000000e+00
6.753935530983630642e+00 1.835705828966748943e+00 -2.104804046477923556e-03 -1.000000000000000000e+00 -3.626074240693182363e-03 -5.493918242823355152e-04 2.044907423764897203e+00 1.011927206741857210e+00 1.001303547803163552e+00 1.022659636263223426e+00 0.000000000000000000e+00
6.759567706969678902e+00 1.834176290579746293e+00 -2.374065984158530568e-03 -1.000000000000000000e+00 -3.899545299460199614e-03 -8.144426493723660662e-04 2.583673496482646215e+00 1.014045752351131036e+00 1.003299903341118515e+00 1.024902521293011182e+00 0.000000000000000000e+00
6.765204579684944264e+00 1.832648026627699211e+00 -2.214742722141160251e-03 -1.000000000000000000e+00 -3.742460694831865192e-03 -6.528283777464502675e-04 2.243163375064398224e+00 1.013251311708128766e+00 1.002571326840981492e+00 1.024041116574529564e+00 0.000000000000000000e+00
6.770846153046076843e+00 1.831121036048729556e+00 -1.861234201746932116e-03 -1.000000000000000000e+00 -3.392117663627181035e-03 -2.961112930355818545e-04 1.587252166817734178e+00 1.014119643851701502e+00 1.003330479518256269e+00 1.025020832720746844e+00 0.000000000000000000e+00
6.776492430972993475e+00 1.829595317781842700e+00 -1.090727011830908318e-03 -1.000000000000000000e+00 -2.625221519631638998e-03 4.780741141359682450e-04 5.483593990221038439e-01 1.010267923394358336e+00 9.994537650668440243e-01 1.021194972822945690e+00 0.000000000000000000e+00
6.782143417388880380e+00 1.828070870766929312e+00 -4.010519096901423125e-04 -1.000000000000000000e+00 -1.938759809221171160e-03 1.170950284208250496e-03 7.436968307578695203e-02 1.009322940320522610e+00 9.985807245932869503e-01 1.020176826487261046e+00 0.000000000000000000e+00
6.787799116220194051e+00 1.826547693944761797e+00 3.043948279874406407e-04 1.000000000000000000e+00 -1.242354292880693857e-03 1.885270259167683496e-03 4.284560028534656340e-02 1.006843935462033102e+00 9.960075377480031023e-01 1.017794312680490032e+00 0.000000000000000000e+00
6.793459531396665696e+00 1.825025786256996740e+00 8.172313424882707853e-04 1.000000000000000000e+00 -7.381593969868391857e-04 2.406660866986953719e-03 3.078667125899414714e-01 1.005326194243933102e+00 9.944466795455233488e-01 1.016320801758678227e+00 0.000000000000000000e+00
6.799124666851304788e+00 1.823505146646170916e+00 1.092786863090184062e-03 1.000000000000000000e+00 -4.690119358382910560e-04 2.688743924203841878e-03 5.478864806892715933e-01 1.004689452716115650e+00 9.938156197473361209e-01 1.015678292140393291e+00 0.000000000000000000e+00
6.804794526520399067e+00 1.821985774055703944e+00 1.180483012228126247e-03 1.000000000000000000e+00 -3.869615846712312537e-04 2.782352661859428030e-03 6.360828136142231415e-01 1.003815463930058716e+00 9.928925023322663357e-01 1.014854509982522579e+00 0.000000000000000000e+00
6.810469114343518982e+00 1.820467667429894965e+00 1.057939304644691780e-03 1.000000000000000000e+00 -5.120870689007026803e-04 2.662722092404607582e-03 5.075917797466900083e-01 1.004049993359922954e+00 9.931851487496308195e-01 1.015029720188420415e+00 0.000000000000000000e+00
6.816148434263521239e+00 1.818950825713921748e+00 7.975558246530835890e-04 1.000000000000000000e+00 -7.774088241306215423e-04 2.407471885437253902e-03 2.862597331637743991e-01 1.005322584894470905e+00 9.943359718849085205e-01 1.016426466539966933e+00 0.000000000000000000e+00
6.821832490226549695e+00 1.817435247853842917e+00 4.592820156132160539e-04 1.000000000000000000e+00 -1.118668128523142829e-03 2.072327348603236231e-03 9.420749088388902237e-02 1.008026570312932080e+00 9.969689430539357966e-01 1.019202621738720671e+00 0.000000000000000000e+00
6.827521286182038907e+00 1.815920932796593723e+00 2.884622052445206153e-04 1.000000000000000000e+00 -1.289837740583235637e-03 1.901975487229852360e-03 3.703647225330541914e-02 1.008433181232556208e+00 9.973756781716474062e-01 1.019608993730090951e+00 0.000000000000000000e+00
6.833214826082717686e+00 1.814407879489987385e+00 1.552925504330427493e-04 1.000000000000000000e+00 -1.420194471735584463e-03 1.766052874290882039e-03 1.075093252651981857e-02 1.009807808431390175e+00 9.986917605298873957e-01 1.021043300802508158e+00 0.000000000000000000e+00
6.838913113884609984e+00 1.812896086882713975e+00 1.194688288835506250e-04 1.000000000000000000e+00 -1.450881500572923392e-03 1.725145981764661732e-03 6.404530715911960215e-03 1.010464504990612467e+00 9.992354475966747085e-01 1.021815296038160570e+00 0.000000000000000000e+00
6.844616153547039339e+00 1.811385553924339531e+00 1.646232823998583798e-04 1.000000000000000000e+00 -1.396873351622319017e-03 1.761606880621006000e-03 1.226754179165823189e-02 1.009404691986300673e+00 9.982529535359840889e-01 1.020676728607568196e+00 0.000000000000000000e+00
6.850323949032630644e+00 1.809876279565305390e+00 3.563603766116286661e-05 1.000000000000000000e+00 -1.519731528348427802e-03 1.626578391226588070e-03 5.779020223144470947e-04 1.010498419023929006e+00 9.992912347240401338e-01 1.021827023954062330e+00 0.000000000000000000e+00
6.856036504307313706e+00 1.808368262756926637e+00 -1.754001078953143814e-04 -1.000000000000000000e+00 -1.728343514605703993e-03 1.413120070888608483e-03 1.402023084153825039e-02 1.010581090275370464e+00 9.992591705741805663e-01 1.022026909054881250e+00 0.000000000000000000e+00
6.861753823340325908e+00 1.806861502451392543e+00 -5.615919806904545817e-04 -1.000000000000000000e+00 -2.110238379542521067e-03 1.022710704122605082e-03 1.434083204606793061e-01 1.011103253644461519e+00 9.998432120449919358e-01 1.022485859475661618e+00 0.000000000000000000e+00
6.867475910104213099e+00 1.805355997601766127e+00 -1.149194501104352758e-03 -1.000000000000000000e+00 -2.694643163880064939e-03 4.320811486532862532e-04 5.986038412086713834e-01 1.012953832148111744e+00 1.001566817093503037e+00 1.024466046762215976e+00 0.000000000000000000e+00
6.873202768574835808e+00 1.803851747161981711e+00 -1.988937132603224491e-03 -1.000000000000000000e+00 -3.524799903486171629e-03 -4.167762264743778752e-04 1.787063544929822001e+00 1.018388510049049067e+00 1.007038677500788237e+00 1.029861971695232636e+00 0.000000000000000000e+00
6.878934402731368358e+00 1.802348750086846252e+00 -2.703416231909159997e-03 -1.000000000000000000e+00 -4.233026093856116431e-03 -1.136970526726917893e-03 3.293515839005920043e+00 1.020837501174914008e+00 1.009358498253862368e+00 1.032442605636346045e+00 0.000000000000000000e+00
6.884670816556305084e+00 1.800847005332036233e+00 -3.297742874178023580e-03 -1.000000000000000000e+00 -4.824603883341002999e-03 -1.733454158928818181e-03 4.871262201886054299e+00 1.022279090675785485e+00 1.010734776086112507e+00 1.033950711764504371e+00 0.000000000000000000e+00
6.890412014035459443e+00 1.799346511854099884e+00 -3.742336408315552997e-03 -1.000000000000000000e+00 -5.271740138208295956e-03 -2.175140472760573630e-03 6.199082480338887535e+00 1.024131488036194693e+00 1.012639073776222309e+00 1.035749730832122628e+00 0.000000000000000000e+00
6.896157999157970231e+00 1.797847268610453630e+00 -3.976698111347114553e-03 -1.000000000000000000e+00 -5.517046853990140165e-03 -2.398468949089721265e-03 6.896391841335685058e+00 1.027271948820321468e+00 1.015639666546682252e+00 1.039032672335611585e+00 0.000000000000000000e+00
6.901908775916301586e+00 1.796349274559382980e+00 -3.814868554740161264e-03 -1.000000000000000000e+00 -5.366164841772639096e-03 -2.225620519626137460e-03 6.278399472965446648e+00 1.029301391748218553e+00 1.017600109052742896e+00 1.041132561790739874e+00 0.000000000000000000e+00
6.907664348306248314e+00 1.794852528660041413e+00 -3.152060906262662502e-03 -1.000000000000000000e+00 -4.711687335509470026e-03 -1.554240506225006710e-03 4.274387833185329555e+00 1.027625521704709444e+00 1.015945623879019655e+00 1.039435071334720240e+00 0.000000000000000000e+00
6.913424720326936779e+00 1.793357029872449937e+00 -2.112266664944665966e-03 -1.000000000000000000e+00 -3.682420580401771400e-03 -5.034400902667506353e-04 1.921286284707150571e+00 1.022232707439760135e+00 1.010532785618975193e+00 1.034063356310218840e+00 0.000000000000000000e+00
6.919189895980827565e+00 1.791862777157495312e+00 -1.158661822946670727e-03 -1.000000000000000000e+00 -2.742740752888025817e-03 4.643963481293362887e-04 5.752842512435449862e-01 1.019912330539092471e+00 1.008237192949359873e+00 1.031718162544168038e+00 0.000000000000000000e+00
6.924959879273719920e+00 1.790369769476931161e+00 -2.520450462102955219e-04 -1.000000000000000000e+00 -1.856903919087247090e-03 1.391717632515339798e-03 2.691151801849400726e-02 1.017164128389770772e+00 1.005445391947652478e+00 1.029014913372571005e+00 0.000000000000000000e+00
6.930734674214753532e+00 1.788878005793375303e+00 3.653728664404745814e-04 1.000000000000000000e+00 -1.259818712383145318e-03 2.029319808167466457e-03 5.571180456192337260e-02 1.017352293820212639e+00 1.005569831396286862e+00 1.029268419336944573e+00 0.000000000000000000e+00
6.936514284816411191e+00 1.787387485070310644e+00 8.184797666948213403e-04 1.000000000000000000e+00 -8.205542145887535907e-04 2.496488068213017966e-03 2.765413826122653518e-01 1.016285675035384584e+00 1.004513277226885215e+00 1.028191773572661782e+00 0.000000000000000000e+00
6.942298715094520567e+00 1.785898206272082511e+00 1.082231695234448475e-03 1.000000000000000000e+00 -5.640303040150914000e-04 2.767988441237528158e-03 4.812914230054161635e-01 1.013805042990989946e+00 1.001983704865774927e+00 1.025761344121939311e+00 0.000000000000000000e+00
6.948087969068260428e+00 1.784410168363900873e+00 9.029987357146916594e-04 1.000000000000000000e+00 -7.441577887897713036e-04 2.590074204551259980e-03 3.342631228933896637e-01 1.015572140072243723e+00 1.003615839883289729e+00 1.027665932281841554e+00 0.000000000000000000e+00
6.953882050760158862e+00 1.782923370311836564e+00 6.600922744977327393e-04 1.000000000000000000e+00 -9.831064889681867709e-04 2.343397554616608817e-03 1.785520782059961675e-01 1.014084505239847500e+00 1.002199772176887382e+00 1.026105486141541734e+00 0.000000000000000000e+00
6.959680964196100383e+00 1.781437811082822398e+00 4.150114097401749638e-04 1.000000000000000000e+00 -1.226309763863922498e-03 2.096403436041248403e-03 7.065896806176397149e-02 1.009253123264241880e+00 9.972653100159482031e-01 1.021380105535472760e+00 0.000000000000000000e+00
6.965484713405325046e+00 1.779953489644652054e+00 -2.665117446857750709e-05 -1.000000000000000000e+00 -1.661503355523347462e-03 1.648404966885843757e-03 2.921316548736285768e-04 1.006838882900975340e+00 9.947940026504106248e-01 1.019024538488841669e+00 0.000000000000000000e+00
6.971293302420433768e+00 1.778470404965979412e+00 -6.559030730774554349e-04 -1.000000000000000000e+00 -2.278828138539628224e-03 1.007600676906879496e-03 1.776175731895079934e-01 1.008380193708585892e+00 9.963298186103148879e-01 1.020571293031940607e+00 0.000000000000000000e+00
6.977106735277391003e+00 1.776988556016316556e+00 -1.234345989269856544e-03 -1.000000000000000000e+00 -2.845939136240908766e-03 4.181736802777078453e-04 6.321784242816761434e-01 1.010203308165020131e+00 9.980738758261405996e-01 1.022474952385201474e+00 0.000000000000000000e+00
6.982925016015525621e+00 1.775507941766035547e+00 -1.589533543931047300e-03 -1.000000000000000000e+00 -3.191833926855008365e-03 5.384974209286905351e-05 1.052356401099473260e+00 1.009600852717538189e+00 9.975388740862638493e-01 1.021803410535609968e+00 0.000000000000000000e+00
6.988748148677535355e+00 1.774028561186365982e+00 -1.726612983776970893e-03 -1.000000000000000000e+00 -3.327875636366657390e-03 -8.434999744999591847e-05 1.243356790794649669e+00 1.007375237853381567e+00 9.951940989957567263e-01 1.019700175504544282e+00 0.000000000000000000e+00
6.994576137309488573e+00 1.772550413249394330e+00 -1.846419806719127232e-03 -1.000000000000000000e+00 -3.447752305985696958e-03 -2.041291973359157796e-04 1.420360118274544448e+00 1.008328276939461698e+00 9.960692212237606258e-01 1.020732905259379875e+00 0.000000000000000000e+00
7.000408985960828723e+00 1.771073496928063928e+00 -1.751394352268133585e-03 -1.000000000000000000e+00 -3.353139878841409141e-03 -1.085388226446408130e-04 1.277853092024514581e+00 1.008075182182068819e+00 9.958227824372967163e-01 1.020473070425636619e+00 0.000000000000000000e+00
7.006246698684376106e+00 1.769597811196173431e+00 -1.307247242668775795e-03 -1.000000000000000000e+00 -2.913331899015536401e-03 3.401560595253541423e-04 7.134146379968342444e-01 1.003002055414270677e+00 9.907087157723816206e-01 1.015442444468045657e+00 0.000000000000000000e+00
7.012089279536330544e+00 1.768123355028376364e+00 -9.599060497940619481e-04 -1.000000000000000000e+00 -2.570291354545834253e-03 6.919210258552491123e-04 3.843648485228925438e-01 1.002116644158808301e+00 9.898343165760667972e-01 1.014545941875441670e+00 0.000000000000000000e+00
7.017936732576273151e+00 1.766650127400181791e+00 -4.989819912769386922e-04 -1.000000000000000000e+00 -2.117870791385311011e-03 1.161297211034004878e-03 1.036383096750626009e-01 9.996849776501324225e-01 9.873437998430278917e-01 1.012174978548696425e+00 0.000000000000000000e+00
7.023789061867172556e+00 1.765178127287950538e+00 1.117345994692142566e-04 1.000000000000000000e+00 -1.517059525121350338e-03 1.781806182469594484e-03 5.190501325557761447e-03 9.938388182928475922e-01 9.814577757874516362e-01 1.006370550871815706e+00 0.000000000000000000e+00
7.029646271475383124e+00 1.763707353668898525e+00 4.503838816387678514e-04 1.000000000000000000e+00 -1.183075311551630860e-03 2.125053018459327394e-03 8.424030576425423078e-02 9.929777616918943339e-01 9.806067882347941911e-01 1.005499397698685238e+00 0.000000000000000000e+00
7.035508365470652059e+00 1.762237805521092104e+00 8.210450671469212260e-04 1.000000000000000000e+00 -8.151185099728679552e-04 2.498476555981940083e-03 2.808042620470416750e-01 9.891828609801954775e-01 9.767629419021727211e-01 1.001755168701260690e+00 0.000000000000000000e+00
7.041375347926120298e+00 1.760769481823449834e+00 1.032427808377868808e-03 1.000000000000000000e+00 -6.046505429749531729e-04 2.711003537452265442e-03 4.456823702534222775e-01 9.859772069203290856e-01 9.734410476821476754e-01 9.986690500583815799e-01 0.000000000000000000e+00
7.047247222918324283e+00 1.759302381555740702e+00 1.012651421999046864e-03 1.000000000000000000e+00 -6.223167514566310069e-04 2.689525984817392034e-03 4.288873590048325468e-01 9.848261961827070587e-01 9.723658046177504621e-01 9.974404613688147014e-01 0.000000000000000000e+00
7.053123994527200402e+00 1.757836503698584130e+00 9.734895238113381796e-04 1.000000000000000000e+00 -6.665480481997406283e-04 2.655694800334801146e-03 3.947183465064796337e-01 9.815417955746021939e-01 9.689577887855370664e-01 9.942830635003220285e-01 0.000000000000000000e+00
7.059005666836087656e+00 1.756371847233449524e+00 7.237919756408496812e-04 1.000000000000000000e+00 -9.204493005075495586e-04 2.410363870290216631e-03 2.160683589200260712e-01 9.816717235356183791e-01 9.691481360776004195e-01 9.943511534078469660e-01 0.000000000000000000e+00
7.064892243931729432e+00 1.754908411142653613e+00 3.671603218560036018e-04 1.000000000000000000e+00 -1.283846285387365595e-03 2.060500577450076302e-03 5.500334878813362138e-02 9.844664748821303490e-01 9.717774014476130429e-01 9.973150132546687585e-01 0.000000000000000000e+00
7.070783729904277948e+00 1.753446194409361780e+00 4.039261704244333359e-04 1.000000000000000000e+00 -1.250685225558139085e-03 2.100998840847903212e-03 6.641261220056549064e-02 9.802226112340399755e-01 9.674799226266110885e-01 9.931267862445691819e-01 0.000000000000000000e+00
7.076680128847296025e+00 1.751985196017586288e+00 2.750188540664190700e-04 1.000000000000000000e+00 -1.372438179028738579e-03 1.965205576689716196e-03 3.089531752657137531e-02 9.819921633470182210e-01 9.693142814758477499e-01 9.948296860426317778e-01 0.000000000000000000e+00
7.082581444857760644e+00 1.750525414952186498e+00 3.971155254814132877e-04 1.000000000000000000e+00 -1.243310939081500571e-03 2.080454855839288571e-03 6.511351795515452068e-02 9.796602472968607422e-01 9.668643516899761980e-01 9.926191609101757685e-01 0.000000000000000000e+00
7.088487682036063831e+00 1.749066850198867318e+00 4.456383468291146271e-04 1.000000000000000000e+00 -1.186517177735405167e-03 2.120865335436409975e-03 8.281302871159823553e-02 9.788705651424083332e-01 9.660117359004675164e-01 9.918941490059662858e-01 0.000000000000000000e+00
7.094398844486017985e+00 1.747609500744178535e+00 3.777498431840020350e-04 1.000000000000000000e+00 -1.248970921691493598e-03 2.047737057731435946e-03 5.972761445543994796e-02 9.790572225498518355e-01 9.662078461643585081e-01 9.920711673715950640e-01 0.000000000000000000e+00
7.100314936314857661e+00 1.746153365575515037e+00 2.139695291855528241e-04 1.000000000000000000e+00 -1.414656724545925890e-03 1.886065616264751823e-03 1.908447919304023799e-02 9.789124482162405716e-01 9.659830141389877944e-01 9.920084908774023935e-01 0.000000000000000000e+00
7.106235961633242226e+00 1.744698443681114597e+00 -8.839591474350031689e-05 -1.000000000000000000e+00 -1.721861634618257995e-03 1.588762587995175626e-03 3.222731160505531989e-03 9.797245591917124186e-01 9.667878072329825212e-01 9.928279722352959524e-01 0.000000000000000000e+00
7.112161924555259418e+00 1.743244734050058975e+00 -3.799212699585558591e-04 -1.000000000000000000e+00 -2.020481726056312481e-03 1.304479916533675659e-03 5.886222729274948051e-02 9.793986667617202713e-01 9.663751241617030141e-01 9.925911431885395819e-01 0.000000000000000000e+00
7.118092829198427118e+00 1.741792235672271039e+00 -8.225372904127955121e-04 -1.000000000000000000e+00 -2.465874892417750219e-03 8.647971481000240462e-04 2.736451563964550360e-01 9.835260549528397345e-01 9.703219737649518839e-01 9.969029345913094087e-01 0.000000000000000000e+00
7.124028679683696907e+00 1.740340947538516092e+00 -1.033252312736194709e-03 -1.000000000000000000e+00 -2.670583317822247497e-03 6.485181538003472954e-04 4.320461465662646106e-01 9.848014372443701925e-01 9.716678011788326685e-01 9.981058266322668793e-01 0.000000000000000000e+00
7.129969480135457616e+00 1.738890868640399878e+00 -1.157060575705757492e-03 -1.000000000000000000e+00 -2.787100770537528568e-03 5.179032977628301310e-04 5.446852823499881424e-01 9.867781436693855435e-01 9.735588507533503577e-01 1.000170149257544994e+00 0.000000000000000000e+00
7.135915234681537100e+00 1.737441997970369245e+00 -1.108726601354490058e-03 -1.000000000000000000e+00 -2.733380576265330257e-03 5.612754984589964861e-04 5.024511398489579506e-01 9.866291496063134270e-01 9.734250426302979431e-01 1.000005652001287659e+00 0.000000000000000000e+00
7.141865947453204910e+00 1.735994334521709703e+00 -9.602495910258585041e-04 -1.000000000000000000e+00 -2.588828917378793205e-03 7.139049779725271938e-04 3.761403796201392424e-01 9.849828771629161039e-01 9.717083057486962661e-01 9.984318658843457372e-01 0.000000000000000000e+00
7.147821622585176726e+00 1.734547877288545648e+00 -7.537812103955274148e-04 -1.000000000000000000e+00 -2.396166780106362242e-03 9.343480212178516871e-04 2.293992596274705420e-01 9.825825257042787308e-01 9.691644121027386261e-01 9.961792285324742036e-01 0.000000000000000000e+00
7.153782264215615250e+00 1.733102625265839913e+00 -6.060406238933545861e-04 -1.000000000000000000e+00 -2.264130114776511694e-03 1.098113195925144985e-03 1.457940564350792556e-01 9.829988814180069534e-01 9.696432983557639051e-01 9.965313072155447260e-01 0.000000000000000000e+00
7.159747876486134643e+00 1.731658577449392222e+00 -2.462225781968473766e-04 -1.000000000000000000e+00 -1.926199592632921653e-03 1.480071717092734489e-03 2.367602736558183096e-02 9.814088232024572589e-01 9.678968988477574253e-01 9.951018035435980069e-01 0.000000000000000000e+00
7.165718463541802308e+00 1.730215732835839626e+00 2.739330025316358383e-04 1.000000000000000000e+00 -1.421818479753218963e-03 2.016163622975248714e-03 2.897827304698807893e-02 9.803125906315943716e-01 9.668774988994974784e-01 9.939268299207529855e-01 0.000000000000000000e+00
7.171694029531142434e+00 1.728774090422655174e+00 1.183186693428502252e-03 1.000000000000000000e+00 -5.279040137599270554e-04 2.940607742057944202e-03 5.400721307106834956e-01 9.744425286218066917e-01 9.608901972266322700e-01 9.881783230812918317e-01 0.000000000000000000e+00
7.177674578606138667e+00 1.727333649208146804e+00 1.908659681113436318e-03 1.000000000000000000e+00 1.914786802169529938e-04 3.672033785198310779e-03 1.411056589262713601e+00 9.751593673865517342e-01 9.615234428488612650e-01 9.889810812251960126e-01 0.000000000000000000e+00
7.183660114922237661e+00 1.725894408191456675e+00 2.736248522415299974e-03 1.000000000000000000e+00 1.017594627290824240e-03 4.501181394456495177e-03 2.923380083758814862e+00 9.730418062370269627e-01 9.595090277189198824e-01 9.867581398573175289e-01 0.000000000000000000e+00
7.189650642638349964e+00 1.724456366372562499e+00 3.426976165341060702e-03 1.000000000000000000e+00 1.702731647517165617e-03 5.197654854475788205e-03 4.609968151024290250e+00 9.707608458057715994e-01 9.570949639959266397e-01 9.846145107142267872e-01 0.000000000000000000e+00
7.195646165916856241e+00 1.723019522752273547e+00 3.825398295515118705e-03 1.000000000000000000e+00 2.096441661718882916e-03 5.600943627243820840e-03 5.734404154017141764e+00 9.698598054321208028e-01 9.562812870129772103e-01 9.836240365646398143e-01 0.000000000000000000e+00
7.201646688923606376e+00 1.721583876332232421e+00 3.876182682979653887e-03 1.000000000000000000e+00 2.136908499064885635e-03 5.662170122300283839e-03 5.832372275059469757e+00 9.705263028843753581e-01 9.567821824063090785e-01 9.844606026354646433e-01 0.000000000000000000e+00
7.207652215827925701e+00 1.720149426114913060e+00 3.770402511744624062e-03 1.000000000000000000e+00 2.019528074552487049e-03 5.568431400824761825e-03 5.444032189183374726e+00 9.682430587768465768e-01 9.544167120103970170e-01 9.822622059462284838e-01 0.000000000000000000e+00
7.213662750802614987e+00 1.718716171103621404e+00 3.282385140215109565e-03 1.000000000000000000e+00 1.523263007434866052e-03 5.089461316434829713e-03 4.055195092619669595e+00 9.696947622243311526e-01 9.558568654243640994e-01 9.837252864204862890e-01 0.000000000000000000e+00
7.219678298023954888e+00 1.717284110302493172e+00 2.954489292693422697e-03 1.000000000000000000e+00 1.186002894899757616e-03 4.771770244942204371e-03 3.239931890634565548e+00 9.645445539300088189e-01 9.506422130991436514e-01 9.786417442272924427e-01 0.000000000000000000e+00
7.225698861671710382e+00 1.715853242716494531e+00 2.327385401560492714e-03 1.000000000000000000e+00 5.565829727906626036e-04 4.147745629794179038e-03 1.983111009653470092e+00 9.663636019354157058e-01 9.524536534395185994e-01 9.804683349601325260e-01 0.000000000000000000e+00
7.231724445929129885e+00 1.714423567351419875e+00 1.724107304335038837e-03 1.000000000000000000e+00 -4.611092620763492488e-05 3.544384288097270248e-03 1.078129837754886466e+00 9.698481205269071648e-01 9.558252090737457962e-01 9.840683996586792048e-01 0.000000000000000000e+00
7.237755054982951464e+00 1.712995083213891823e+00 1.356498407707252109e-03 1.000000000000000000e+00 -4.100763851985569659e-04 3.173562725889039413e-03 6.662059849517589782e-01 9.710139549782317303e-01 9.568266090413160008e-01 9.854031752797136612e-01 0.000000000000000000e+00
7.243790693023404614e+00 1.711567789311361887e+00 1.210157728598169327e-03 1.000000000000000000e+00 -5.451296390496353575e-04 3.016514572905408965e-03 5.331964861101994302e-01 9.694224091331273829e-01 9.553453965801204095e-01 9.836988194336349078e-01 0.000000000000000000e+00
7.249831364244212040e+00 1.710141684652107807e+00 1.089575709491352783e-03 1.000000000000000000e+00 -6.547584401586437671e-04 2.885493413691757325e-03 4.358613171060170544e-01 9.676821737441053672e-01 9.535425184688622879e-01 9.820235344866928839e-01 0.000000000000000000e+00
7.255877072842594977e+00 1.708716768245233997e+00 6.886160303675970765e-04 1.000000000000000000e+00 -1.045595385862639441e-03 2.474881921393116274e-03 1.747705781399133684e-01 9.709270814497702462e-01 9.566124263366511116e-01 9.854479419183973521e-01 0.000000000000000000e+00
7.261927823019274086e+00 1.707293039100669763e+00 2.754734603233806875e-04 1.000000000000000000e+00 -1.450543440931843439e-03 2.054161700133410977e-03 2.792805854058144632e-02 9.708277077356936013e-01 9.566028769205040527e-01 9.852563241024069329e-01 0.000000000000000000e+00
7.267983618978473004e+00 1.705870496229170197e+00 -5.960561748241896031e-04 -1.000000000000000000e+00 -2.319748114762551407e-03 1.180756449460387781e-03 1.292386278755941476e-01 9.775864954347359692e-01 9.631455677470662780e-01 9.922361103702403984e-01 0.000000000000000000e+00
7.274044464927921894e+00 1.704449138642313732e+00 -1.379567482388822409e-03 -1.000000000000000000e+00 -3.101409322368495897e-03 3.959137532069307609e-04 6.829674960266913786e-01 9.783295909362637044e-01 9.639596571725244090e-01 9.929060638417414042e-01 0.000000000000000000e+00
7.280110365078859225e+00 1.703028965352503699e+00 -2.353227688035577567e-03 -1.000000000000000000e+00 -4.072607568228135341e-03 -5.794901919350351361e-04 1.961463530289165647e+00 9.820686188320671972e-01 9.674986421791537117e-01 9.968501368513221772e-01 0.000000000000000000e+00
7.286181323646034436e+00 1.701609975372965211e+00 -3.302234251628441853e-03 -1.000000000000000000e+00 -5.008412539379477127e-03 -1.540623642193072670e-03 3.838066167640278081e+00 9.865649446073783135e-01 9.720475286015864969e-01 1.001291456613497610e+00 0.000000000000000000e+00
7.292257344847713263e+00 1.700192167717745617e+00 -3.705605528070653881e-03 -1.000000000000000000e+00 -5.400425646339452809e-03 -1.954297127004837875e-03 4.853326332976038771e+00 9.814451278639050313e-01 9.668027439299095027e-01 9.963010985921150198e-01 0.000000000000000000e+00
7.298338432905678630e+00 1.698775541401714717e+00 -4.278934130336774222e-03 -1.000000000000000000e+00 -5.959591320549510740e-03 -2.541101341949846947e-03 6.488686519230057570e+00 9.850408821520146851e-01 9.702874136962171825e-01 1.000010480249042599e+00 0.000000000000000000e+00
7.304424592045234199e+00 1.697360095440562322e+00 -4.572562598666858776e-03 -1.000000000000000000e+00 -6.244912523666367246e-03 -2.842751396091993971e-03 7.417217159735088217e+00 9.857397814100552491e-01 9.709960282722449598e-01 1.000699461902188725e+00 0.000000000000000000e+00
7.310515826495206149e+00 1.695945828850798032e+00 -4.566390380383597916e-03 -1.000000000000000000e+00 -6.239277093040032814e-03 -2.836024696956800355e-03 7.394927164827990396e+00 9.820622347506335892e-01 9.672513329651405423e-01 9.970919977401133671e-01 0.000000000000000000e+00
7.316612140487947613e+00 1.694532740649751679e+00 -4.610905220670559294e-03 -1.000000000000000000e+00 -6.283563908040302494e-03 -2.880700259732731777e-03 7.524660832039756997e+00 9.821012716999500958e-01 9.672994148786964175e-01 9.971218819558650415e-01 0.000000000000000000e+00
7.322713538259342236e+00 1.693120829855571774e+00 -4.388238956020282071e-03 -1.000000000000000000e+00 -6.062880486387209680e-03 -2.655828788453811189e-03 6.828464497173641234e+00 9.770780363296184268e-01 9.622174010658655074e-01 9.921603686235727082e-01 0.000000000000000000e+00
7.328820024048804171e+00 1.691710095487224841e+00 -4.334069983546949036e-03 -1.000000000000000000e+00 -6.007797809800932524e-03 -2.602189233471826485e-03 6.670208767648773573e+00 9.771326623346028306e-01 9.621751893037358006e-01 9.923146522679388015e-01 0.000000000000000000e+00
7.334931602099284298e+00 1.690300536564494527e+00 -4.270936507101282323e-03 -1.000000000000000000e+00 -5.943567064490300547e-03 -2.539705305944762320e-03 6.480317614744038224e+00 9.769093416256261486e-01 9.619617837746323730e-01 9.920812302065773469e-01 0.000000000000000000e+00
7.341048276657271110e+00 1.688892152107981603e+00 -4.217285002659101542e-03 -1.000000000000000000e+00 -5.893932351778022674e-03 -2.481904237697695349e-03 6.302786725499501586e+00 9.763671887812225281e-01 9.613181996774128324e-01 9.916435510165616529e-01 0.000000000000000000e+00
7.347170051972794269e+00 1.687484941139102412e+00 -4.194061685442809079e-03 -1.000000000000000000e+00 -5.875815986223251013e-03 -2.453696587128544569e-03 6.203113746146243557e+00 9.762737197287482127e-01 9.612254795070520608e-01 9.915494976430577756e-01 0.000000000000000000e+00
7.353296932299427269e+00 1.686078902680089531e+00 -4.151530582725024981e-03 -1.000000000000000000e+00 -5.838958988594994924e-03 -2.405560672936656649e-03 6.055599838946847058e+00 9.761766679387617884e-01 9.610182160069447033e-01 9.915659378010083236e-01 0.000000000000000000e+00
7.359428921894291875e+00 1.684674035753989330e+00 -4.130205968376589494e-03 -1.000000000000000000e+00 -5.820623916248367571e-03 -2.380950732390245406e-03 5.986341793947573819e+00 9.778811497711693557e-01 9.625226652704501618e-01 9.933978152878428780e-01 0.000000000000000000e+00
7.365566025018059015e+00 1.683270339384662417e+00 -3.942463532463003593e-03 -1.000000000000000000e+00 -5.632902028399599907e-03 -2.192636857008652823e-03 5.458618225240755351e+00 9.768117325641672011e-01 9.615450853258725727e-01 9.923121211163103972e-01 0.000000000000000000e+00
7.371708245934952330e+00 1.681867812596783196e+00 -3.798139815725177365e-03 -1.000000000000000000e+00 -5.495685102956472494e-03 -2.041028891344046602e-03 5.050203645348901205e+00 9.782352577931567872e-01 9.627686252871847650e-01 9.938622159979175752e-01 0.000000000000000000e+00
7.377855588912752616e+00 1.680466454415837863e+00 -3.589628135429452031e-03 -1.000000000000000000e+00 -5.296075421778229445e-03 -1.823467071112665509e-03 4.478153886444090404e+00 9.793267169865337296e-01 9.639324531373311133e-01 9.949579795724472486e-01 0.000000000000000000e+00
7.384008058222798709e+00 1.679066263868125519e+00 -3.185163891032711560e-03 -1.000000000000000000e+00 -4.908958259940406597e-03 -1.401737141628446289e-03 3.497200802026270594e+00 9.767625883149461119e-01 9.611916586419306796e-01 9.924961367733009521e-01 0.000000000000000000e+00
7.390165658139991045e+00 1.677667239980756175e+00 -2.738058946929536330e-03 -1.000000000000000000e+00 -4.477715001645593551e-03 -9.388628077926450006e-04 2.565801943772356708e+00 9.745185792504588163e-01 9.588485339687208286e-01 9.903537193012401652e-01 0.000000000000000000e+00
7.396328392942796093e+00 1.676269381781650081e+00 -2.288014854457040385e-03 -1.000000000000000000e+00 -4.038154606842057903e-03 -4.781085105573575512e-04 1.784277683773993317e+00 9.731764686855391977e-01 9.575236829615625389e-01 9.889942225226692196e-01 0.000000000000000000e+00
7.402496266913247247e+00 1.674872688299538392e+00 -1.691661382116758277e-03 -1.000000000000000000e+00 -3.452339403509258140e-03 1.293093655700958741e-04 9.751956006096662577e-01 9.680250005218369314e-01 9.523020119495958502e-01 9.839153063586871806e-01 0.000000000000000000e+00
7.408669284336948380e+00 1.673477158563960288e+00 -1.292868933770399296e-03 -1.000000000000000000e+00 -3.061919635070359767e-03 5.369857108464912848e-04 5.678139889636923954e-01 9.668406396646332945e-01 9.511351593888957012e-01 9.827131931062048631e-01 0.000000000000000000e+00
7.414847449503079169e+00 1.672082791605264962e+00 -9.653456089101583463e-04 -1.000000000000000000e+00 -2.748101135552482623e-03 8.784178329847384123e-04 3.141841309600437171e-01 9.657261214064022381e-01 9.499117792689886208e-01 9.817100036259590601e-01 0.000000000000000000e+00
7.421030766704393322e+00 1.670689586454608300e+00 -6.234333267954790840e-04 -1.000000000000000000e+00 -2.424255450366028051e-03 1.238593107736165114e-03 1.295777274784200017e-01 9.625867116524232658e-01 9.466726787449362135e-01 9.786729549450529086e-01 0.000000000000000000e+00
7.427219240237226572e+00 1.669297542143953983e+00 -4.191557113378461511e-04 -1.000000000000000000e+00 -2.236538394853544547e-03 1.459839770423588525e-03 5.776283419302785660e-02 9.619760573337935439e-01 9.460637301802157229e-01 9.780605440172523979e-01 0.000000000000000000e+00
7.433412874401496673e+00 1.667906657706072160e+00 -2.687077882414494077e-04 -1.000000000000000000e+00 -2.102521475026669900e-03 1.627084056316857857e-03 2.343044565991192485e-02 9.628365927820502490e-01 9.467907366553994786e-01 9.790571119003970146e-01 0.000000000000000000e+00
7.439611673500706956e+00 1.666516932174539223e+00 -9.515054597857028901e-06 -1.000000000000000000e+00 -1.855737232713776516e-03 1.899206107720695716e-03 2.911389161397437420e-05 9.620670573442052786e-01 9.460300671614073620e-01 9.782786199474381439e-01 0.000000000000000000e+00
7.445815641841948995e+00 1.665128364583736253e+00 1.721025098334510236e-04 1.000000000000000000e+00 -1.685134917269119409e-03 2.092332336306882649e-03 9.450288304336140754e-03 9.649750315043825744e-01 9.487940363048593673e-01 9.813331417042250315e-01 0.000000000000000000e+00
7.452024783735907043e+00 1.663740953968849468e+00 5.890279895157627277e-04 1.000000000000000000e+00 -1.279538833265861462e-03 2.521089143624464547e-03 1.100785243467754526e-01 9.637445219771507698e-01 9.475814867527296848e-01 9.800843501655003287e-01 0.000000000000000000e+00
7.458239103496859812e+00 1.662354699365868660e+00 1.123924532947243949e-03 1.000000000000000000e+00 -7.608272684869298984e-04 3.072423613505608636e-03 3.982268150590471123e-01 9.609572525489313843e-01 9.446945144500062952e-01 9.773995299081457144e-01 0.000000000000000000e+00
7.464458605442683137e+00 1.660969599811586539e+00 1.769709604066114356e-03 1.000000000000000000e+00 -1.356623930269375364e-04 3.738946502585948923e-03 9.799481417708193476e-01 9.562609507093603467e-01 9.398237155867210646e-01 9.728825863717053268e-01 0.000000000000000000e+00
7.470683293894854415e+00 1.659585654343599170e+00 2.456880554178207058e-03 1.000000000000000000e+00 5.338035699455920356e-04 4.444110153278698142e-03 1.873569147000750945e+00 9.507066550917231407e-01 9.344080592128456431e-01 9.671876911275389954e-01 0.000000000000000000e+00
7.476913173178454386e+00 1.658202862000304201e+00 3.101446786045251348e-03 1.000000000000000000e+00 1.157540177945828733e-03 5.109685100048466135e-03 2.962531692173229203e+00 9.457525306614884553e-01 9.292808398890087807e-01 9.624115054490121057e-01 0.000000000000000000e+00
7.483148247622170679e+00 1.656821221820899526e+00 3.418261832989973568e-03 1.000000000000000000e+00 1.463910267552073069e-03 5.437159615373425396e-03 3.570422806720316089e+00 9.475836951620012494e-01 9.311940753275564919e-01 9.641585791711272391e-01 0.000000000000000000e+00
7.489388521558299594e+00 1.655440732845385288e+00 3.746933947776615904e-03 1.000000000000000000e+00 1.782924569957900721e-03 5.775544906044639999e-03 4.279056779227758511e+00 9.465698555289038252e-01 9.299790465766684111e-01 9.633507273947045091e-01 0.000000000000000000e+00
7.495633999322752317e+00 1.654061394114560324e+00 3.660048665492111018e-03 1.000000000000000000e+00 1.696533499707502876e-03 5.688367333489577696e-03 4.078002695413132983e+00 9.523590936962235132e-01 9.355990983152885354e-01 9.693119464286231723e-01 0.000000000000000000e+00
7.501884685255054031e+00 1.652683204670022832e+00 3.608418928791975577e-03 1.000000000000000000e+00 1.650435069254929492e-03 5.631681892281626550e-03 3.976338487109671860e+00 9.525797142235324921e-01 9.358344529048078231e-01 9.695176024311925600e-01 0.000000000000000000e+00
7.508140583698349246e+00 1.651306163554170148e+00 3.276845160211478217e-03 1.000000000000000000e+00 1.325772573238689824e-03 5.293674442928849797e-03 3.284529619174605841e+00 9.546167386572197433e-01 9.377302539545806503e-01 9.716986454532192674e-01 0.000000000000000000e+00
7.514401698999403578e+00 1.649930269810196748e+00 2.739971830558219322e-03 1.000000000000000000e+00 7.984242135031149792e-04 4.747771729256583528e-03 2.294103958746589456e+00 9.563178404001617672e-01 9.394276000035283181e-01 9.734032815861266563e-01 0.000000000000000000e+00
7.520668035508609073e+00 1.648555522482095359e+00 2.110573542918458591e-03 1.000000000000000000e+00 1.760473767113330569e-04 4.111886740719579783e-03 1.357290520244816889e+00 9.551339077349642048e-01 9.381199702755591563e-01 9.723461536270217032e-01 0.000000000000000000e+00
7.526939597579984209e+00 1.647181920614653627e+00 1.175561053037911616e-03 1.000000000000000000e+00 -7.460756259906815065e-04 3.164934541628879223e-03 4.186043418683027539e-01 9.576882877856981446e-01 9.407462661818981609e-01 9.748264120935110633e-01 0.000000000000000000e+00
7.533216389571179228e+00 1.645809463253457006e+00 8.740381182949494884e-05 1.000000000000000000e+00 -1.822523540043067495e-03 2.066102836450210960e-03 2.299767513648021122e-03 9.619167632067140428e-01 9.447123932366775501e-01 9.793219604118359456e-01 0.000000000000000000e+00
7.539498415843477019e+00 1.644438149444884756e+00 -9.422265326047890490e-04 -1.000000000000000000e+00 -2.837648052250003709e-03 1.022947299734442523e-03 2.661712530975393065e-01 9.647165025118263904e-01 9.473513786995475527e-01 9.822856296923668795e-01 0.000000000000000000e+00
7.545785680761798453e+00 1.643067978236111282e+00 -1.879898452324043094e-03 -1.000000000000000000e+00 -3.757488693882044505e-03 6.792895481589006704e-05 1.057993226896897454e+00 9.675956424774957432e-01 9.502173509843776511e-01 9.851778338543503155e-01 0.000000000000000000e+00
7.552078188694705041e+00 1.641698948675104575e+00 -2.528890463033415213e-03 -1.000000000000000000e+00 -4.389167265757309630e-03 -5.979953454693014234e-04 1.923718925609549046e+00 9.671595557698103862e-01 9.496559579076778723e-01 9.848702678449005044e-01 0.000000000000000000e+00
7.558375944014398939e+00 1.640331059810627101e+00 -3.067394429795016614e-03 -1.000000000000000000e+00 -4.904320657641082423e-03 -1.158790857802682438e-03 2.855670576283955597e+00 9.687733121911199508e-01 9.512803641834853829e-01 9.864727682945864107e-01 0.000000000000000000e+00
7.564678951096730941e+00 1.638964310692231585e+00 -3.534770578629889675e-03 -1.000000000000000000e+00 -5.352676714831487194e-03 -1.644051912456084537e-03 3.820373844154872245e+00 9.727700211378910167e-01 9.551187697923803066e-01 9.906306599890496445e-01 0.000000000000000000e+00
7.570987214321198699e+00 1.637598700370265004e+00 -3.775812610127860479e-03 -1.000000000000000000e+00 -5.586183710991546661e-03 -1.892155454679404769e-03 4.360636565466307957e+00 9.734435643595394927e-01 9.558012554325817645e-01 9.912950139512142211e-01 0.000000000000000000e+00
7.577300738070952946e+00 1.636234227895864146e+00 -3.425626422838351330e-03 -1.000000000000000000e+00 -5.249928492279848022e-03 -1.528036955192507750e-03 3.572633983729645024e+00 9.603036140614924498e-01 9.426283255635469205e-01 9.781917113252058815e-01 0.000000000000000000e+00
7.583619526732800153e+00 1.634870892320956948e+00 -3.372314609205987693e-03 -1.000000000000000000e+00 -5.214680771745965060e-03 -1.456458998459042326e-03 3.415049855196855333e+00 9.582703232606927246e-01 9.403656101069680640e-01 9.763937613333643073e-01 0.000000000000000000e+00
7.589943584697204315e+00 1.633508692698261822e+00 -3.277441732660859360e-03 -1.000000000000000000e+00 -5.133133513480356118e-03 -1.347490265178882341e-03 3.181381247579778915e+00 9.595608496537452181e-01 9.417405066331987484e-01 9.775975160814321940e-01 0.000000000000000000e+00
7.596272916358290495e+00 1.632147628081284996e+00 -2.723959993098612215e-03 -1.000000000000000000e+00 -4.599879096351582389e-03 -7.734093768072172314e-04 2.182426439671218077e+00 9.539687592988754794e-01 9.359582945310033208e-01 9.722013655208980865e-01 0.000000000000000000e+00
7.602607526113848380e+00 1.630787697524322288e+00 -2.066679551900180590e-03 -1.000000000000000000e+00 -3.955743411030555358e-03 -1.029148217762715541e-04 1.252489688934275591e+00 9.504485391332847533e-01 9.325791583260176765e-01 9.685375843190109357e-01 0.000000000000000000e+00
7.608947418365335835e+00 1.629428900082457776e+00 -1.290309109128009264e-03 -1.000000000000000000e+00 -3.195433135050308304e-03 6.894517359878722055e-04 4.883860617068620513e-01 9.468092479764672609e-01 9.287468874990972845e-01 9.650970955351139136e-01 0.000000000000000000e+00
7.615292597517878903e+00 1.628071234811562906e+00 -6.759270793412626129e-04 -1.000000000000000000e+00 -2.590622268012545207e-03 1.313908732189548491e-03 1.337984503392277702e-01 9.479324217900398919e-01 9.299768794849275766e-01 9.661107389159839798e-01 0.000000000000000000e+00
7.621643067980279795e+00 1.626714700768294497e+00 -1.241982487134577124e-04 -1.000000000000000000e+00 -2.056318995326353576e-03 1.883575490427631411e-03 4.491196578968015274e-03 9.485340634206127497e-01 9.303448353140462146e-01 9.669517291886737809e-01 0.000000000000000000e+00
7.627998834165015118e+00 1.625359297010096737e+00 3.905137266145756298e-04 1.000000000000000000e+00 -1.563999906089333499e-03 2.421112313954578484e-03 4.389054585249141383e-02 9.461644366216536151e-01 9.278545175195606065e-01 9.647064610141268259e-01 0.000000000000000000e+00
7.634359900488242090e+00 1.624005022595198744e+00 6.761087523604754866e-04 1.000000000000000000e+00 -1.301487181701339781e-03 2.730249143848306227e-03 1.292152985158310230e-01 9.452715156604548641e-01 9.269722684253142164e-01 9.638028916173275729e-01 0.000000000000000000e+00
7.640726271369800315e+00 1.622651876582614117e+00 8.490786684638042389e-04 1.000000000000000000e+00 -1.153551866970583921e-03 2.929035688067831416e-03 1.998245813916383895e-01 9.430077200656091785e-01 9.245756785900559604e-01 9.616756691128205414e-01 0.000000000000000000e+00
7.647097951233216229e+00 1.621299858032140939e+00 8.060943402803741201e-04 1.000000000000000000e+00 -1.214147433066171738e-03 2.905032182743010061e-03 1.767611507786170932e-01 9.431688470660328782e-01 9.247351765772521270e-01 9.618381504995620057e-01 0.000000000000000000e+00
7.653474944505703093e+00 1.619948966004359558e+00 8.683392395478638399e-04 1.000000000000000000e+00 -1.168434028622245945e-03 2.985305105064721843e-03 2.023562735511461597e-01 9.389632290366241030e-01 9.204186545727178759e-01 9.577469705424697111e-01 0.000000000000000000e+00
7.659857255618167216e+00 1.618599199560634805e+00 7.614870070436948737e-04 1.000000000000000000e+00 -1.284934287584676722e-03 2.889281553917902052e-03 1.536774987548881199e-01 9.393234317768247577e-01 9.207815409872340817e-01 9.581042026703066039e-01 0.000000000000000000e+00
7.666244889005210617e+00 1.617250557763112662e+00 4.827958118930221606e-04 1.000000000000000000e+00 -1.572215065619656264e-03 2.619795975255231456e-03 6.096314595254170854e-02 9.457296832930470742e-01 9.269827411730209299e-01 9.647191199734134193e-01 0.000000000000000000e+00
7.672637849105131913e+00 1.615903039674720043e+00 4.237354120727554289e-04 1.000000000000000000e+00 -1.642253314844856985e-03 2.572121137536081178e-03 4.649676730983287598e-02 9.487196564870356008e-01 9.297018887896751904e-01 9.679862102495374598e-01 0.000000000000000000e+00
7.679036140359931650e+00 1.614556644359165460e+00 5.737292597619842024e-04 1.000000000000000000e+00 -1.497938796249554446e-03 2.728480907155190951e-03 8.476458883555437751e-02 9.485516899445177730e-01 9.296494573154422403e-01 9.677000005674025740e-01 0.000000000000000000e+00
7.685439767215314077e+00 1.613211370880937023e+00 7.527250659753556995e-04 1.000000000000000000e+00 -1.326562570046941822e-03 2.915572778926598524e-03 1.455313006194387526e-01 9.490994747617570448e-01 9.299545716142345597e-01 9.684966396762818563e-01 0.000000000000000000e+00
7.691848734120691589e+00 1.611867218305303329e+00 1.009088948777443328e-03 1.000000000000000000e+00 -1.071605470409765825e-03 3.173685257730423682e-03 2.617050662071704892e-01 9.477600506951515680e-01 9.287439037200626579e-01 9.670256785711499603e-01 0.000000000000000000e+00
7.698263045529186499e+00 1.610524185698310351e+00 1.080969949996078315e-03 1.000000000000000000e+00 -1.001894970757286323e-03 3.247599518002071244e-03 3.005879278494347773e-01 9.500095768596563683e-01 9.307312956058098052e-01 9.695436568325108695e-01 0.000000000000000000e+00
7.704682705897634598e+00 1.609182272126782998e+00 1.180686652428994746e-03 1.000000000000000000e+00 -8.987717001860406896e-04 3.344129698109853718e-03 3.596389695162685030e-01 9.489785691786368771e-01 9.298203215037396108e-01 9.683899875287657055e-01 0.000000000000000000e+00
7.711107719686588702e+00 1.607841476658323998e+00 9.811026031534594415e-04 1.000000000000000000e+00 -1.096918014860446102e-03 3.143627943949396479e-03 2.482431097994464153e-01 9.528946292098455784e-01 9.334471369310617384e-01 9.726015599113949639e-01 0.000000000000000000e+00
7.717538091360320429e+00 1.606501798361312572e+00 6.543511225517635067e-04 1.000000000000000000e+00 -1.423836972154233138e-03 2.817880764515844766e-03 1.098806170259507553e-01 9.575755228581537271e-01 9.379189502187270655e-01 9.774951396579136809e-01 0.000000000000000000e+00
7.723973825386825531e+00 1.605163236304904206e+00 2.668607741617908284e-04 1.000000000000000000e+00 -1.814578004177731362e-03 2.434269556619766527e-03 1.806824370324022766e-02 9.626428700064858512e-01 9.430268592310407927e-01 9.825194358516929904e-01 0.000000000000000000e+00
7.730414926237823892e+00 1.603825789559029547e+00 9.058560219694077877e-05 1.000000000000000000e+00 -2.007616799580751697e-03 2.274507180348776976e-03 2.052853072683546998e-03 9.631185617666749854e-01 9.432147918750758420e-01 9.832901949080209425e-01 0.000000000000000000e+00
7.736861398388765743e+00 1.602489457194395728e+00 9.369440579393460223e-05 1.000000000000000000e+00 -2.016576624009021497e-03 2.289242163120095049e-03 2.171880481711241373e-03 9.627308164520280709e-01 9.429214655971255299e-01 9.828057870871707014e-01 0.000000000000000000e+00
7.743313246318833443e+00 1.601154238282482378e+00 6.808340881420674911e-05 1.000000000000000000e+00 -2.047827596234968843e-03 2.268903994614736557e-03 1.143206041874123002e-03 9.687813759756533916e-01 9.486483034698971473e-01 9.891872759009501248e-01 0.000000000000000000e+00
7.749770474510944140e+00 1.599820131895543396e+00 5.640351300867321336e-04 1.000000000000000000e+00 -1.545260921049267577e-03 2.758546389429523092e-03 7.937063365642416102e-02 9.664434044335046270e-01 9.464637889880662680e-01 9.866926779121243385e-01 0.000000000000000000e+00
7.756233087451753327e+00 1.598487137106606282e+00 1.112012554705947088e-03 1.000000000000000000e+00 -9.909982769931171241e-04 3.300402100021169322e-03 3.135319774812188598e-01 9.652935077847730749e-01 9.450888890038491308e-01 9.857742246857573720e-01 0.000000000000000000e+00
7.762701089631657503e+00 1.597155252989470364e+00 1.649961703581956504e-03 1.000000000000000000e+00 -4.460109693441205361e-04 3.831445769254320129e-03 6.990667791137923359e-01 9.633108784084349896e-01 9.432650853962327719e-01 9.836294875618011302e-01 0.000000000000000000e+00
7.769174485544799502e+00 1.595824478618706577e+00 1.888122884821001515e-03 1.000000000000000000e+00 -2.118276100575807765e-04 4.073445710893403363e-03 9.170636121019128950e-01 9.652527319296326791e-01 9.449357044458570609e-01 9.858496606586417688e-01 0.000000000000000000e+00
7.775653279689067610e+00 1.594494813069657235e+00 2.020101004954017506e-03 1.000000000000000000e+00 -9.139085267823292974e-05 4.217283909224555510e-03 1.042172395404520557e+00 9.634210024810877515e-01 9.429565923944730477e-01 9.841699769578501344e-01 0.000000000000000000e+00
7.782137476566102663e+00 1.593166255418435151e+00 1.791015626360084427e-03 1.000000000000000000e+00 -3.337721068533384353e-04 4.002636710608910645e-03 8.052820196231493810e-01 9.642569210017578607e-01 9.437806466565177299e-01 9.850176741325532559e-01 0.000000000000000000e+00
7.788627080681298942e+00 1.591838804741922297e+00 1.089985983053576172e-03 1.000000000000000000e+00 -1.050165302309619868e-03 3.318706833096461001e-03 2.906954493542457385e-01 9.717305879853713746e-01 9.509873945419787811e-01 9.927630212325784242e-01 0.000000000000000000e+00
7.795122096543806833e+00 1.590512460117771143e+00 4.541435568386046370e-04 1.000000000000000000e+00 -1.702468737359858885e-03 2.701282598797836998e-03 4.913649366811512209e-02 9.739280600436748259e-01 9.531446377498552502e-01 9.950005509416774974e-01 0.000000000000000000e+00
7.801622528666539047e+00 1.589187220624400876e+00 4.207705673803486754e-05 1.000000000000000000e+00 -2.135671639385176325e-03 2.311448868628277181e-03 4.120015867954407440e-04 9.712091162422686885e-01 9.502552998418819508e-01 9.924571033237201689e-01 0.000000000000000000e+00
7.808128381566169729e+00 1.587863085341000069e+00 -3.039613987144029099e-04 -1.000000000000000000e+00 -2.492451799856484559e-03 1.976399618688709850e-03 2.115393084648076183e-02 9.723878290630698640e-01 9.514208771809582466e-01 9.936491777087289590e-01 0.000000000000000000e+00
7.814639659763139790e+00 1.586540053347523793e+00 -6.816884308412115125e-04 -1.000000000000000000e+00 -2.865797485528185588e-03 1.594460896014568332e-03 1.059659528667964423e-01 9.829681277922405203e-01 9.617346208400603391e-01 1.004500733999393436e+00 0.000000000000000000e+00
7.821156367781661345e+00 1.585218123724693617e+00 -2.904897933885387893e-04 -1.000000000000000000e+00 -2.464285864972717670e-03 1.976042485069199120e-03 1.954010794912619531e-02 9.811305804661326624e-01 9.596613387488645008e-01 1.002906354103649811e+00 0.000000000000000000e+00
7.827678510149716828e+00 1.583897295553998275e+00 3.167678099164057226e-04 1.000000000000000000e+00 -1.839523801212022535e-03 2.566452633571276055e-03 2.372755092781630992e-02 9.773556172119032270e-01 9.560992732195715549e-01 9.989141462275751282e-01 0.000000000000000000e+00
7.834206091399066985e+00 1.582577567917689887e+00 6.692222018741668214e-04 1.000000000000000000e+00 -1.479802742047990225e-03 2.911321735484584828e-03 1.072695293070040634e-01 9.798470435324183603e-01 9.583087827364099587e-01 1.001695301470590715e+00 0.000000000000000000e+00
7.840739116065250869e+00 1.581258939898786631e+00 9.373377767465543384e-04 1.000000000000000000e+00 -1.210363189862895261e-03 3.177864761869213413e-03 2.110159898252987887e-01 9.798016652456748021e-01 9.584117063497737954e-01 1.001498117266301779e+00 0.000000000000000000e+00
7.847277588687588512e+00 1.579941410581070071e+00 1.013635730952006965e-03 1.000000000000000000e+00 -1.145709269592919133e-03 3.265875280610016675e-03 2.450948138411774835e-01 9.774974205535402749e-01 9.558390060940650246e-01 9.994709571215212307e-01 0.000000000000000000e+00
7.853821513809187138e+00 1.578624979049085830e+00 7.077854196766460290e-04 1.000000000000000000e+00 -1.458395750009102267e-03 2.967894524605407293e-03 1.178326994640173098e-01 9.774033536480059015e-01 9.558660824942477596e-01 9.992521447214598451e-01 0.000000000000000000e+00
7.860370895976941163e+00 1.577309644388141585e+00 1.640342546875771755e-05 1.000000000000000000e+00 -2.156583034582448127e-03 2.284709415061769028e-03 6.222977178538258158e-05 9.803632525696204247e-01 9.584820255341103268e-01 1.002564619219492359e+00 0.000000000000000000e+00
7.866925739741537527e+00 1.575995405684307737e+00 -1.031065049186022722e-03 -1.000000000000000000e+00 -3.196279036019190022e-03 1.231541130740554293e-03 2.418486169213451831e-01 9.879648270755102546e-01 9.661236804836155212e-01 1.010122140283703951e+00 0.000000000000000000e+00
7.873486049657457464e+00 1.574682262024415857e+00 -1.938410664010537529e-03 -1.000000000000000000e+00 -4.097534604020099461e-03 3.203445844122034935e-04 8.453302537743780931e-01 9.897748167997881819e-01 9.676037355424210729e-01 1.012270303073042887e+00 0.000000000000000000e+00
7.880051830282980951e+00 1.573370212496058462e+00 -2.796735320567047579e-03 -1.000000000000000000e+00 -4.941951137703895144e-03 -5.490789791308603104e-04 1.742634192091358614e+00 9.923639595796798218e-01 9.702973845787483675e-01 1.014750864948954501e+00 0.000000000000000000e+00
7.886623086180188480e+00 1.572059256187587906e+00 -3.356127166836898879e-03 -1.000000000000000000e+00 -5.500591015369842539e-03 -1.108046419584356092e-03 2.487150951460989745e+00 9.921813928815101935e-01 9.698077303498354729e-01 1.014884005474745887e+00 0.000000000000000000e+00
7.893199821914964609e+00 1.570749392188117488e+00 -3.629051512066315023e-03 -1.000000000000000000e+00 -5.776956084041171349e-03 -1.377521246651003915e-03 2.886796008711542072e+00 9.922004081441673229e-01 9.696460234816491885e-01 1.015089387060019943e+00 0.000000000000000000e+00
7.899782042057002407e+00 1.569440619587517682e+00 -3.550914912885139510e-03 -1.000000000000000000e+00 -5.699126000287926472e-03 -1.298882354209053482e-03 2.760657225810021487e+00 9.918233146265396094e-01 9.692974892347605564e-01 1.014683526244144929e+00 0.000000000000000000e+00
7.906369751179806116e+00 1.568132937476418354e+00 -2.856484168783111465e-03 -1.000000000000000000e+00 -5.009974701433784691e-03 -5.978312049442547661e-04 1.800443031731873589e+00 9.822351698833164946e-01 9.596553715126566741e-01 1.005154007043007169e+00 0.000000000000000000e+00
7.912962953860692039e+00 1.566826344946206540e+00 -2.253097415118681963e-03 -1.000000000000000000e+00 -4.412804791207249229e-03 1.313956739422070252e-05 1.123548504264761050e+00 9.800558269918997478e-01 9.575337102700196557e-01 1.002916091427407563e+00 0.000000000000000000e+00
7.919561654680794760e+00 1.565520841089027337e+00 -1.569850331543478673e-03 -1.000000000000000000e+00 -3.754204298753322129e-03 7.207217814992105190e-04 5.420724423160265815e-01 9.775926978887617969e-01 9.549229923723794311e-01 1.000605953707036644e+00 0.000000000000000000e+00
7.926165858225068916e+00 1.564216424997781019e+00 -8.716596302441076589e-04 -1.000000000000000000e+00 -3.090716528237403334e-03 1.453356505699571460e-03 1.645133360475199424e-01 9.751256659166114282e-01 9.524886212958638687e-01 9.981065130807506014e-01 0.000000000000000000e+00
7.932775569082291867e+00 1.562913095766124583e+00 -2.231518267457500851e-04 -1.000000000000000000e+00 -2.484885031638325251e-03 2.144795248586680008e-03 1.055410021962188694e-02 9.740400662933407228e-01 9.512170613350767745e-01 9.972129773066060743e-01 0.000000000000000000e+00
7.939390791845069018e+00 1.561610852488469980e+00 4.714001678055279566e-04 1.000000000000000000e+00 -1.830910329405381056e-03 2.880835831064929107e-03 4.611718520342833472e-02 9.716323784886060633e-01 9.488349664751849488e-01 9.947797204453663333e-01 0.000000000000000000e+00
7.946011531109834714e+00 1.560309694259983226e+00 1.164654210030110701e-03 1.000000000000000000e+00 -1.175876855271655325e-03 3.612930251309679538e-03 2.767112052537186173e-01 9.693184241990948635e-01 9.463524604770910953e-01 9.926402357339928484e-01 0.000000000000000000e+00
7.952637791476856677e+00 1.559009620176584621e+00 1.489524807551180757e-03 1.000000000000000000e+00 -8.778507609074536963e-04 3.965001523102298572e-03 4.460299202425090925e-01 9.769188408735315354e-01 9.535475707161209513e-01 1.000655768434406179e+00 0.000000000000000000e+00
7.959269577550237784e+00 1.557710629334948083e+00 2.198115162769525774e-03 1.000000000000000000e+00 -1.877152873622791283e-04 4.693041136900336779e-03 9.665887943158253393e-01 9.726127590896759267e-01 9.494446148816508835e-01 9.961421201938710501e-01 0.000000000000000000e+00
7.965906893937922284e+00 1.556412720832499597e+00 2.878937084537608066e-03 1.000000000000000000e+00 4.714659616265166019e-04 5.396455966713778127e-03 1.653310210460674057e+00 9.667514921041557852e-01 9.433358263016209388e-01 9.905378608502409810e-01 0.000000000000000000e+00
7.972549745251694908e+00 1.555115893767417656e+00 3.404823044552151862e-03 1.000000000000000000e+00 9.813251980621507872e-04 5.939323088519752117e-03 2.299295783295434603e+00 9.619683999038134425e-01 9.387564896709502671e-01 9.855466280940516910e-01 0.000000000000000000e+00
7.979198136107187977e+00 1.553820147238631932e+00 3.435015850237865386e-03 1.000000000000000000e+00 9.920413604517872713e-04 5.989355985434633226e-03 2.308313561466562192e+00 9.674430005146233968e-01 9.438420935768648823e-01 9.914206015547041284e-01 0.000000000000000000e+00
7.985852071123881402e+00 1.552525480345822828e+00 3.563265629483775357e-03 1.000000000000000000e+00 1.103169107360702124e-03 6.135780501833927245e-03 2.449035921379831393e+00 9.662965130244413059e-01 9.428465548453963674e-01 9.901192255503726836e-01 0.000000000000000000e+00
7.992511554925108008e+00 1.551231892189421036e+00 3.332033327124508774e-03 1.000000000000000000e+00 8.544111257395140858e-04 5.922664873144683519e-03 2.106923641520324963e+00 9.714800988200579246e-01 9.476357919732416590e-01 9.957074662352120020e-01 0.000000000000000000e+00
7.999176592138056208e+00 1.549939381870606869e+00 3.084247683359260701e-03 1.000000000000000000e+00 6.008899310111152740e-04 5.682451366718551181e-03 1.783400703213445126e+00 9.738915427532666147e-01 9.501623476086243913e-01 9.979991713851946722e-01 0.000000000000000000e+00
