# OBJ_NAME=4U 1728-34
#         GRID_START=6.00
#         GRID_END=8.00
#         GRID_STEP_FRACTION=0.50
#         XSPEC_FITSTAT=cstat
#         XSPEC_CONTINUUM_MODEL=tbabs*(bbodyrad + pow)*constant
#         XSPEC_LINE_MODEL=gauss
#         LINE_VELOCITY_WIDTH=500
#         INPUT_FILE=/home/simon/Downloads/tgcat/obs_6568_tgid_5046/pm_heg_abs1.pha
#         SEARCH_MODE=Sliding window
#         FIT_REGION_WIDTH=30.00
#         RUNTIME=202
#         COLUMN_NAMES=ENERGY,WAVELENGTH,NORM,NORM_SIGN,NORM_ERR_LO,NORM_ERR_HI,DELTA_FITSTAT,CONSTANT_FACTOR,CONSTANT_FACTOR_ERR_LO,CONSTANT_FACTOR_ERR_HI,FIT_ERR
6.000000000000000000e+00 2.066373137115381287e+00 1.281147817945863680e-05 1.000000000000000000e+00 -3.594454972561335793e-05 6.223458822105431762e-05 7.615781365007023851e-02 1.032128892159845046e+00 1.025559774042962058e+00 1.038738866095219038e+00 0.000000000000000000e+00
6.005003461427972589e+00 2.064651403172383937e+00 -7.735769414714323977e-06 -1.000000000000000000e+00 -5.657160911985355289e-05 4.176939494580219020e-05 2.757172924032147421e-02 1.031667210070107421e+00 1.025047465305080507e+00 1.038328457085496259e+00 0.000000000000000000e+00
6.010011095293655181e+00 2.062931103804642063e+00 -3.024588895616252585e-05 -1.000000000000000000e+00 -7.903654813691800979e-05 1.921883351096019435e-05 4.190740357427102936e-01 1.032487408487754665e+00 1.025904545657241540e+00 1.039111294851820633e+00 0.000000000000000000e+00
6.015022905076486737e+00 2.061212237816845594e+00 -4.346977481475363021e-05 -1.000000000000000000e+00 -9.219592773450563990e-05 5.934195950649323386e-06 8.645949803041048654e-01 1.031839159473409095e+00 1.025248709281408432e+00 1.038470845099085604e+00 0.000000000000000000e+00
6.020038894258807005e+00 2.059494804014679215e+00 -4.925393865442973386e-05 -1.000000000000000000e+00 -9.789650575818293222e-05 6.691897158495464619e-08 1.112817451393425472e+00 1.031318440973026496e+00 1.024681321006517987e+00 1.037997294475048626e+00 0.000000000000000000e+00
6.025059066325860080e+00 2.057778801204824592e+00 -5.165552140512963582e-05 -1.000000000000000000e+00 -1.001501732914171266e-04 -2.483429902044914834e-06 1.229500244812584242e+00 1.031983661512438699e+00 1.025337454706009455e+00 1.038671753990261681e+00 0.000000000000000000e+00
6.030083424765796174e+00 2.056064228194956822e+00 -4.707928498331818821e-05 -1.000000000000000000e+00 -9.540882338041639806e-05 1.928455392340135621e-06 1.027091886988159786e+00 1.030655985662597862e+00 1.024057770947040868e+00 1.037295600529422712e+00 0.000000000000000000e+00
6.035111973069674285e+00 2.054351083793744426e+00 -4.772522146306509161e-05 -1.000000000000000000e+00 -9.600235553271991630e-05 1.231426743965226972e-06 1.058220168171828846e+00 1.030726649888324076e+00 1.024080149183027810e+00 1.037415103314740294e+00 0.000000000000000000e+00
6.040144714731465747e+00 2.052639366810848021e+00 -5.187078995888754569e-05 -1.000000000000000000e+00 -1.001721648535017423e-04 -2.887716408143496400e-06 1.247314893174689132e+00 1.030453953566594194e+00 1.023798290892163010e+00 1.037151774207627719e+00 0.000000000000000000e+00
6.045181653248054232e+00 2.050929076056921652e+00 -5.906890337300947896e-05 -1.000000000000000000e+00 -1.074599328486696369e-04 -9.993908142727668466e-06 1.606725939826219474e+00 1.029798257809328543e+00 1.023183632092392159e+00 1.036454462826436718e+00 0.000000000000000000e+00
6.050222792119239301e+00 2.049220210343609683e+00 -7.143564094026948262e-05 -1.000000000000000000e+00 -1.199983332970945256e-04 -2.218759706050223791e-05 2.329790773069589704e+00 1.030814946379444930e+00 1.024144842231741181e+00 1.037527405102032452e+00 0.000000000000000000e+00
6.055268134847740846e+00 2.047512768483544576e+00 -8.114778716769613885e-05 -1.000000000000000000e+00 -1.297800304040467602e-04 -3.182807851811764741e-05 2.990230389702333014e+00 1.031662495054210371e+00 1.024978581203481953e+00 1.038388844225181851e+00 0.000000000000000000e+00
6.060317684939197314e+00 2.045806749290351334e+00 -8.378487730750177438e-05 -1.000000000000000000e+00 -1.323856019335537828e-04 -3.449338713731481693e-05 3.187909674872116739e+00 1.031358495182326918e+00 1.024666463568036923e+00 1.038093045417778360e+00 0.000000000000000000e+00
6.065371445902172809e+00 2.044102151578641724e+00 -8.338198344000200728e-05 -1.000000000000000000e+00 -1.318861672159055143e-04 -3.418422609944031434e-05 3.166295645059108210e+00 1.031330622106407802e+00 1.024641865881266156e+00 1.038061729755231699e+00 0.000000000000000000e+00
6.070429421248155322e+00 2.042398974164015168e+00 -8.235693344259121629e-05 -1.000000000000000000e+00 -1.308061443153291851e-04 -3.321319744943221326e-05 3.094857801613102311e+00 1.031506189516049110e+00 1.024808573155060021e+00 1.038246422226029031e+00 0.000000000000000000e+00
6.075491614491562942e+00 2.040697215863058300e+00 -7.616887505257238745e-05 -1.000000000000000000e+00 -1.246640308377812195e-04 -2.697882957794577155e-05 2.647130010792807298e+00 1.028835971195416477e+00 1.022136799213839486e+00 1.035577867487104342e+00 0.000000000000000000e+00
6.080558029149742971e+00 2.038996875493343186e+00 -7.908544119079097864e-05 -1.000000000000000000e+00 -1.276588622684475104e-04 -2.981536678686463898e-05 2.841971613245505068e+00 1.028953942913091391e+00 1.022254607485013844e+00 1.035696066375603630e+00 0.000000000000000000e+00
6.085628668742976366e+00 2.037297951873428659e+00 -8.396281375376939940e-05 -1.000000000000000000e+00 -1.326587780245778309e-04 -3.456691056845323333e-05 3.184425136552590629e+00 1.029205663868955511e+00 1.022493254811768226e+00 1.035960825681983444e+00 0.000000000000000000e+00
6.090703536794479511e+00 2.035600443822857208e+00 -8.047671237437280885e-05 -1.000000000000000000e+00 -1.293361817099383522e-04 -3.091461316990004306e-05 2.911235693114008427e+00 1.026213608214438633e+00 1.019498224556326216e+00 1.032971994851356934e+00 0.000000000000000000e+00
6.095782636830406886e+00 2.033904350162153651e+00 -8.571934576482667938e-05 -1.000000000000000000e+00 -1.347061947019637335e-04 -3.603017696767597231e-05 3.286453321463113753e+00 1.028223158384940161e+00 1.021448506164363890e+00 1.035041501882204562e+00 0.000000000000000000e+00
6.100865972379854618e+00 2.032209669712826461e+00 -8.117671988402825321e-05 -1.000000000000000000e+00 -1.301687597909931466e-04 -3.148161691609280115e-05 2.945675174744565084e+00 1.027908984347126298e+00 1.021177864530210311e+00 1.034683287820897135e+00 0.000000000000000000e+00
6.105953546974859592e+00 2.030516401297367324e+00 -7.359801858798653302e-05 -1.000000000000000000e+00 -1.226162498008073515e-04 -2.387449292175588449e-05 2.425939931946345496e+00 1.027779351498930405e+00 1.020998246208539406e+00 1.034604299193231380e+00 0.000000000000000000e+00
6.111045364150406556e+00 2.028824543739246700e+00 -6.646401488501644324e-05 -1.000000000000000000e+00 -1.155252462323343025e-04 -1.669382765317298402e-05 1.978276001914991866e+00 1.028491981106452346e+00 1.021698840492174298e+00 1.035328985348048958e+00 0.000000000000000000e+00
6.116141427444425460e+00 2.027134095862917373e+00 -5.716600213543851505e-05 -1.000000000000000000e+00 -1.063933182113170606e-04 -7.227703659823487225e-06 1.455839200640298259e+00 1.028368931458996105e+00 1.021617528754209525e+00 1.035163685680174916e+00 0.000000000000000000e+00
6.121241740397799447e+00 2.025445056493809570e+00 -4.362508029478014615e-05 -1.000000000000000000e+00 -9.325301163870246290e-05 6.713300783940297776e-06 8.395876128802228777e-01 1.026739636321490012e+00 1.019938644281326967e+00 1.033584725138351867e+00 0.000000000000000000e+00
6.126346306554362187e+00 2.023757424458334508e+00 -3.329894010034811189e-05 -1.000000000000000000e+00 -8.332352384122883250e-05 1.743843828840398110e-05 4.833732387061218105e-01 1.027578533888343637e+00 1.020761141583348408e+00 1.034440259953417707e+00 0.000000000000000000e+00
6.131455129460903208e+00 2.022071198583879958e+00 -1.031534485601359004e-05 -1.000000000000000000e+00 -6.073172961959257232e-05 4.081685116729637095e-05 4.600646403673636087e-02 1.025073004333620919e+00 1.018250677758844258e+00 1.031939530582067110e+00 0.000000000000000000e+00
6.136568212667169675e+00 2.020386377698810687e+00 1.437810578441176839e-05 1.000000000000000000e+00 -3.635610006962228892e-05 6.583056588602458818e-05 8.887038875627695234e-02 1.023997003861221833e+00 1.017179132080407777e+00 1.030859282219931394e+00 0.000000000000000000e+00
6.141685559725869936e+00 2.018702960632467569e+00 3.297366825125369404e-05 1.000000000000000000e+00 -1.801406551925720917e-05 8.468008558831126840e-05 4.650670827951444153e-01 1.026889113938131315e+00 1.020051572033989107e+00 1.033771170994503663e+00 0.000000000000000000e+00
6.146807174192673529e+00 2.017020946215167587e+00 6.189163748174780343e-05 1.000000000000000000e+00 1.064840301894156026e-05 1.138529870340651242e-04 1.635215921552457985e+00 1.025510901573389422e+00 1.018667435286689793e+00 1.032399079881045401e+00 0.000000000000000000e+00
6.151933059626216505e+00 2.015340333278202056e+00 8.594547786320297844e-05 1.000000000000000000e+00 3.450867703727328594e-05 1.380999835146209617e-04 3.149182626925721706e+00 1.024471609703547781e+00 1.017633074644142654e+00 1.031354762980518425e+00 0.000000000000000000e+00
6.157063219588101433e+00 2.013661120653835290e+00 1.050557528041289192e-04 1.000000000000000000e+00 5.346832313804398900e-05 1.573605651400311785e-04 4.703474995171177397e+00 1.022333377624453865e+00 1.015490401021712064e+00 1.029221134840366370e+00 0.000000000000000000e+00
6.162197657642900950e+00 2.011983307175305935e+00 1.045154220081281204e-04 1.000000000000000000e+00 5.288181593424382557e-05 1.568662485788853661e-04 4.646629194573279165e+00 1.024357223319254384e+00 1.017495776925734230e+00 1.031263587231891599e+00 0.000000000000000000e+00
6.167336377358160426e+00 2.010306891676824304e+00 1.051750072463780939e-04 1.000000000000000000e+00 5.349249676176443652e-05 1.575753232814725772e-04 4.705622921666872571e+00 1.021671084198624291e+00 1.014763329773997080e+00 1.028624563538361514e+00 0.000000000000000000e+00
6.172479382304400630e+00 2.008631872993570600e+00 8.808780184279684389e-05 1.000000000000000000e+00 3.651848469077429696e-05 1.403784344704441629e-04 3.295415474549372448e+00 1.022752429976525601e+00 1.015883661221045342e+00 1.029666383652335426e+00 0.000000000000000000e+00
6.177626676055119503e+00 2.006958249961698471e+00 6.380519166696246944e-05 1.000000000000000000e+00 1.229857118051394098e-05 1.160371708198680574e-04 1.724357782248716831e+00 1.024384870199623654e+00 1.017455217817965663e+00 1.031360399571970232e+00 0.000000000000000000e+00
6.182778262186794827e+00 2.005286021418328790e+00 4.488543523916451431e-05 1.000000000000000000e+00 -6.575075190855695501e-06 9.707562907331214702e-05 8.508576378263796869e-01 1.022956812776280922e+00 1.016018205641856520e+00 1.029941370112355647e+00 0.000000000000000000e+00
6.187934144278887771e+00 2.003615186201552323e+00 2.267964380133499777e-05 1.000000000000000000e+00 -2.870992502946510095e-05 7.480204383141297940e-05 2.162062433706068987e-01 1.023804306331395741e+00 1.016904874717203366e+00 1.030748990567326606e+00 0.000000000000000000e+00
6.193094325913842901e+00 2.001945743150427948e+00 8.271432602051270494e-06 1.000000000000000000e+00 -4.314836488150296993e-05 6.042626117998214252e-05 2.865448986131013953e-02 1.023835718659597438e+00 1.016880762146142425e+00 1.030836816506021103e+00 0.000000000000000000e+00
6.198258810677093500e+00 2.000277691104981770e+00 1.970147726071917444e-06 1.000000000000000000e+00 -4.942796787629745258e-05 5.410525044481611495e-05 1.624196630700680544e-03 1.023756774486872967e+00 1.016790344384684630e+00 1.030769459963925438e+00 0.000000000000000000e+00
6.203427602157062459e+00 1.998611028906206677e+00 2.129135707078029215e-06 1.000000000000000000e+00 -4.916642632508600222e-05 5.416257721065323070e-05 1.900309856409876375e-03 1.024051562002468607e+00 1.017129681510424044e+00 1.031019142913629505e+00 0.000000000000000000e+00
6.208600703945164057e+00 1.996945755396060118e+00 6.213220102052370716e-06 1.000000000000000000e+00 -4.503631170984305048e-05 5.819958039083806742e-05 1.624034296412446565e-02 1.024581082069513371e+00 1.017605226205724245e+00 1.031603258806273571e+00 0.000000000000000000e+00
6.213778119635809283e+00 1.995281869417466547e+00 1.161526692327139525e-05 1.000000000000000000e+00 -3.957254567829838435e-05 6.354000847013686892e-05 5.694919051950364519e-02 1.024726712230095815e+00 1.017740483712473720e+00 1.031759446495483123e+00 0.000000000000000000e+00
6.218959852826404955e+00 1.993619369814312314e+00 9.982147087644097327e-06 1.000000000000000000e+00 -4.117976538416803843e-05 6.188197378801605633e-05 4.207081478818963660e-02 1.026441581267998560e+00 1.019438644661797122e+00 1.033491270230471493e+00 0.000000000000000000e+00
6.224145907117359044e+00 1.991958255431448777e+00 6.735974022810257705e-06 1.000000000000000000e+00 -4.446546386051723255e-05 5.867654819709836419e-05 1.910578936849560705e-02 1.026586169166310958e+00 1.019583533412267595e+00 1.033635622322331082e+00 0.000000000000000000e+00
6.229336286112081567e+00 1.990298525114688521e+00 -1.722997884905809844e-06 -1.000000000000000000e+00 -5.301656223180512749e-05 5.031202483931115205e-05 1.243438603864888137e-03 1.026775906183823084e+00 1.019758582649213485e+00 1.033840148780200474e+00 0.000000000000000000e+00
6.234530993416986355e+00 1.988640177710806478e+00 -1.248154679464480296e-05 -1.000000000000000000e+00 -6.391519735937382560e-05 3.969722625802542726e-05 6.481225398761125689e-02 1.026770738649414261e+00 1.019694970283860913e+00 1.033894061446778867e+00 0.000000000000000000e+00
6.239730032641496393e+00 1.986983212067538140e+00 -2.537420259651251823e-05 -1.000000000000000000e+00 -7.685289654916696708e-05 2.685497861354016623e-05 2.660669205399699422e-01 1.027994509090282671e+00 1.020957970114045876e+00 1.035078114976954566e+00 0.000000000000000000e+00
6.244933407398043812e+00 1.985327627033580011e+00 -2.764334597729967889e-05 -1.000000000000000000e+00 -7.922969636962669975e-05 2.469654499572742983e-05 3.143925170185184470e-01 1.026546060207459865e+00 1.019500552236948243e+00 1.033638801300058141e+00 0.000000000000000000e+00
6.250141121302072555e+00 1.983673421458586272e+00 -2.772262783931793572e-05 -1.000000000000000000e+00 -7.941131742827777082e-05 2.471958179231656803e-05 3.153856235156808907e-01 1.026669558583612973e+00 1.019567202391099547e+00 1.033819938409070494e+00 0.000000000000000000e+00
6.255353177972041934e+00 1.982020594193170782e+00 -2.551497554434360303e-05 -1.000000000000000000e+00 -7.715911764427154653e-05 2.688306479177725609e-05 2.671867810254298092e-01 1.028029543910299104e+00 1.020969507943872090e+00 1.035136980058519063e+00 0.000000000000000000e+00
6.260569581029430175e+00 1.980369144088905076e+00 -1.605843531416843446e-05 -1.000000000000000000e+00 -6.767135496502628151e-05 3.630938471758592779e-05 1.061761004071968273e-01 1.027285224822608534e+00 1.020217511630185037e+00 1.034400442741882031e+00 0.000000000000000000e+00
6.265790334098732650e+00 1.978719069998317037e+00 -1.018867909929652935e-05 -1.000000000000000000e+00 -6.179901143206942521e-05 4.217809190679994163e-05 4.284596886373037705e-02 1.027276646434485130e+00 1.020154765772143035e+00 1.034446772153847727e+00 0.000000000000000000e+00
6.271015440807469865e+00 1.977070370774890451e+00 -1.204022033906134437e-05 -1.000000000000000000e+00 -6.366654306587567203e-05 4.034425263903067271e-05 5.974937158350712707e-02 1.028399327270023589e+00 1.021261581044137223e+00 1.035585534184175316e+00 0.000000000000000000e+00
6.276244904786186574e+00 1.975423045273065226e+00 -1.816156774580157871e-05 -1.000000000000000000e+00 -6.987496522590971306e-05 3.431154137966625274e-05 1.352477276666377293e-01 1.028670655405409473e+00 1.021532099351485590e+00 1.035857634007747663e+00 0.000000000000000000e+00
6.281478729668454442e+00 1.973777092348234952e+00 -3.206057636330945676e-05 -1.000000000000000000e+00 -8.388800553219591090e-05 2.052894219997631426e-05 4.182349519825265816e-01 1.030029362886418776e+00 1.022870970092121246e+00 1.037236385678129702e+00 0.000000000000000000e+00
6.286716919090875599e+00 1.972132510856748011e+00 -4.662628897904245437e-05 -1.000000000000000000e+00 -9.852699383151011434e-05 6.040208604933121643e-06 8.789100127800111295e-01 1.030667961123785448e+00 1.023492425889371171e+00 1.037892354740763023e+00 0.000000000000000000e+00
6.291959476693084419e+00 1.970489299655904469e+00 -6.027330482655876028e-05 -1.000000000000000000e+00 -1.121469599323183332e-04 -7.630017150781046075e-06 1.463961445405175255e+00 1.031269654207112696e+00 1.024092840587824904e+00 1.038495275961959896e+00 0.000000000000000000e+00
6.297206406117751065e+00 1.968847457603957185e+00 -7.486015179806508276e-05 -1.000000000000000000e+00 -1.266279347940433664e-04 -2.231943847961583748e-05 2.256931688291444971e+00 1.033488292314627799e+00 1.026291825881072040e+00 1.040733737274657011e+00 0.000000000000000000e+00
6.302457711010582386e+00 1.967206983560110700e+00 -8.079767960497601987e-05 -1.000000000000000000e+00 -1.324614242002120166e-04 -2.835783309037060080e-05 2.633593634780254433e+00 1.033395947647506752e+00 1.026188160133577831e+00 1.040652903403286977e+00 0.000000000000000000e+00
6.307713395020327241e+00 1.965567876384518575e+00 -8.549405481249559835e-05 -1.000000000000000000e+00 -1.370826897089570066e-04 -3.312762392137596584e-05 2.950611941585066234e+00 1.033594565191833237e+00 1.026388598318414891e+00 1.040849550413460500e+00 0.000000000000000000e+00
6.312973461798775610e+00 1.963930134938285832e+00 -8.262811625461218793e-05 -1.000000000000000000e+00 -1.342443166091513828e-04 -3.023349949212016406e-05 2.755649864734948551e+00 1.030797140755089325e+00 1.023587661374848912e+00 1.038056039037486444e+00 0.000000000000000000e+00
6.318237915000763039e+00 1.962293758083465844e+00 -8.624678758672667158e-05 -1.000000000000000000e+00 -1.379434878945434142e-04 -3.377030978534417010e-05 2.994346809190801650e+00 1.030588382078141185e+00 1.023320760923229544e+00 1.037906211181103933e+00 0.000000000000000000e+00
6.323506758284172413e+00 1.960658744683059451e+00 -9.013629788021657908e-05 -1.000000000000000000e+00 -1.418465057044829248e-04 -3.764263520644986792e-05 3.259791111081256076e+00 1.030339711464276720e+00 1.023118610077813351e+00 1.037610219817525881e+00 0.000000000000000000e+00
6.328779995309938400e+00 1.959025093601015399e+00 -9.332439793818292394e-05 -1.000000000000000000e+00 -1.450979923757368532e-04 -4.076527223544517867e-05 3.483559372517447628e+00 1.029878267711849871e+00 1.022644649325547661e+00 1.037161558712210496e+00 0.000000000000000000e+00
6.334057629742047446e+00 1.957392803702229900e+00 -9.829794037410873920e-05 -1.000000000000000000e+00 -1.501450529117192157e-04 -4.566412953873741142e-05 3.853937319246881543e+00 1.030539580847641856e+00 1.023244599926498299e+00 1.037885051519989998e+00 0.000000000000000000e+00
6.339339665247542221e+00 1.955761873852543076e+00 -1.004298152433874699e-04 -1.000000000000000000e+00 -1.522514610189165131e-04 -4.781821140183944269e-05 4.016596476722270381e+00 1.030493937934664261e+00 1.023245958385465837e+00 1.037791774229097408e+00 0.000000000000000000e+00
6.344626105496522506e+00 1.954132302918741848e+00 -1.057240585947245512e-04 -1.000000000000000000e+00 -1.575525066083430432e-04 -5.310268964727114885e-05 4.442078768909311748e+00 1.032195694333899016e+00 1.024928710166304491e+00 1.039512644544446029e+00 0.000000000000000000e+00
6.349916954162148741e+00 1.952504089768555939e+00 -1.071414528934397608e-04 -1.000000000000000000e+00 -1.590661670122247673e-04 -5.442110568007644476e-05 4.549339978487580538e+00 1.032539583202454203e+00 1.025212339399466543e+00 1.039917599617023347e+00 0.000000000000000000e+00
6.355212214920644698e+00 1.950877233270659206e+00 -1.077082868975433398e-04 -1.000000000000000000e+00 -1.597717279206186780e-04 -5.484585959179378927e-05 4.573890385906338452e+00 1.032895408275759985e+00 1.025552129376372079e+00 1.040289732832518244e+00 0.000000000000000000e+00
6.360511891451300137e+00 1.949251732294668749e+00 -1.050247076661959227e-04 -1.000000000000000000e+00 -1.573123630296725133e-04 -5.193417995121737377e-05 4.316106449340907147e+00 1.032760552541810428e+00 1.025417157880155639e+00 1.040154952366861174e+00 0.000000000000000000e+00
6.365815987436472589e+00 1.947627585711142251e+00 -9.595805774531527567e-05 -1.000000000000000000e+00 -1.485792469392211617e-04 -4.252981784516063899e-05 3.570669823788534814e+00 1.031750462346097574e+00 1.024393756646435616e+00 1.039158390864880488e+00 0.000000000000000000e+00
6.371124506561590906e+00 1.946004792391578420e+00 -8.336261122561728536e-05 -1.000000000000000000e+00 -1.363709598399077472e-04 -2.954451854361594439e-05 2.668202678582588305e+00 1.032091202039577604e+00 1.024716508268972426e+00 1.039517401666385510e+00 0.000000000000000000e+00
6.376437452515156146e+00 1.944383351208418098e+00 -5.894656300169435169e-05 -1.000000000000000000e+00 -1.123621273533437377e-04 -4.720978253840687805e-06 1.323722570561017164e+00 1.030986525507846308e+00 1.023615005555061463e+00 1.038409521178331296e+00 0.000000000000000000e+00
6.381754828988746020e+00 1.942763261035039601e+00 -2.534045878002837631e-05 -1.000000000000000000e+00 -7.914383640808691253e-05 2.927237323077858588e-05 2.435402076823152129e-01 1.029308877988951210e+00 1.021928519455183038e+00 1.036741009280819803e+00 0.000000000000000000e+00
6.387076639677015777e+00 1.941144520745761159e+00 1.389921970236336988e-05 1.000000000000000000e+00 -4.024609708784701947e-05 6.885428400042457897e-05 7.315106989938158222e-02 1.027291151726660745e+00 1.019904244352225486e+00 1.034730011665784044e+00 0.000000000000000000e+00
6.392402888277703532e+00 1.939527129215838475e+00 5.271133859975598494e-05 1.000000000000000000e+00 -1.743408432579268252e-06 1.079757855615518658e-04 1.050882658613375042e+00 1.025552764856554555e+00 1.018174411328424567e+00 1.032982998230549621e+00 0.000000000000000000e+00
6.397733578491629380e+00 1.937911085321463833e+00 8.480112568815850640e-05 1.000000000000000000e+00 3.002861637148657653e-05 1.403818848078490012e-04 2.712291974829724950e+00 1.024779212436558673e+00 1.017389578011607787e+00 1.032220843391331799e+00 0.000000000000000000e+00
6.403068714022700725e+00 1.936296387939767438e+00 1.079538621926498504e-04 1.000000000000000000e+00 5.284108448395347470e-05 1.638736663948697140e-04 4.375399484603235578e+00 1.024324915627415900e+00 1.016875562154371027e+00 1.031827267728005815e+00 0.000000000000000000e+00
6.408408298577912277e+00 1.934683035948813856e+00 1.229624074539773567e-04 1.000000000000000000e+00 6.763153917836061324e-05 1.791028944505469614e-04 5.646860151262558247e+00 1.022913371204291488e+00 1.015515637273766814e+00 1.030363387317846158e+00 0.000000000000000000e+00
6.413752335867351384e+00 1.933071028227602239e+00 1.267329573514157858e-04 1.000000000000000000e+00 7.120773706096160545e-05 1.830716594420668530e-04 5.965473668057597934e+00 1.021638408384696106e+00 1.014228923194264942e+00 1.029100505981144886e+00 0.000000000000000000e+00
6.419100829604198033e+00 1.931460363656067436e+00 1.138644944467572391e-04 1.000000000000000000e+00 5.820840536294102447e-05 1.703384315648765759e-04 4.784267347932427583e+00 1.023286264777415022e+00 1.015807906914801606e+00 1.030818043850575849e+00 0.000000000000000000e+00
6.424453783504729287e+00 1.929851041115075327e+00 9.238599230855226707e-05 1.000000000000000000e+00 3.674815953402994930e-05 1.488482789947610048e-04 3.128761453282493221e+00 1.025674625950649288e+00 1.018234110819547178e+00 1.033167731045655513e+00 0.000000000000000000e+00
6.429811201288321953e+00 1.928243059486426159e+00 6.657126854906101016e-05 1.000000000000000000e+00 1.090657824913473931e-05 1.230654898545560086e-04 1.614281861333495272e+00 1.028466612949758385e+00 1.020952939778360102e+00 1.036033781102359663e+00 0.000000000000000000e+00
6.435173086677453469e+00 1.926636417652850763e+00 5.134757153175174306e-05 1.000000000000000000e+00 -4.308403035375649170e-06 1.078367504041280933e-04 9.571148267753528671e-01 1.026950959661532714e+00 1.019425972738276620e+00 1.034529703561383851e+00 0.000000000000000000e+00
6.440539443397706343e+00 1.925031114498011453e+00 2.993770587198821165e-05 1.000000000000000000e+00 -2.555796904152859574e-05 8.626925080445786015e-05 3.246905508415238728e-01 1.029016345434566881e+00 1.021532623350677405e+00 1.036553288622130919e+00 0.000000000000000000e+00
6.445910275177769044e+00 1.923427148906499795e+00 1.494256152820074011e-05 1.000000000000000000e+00 -4.042212653390641339e-05 7.114568654121669633e-05 8.101076879188440216e-02 1.029943522827322822e+00 1.022395798001162204e+00 1.037545184364674800e+00 0.000000000000000000e+00
6.451285585749439555e+00 1.921824519763838390e+00 -1.726448296373956328e-06 -1.000000000000000000e+00 -5.688597635108975410e-05 5.427640571858919092e-05 1.083469398679426376e-03 1.032936939548466437e+00 1.025365403044285584e+00 1.040562627338862178e+00 0.000000000000000000e+00
6.456665378847628034e+00 1.920223225956476210e+00 -9.655806681043210474e-06 -1.000000000000000000e+00 -6.470962963905113629e-05 4.624563770524963812e-05 3.392022783287984566e-02 1.033294947099820282e+00 1.025724922537680328e+00 1.040918986514753453e+00 0.000000000000000000e+00
6.462049658210359482e+00 1.918623266371792813e+00 -1.643614119931962800e-05 -1.000000000000000000e+00 -7.154935619471821349e-05 3.952627892129091067e-05 9.790545783903326083e-02 1.033904219734022245e+00 1.026315830429884945e+00 1.041547032569640319e+00 0.000000000000000000e+00
6.467438427578775517e+00 1.917024639898092353e+00 -1.978232703532211331e-05 -1.000000000000000000e+00 -7.508668921802333005e-05 3.637224015534334877e-05 1.408180808707584220e-01 1.034051574583139121e+00 1.026444775624632211e+00 1.041713033289143553e+00 0.000000000000000000e+00
6.472831690697137930e+00 1.915427345424606687e+00 -1.871270946572206121e-05 -1.000000000000000000e+00 -7.424217124694338179e-05 3.767005683605824970e-05 1.250453836337328539e-01 1.034000530684515473e+00 1.026393229746741298e+00 1.041662432503017488e+00 0.000000000000000000e+00
6.478229451312831344e+00 1.913831381841492263e+00 -7.400922209631436949e-06 -1.000000000000000000e+00 -6.317958960829324561e-05 4.923533713217647658e-05 1.945657302167091984e-02 1.032032398012203256e+00 1.024414954683111834e+00 1.039704624664615551e+00 0.000000000000000000e+00
6.483631713176364109e+00 1.912236748039830792e+00 5.899606943756773653e-06 1.000000000000000000e+00 -5.010031779730295028e-05 6.276007181266599121e-05 1.231323841773246386e-02 1.031750413787983822e+00 1.024118020308185439e+00 1.039438006383857527e+00 0.000000000000000000e+00
6.489038480041373624e+00 1.910643442911627687e+00 2.570625496740133232e-05 1.000000000000000000e+00 -3.051376501774502183e-05 8.278782272035357340e-05 2.331098278971239779e-01 1.030858897541609087e+00 1.023231834798254747e+00 1.038541105624285699e+00 0.000000000000000000e+00
6.494449755664626345e+00 1.909051465349812737e+00 5.607108683780478173e-05 1.000000000000000000e+00 -4.291677697620504802e-07 1.134330757645915099e-04 1.107481405179328249e+00 1.026709251136904255e+00 1.019081286928552599e+00 1.034392442277729751e+00 0.000000000000000000e+00
6.499865543806021329e+00 1.907460814248235881e+00 7.792329053189887844e-05 1.000000000000000000e+00 2.112888765550912615e-05 1.355797446538968781e-04 2.132429863129459591e+00 1.025910349723223369e+00 1.018221215671611946e+00 1.033655800549398096e+00 0.000000000000000000e+00
6.505285848228594681e+00 1.905871488501671207e+00 9.620116616817790049e-05 1.000000000000000000e+00 3.919511705463116534e-05 1.540722272993581528e-04 3.236440473305094656e+00 1.025402882216683853e+00 1.017765239408675582e+00 1.033096053800858005e+00 0.000000000000000000e+00
6.510710672698518664e+00 1.904283487005811404e+00 1.144381879607081595e-04 1.000000000000000000e+00 5.712920473583894723e-05 1.726150239537864776e-04 4.556037636509302047e+00 1.023164641263488051e+00 1.015517047331428335e+00 1.030867915316125538e+00 0.000000000000000000e+00
6.516140020985107917e+00 1.902696808657271088e+00 1.208456177916174230e-04 1.000000000000000000e+00 6.320961215738933820e-05 1.793516998337714300e-04 5.040715680944970245e+00 1.023988359252522962e+00 1.016270834579309223e+00 1.031762657694157204e+00 0.000000000000000000e+00
6.521573896860818564e+00 1.901111452353583031e+00 1.233894259002087980e-04 1.000000000000000000e+00 6.553058735657702188e-05 1.821220865028263614e-04 5.211122548208777516e+00 1.025010223621511729e+00 1.017336664431222948e+00 1.032739872856161423e+00 0.000000000000000000e+00
6.527012304101254436e+00 1.899527416993199491e+00 1.258635854181200516e-04 1.000000000000000000e+00 6.772959058428992926e-05 1.848737801762619765e-04 5.384279137789349079e+00 1.025268810862933089e+00 1.017526976588494891e+00 1.033067643984779460e+00 0.000000000000000000e+00
6.532455246485166178e+00 1.897944701475490215e+00 1.255753518685764339e-04 1.000000000000000000e+00 6.729133122124487921e-05 1.847385426941846676e-04 5.332672558145077346e+00 1.026379141422954389e+00 1.018615253804085574e+00 1.034200326662211511e+00 0.000000000000000000e+00
6.537902727794456581e+00 1.896363304700741548e+00 1.293420474378676626e-04 1.000000000000000000e+00 7.101573861195944657e-05 1.885519915666246165e-04 5.644577685894660135e+00 1.025853411434880291e+00 1.018141836552064916e+00 1.033621506800508349e+00 0.000000000000000000e+00
6.543354751814182357e+00 1.894783225570156437e+00 1.321255008101489118e-04 1.000000000000000000e+00 7.368808904042805589e-05 1.914500733208942423e-04 5.879988646309186606e+00 1.025751685609020747e+00 1.017975106836557231e+00 1.033585630803058431e+00 0.000000000000000000e+00
6.548811322332555918e+00 1.893204462985853986e+00 1.338895138707273471e-04 1.000000000000000000e+00 7.535266397017381093e-05 1.933166682123874580e-04 6.020743588784114309e+00 1.025973837167844849e+00 1.018178939805890248e+00 1.033826366725783208e+00 0.000000000000000000e+00
6.554272443140948923e+00 1.891627015850867455e+00 1.357349563953359046e-04 1.000000000000000000e+00 7.706855145571400723e-05 1.952932318329443097e-04 6.161318910239174329e+00 1.025909921757945931e+00 1.018116478072045306e+00 1.033761106171790178e+00 0.000000000000000000e+00
6.559738118033894949e+00 1.890050883069143817e+00 1.347509809158328221e-04 1.000000000000000000e+00 7.594190095618409849e-05 1.944526137578020018e-04 6.042302659727681657e+00 1.026597314348396628e+00 1.018782715316545628e+00 1.034469868367594803e+00 0.000000000000000000e+00
6.565208350809092153e+00 1.888476063545543981e+00 1.293525618732614907e-04 1.000000000000000000e+00 7.047296189600609612e-05 1.891262443651447285e-04 5.546459980447480120e+00 1.028466014688879993e+00 1.020626588652566502e+00 1.036363744066642889e+00 0.000000000000000000e+00
6.570683145267405045e+00 1.886902556185840796e+00 1.257005165006156529e-04 1.000000000000000000e+00 6.685525926875400429e-05 1.854425281466988646e-04 5.234979273672649924e+00 1.028651137158731466e+00 1.020814004521751528e+00 1.036546514960575038e+00 0.000000000000000000e+00
6.576162505212867160e+00 1.885330359896719488e+00 1.172259977573564076e-04 1.000000000000000000e+00 5.850785291128902048e-05 1.768433706268609758e-04 4.560541509452434639e+00 1.029241421808673618e+00 1.021386031285064222e+00 1.037155195409990460e+00 0.000000000000000000e+00
6.581646434452685490e+00 1.883759473585775446e+00 1.008046377714941373e-04 1.000000000000000000e+00 4.225460873133898246e-05 1.602559056486485664e-04 3.379740874507149329e+00 1.030827240399519340e+00 1.022900339624937871e+00 1.038813595756103769e+00 0.000000000000000000e+00
6.587134936797241380e+00 1.882189896161514886e+00 7.957617692481065653e-05 1.000000000000000000e+00 2.131010600997294651e-05 1.387479842410371334e-04 2.109803631847682936e+00 1.031556838146706401e+00 1.023680777751061699e+00 1.039491713964732611e+00 0.000000000000000000e+00
6.592628016060094076e+00 1.880621626533353297e+00 4.667306872031069722e-05 1.000000000000000000e+00 -1.135368783657282610e-05 1.056101039711959243e-04 7.251114004059218132e-01 1.034140040777252079e+00 1.026236300058584794e+00 1.042102707519537708e+00 0.000000000000000000e+00
6.598125676057981615e+00 1.879054663611614329e+00 1.274060497076511180e-05 1.000000000000000000e+00 -4.513336011035130445e-05 7.152969232551610200e-05 5.389840057949868424e-02 1.034773942787614365e+00 1.026798195453307194e+00 1.042809670957813184e+00 0.000000000000000000e+00
6.603627920610826152e+00 1.877489006307530905e+00 -2.998175351667061564e-05 -1.000000000000000000e+00 -8.761187869994470053e-05 2.857092584852922711e-05 2.969451162805967215e-01 1.038072613894047258e+00 1.030134709753084632e+00 1.046069753624990772e+00 0.000000000000000000e+00
6.609134753541735741e+00 1.875924653533241671e+00 -6.376283232140648885e-05 -1.000000000000000000e+00 -1.213159858303405512e-04 -5.279870420055837157e-06 1.336467386877814079e+00 1.038790432022206112e+00 1.030778451948332286e+00 1.046862593092565907e+00 0.000000000000000000e+00
6.614646178677005217e+00 1.874361604201792542e+00 -9.343220162296011762e-05 -1.000000000000000000e+00 -1.509075977537052411e-04 -3.502017336260746606e-05 2.854187301624961037e+00 1.041172466592934498e+00 1.033130648370791160e+00 1.049274759333528095e+00 0.000000000000000000e+00
6.620162199846120643e+00 1.872799857227134490e+00 -1.028305197494400772e-04 -1.000000000000000000e+00 -1.602669943993604890e-04 -4.445409813821460084e-05 3.446847564207018877e+00 1.040341601569815033e+00 1.032354185952055081e+00 1.048388881124268757e+00 0.000000000000000000e+00
6.625682820881761970e+00 1.871239411524124430e+00 -1.010735491932381405e-04 -1.000000000000000000e+00 -1.585823899285575083e-04 -4.262729653642545051e-05 3.328094428949270878e+00 1.040599180071818397e+00 1.032542206319492895e+00 1.048717095118563813e+00 0.000000000000000000e+00
6.631208045619805702e+00 1.869680266008521441e+00 -9.236266666624173643e-05 -1.000000000000000000e+00 -1.498443933222491165e-04 -3.394588636657040596e-05 2.786362065835874091e+00 1.042640777353846193e+00 1.034560165716814195e+00 1.050782526980878595e+00 0.000000000000000000e+00
6.636737877899325788e+00 1.868122419596990769e+00 -7.100121612906282783e-05 -1.000000000000000000e+00 -1.284289846604941298e-04 -1.263917899934344962e-05 1.656710387632244874e+00 1.041648307182844402e+00 1.033578099343328782e+00 1.049779552472143607e+00 0.000000000000000000e+00
6.642272321562598059e+00 1.866565871207098271e+00 -4.948171842674173131e-05 -1.000000000000000000e+00 -1.068990322296417062e-04 8.869744159445239228e-06 8.091151616869183272e-01 1.039759813970201785e+00 1.031681327802767001e+00 1.047899642920019136e+00 0.000000000000000000e+00
6.647811380455102892e+00 1.865010619757312416e+00 -4.417772053832377018e-05 -1.000000000000000000e+00 -1.016276471103172300e-04 1.420700906212010815e-05 6.449204135194008813e-01 1.041434785918649464e+00 1.033332145139625791e+00 1.049598940611265352e+00 0.000000000000000000e+00
6.653355058425526991e+00 1.863456664167002952e+00 -4.556456783088975678e-05 -1.000000000000000000e+00 -1.031433922006334998e-04 1.295148551337985772e-05 6.826243601254304849e-01 1.041491963401607102e+00 1.033389731878856077e+00 1.049655872737693674e+00 0.000000000000000000e+00
6.658903359325766047e+00 1.861904003356439352e+00 -5.394506200936366696e-05 -1.000000000000000000e+00 -1.117456158668094358e-04 4.796962470332734449e-06 9.483824710459884955e-01 1.040363495280535400e+00 1.032241567829601969e+00 1.048547325960379695e+00 0.000000000000000000e+00
6.664456287010930069e+00 1.860352636246791480e+00 -7.745787672267712327e-05 -1.000000000000000000e+00 -1.354803009084046359e-04 -1.848826837343078150e-05 1.932604971927617044e+00 1.043050854553455364e+00 1.034842265041004294e+00 1.051322489255713366e+00 0.000000000000000000e+00
6.670013845339340719e+00 1.858802561760127592e+00 -9.664870110718742978e-05 -1.000000000000000000e+00 -1.547375428412475990e-04 -3.760449864146635533e-05 2.982191530695899928e+00 1.043702251738093389e+00 1.035541530828373968e+00 1.051925224920878366e+00 0.000000000000000000e+00
6.675576038172540194e+00 1.857253778819414780e+00 -1.135393190299022258e-04 -1.000000000000000000e+00 -1.716809985148297487e-04 -5.443875143105946185e-05 4.095361818876199322e+00 1.045261311183179220e+00 1.037021576226463848e+00 1.053564462221010301e+00 0.000000000000000000e+00
6.681142869375288562e+00 1.855706286348516532e+00 -1.195719185415126511e-04 -1.000000000000000000e+00 -1.776387987606566662e-04 -6.054164425784508625e-05 4.543118058886534527e+00 1.045233128449504445e+00 1.036974904492710126e+00 1.053555045918634914e+00 0.000000000000000000e+00
6.686714342815570866e+00 1.854160083272192949e+00 -1.172493575921755853e-04 -1.000000000000000000e+00 -1.751649226470537615e-04 -5.836359732633344591e-05 4.379734562678436305e+00 1.044376624964576283e+00 1.036179225441277385e+00 1.052636792228752283e+00 0.000000000000000000e+00
6.692290462364595349e+00 1.852615168516101862e+00 -1.135666987288595515e-04 -1.000000000000000000e+00 -1.715352118999907487e-04 -5.462202485832536568e-05 4.108130467738760672e+00 1.044509772899594457e+00 1.036241970756807351e+00 1.052841479378856748e+00 0.000000000000000000e+00
6.697871231896799671e+00 1.851071541006794829e+00 -1.088049981919143899e-04 -1.000000000000000000e+00 -1.669955940504665832e-04 -4.963398320523846799e-05 3.748069042338556756e+00 1.044755816449429497e+00 1.036465996754178498e+00 1.053109939040639764e+00 0.000000000000000000e+00
6.703456655289853572e+00 1.849529199671717139e+00 -1.018743466022075408e-04 -1.000000000000000000e+00 -1.604646433112971097e-04 -4.230268715460500225e-05 3.249662271344220699e+00 1.044413997193682553e+00 1.036124480624152744e+00 1.052767707267501462e+00 0.000000000000000000e+00
6.709046736424657986e+00 1.847988143439209141e+00 -9.303914882823581534e-05 -1.000000000000000000e+00 -1.520957891215722721e-04 -3.300054902209355773e-05 2.678413189065679489e+00 1.044079455238900112e+00 1.035766422660151065e+00 1.052457144441593995e+00 0.000000000000000000e+00
6.714641479185352146e+00 1.846448371238503361e+00 -8.202425379013864352e-05 -1.000000000000000000e+00 -1.414506389742633619e-04 -2.161068924625941633e-05 2.063792131353920922e+00 1.044318061416822596e+00 1.035980634579039883e+00 1.052720416478013288e+00 0.000000000000000000e+00
6.720240887459313583e+00 1.844909881999724721e+00 -6.417453023430436565e-05 -1.000000000000000000e+00 -1.238631102542341988e-04 -3.490677711430623532e-06 1.257772364081802152e+00 1.043483550155762885e+00 1.035151404916137663e+00 1.051880538618441552e+00 0.000000000000000000e+00
6.725844965137160791e+00 1.843372674653889876e+00 -4.736967874911043755e-05 -1.000000000000000000e+00 -1.073049773979268498e-04 1.356377634612519572e-05 6.828630274329725580e-01 1.044444486334566768e+00 1.036087455940572166e+00 1.052866720678716339e+00 0.000000000000000000e+00
6.731453716112758556e+00 1.841836748132905655e+00 -2.447220669384830827e-05 -1.000000000000000000e+00 -8.467662705687825110e-05 3.672801776364258532e-05 1.817183501370891463e-01 1.043386460274447591e+00 1.035035937935212313e+00 1.051802284032120394e+00 0.000000000000000000e+00
6.737067144283217068e+00 1.840302101369569288e+00 6.892768586524948317e-06 1.000000000000000000e+00 -5.362545999735896554e-05 6.840516472184241458e-05 1.439712932585734961e-02 1.038204392894944483e+00 1.029851646507490948e+00 1.046622650263562493e+00 0.000000000000000000e+00
6.742685253548897251e+00 1.838768733297566405e+00 2.605413522291227248e-05 1.000000000000000000e+00 -3.469188674821107769e-05 8.779687094053031850e-05 2.052957519923097607e-01 1.036344018728180938e+00 1.027976371303567227e+00 1.044777680611341131e+00 0.000000000000000000e+00
6.748308047813412536e+00 1.837236642851472368e+00 3.583498930544635038e-05 1.000000000000000000e+00 -2.507063824764972052e-05 9.774254101033294159e-05 3.872011581441370254e-01 1.035898111425565871e+00 1.027533939695058018e+00 1.044328185787407604e+00 0.000000000000000000e+00
6.753935530983630642e+00 1.835705828966748943e+00 4.025550856193260387e-05 1.000000000000000000e+00 -2.084567286384234259e-05 1.023632562277434317e-04 4.863500437307948232e-01 1.035041263934587619e+00 1.026656184360300150e+00 1.043492577298151591e+00 0.000000000000000000e+00
6.759567706969678902e+00 1.834176290579746293e+00 3.734407093364938961e-05 1.000000000000000000e+00 -2.401322023287067917e-05 9.971063406993612918e-05 4.156453464366904882e-01 1.034958003306467811e+00 1.026494224296832014e+00 1.043489231654690208e+00 0.000000000000000000e+00
6.765204579684944264e+00 1.832648026627699211e+00 2.990912801923034612e-05 1.000000000000000000e+00 -3.157648517697110590e-05 9.240781554567375686e-05 2.646283192765395142e-01 1.035275420502216326e+00 1.026862694514336205e+00 1.043754790854997783e+00 0.000000000000000000e+00
6.770846153046076843e+00 1.831121036048729556e+00 2.350062945771314114e-05 1.000000000000000000e+00 -3.815397739061674294e-05 8.617139918604324177e-05 1.625340382258286809e-01 1.034661077083138592e+00 1.026172267991009468e+00 1.043217749918371684e+00 0.000000000000000000e+00
6.776492430972993475e+00 1.829595317781842700e+00 1.647794061437451771e-05 1.000000000000000000e+00 -4.520223503110710344e-05 7.918107669138792681e-05 7.970310836094540718e-02 1.034612448639179227e+00 1.026099606138452858e+00 1.043193468003274615e+00 0.000000000000000000e+00
6.782143417388880380e+00 1.828070870766929312e+00 1.112274055136403747e-05 1.000000000000000000e+00 -5.049266167648637195e-05 7.377067997366172083e-05 3.625906484967345023e-02 1.034761059944393269e+00 1.026303004117531836e+00 1.043286581138469060e+00 0.000000000000000000e+00
6.787799116220194051e+00 1.826547693944761797e+00 4.962572646792643073e-06 1.000000000000000000e+00 -5.676630716118903299e-05 6.772917519378203628e-05 7.189744286961285979e-03 1.036410628713836823e+00 1.027868754868445755e+00 1.045021020828910796e+00 0.000000000000000000e+00
6.793459531396665696e+00 1.825025786256996740e+00 1.534991837713896957e-05 1.000000000000000000e+00 -4.664459719660856709e-05 7.838413433614385304e-05 6.844937231483072537e-02 1.032655139358606977e+00 1.024100607417473885e+00 1.041278640291631641e+00 0.000000000000000000e+00
6.799124666851304788e+00 1.823505146646170916e+00 2.083340150041271534e-05 1.000000000000000000e+00 -4.144011922122007782e-05 8.414751944965151150e-05 1.251476458369893408e-01 1.032402406150502605e+00 1.023849087562444637e+00 1.041024700377094936e+00 0.000000000000000000e+00
6.804794526520399067e+00 1.821985774055703944e+00 3.559403372593361782e-05 1.000000000000000000e+00 -2.698724203087571934e-05 9.921854339077487901e-05 3.634256473402501797e-01 1.029864483598218694e+00 1.021293024582187181e+00 1.038505405705129281e+00 0.000000000000000000e+00
6.810469114343518982e+00 1.820467667429894965e+00 5.146348673377080629e-05 1.000000000000000000e+00 -1.127868224835264362e-05 1.152541147395618913e-04 7.576760027906743744e-01 1.028065519567756381e+00 1.019554221886441514e+00 1.036645611577375226e+00 0.000000000000000000e+00
6.816148434263521239e+00 1.818950825713921748e+00 6.283676186005905477e-05 1.000000000000000000e+00 -1.087522352715157483e-07 1.268340196393605442e-04 1.127204289452890862e+00 1.028729898423533351e+00 1.020138798829552051e+00 1.037390772183045984e+00 0.000000000000000000e+00
6.821832490226549695e+00 1.817435247853842917e+00 7.876477938100129913e-05 1.000000000000000000e+00 1.559776309618761858e-05 1.429874352653674957e-04 1.766708208199190722e+00 1.027611470587130427e+00 1.018996875490038923e+00 1.036296415487608868e+00 0.000000000000000000e+00
6.827521286182038907e+00 1.815920932796593723e+00 9.275165744330562717e-05 1.000000000000000000e+00 2.929630592047363083e-05 1.572661861259382922e-04 2.436148123599025439e+00 1.026972288849089976e+00 1.018361356681753316e+00 1.035653573047074394e+00 0.000000000000000000e+00
6.833214826082717686e+00 1.814407879489987385e+00 1.036222543472432232e-04 1.000000000000000000e+00 3.977540656459598598e-05 1.685286087836058663e-04 3.014527749771218623e+00 1.027179534164108787e+00 1.018536334335427007e+00 1.035893466510610539e+00 0.000000000000000000e+00
6.838913113884609984e+00 1.812896086882713975e+00 1.165321484662280827e-04 1.000000000000000000e+00 5.223731180687122449e-05 1.818872265872165073e-04 3.780547770687064713e+00 1.026173827260936866e+00 1.017451256782472280e+00 1.034968649093614079e+00 0.000000000000000000e+00
6.844616153547039339e+00 1.811385553924339531e+00 1.309125440908045926e-04 1.000000000000000000e+00 6.637453489120459656e-05 1.965141406151275970e-04 4.745563933751668628e+00 1.024130153589884129e+00 1.015468897859315822e+00 1.032862661129212656e+00 0.000000000000000000e+00
6.850323949032630644e+00 1.809876279565305390e+00 1.442143838548098748e-04 1.000000000000000000e+00 7.950697174596836776e-05 2.099901250954875850e-04 5.750197257278102825e+00 1.021767217195242550e+00 1.013087701231725202e+00 1.030518513274369496e+00 0.000000000000000000e+00
6.856036504307313706e+00 1.808368262756926637e+00 1.536153521745766499e-04 1.000000000000000000e+00 8.880741696105985510e-05 2.194962978124812328e-04 6.529085080118591122e+00 1.019679417985960734e+00 1.010929177594411144e+00 1.028502716661275240e+00 0.000000000000000000e+00
6.861753823340325908e+00 1.806861502451392543e+00 1.532521927269999025e-04 1.000000000000000000e+00 8.850273623235135672e-05 2.190805843073851062e-04 6.494895738790376072e+00 1.019701798474747623e+00 1.011008208708550127e+00 1.028467470581463594e+00 0.000000000000000000e+00
6.867475910104213099e+00 1.805355997601766127e+00 1.486467628799261950e-04 1.000000000000000000e+00 8.377826689630316396e-05 2.145987229009145927e-04 6.090514007731826496e+00 1.019360722098884731e+00 1.010587035009054890e+00 1.028208019897944858e+00 0.000000000000000000e+00
6.873202768574835808e+00 1.803851747161981711e+00 1.380072956915693423e-04 1.000000000000000000e+00 7.305266454213252226e-05 2.040521365024195875e-04 5.213278154279578303e+00 1.019589042654466260e+00 1.010867237712008038e+00 1.028383428060331450e+00 0.000000000000000000e+00
6.878934402731368358e+00 1.802348750086846252e+00 1.265479678488095803e-04 1.000000000000000000e+00 6.133272581121519500e-05 1.928581326364036666e-04 4.345354026349582455e+00 1.019011747380264898e+00 1.010206607114854993e+00 1.027890845263386144e+00 0.000000000000000000e+00
6.884670816556305084e+00 1.800847005332036233e+00 1.137631085636299976e-04 1.000000000000000000e+00 4.837208857739141066e-05 1.802531674944529423e-04 3.484023693505946540e+00 1.018842772866212831e+00 1.010005650009671463e+00 1.027754445944085049e+00 0.000000000000000000e+00
6.890412014035459443e+00 1.799346511854099884e+00 1.006286189749290778e-04 1.000000000000000000e+00 3.527559111268393740e-05 1.670854850753939998e-04 2.714509093984872834e+00 1.019583312441728395e+00 1.010798317179698813e+00 1.028442008150492804e+00 0.000000000000000000e+00
6.896157999157970231e+00 1.797847268610453630e+00 9.785155231866676329e-05 1.000000000000000000e+00 3.254664366389008754e-05 1.642642151887137021e-04 2.572069116843522352e+00 1.017318624598234411e+00 1.008462255989348133e+00 1.026250020370119032e+00 0.000000000000000000e+00
6.901908775916301586e+00 1.796349274559382980e+00 9.594827310139366933e-05 1.000000000000000000e+00 3.084095368800180304e-05 1.621692302817765970e-04 2.485672307831919170e+00 1.015483551894937886e+00 1.006608867804301921e+00 1.024433593663545361e+00 0.000000000000000000e+00
6.907664348306248314e+00 1.794852528660041413e+00 8.885603441606720920e-05 1.000000000000000000e+00 2.396402448962601476e-05 1.548679524844410300e-04 2.138995846289049041e+00 1.015835726161204766e+00 1.006965854542417604e+00 1.024780912788831655e+00 0.000000000000000000e+00
6.913424720326936779e+00 1.793357029872449937e+00 8.532621759905399889e-05 1.000000000000000000e+00 2.045009668480983922e-05 1.513262788452604340e-04 1.971864907786539334e+00 1.014182415200290288e+00 1.005290148525669336e+00 1.023150623425523875e+00 0.000000000000000000e+00
6.919189895980827565e+00 1.791862777157495312e+00 7.433086412150711174e-05 1.000000000000000000e+00 9.368377902615500352e-06 1.404174272692681373e-04 1.487630768164535766e+00 1.014717000245067391e+00 1.005823314845748717e+00 1.023686669555350370e+00 0.000000000000000000e+00
6.924959879273719920e+00 1.790369769476931161e+00 6.589386891953991814e-05 1.000000000000000000e+00 7.486068523322611610e-07 1.321636649515650576e-04 1.160949402826133792e+00 1.013546863505000672e+00 1.004624439576230932e+00 1.022545696293374995e+00 0.000000000000000000e+00
6.930734674214753532e+00 1.788878005793375303e+00 5.968250537420254434e-05 1.000000000000000000e+00 -5.561221081372572453e-06 1.260543922592902719e-04 9.485740808221976295e-01 1.011268623314828252e+00 1.002323531962278080e+00 1.020290727647873208e+00 0.000000000000000000e+00
6.936514284816411191e+00 1.787387485070310644e+00 4.666466450254130231e-05 1.000000000000000000e+00 -1.844367757796543502e-05 1.129089891392973626e-04 5.796657209996851634e-01 1.011895512130979613e+00 1.002952057140851228e+00 1.020915984216511418e+00 0.000000000000000000e+00
6.942298715094520567e+00 1.785898206272082511e+00 4.421186168572238272e-05 1.000000000000000000e+00 -2.072053342238195381e-05 1.102881104186858576e-04 5.226445027765294071e-01 1.008420264208932382e+00 9.994636749146772470e-01 1.017454343946244677e+00 0.000000000000000000e+00
6.948087969068260428e+00 1.784410168363900873e+00 3.349204435963059674e-05 1.000000000000000000e+00 -3.127431930295023594e-05 9.940634415394800538e-05 3.008551507099355149e-01 1.008066893724080648e+00 9.990285230863968913e-01 1.017184077703774170e+00 0.000000000000000000e+00
6.953882050760158862e+00 1.782923370311836564e+00 2.025389840233187522e-05 1.000000000000000000e+00 -4.430453260855861700e-05 8.596430355793443709e-05 1.100576721542552150e-01 1.007990228611735928e+00 9.990115212072798734e-01 1.017046754175472634e+00 0.000000000000000000e+00
6.959680964196100383e+00 1.781437811082822398e+00 -8.370318261038807870e-07 -1.000000000000000000e+00 -6.536844755066458022e-05 6.484792026443949263e-05 1.872807624749839306e-04 1.010062350191251124e+00 1.000987581684278815e+00 1.019216544499062627e+00 0.000000000000000000e+00
6.965484713405325046e+00 1.779953489644652054e+00 -2.220502690878049660e-05 -1.000000000000000000e+00 -8.669956371251422655e-05 4.344692928190758616e-05 1.312582792786542996e-01 1.011306852824025215e+00 1.002193088465133108e+00 1.020500561283360863e+00 0.000000000000000000e+00
6.971293302420433768e+00 1.778470404965979412e+00 -4.397896506616554956e-05 -1.000000000000000000e+00 -1.083754910847495578e-04 2.158197935820757737e-05 5.129727294138888283e-01 1.012347230384117003e+00 1.003230926932679345e+00 1.021543545364087979e+00 0.000000000000000000e+00
6.977106735277391003e+00 1.776988556016316556e+00 -6.934008361940280775e-05 -1.000000000000000000e+00 -1.336046314656670316e-04 -3.902990935435206787e-06 1.271184443656409258e+00 1.015269428220868075e+00 1.006107683837669020e+00 1.024511651702549209e+00 0.000000000000000000e+00
6.982925016015525621e+00 1.775507941766035547e+00 -8.403778432648888327e-05 -1.000000000000000000e+00 -1.481349775958793174e-04 -1.875957129435222614e-05 1.864552146383175568e+00 1.014984480410644041e+00 1.005882717230951906e+00 1.024165812997384739e+00 0.000000000000000000e+00
6.988748148677535355e+00 1.774028561186365982e+00 -9.662026387884010438e-05 -1.000000000000000000e+00 -1.607246698977889620e-04 -3.133134339398641174e-05 2.459117829429771973e+00 1.015502189628369356e+00 1.006309647786969741e+00 1.024775641450802910e+00 0.000000000000000000e+00
6.994576137309488573e+00 1.772550413249394330e+00 -9.819182851146143179e-05 -1.000000000000000000e+00 -1.623674711582920272e-04 -3.282734062424304754e-05 2.533900038357046469e+00 1.013473538853851830e+00 1.004256170317036734e+00 1.022772633555742106e+00 0.000000000000000000e+00
7.000408985960828723e+00 1.771073496928063928e+00 -9.971611387599022664e-05 -1.000000000000000000e+00 -1.639855393105743174e-04 -3.425243659465086396e-05 2.602711123089534340e+00 1.013527069348621135e+00 1.004312086174461660e+00 1.022823743989872192e+00 0.000000000000000000e+00
7.006246698684376106e+00 1.769597811196173431e+00 -9.123673000781295280e-05 -1.000000000000000000e+00 -1.557286581758630917e-04 -2.554631947433044260e-05 2.170390161928651196e+00 1.011525550575932408e+00 1.002284600286193594e+00 1.020848573988400121e+00 0.000000000000000000e+00
7.012089279536330544e+00 1.768123355028376364e+00 -8.226104517897227524e-05 -1.000000000000000000e+00 -1.469669462322492680e-04 -1.635391075777212070e-05 1.756361844279240358e+00 1.011076307054439516e+00 1.001840152653455496e+00 1.020394685839459026e+00 0.000000000000000000e+00
7.017936732576273151e+00 1.766650127400181791e+00 -7.066983790938315103e-05 -1.000000000000000000e+00 -1.356211013309939104e-04 -4.516474295089418210e-06 1.291254509390682870e+00 1.010803638853707609e+00 1.001534687515480915e+00 1.020155465787958571e+00 0.000000000000000000e+00
7.023789061867172556e+00 1.765178127287950538e+00 -6.065979163392340174e-05 -1.000000000000000000e+00 -1.258195162423180954e-04 5.704430666552114744e-06 9.480847076868030854e-01 1.011761634510888852e+00 1.002454645061364502e+00 1.021151987354855795e+00 0.000000000000000000e+00
7.029646271475383124e+00 1.763707353668898525e+00 -4.688115094061381564e-05 -1.000000000000000000e+00 -1.122478040772741353e-04 1.969793691032279342e-05 5.644154423503096041e-01 1.011087172361762487e+00 1.001787068327287145e+00 1.020470682912320903e+00 0.000000000000000000e+00
7.035508365470652059e+00 1.762237805521092104e+00 -3.607454716195901856e-05 -1.000000000000000000e+00 -1.017701343611116156e-04 3.084287423033943388e-05 3.320359019398324563e-01 1.011189836610393966e+00 1.001853017071994589e+00 1.020610584357028783e+00 0.000000000000000000e+00
7.041375347926120298e+00 1.760769481823449834e+00 -2.436774363770027207e-05 -1.000000000000000000e+00 -9.059528659216302870e-05 4.308467895600578658e-05 1.499770789828289708e-01 1.010588227212358303e+00 1.001157458039896309e+00 1.020104593451489627e+00 0.000000000000000000e+00
7.047247222918324283e+00 1.759302381555740702e+00 -1.301526279002662356e-05 -1.000000000000000000e+00 -7.969423743660073518e-05 5.488778380814736554e-05 4.229907262271126456e-02 1.010164564948749621e+00 1.000792260845865478e+00 1.019621626003508252e+00 0.000000000000000000e+00
7.053123994527200402e+00 1.757836503698584130e+00 3.391199812015378292e-06 1.000000000000000000e+00 -6.375576332584396858e-05 7.175888171916417900e-05 2.851837049831829063e-03 1.007944392296144187e+00 9.984866009893208494e-01 1.017488661966860830e+00 0.000000000000000000e+00
7.059005666836087656e+00 1.756371847233449524e+00 1.813342747460441076e-05 1.000000000000000000e+00 -4.908077519397846403e-05 8.657583786113862753e-05 8.148754230626309436e-02 1.006271826783416312e+00 9.968846821280156201e-01 1.015744264625006554e+00 0.000000000000000000e+00
7.064892243931729432e+00 1.754908411142653613e+00 2.454782007875360694e-05 1.000000000000000000e+00 -4.263267070607208964e-05 9.296502190501507580e-05 1.498183549724672048e-01 1.006875512304560294e+00 9.973975107106468618e-01 1.016440415298754285e+00 0.000000000000000000e+00
7.070783729904277948e+00 1.753446194409361780e+00 2.103945613870263144e-05 1.000000000000000000e+00 -4.598620810940501043e-05 8.930730839092300476e-05 1.103396728889265432e-01 1.009172136583210921e+00 9.996526441863118340e-01 1.018779085650929561e+00 0.000000000000000000e+00
7.076680128847296025e+00 1.751985196017586288e+00 1.302782073182101373e-05 1.000000000000000000e+00 -5.384298415620248648e-05 8.114394909219652238e-05 4.228334501163999448e-02 1.009784793124502311e+00 1.000326525067458672e+00 1.019329605432373276e+00 0.000000000000000000e+00
7.082581444857760644e+00 1.750525414952186498e+00 1.258242717456002019e-06 1.000000000000000000e+00 -6.569094917768335381e-05 6.945692393453454605e-05 3.927817233488894999e-04 1.007765018427920545e+00 9.982226871486669095e-01 1.017395641361714009e+00 0.000000000000000000e+00
7.088487682036063831e+00 1.749066850198867318e+00 -3.039554006586576990e-05 -1.000000000000000000e+00 -9.736850681629823242e-05 3.784165636054374161e-05 2.269805598133984859e-01 1.010041250676946278e+00 1.000450793355130097e+00 1.019720640029858183e+00 0.000000000000000000e+00
7.094398844486017985e+00 1.747609500744178535e+00 -6.771502770002373701e-05 -1.000000000000000000e+00 -1.347083028837078996e-04 5.672004194903806007e-07 1.112377400663035587e+00 1.011815685869675407e+00 1.002220924333353302e+00 1.021499100157064133e+00 0.000000000000000000e+00
7.100314936314857661e+00 1.746153365575515037e+00 -9.795495669080261881e-05 -1.000000000000000000e+00 -1.651144442301834053e-04 -2.948028780360520287e-05 2.295675857021876709e+00 1.009631538219365465e+00 1.000007984716017262e+00 1.019344447772109419e+00 0.000000000000000000e+00
7.106235961633242226e+00 1.744698443681114597e+00 -1.347320118575858871e-04 -1.000000000000000000e+00 -2.020578790547210572e-04 -6.606604673751555114e-05 4.269401616111110798e+00 1.011305958533551985e+00 1.001679267049061517e+00 1.021022074873640495e+00 0.000000000000000000e+00
7.112161924555259418e+00 1.743244734050058975e+00 -1.576717151410647632e-04 -1.000000000000000000e+00 -2.252817173031444265e-04 -8.870008364370258818e-05 5.757177937523522360e+00 1.010627527238470602e+00 1.000965413715531271e+00 1.020379665909649347e+00 0.000000000000000000e+00
7.118092829198427118e+00 1.741792235672271039e+00 -1.675869861757774376e-04 -1.000000000000000000e+00 -2.355152457339244442e-04 -9.827660589628392930e-05 6.427953715923422351e+00 1.009540112221881225e+00 9.997886716361101822e-01 1.019383421285347646e+00 0.000000000000000000e+00
7.124028679683696907e+00 1.740340947538516092e+00 -1.655106003072972045e-04 -1.000000000000000000e+00 -2.335637408185191593e-04 -9.605661131800748956e-05 6.225691306387517443e+00 1.008856717511916523e+00 9.991749015097759479e-01 1.018629070299993611e+00 0.000000000000000000e+00
7.129969480135457616e+00 1.738890868640399878e+00 -1.550318756096761826e-04 -1.000000000000000000e+00 -2.232393790639809641e-04 -8.541510973107239470e-05 5.447180607716575196e+00 1.009123714883574330e+00 9.994048789575408209e-01 1.018933877711196923e+00 0.000000000000000000e+00
7.135915234681537100e+00 1.737441997970369245e+00 -1.354002712978021332e-04 -1.000000000000000000e+00 -2.036886039389162843e-04 -6.569895729975500369e-05 4.160332957081550376e+00 1.008174537453431441e+00 9.984697931111498059e-01 1.017970498206008489e+00 0.000000000000000000e+00
7.141865947453204910e+00 1.735994334521709703e+00 -1.082644906985646185e-04 -1.000000000000000000e+00 -1.766811314163403593e-04 -3.843423231676629324e-05 2.670495658605005929e+00 1.004548577215593097e+00 9.948207292683755032e-01 1.014368409127253567e+00 0.000000000000000000e+00
7.147821622585176726e+00 1.734547877288545648e+00 -8.472408008552176177e-05 -1.000000000000000000e+00 -1.533435981317821529e-04 -1.469036674109042791e-05 1.640055858492559082e+00 1.001271306850339160e+00 9.914594965403624727e-01 1.011177072515265341e+00 0.000000000000000000e+00
7.153782264215615250e+00 1.733102625265839913e+00 -7.375112727610002488e-05 -1.000000000000000000e+00 -1.424832311102309937e-04 -3.606376461789712485e-06 1.241187743431623858e+00 1.001392880902740146e+00 9.916359561560919023e-01 1.011242593209825458e+00 0.000000000000000000e+00
7.159747876486134643e+00 1.731658577449392222e+00 -6.877962102518345373e-05 -1.000000000000000000e+00 -1.377967670946542156e-04 1.643079089975275691e-06 1.075434865729022249e+00 1.002273205587199678e+00 9.924065411069773468e-01 1.012234708718127818e+00 0.000000000000000000e+00
7.165718463541802308e+00 1.730215732835839626e+00 -6.237341956829618337e-05 -1.000000000000000000e+00 -1.315281654400895302e-04 8.186209698443064190e-06 8.818260408489493329e-01 1.001413680265694106e+00 9.916046728040798230e-01 1.011316501132684342e+00 0.000000000000000000e+00
7.171694029531142434e+00 1.728774090422655174e+00 -5.608814252333103683e-05 -1.000000000000000000e+00 -1.254154469851499613e-04 1.464683364745108726e-05 7.124707345242597967e-01 1.000118240733948838e+00 9.902110687926191090e-01 1.010121233473676439e+00 0.000000000000000000e+00
7.177674578606138667e+00 1.727333649208146804e+00 -4.848235759454507448e-05 -1.000000000000000000e+00 -1.178725813401421889e-04 2.232167596806372160e-05 5.328794009922432906e-01 9.980693008485019835e-01 9.881231250543025535e-01 1.008112183079326707e+00 0.000000000000000000e+00
7.183660114922237661e+00 1.725894408191456675e+00 -4.367567986664203967e-05 -1.000000000000000000e+00 -1.130352068607376909e-04 2.710341546131768696e-05 4.325632163111094997e-01 9.968697783290904058e-01 9.869871888079655431e-01 1.006848043405319970e+00 0.000000000000000000e+00
7.189650642638349964e+00 1.724456366372562499e+00 -3.664999700634142556e-05 -1.000000000000000000e+00 -1.061855381915563035e-04 3.430486503215993187e-05 3.043108997147783157e-01 9.940563294064815869e-01 9.840832159809560498e-01 1.004127036097359316e+00 0.000000000000000000e+00
7.195646165916856241e+00 1.723019522752273547e+00 -3.782612187501497648e-05 -1.000000000000000000e+00 -1.074058726183211947e-04 3.317632713797879736e-05 3.230645803554068607e-01 9.935817855164944534e-01 9.836677186725399924e-01 1.003592458170680324e+00 0.000000000000000000e+00
7.201646688923606376e+00 1.721583876332232421e+00 -3.971330265344144979e-05 -1.000000000000000000e+00 -1.094639491689930423e-04 3.146483008895879443e-05 3.548999766543659007e-01 9.920822286740649254e-01 9.820699712969034323e-01 1.002193158384315996e+00 0.000000000000000000e+00
7.207652215827925701e+00 1.720149426114913060e+00 -4.419600798150548647e-05 -1.000000000000000000e+00 -1.140341293638014902e-04 2.707891247552469846e-05 4.381874033749681985e-01 9.903352527389923665e-01 9.802793219104882771e-01 1.000490797894320272e+00 0.000000000000000000e+00
7.213662750802614987e+00 1.718716171103621404e+00 -5.683166339523379159e-05 -1.000000000000000000e+00 -1.266567796433267878e-04 1.443938099070568777e-05 7.216597450660913182e-01 9.909353879984066360e-01 9.808787697350555002e-01 1.001091590690557531e+00 0.000000000000000000e+00
7.219678298023954888e+00 1.717284110302493172e+00 -6.235989171919719776e-05 -1.000000000000000000e+00 -1.322535447649034169e-04 8.984245578647160539e-06 8.666351559105009983e-01 9.878873954313637240e-01 9.777924736974242803e-01 9.980828951470361865e-01 0.000000000000000000e+00
7.225698861671710382e+00 1.715853242716494531e+00 -7.754164138001568907e-05 -1.000000000000000000e+00 -1.473652307431673534e-04 -6.264000615098473386e-06 1.335740404748605670e+00 9.886079389481023938e-01 9.785121690307631015e-01 9.988043088279690007e-01 0.000000000000000000e+00
7.231724445929129885e+00 1.714423567351419875e+00 -8.989826946249010757e-05 -1.000000000000000000e+00 -1.596375482786371348e-04 -1.869629488081979332e-05 1.793521711199389301e+00 9.882615403944909893e-01 9.781160776114291577e-01 9.985086253069563877e-01 0.000000000000000000e+00
7.237755054982951464e+00 1.712995083213891823e+00 -9.538130195785760350e-05 -1.000000000000000000e+00 -1.650794814537950134e-04 -2.420957019590084223e-05 2.020885082469789040e+00 9.853257463734731436e-01 9.750863402364382537e-01 9.956688641847808441e-01 0.000000000000000000e+00
7.243790693023404614e+00 1.711567789311361887e+00 -1.119791332281673421e-04 -1.000000000000000000e+00 -1.814903206389769025e-04 -4.098007868426159787e-05 2.778419195426835131e+00 9.874268610336710550e-01 9.772391338357351298e-01 9.977170448263491531e-01 0.000000000000000000e+00
7.249831364244212040e+00 1.710141684652107807e+00 -1.205792977406084390e-04 -1.000000000000000000e+00 -1.901986899176847062e-04 -4.946304068843071706e-05 3.205580184004077182e+00 9.867020330179890886e-01 9.764641086084031585e-01 9.970434700511896509e-01 0.000000000000000000e+00
7.255877072842594977e+00 1.708716768245233997e+00 -1.283606929419535978e-04 -1.000000000000000000e+00 -1.982923953608197441e-04 -5.692896247121055360e-05 3.602204363218902472e+00 9.866151283448237885e-01 9.762627085189446996e-01 9.970734024898112446e-01 0.000000000000000000e+00
7.261927823019274086e+00 1.707293039100669763e+00 -1.360425800638508575e-04 -1.000000000000000000e+00 -2.061711446583151136e-04 -6.440932922655038596e-05 4.008855324127893027e+00 9.881135605386475174e-01 9.778129264278636601e-01 9.985188793733709156e-01 0.000000000000000000e+00
7.267983618978473004e+00 1.705870496229170197e+00 -1.314404725697487970e-04 -1.000000000000000000e+00 -2.018847570963729738e-04 -5.948667249676798210e-05 3.722795287278245269e+00 9.866342272142807346e-01 9.762272316475520961e-01 9.971482331307018887e-01 0.000000000000000000e+00
7.274044464927921894e+00 1.704449138642313732e+00 -1.213090834628836314e-04 -1.000000000000000000e+00 -1.918198032396674889e-04 -4.927744762436398970e-05 3.166073600808545052e+00 9.849412309583867042e-01 9.746074346914164188e-01 9.953807467631552441e-01 0.000000000000000000e+00
7.280110365078859225e+00 1.703028965352503699e+00 -1.009259251645202703e-04 -1.000000000000000000e+00 -1.716876653221852686e-04 -2.863406483297351393e-05 2.192716337073676414e+00 9.804282483064946652e-01 9.700061925542192709e-01 9.909582010925847007e-01 0.000000000000000000e+00
7.286181323646034436e+00 1.701609975372965211e+00 -9.057905661739430010e-05 -1.000000000000000000e+00 -1.614963700299822276e-04 -1.812246100862088588e-05 1.759616993635546578e+00 9.807134533037952240e-01 9.703541913128880259e-01 9.911793550328956703e-01 0.000000000000000000e+00
7.292257344847713263e+00 1.700192167717745617e+00 -7.474902058705075317e-05 -1.000000000000000000e+00 -1.461923251329374585e-04 -1.762901223646411056e-06 1.189656340318720140e+00 9.787764598053713128e-01 9.683106688731555334e-01 9.893512360151635043e-01 0.000000000000000000e+00
7.298338432905678630e+00 1.698775541401714717e+00 -6.448964726869342177e-05 -1.000000000000000000e+00 -1.365392568824310457e-04 9.104438660162189525e-06 8.749965242216433126e-01 9.791964828659810438e-01 9.686682484219283351e-01 9.898348916998928049e-01 0.000000000000000000e+00
7.304424592045234199e+00 1.697360095440562322e+00 -5.051327389000953805e-05 -1.000000000000000000e+00 -1.231870986027463002e-04 2.371162774015813719e-05 5.300995969865880397e-01 9.784872150974196492e-01 9.679614748633255106e-01 9.891231743174341284e-01 0.000000000000000000e+00
7.310515826495206149e+00 1.695945828850798032e+00 -3.164796441364429183e-05 -1.000000000000000000e+00 -1.049563317920210116e-04 4.321851787557640529e-05 2.059575530619497385e-01 9.766420372162936125e-01 9.660657068444448159e-01 9.873298052763351818e-01 0.000000000000000000e+00
7.316612140487947613e+00 1.694532740649751679e+00 -1.264911213551051970e-05 -1.000000000000000000e+00 -8.640011363787368731e-05 6.266914770898200095e-05 3.266769183389328646e-02 9.756925198418553435e-01 9.651245164101150964e-01 9.863718806867994848e-01 0.000000000000000000e+00
7.322713538259342236e+00 1.693120829855571774e+00 1.525268504657100085e-05 1.000000000000000000e+00 -5.892901891331755830e-05 9.101000799072873611e-05 4.735766015869558032e-02 9.716065926706651812e-01 9.610040905338714801e-01 9.823215568049428192e-01 0.000000000000000000e+00
7.328820024048804171e+00 1.691710095487224841e+00 4.436677956438866375e-05 1.000000000000000000e+00 -3.020632590973644922e-05 1.205227881938492139e-04 4.000548428582817451e-01 9.666454500039206588e-01 9.560134238053479283e-01 9.773912853109288923e-01 0.000000000000000000e+00
7.334931602099284298e+00 1.690300536564494527e+00 5.986852639413749053e-05 1.000000000000000000e+00 -1.497987137575252563e-05 1.363050325819435216e-04 7.255391264539809981e-01 9.658876946044102629e-01 9.552657237089621223e-01 9.766234385055363454e-01 0.000000000000000000e+00
7.341048276657271110e+00 1.688892152107981603e+00 6.398609667135717852e-05 1.000000000000000000e+00 -1.117491576402292023e-05 1.407418407567034607e-04 8.232212076059965966e-01 9.676089650375727658e-01 9.569198387743974576e-01 9.784129256351588033e-01 0.000000000000000000e+00
7.347170051972794269e+00 1.687484941139102412e+00 6.621390272759646197e-05 1.000000000000000000e+00 -9.253001387715369531e-06 1.432875402988562996e-04 8.744684917735696672e-01 9.675167805726208048e-01 9.568307860257058151e-01 9.783175706283110395e-01 0.000000000000000000e+00
7.353296932299427269e+00 1.686078902680089531e+00 6.119030200081289556e-05 1.000000000000000000e+00 -1.464731642435607465e-05 1.386465946303366966e-04 7.392899305590390213e-01 9.680304378622844874e-01 9.572791227718371321e-01 9.788977844193105238e-01 0.000000000000000000e+00
7.359428921894291875e+00 1.684674035753989330e+00 4.918748647525920709e-05 1.000000000000000000e+00 -2.704964664154628994e-05 1.270526868753890344e-04 4.723315423904352883e-01 9.697133936660666809e-01 9.588252272062792736e-01 9.807203352585049938e-01 0.000000000000000000e+00
7.365566025018059015e+00 1.683270339384662417e+00 3.979438713464833916e-05 1.000000000000000000e+00 -3.664523284047101041e-05 1.178760877228703032e-04 3.061552894705528161e-01 9.696881628918652130e-01 9.588651574937324673e-01 9.806285289700591434e-01 0.000000000000000000e+00
7.371708245934952330e+00 1.681867812596783196e+00 3.061411690497172806e-05 1.000000000000000000e+00 -4.610023443176059367e-05 1.089830232290102104e-04 1.798285625684741262e-01 9.699376756020803292e-01 9.589867492428830742e-01 9.810086343865890290e-01 0.000000000000000000e+00
7.377855588912752616e+00 1.680466454415837863e+00 2.955494676373107842e-05 1.000000000000000000e+00 -4.720043997203877734e-05 1.079791355013740549e-04 1.669539702865847630e-01 9.678702352596857406e-01 9.570002678584126343e-01 9.788587722805675018e-01 0.000000000000000000e+00
7.384008058222798709e+00 1.679066263868125519e+00 2.379802950646371065e-05 1.000000000000000000e+00 -5.305076787451993897e-05 1.023216982385016430e-04 1.079550548816428091e-01 9.687553004624980257e-01 9.577577225034120678e-01 9.798740981849709542e-01 0.000000000000000000e+00
7.390165658139991045e+00 1.677667239980756175e+00 2.574948843522980956e-05 1.000000000000000000e+00 -5.112474794000072603e-05 1.043059206352576292e-04 1.263559186335498907e-01 9.670592083494099489e-01 9.560125133363223116e-01 9.782284932288679569e-01 0.000000000000000000e+00
7.396328392942796093e+00 1.676269381781650081e+00 2.262859143230119550e-05 1.000000000000000000e+00 -5.417441439737793053e-05 1.011259276772978589e-04 9.748988875676900534e-02 9.672250382858185169e-01 9.561871689333404367e-01 9.783852961497619960e-01 0.000000000000000000e+00
7.402496266913247247e+00 1.674872688299538392e+00 1.694591919613854452e-05 1.000000000000000000e+00 -5.990383735372551430e-05 9.550385423891092794e-05 5.450776123936407203e-02 9.675351794853778165e-01 9.564356033081299335e-01 9.787585037992572179e-01 0.000000000000000000e+00
7.408669284336948380e+00 1.673477158563960288e+00 7.934700763257255700e-06 1.000000000000000000e+00 -6.903417395136105005e-05 8.662736069124848460e-05 1.186701076670715338e-02 9.679932726258417830e-01 9.568974621602863717e-01 9.792127579805972593e-01 0.000000000000000000e+00
7.414847449503079169e+00 1.672082791605264962e+00 1.123097078098338748e-05 1.000000000000000000e+00 -6.617565967363090189e-05 9.037785104085334104e-05 2.355402848090193402e-02 9.623638459723757865e-01 9.512335092405793668e-01 9.736194708917791374e-01 0.000000000000000000e+00
7.421030766704393322e+00 1.670689586454608300e+00 -1.132240700705991055e-05 -1.000000000000000000e+00 -8.914443145386964651e-05 6.825625750322336638e-05 2.354046954167188233e-02 9.669620086843376816e-01 9.557400941886216028e-01 9.783106245660857514e-01 0.000000000000000000e+00
7.427219240237226572e+00 1.669297542143953983e+00 -2.291702101624435898e-05 -1.000000000000000000e+00 -1.011876214302499832e-04 5.713410947329608866e-05 9.489547320481506176e-02 9.675308488700519183e-01 9.563115878161113637e-01 9.788766922832885520e-01 0.000000000000000000e+00
7.433412874401496673e+00 1.667906657706072160e+00 -2.575013524657294273e-05 -1.000000000000000000e+00 -1.045187151178638964e-04 5.482700105850732848e-05 1.181803208641838410e-01 9.657090237138674649e-01 9.544376902301575649e-01 9.771083117759311598e-01 0.000000000000000000e+00
7.439611673500706956e+00 1.666516932174539223e+00 -3.001813440722056207e-05 -1.000000000000000000e+00 -1.091272950723678261e-04 5.093114023624578353e-05 1.586232247643124538e-01 9.658996797276704349e-01 9.546394761196316248e-01 9.772876400509779016e-01 0.000000000000000000e+00
7.445815641841948995e+00 1.665128364583736253e+00 -1.786910470602390546e-05 -1.000000000000000000e+00 -9.747099072013361699e-05 6.360271666398537721e-05 5.567645257315234630e-02 9.605437699667348506e-01 9.492542713634313234e-01 9.719624238034576535e-01 0.000000000000000000e+00
7.452024783735907043e+00 1.663740953968849468e+00 -1.758374405063063489e-05 -1.000000000000000000e+00 -9.760439441930214631e-05 6.433469087892893358e-05 5.323393466281345354e-02 9.605181810841244561e-01 9.492401425746991306e-01 9.719251033154904240e-01 0.000000000000000000e+00
7.458239103496859812e+00 1.662354699365868660e+00 -8.562868233351320535e-06 -1.000000000000000000e+00 -8.922711402924255538e-05 7.402212235448257435e-05 1.245805739515049027e-02 9.569171250847556820e-01 9.455959476723587720e-01 9.683687403772186508e-01 0.000000000000000000e+00
7.464458605442683137e+00 1.660969599811586539e+00 -7.448789966151356285e-06 -1.000000000000000000e+00 -8.881082942354019683e-05 7.584967498536504418e-05 9.285621721517145488e-03 9.562362611885886210e-01 9.447861940376223178e-01 9.678197475314216369e-01 0.000000000000000000e+00
7.470683293894854415e+00 1.659585654343599170e+00 -4.386391345902795132e-06 -1.000000000000000000e+00 -8.620184710042875327e-05 7.938463751768086896e-05 3.178605305265591596e-03 9.544140705181739515e-01 9.430492866999944379e-01 9.659107901170923549e-01 0.000000000000000000e+00
7.476913173178454386e+00 1.658202862000304201e+00 -2.539328603888610065e-06 -1.000000000000000000e+00 -8.481217196244196716e-05 8.171183517153970466e-05 1.055323368888139157e-03 9.527749744039024637e-01 9.412897863078641958e-01 9.643950209335665491e-01 0.000000000000000000e+00
7.483148247622170679e+00 1.656821221820899526e+00 -1.420126190124977695e-05 -1.000000000000000000e+00 -9.653062698140743797e-05 7.014050032455697444e-05 3.271682600421854659e-02 9.561778317480528200e-01 9.447519933674144443e-01 9.677366925031232192e-01 0.000000000000000000e+00
7.489388521558299594e+00 1.655440732845385288e+00 -2.748908834736614961e-05 -1.000000000000000000e+00 -1.100435416234480128e-04 5.710533265067419407e-05 1.214819746411421875e-01 9.595341693034084019e-01 9.479620294637244315e-01 9.712423308782496267e-01 0.000000000000000000e+00
7.495633999322752317e+00 1.654061394114560324e+00 -3.894742892913123189e-05 -1.000000000000000000e+00 -1.218133856644012603e-04 4.598013767936168943e-05 2.411292351367251285e-01 9.611651737930215766e-01 9.495225162297479260e-01 9.729452822436518433e-01 0.000000000000000000e+00
7.501884685255054031e+00 1.652683204670022832e+00 -5.011147523569042209e-05 -1.000000000000000000e+00 -1.333711100662287761e-04 3.523176401313037802e-05 3.936352259023578881e-01 9.616666105249079832e-01 9.500269410652893987e-01 9.734436517926272625e-01 0.000000000000000000e+00
7.508140583698349246e+00 1.651306163554170148e+00 -6.490774861105599197e-05 -1.000000000000000000e+00 -1.486595522293829774e-04 2.095511128080761263e-05 6.500657258200703836e-01 9.630678043941698352e-01 9.513554704976528997e-01 9.749190069667176273e-01 0.000000000000000000e+00
7.514401698999403578e+00 1.649930269810196748e+00 -7.669068453804738005e-05 -1.000000000000000000e+00 -1.609047029230626551e-04 9.671325096792811435e-06 8.934626833873835494e-01 9.635804170036617045e-01 9.518691098510472237e-01 9.754304450327431208e-01 0.000000000000000000e+00
7.520668035508609073e+00 1.648555522482095359e+00 -7.882052557551660074e-05 -1.000000000000000000e+00 -1.636727475331742647e-04 8.217781765835490576e-06 9.296277392549825436e-01 9.617052428463511715e-01 9.499389763924790397e-01 9.736115606665670663e-01 0.000000000000000000e+00
7.526939597579984209e+00 1.647181920614653627e+00 -7.669823872701320426e-05 -1.000000000000000000e+00 -1.622188252778382800e-04 1.104211772691731958e-05 8.655303864391612478e-01 9.608604029003241509e-01 9.491689845745612253e-01 9.726902882169645714e-01 0.000000000000000000e+00
7.533216389571179228e+00 1.645809463253457006e+00 -5.811304980989306462e-05 -1.000000000000000000e+00 -1.447115332679078091e-04 3.071945771838014723e-05 4.888438998180788531e-01 9.572945663631230451e-01 9.454866688457194135e-01 9.692440615921975589e-01 0.000000000000000000e+00
7.539498415843477019e+00 1.644438149444884756e+00 -3.863550357071634053e-05 -1.000000000000000000e+00 -1.261779072885485932e-04 5.114192927235003909e-05 2.129764217562524209e-01 9.577174856887266108e-01 9.458370372502804546e-01 9.697412712672315305e-01 0.000000000000000000e+00
7.545785680761798453e+00 1.643067978236111282e+00 -3.925446907000045467e-06 -1.000000000000000000e+00 -9.214571343802581253e-05 8.652884083363584057e-05 2.185271853193171410e-03 9.561202752677864236e-01 9.442548992448360767e-01 9.681290173262873111e-01 0.000000000000000000e+00
7.552078188694705041e+00 1.641698948675104575e+00 4.318920761937498275e-05 1.000000000000000000e+00 -4.548838664244693626e-05 1.341005304868616937e-04 2.654556962225171901e-01 9.519670146516144849e-01 9.400614382764784782e-01 9.640175358390665750e-01 0.000000000000000000e+00
7.558375944014398939e+00 1.640331059810627101e+00 8.455776036525120085e-05 1.000000000000000000e+00 -4.261580821213599457e-06 1.756109233354983179e-04 1.024847698536575535e+00 9.500696459790839432e-01 9.381857071997938835e-01 9.620984171604564095e-01 0.000000000000000000e+00
7.564678951096730941e+00 1.638964310692231585e+00 1.269670974557779778e-04 1.000000000000000000e+00 3.789064979641871720e-05 2.182730641584258616e-04 2.326956611984485335e+00 9.455869351241766863e-01 9.336617739637096403e-01 9.576585917428073191e-01 0.000000000000000000e+00
7.570987214321198699e+00 1.637598700370265004e+00 1.521837658080973726e-04 1.000000000000000000e+00 6.282028743277713568e-05 2.437709265675650568e-04 3.344250545141306930e+00 9.444232992566623519e-01 9.325080752995756894e-01 9.564850512919317316e-01 0.000000000000000000e+00
7.577300738070952946e+00 1.636234227895864146e+00 1.684676001592420446e-04 1.000000000000000000e+00 7.856777514707968368e-05 2.605858842542055831e-04 4.074896790104503452e+00 9.427273023240534400e-01 9.307436369698668388e-01 9.548594567654676846e-01 0.000000000000000000e+00
7.583619526732800153e+00 1.634870892320956948e+00 1.719610094984711716e-04 1.000000000000000000e+00 8.140528232487593153e-05 2.647355288985649645e-04 4.201969704821067353e+00 9.422075346090902359e-01 9.300740745795487152e-01 9.544931309452751034e-01 0.000000000000000000e+00
7.589943584697204315e+00 1.633508692698261822e+00 1.684262935326486573e-04 1.000000000000000000e+00 7.745624999084967479e-05 2.616322696069605953e-04 3.986867666676488398e+00 9.413720388358607361e-01 9.293101101709116962e-01 9.535843502267659089e-01 0.000000000000000000e+00
7.596272916358290495e+00 1.632147628081284996e+00 1.623059893450050481e-04 1.000000000000000000e+00 7.086588057503940630e-05 2.560027839405481305e-04 3.669783684511799038e+00 9.397600665779619611e-01 9.275554984152950544e-01 9.521186661074045876e-01 0.000000000000000000e+00
7.602607526113848380e+00 1.630787697524322288e+00 1.462232513935213826e-04 1.000000000000000000e+00 5.474442904113806924e-05 2.399791774113623757e-04 2.957317674073777880e+00 9.415290058629318670e-01 9.293867676996654392e-01 9.538234661818105753e-01 0.000000000000000000e+00
7.608947418365335835e+00 1.629428900082457776e+00 1.319594401422575624e-04 1.000000000000000000e+00 4.038152100059977758e-05 2.258212665906495311e-04 2.398776595014652457e+00 9.429875530007523210e-01 9.306881158256481434e-01 9.554428188485856177e-01 0.000000000000000000e+00
7.615292597517878903e+00 1.628071234811562906e+00 1.259808396021962630e-04 1.000000000000000000e+00 3.457235159059919821e-05 2.196816537358064006e-04 2.185410800242379992e+00 9.418879103421162746e-01 9.296751900884934194e-01 9.542546956145014914e-01 0.000000000000000000e+00
7.621643067980279795e+00 1.626714700768294497e+00 1.158802675932602894e-04 1.000000000000000000e+00 2.457008034724422882e-05 2.094904142198048339e-04 1.850527003064854625e+00 9.427342562103795398e-01 9.303712193750467430e-01 9.552548939603806577e-01 0.000000000000000000e+00
7.627998834165015118e+00 1.625359297010096737e+00 1.066735951619167795e-04 1.000000000000000000e+00 1.555531199153676811e-05 2.001059100255543253e-04 1.570710506414940255e+00 9.428379731312778178e-01 9.304023351624945981e-01 9.554331088075216361e-01 0.000000000000000000e+00
7.634359900488242090e+00 1.624005022595198744e+00 9.307246191427452262e-05 1.000000000000000000e+00 2.177282404521889620e-06 1.863011787316943657e-04 1.195133206292751993e+00 9.435222739838229344e-01 9.310914740932693112e-01 9.561124101349688376e-01 0.000000000000000000e+00
7.640726271369800315e+00 1.622651876582614117e+00 7.517476445731202314e-05 1.000000000000000000e+00 -1.573539925627391351e-05 1.684405820222541835e-04 7.759018465263523012e-01 9.443633442846852688e-01 9.318497287249547512e-01 9.570381879956583182e-01 0.000000000000000000e+00
7.647097951233216229e+00 1.621299858032140939e+00 5.343747418968675382e-05 1.000000000000000000e+00 -3.764174244827422076e-05 1.468956075877975067e-04 3.880341237278912558e-01 9.454309016714066427e-01 9.329110050679867427e-01 9.581119104467267222e-01 0.000000000000000000e+00
7.653474944505703093e+00 1.619948966004359558e+00 2.762967093426961116e-05 1.000000000000000000e+00 -6.386093817431606800e-05 1.215106672049225166e-04 1.022354291146712058e-01 9.477631982174461456e-01 9.351417537192404650e-01 9.605479191712648079e-01 0.000000000000000000e+00
7.659857255618167216e+00 1.618599199560634805e+00 8.521679128279542649e-06 1.000000000000000000e+00 -8.334134232964290478e-05 1.027774208510161681e-04 9.597470594883361628e-03 9.486905518402382054e-01 9.360610282274096638e-01 9.614835271595643107e-01 0.000000000000000000e+00
7.666244889005210617e+00 1.617250557763112662e+00 -7.700107764206791212e-06 -1.000000000000000000e+00 -9.972029150647211920e-05 8.671432501885745984e-05 7.780354126651900515e-03 9.511563652149235271e-01 9.384302214743966974e-01 9.640481085934158312e-01 0.000000000000000000e+00
7.672637849105131913e+00 1.615903039674720043e+00 -6.559904365678228733e-06 -1.000000000000000000e+00 -9.845396736655324975e-05 8.774006012233138594e-05 5.669229293346234044e-03 9.498993921350407099e-01 9.370288350656149623e-01 9.629395524951881447e-01 0.000000000000000000e+00
7.679036140359931650e+00 1.614556644359165460e+00 -9.213575116763648607e-06 -1.000000000000000000e+00 -1.004083303440016564e-04 8.441082953450354726e-05 1.128669930309911251e-02 9.520520066969451189e-01 9.392675237723349113e-01 9.650035668101244468e-01 0.000000000000000000e+00
7.685439767215314077e+00 1.613211370880937023e+00 -8.079093102475837739e-06 -1.000000000000000000e+00 -9.886758928778431436e-05 8.515417961963339449e-05 8.756607452681919312e-03 9.523333912074186669e-01 9.393996437313486547e-01 9.654381337482613734e-01 0.000000000000000000e+00
7.691848734120691589e+00 1.611867218305303329e+00 -1.761483143696807607e-05 -1.000000000000000000e+00 -1.080706077043640039e-04 7.530061026120417409e-05 4.165515159112942456e-02 9.542857781424946007e-01 9.414305634637676334e-01 9.673097729073731887e-01 0.000000000000000000e+00
7.698263045529186499e+00 1.610524185698310351e+00 -3.639712651441788993e-05 -1.000000000000000000e+00 -1.271394338913811204e-04 5.681325566438205296e-05 1.761867386089477350e-01 9.558855464960515080e-01 9.428545491678175239e-01 9.690896934940015361e-01 0.000000000000000000e+00
7.704682705897634598e+00 1.609182272126782998e+00 -6.561933641799293335e-05 -1.000000000000000000e+00 -1.567122284950891553e-04 2.796006738035086139e-05 5.628828390177034180e-01 9.576258502684170670e-01 9.446571205687982475e-01 9.707658150467707303e-01 0.000000000000000000e+00
7.711107719686588702e+00 1.607841476658323998e+00 -1.026129885446499189e-04 -1.000000000000000000e+00 -1.942847281909195628e-04 -8.435032996337104259e-06 1.350155706822789625e+00 9.599933895016499186e-01 9.468314690748744766e-01 9.733310362620547496e-01 0.000000000000000000e+00
7.717538091360320429e+00 1.606501798361312572e+00 -1.200031328147288561e-04 -1.000000000000000000e+00 -2.120821809641362744e-04 -2.538650591346985311e-05 1.825231570825465610e+00 9.548831854567182420e-01 9.416560072068465015e-01 9.682884691597285487e-01 0.000000000000000000e+00
7.723973825386825531e+00 1.605163236304904206e+00 -1.483966729281844144e-04 -1.000000000000000000e+00 -2.402342810919006009e-04 -5.398213709570468801e-05 2.772911499605584140e+00 9.572701483308909687e-01 9.441102855035558017e-01 9.706058333375872094e-01 0.000000000000000000e+00
7.730414926237823892e+00 1.603825789559029547e+00 -1.595184590509683936e-04 -1.000000000000000000e+00 -2.512063446058770575e-04 -6.522718657682070203e-05 3.206044761661345888e+00 9.574376717713298790e-01 9.441132853416455140e-01 9.709421849759221068e-01 0.000000000000000000e+00
7.736861398388765743e+00 1.602489457194395728e+00 -1.642357004923668999e-04 -1.000000000000000000e+00 -2.555892152141809714e-04 -7.026472749087329136e-05 3.403376812740091850e+00 9.595386829707595044e-01 9.462915442686932188e-01 9.729637360801198787e-01 0.000000000000000000e+00
7.743313246318833443e+00 1.601154238282482378e+00 -1.442090740915168720e-04 -1.000000000000000000e+00 -2.358261352192128223e-04 -4.998126943460153677e-05 2.629746192151046102e+00 9.548382440361243839e-01 9.414581490291039634e-01 9.684007781578753971e-01 0.000000000000000000e+00
7.749770474510944140e+00 1.599820131895543396e+00 -1.277152458347400492e-04 -1.000000000000000000e+00 -2.194788807026713015e-04 -3.334131207114159751e-05 2.060260243910676081e+00 9.529088958253223440e-01 9.396292656271707511e-01 9.663689348286532699e-01 0.000000000000000000e+00
7.756233087451753327e+00 1.598487137106606282e+00 -1.201313607663180566e-04 -1.000000000000000000e+00 -2.122757464576483747e-04 -2.536824401195306384e-05 1.815075072157824820e+00 9.542823064944853106e-01 9.408262253616863635e-01 9.679233603971215683e-01 0.000000000000000000e+00
7.762701089631657503e+00 1.597155252989470364e+00 -1.139251529591665368e-04 -1.000000000000000000e+00 -2.063063559400872592e-04 -1.889572313537348218e-05 1.622159810339411479e+00 9.545607875188520941e-01 9.411869898993998618e-01 9.681173418218842475e-01 0.000000000000000000e+00
7.769174485544799502e+00 1.595824478618706577e+00 -1.080412524712974943e-04 -1.000000000000000000e+00 -2.010602157563677714e-04 -1.235328072879196006e-05 1.445587318153513934e+00 9.526119515731499288e-01 9.390762712599447504e-01 9.663350166181522427e-01 0.000000000000000000e+00
7.775653279689067610e+00 1.594494813069657235e+00 -1.063657899050645100e-04 -1.000000000000000000e+00 -2.001137418828249481e-04 -9.930376184104545718e-06 1.383205524726349722e+00 9.501895912520814669e-01 9.365658002347720945e-01 9.640035929853788543e-01 0.000000000000000000e+00
7.782137476566102663e+00 1.593166255418435151e+00 -1.143093410211697917e-04 -1.000000000000000000e+00 -2.087177536652981937e-04 -1.718379395984489199e-05 1.571827440721349944e+00 9.505412153794764452e-01 9.369138624962826123e-01 9.643587668875104324e-01 0.000000000000000000e+00
7.788627080681298942e+00 1.591838804741922297e+00 -1.138461680227181421e-04 -1.000000000000000000e+00 -2.090952209961370427e-04 -1.584022096603458394e-05 1.535395198482632395e+00 9.479766312554149810e-01 9.342591337095547122e-01 9.618870757847265418e-01 0.000000000000000000e+00
7.795122096543806833e+00 1.590512460117771143e+00 -1.144104972409961372e-04 -1.000000000000000000e+00 -2.103844959923959011e-04 -1.564736078862257764e-05 1.526999242796208023e+00 9.479601374742843145e-01 9.342431514474249798e-01 9.618698911244920602e-01 0.000000000000000000e+00
7.801622528666539047e+00 1.589187220624400876e+00 -1.030099718478208628e-04 -1.000000000000000000e+00 -1.998364917426422678e-04 -3.389923635940291077e-06 1.222856035951821241e+00 9.466895423471369808e-01 9.328779055089434502e-01 9.606969450280302691e-01 0.000000000000000000e+00
7.808128381566169729e+00 1.587863085341000069e+00 -8.268266188360073551e-05 -1.000000000000000000e+00 -1.800609705839208586e-04 1.748514039490693542e-05 7.827898934106229945e-01 9.456507977635599804e-01 9.318565270634313613e-01 9.596408167733312400e-01 0.000000000000000000e+00
7.814639659763139790e+00 1.586540053347523793e+00 -5.250436554289898710e-05 -1.000000000000000000e+00 -1.502306924461214413e-04 4.801977015344906658e-05 3.160111451065290566e-01 9.433008362918775536e-01 9.294342252989740150e-01 9.573659046040629006e-01 0.000000000000000000e+00
7.821156367781661345e+00 1.585218123724693617e+00 -2.908037826943931715e-05 -1.000000000000000000e+00 -1.269641325498093712e-04 7.162348326873084828e-05 9.728941749654040905e-02 9.437661529146564865e-01 9.297295624533528091e-01 9.580059888352607800e-01 0.000000000000000000e+00
7.827678510149716828e+00 1.583897295553998275e+00 -5.138858020066207288e-06 -1.000000000000000000e+00 -1.030669518747132660e-04 9.563696213089388043e-05 3.043915694320276089e-03 9.415075976853576334e-01 9.275876875299976509e-01 9.556279713780151397e-01 0.000000000000000000e+00
7.834206091399066985e+00 1.582577567917689887e+00 5.181952927456159985e-06 1.000000000000000000e+00 -9.327790227349633614e-05 1.064983228874749724e-04 3.077321792787302002e-03 9.402787555379705786e-01 9.261905464869294446e-01 9.545726441412138996e-01 0.000000000000000000e+00
7.840739116065250869e+00 1.581258939898786631e+00 7.930930231204864901e-07 1.000000000000000000e+00 -9.818850236660914342e-05 1.026464532042338995e-04 7.111192333297822188e-05 9.396978523457504284e-01 9.256991214666936418e-01 9.538999779989381089e-01 0.000000000000000000e+00
7.847277588687588512e+00 1.579941410581070071e+00 -1.826256541919753855e-05 -1.000000000000000000e+00 -1.180470277026144163e-04 8.441699972215401817e-05 3.703703121378509877e-02 9.401393718690532753e-01 9.259476380761445524e-01 9.545398106723372855e-01 0.000000000000000000e+00
7.853821513809187138e+00 1.578624979049085830e+00 -4.453745900679705950e-05 -1.000000000000000000e+00 -1.447219303983055981e-04 5.858766417596463329e-05 2.165463233829001410e-01 9.401217768124043861e-01 9.260122702370313652e-01 9.544374539340256813e-01 0.000000000000000000e+00
7.860370895976941163e+00 1.577309644388141585e+00 -7.197867467996184928e-05 -1.000000000000000000e+00 -1.725303156708158248e-04 3.155285236864629876e-05 5.585716990988203179e-01 9.395215729701461571e-01 9.252314167222385199e-01 9.540230294822611423e-01 0.000000000000000000e+00
7.866925739741537527e+00 1.575995405684307737e+00 -1.071386808891024547e-04 -1.000000000000000000e+00 -2.073973758273076496e-04 -3.857715906168955361e-06 1.227413546614329221e+00 9.430085053077873480e-01 9.287883808524457496e-01 9.574372378565720876e-01 0.000000000000000000e+00
7.873486049657457464e+00 1.574682262024415857e+00 -1.391975836886478459e-04 -1.000000000000000000e+00 -2.391676120483623861e-04 -3.616732031668046872e-05 2.064184766225196199e+00 9.476229707424983495e-01 9.331980311640702963e-01 9.622614426567418500e-01 0.000000000000000000e+00
7.880051830282980951e+00 1.573370212496058462e+00 -1.563401529852212902e-04 -1.000000000000000000e+00 -2.558474432645620644e-04 -5.372442703440046506e-05 2.600673818960004269e+00 9.488794555989921164e-01 9.345492539553342803e-01 9.634202129593678610e-01 0.000000000000000000e+00
7.886623086180188480e+00 1.572059256187587906e+00 -1.591512679696420896e-04 -1.000000000000000000e+00 -2.588296798212454380e-04 -5.633071879079107271e-05 2.685719201389431987e+00 9.462802140143368179e-01 9.317964288020401664e-01 9.609795809755579121e-01 0.000000000000000000e+00
7.893199821914964609e+00 1.570749392188117488e+00 -1.633912970148894981e-04 -1.000000000000000000e+00 -2.635728385027721562e-04 -6.004495520741052052e-05 2.800654060670893841e+00 9.454581546259960279e-01 9.308902504060492245e-01 9.602444077349824303e-01 0.000000000000000000e+00
7.899782042057002407e+00 1.569440619587517682e+00 -1.670005051288570843e-04 -1.000000000000000000e+00 -2.679586762080469662e-04 -6.285708185987194706e-05 2.877446083305414959e+00 9.455495657637567053e-01 9.309853101720199087e-01 9.603322362371351506e-01 0.000000000000000000e+00
7.906369751179806116e+00 1.568132937476418354e+00 -1.740582911395602880e-04 -1.000000000000000000e+00 -2.759780592515373443e-04 -6.892491367506946038e-05 3.065144385882675238e+00 9.485692969394219354e-01 9.338892035351713528e-01 9.634705248989421378e-01 0.000000000000000000e+00
7.912962953860692039e+00 1.566826344946206540e+00 -1.673298548256241009e-04 -1.000000000000000000e+00 -2.701417072351093985e-04 -6.125625936396702793e-05 2.786508829725278247e+00 9.481486118238398042e-01 9.334787292955120108e-01 9.630393725202077704e-01 0.000000000000000000e+00
7.919561654680794760e+00 1.565520841089027337e+00 -1.552099341337069755e-04 -1.000000000000000000e+00 -2.589194503030992035e-04 -4.819152821613986802e-05 2.365308129325555342e+00 9.476223715922535984e-01 9.328683384177367532e-01 9.625998225680566511e-01 0.000000000000000000e+00
7.926165858225068916e+00 1.564216424997781019e+00 -1.382694481817743268e-04 -1.000000000000000000e+00 -2.427510120990808862e-04 -3.044630781694100338e-05 1.856607258217948697e+00 9.467418069300461703e-01 9.320036132264168938e-01 9.617032278490885711e-01 0.000000000000000000e+00
7.932775569082291867e+00 1.562913095766124583e+00 -1.148231348183270564e-04 -1.000000000000000000e+00 -2.201608334975744326e-04 -6.134055083259492853e-06 1.270014865619970124e+00 9.440669984271333748e-01 9.292584755230990368e-01 9.591015364758251893e-01 0.000000000000000000e+00
7.939390791845069018e+00 1.561610852488469980e+00 -9.591854102474290853e-05 -1.000000000000000000e+00 -2.018564198722897006e-04 1.337695681416944157e-05 8.807982740660662557e-01 9.431371080156456532e-01 9.283407388847296771e-01 9.581595476321239646e-01 0.000000000000000000e+00
7.946011531109834714e+00 1.560309694259983226e+00 -8.394026136174546427e-05 -1.000000000000000000e+00 -1.903711859940796186e-04 2.585677264749872020e-05 6.715479684531544535e-01 9.441999721598781647e-01 9.293008735298615708e-01 9.593279135768515431e-01 0.000000000000000000e+00
7.952637791476856677e+00 1.559009620176584621e+00 -6.648044185035331655e-05 -1.000000000000000000e+00 -1.734688862316986768e-04 4.387773054345988678e-05 4.204483065820312504e-01 9.421443334447847651e-01 9.270688307497975122e-01 9.573767631774217080e-01 0.000000000000000000e+00
7.959269577550237784e+00 1.557710629334948083e+00 -5.519464321389221031e-05 -1.000000000000000000e+00 -1.623838564136455330e-04 5.536204337560904278e-05 2.893346958243654399e-01 9.415182432000527291e-01 9.265386836052930120e-01 9.566529033951328698e-01 0.000000000000000000e+00
7.965906893937922284e+00 1.556412720832499597e+00 -3.484522874940308235e-05 -1.000000000000000000e+00 -1.425349244768586601e-04 7.620103052842666744e-05 1.154127242528772967e-01 9.367687945994024323e-01 9.216274723690279780e-01 9.520692851405688772e-01 0.000000000000000000e+00
7.972549745251694908e+00 1.555115893767417656e+00 -2.062757239380787948e-05 -1.000000000000000000e+00 -1.284499857003631724e-04 9.056217589308758887e-05 4.046312164381049570e-02 9.342799846801270736e-01 9.192482526663656728e-01 9.494688826465941256e-01 0.000000000000000000e+00
7.979198136107187977e+00 1.553820147238631932e+00 2.852853329841278879e-06 1.000000000000000000e+00 -1.055742006612960670e-04 1.146591984037030680e-04 7.738310339675535943e-04 9.288455366892864884e-01 9.136539148728928250e-01 9.441983024015683235e-01 0.000000000000000000e+00
7.985852071123881402e+00 1.552525480345822828e+00 2.332751246261877996e-05 1.000000000000000000e+00 -8.564968250229014978e-05 1.356906483910470947e-04 5.148264485538334156e-02 9.259982248600430177e-01 9.109175334105139576e-01 9.412382221536834681e-01 0.000000000000000000e+00
7.992511554925108008e+00 1.551231892189421036e+00 4.383935747523085198e-05 1.000000000000000000e+00 -6.620155658277074252e-05 1.572458026930940978e-04 1.801565023211963990e-01 9.254300362820992998e-01 9.101483751016403723e-01 9.408754104960609377e-01 0.000000000000000000e+00
7.999176592138056208e+00 1.549939381870606869e+00 7.054052912351819256e-05 1.000000000000000000e+00 -4.032650062599513338e-05 1.847566580633356801e-04 4.622252283688368379e-01 9.251955664186570782e-01 9.100113379611005637e-01 9.405416508069012194e-01 0.000000000000000000e+00
