# OBJ_NAME=4U 1630-47
#         GRID_START=6.00
#         GRID_END=8.00
#         GRID_STEP_FRACTION=0.50
#         XSPEC_FITSTAT=cstat
#         XSPEC_CONTINUUM_MODEL=tbabs*(bbodyrad + pow)*constant
#         XSPEC_LINE_MODEL=gauss
#         LINE_VELOCITY_WIDTH=500
#         INPUT_FILE=/home/simon/Downloads/tgcat/obs_13716_tgid_4649/pm_heg_abs1.pha
#         SEARCH_MODE=Sliding window
#         FIT_REGION_WIDTH=30.00
#         RUNTIME=69
#         COLUMN_NAMES=ENERGY,WAVELENGTH,NORM,NORM_SIGN,NORM_ERR_LO,NORM_ERR_HI,DELTA_FITSTAT,CONSTANT_FACTOR,CONSTANT_FACTOR_ERR_LO,CONSTANT_FACTOR_ERR_HI,FIT_ERR
6.000000000000000000e+00 2.066373137115381287e+00 3.986080389955150175e-05 1.000000000000000000e+00 -4.019594252421937442e-05 1.209964647001073517e-04 2.733949860503344098e-01 1.036737913395576083e+00 1.030237270252982507e+00 1.043278177250652750e+00 0.000000000000000000e+00
6.005003461427972589e+00 2.064651403172383937e+00 2.223017163999964661e-05 1.000000000000000000e+00 -5.782603951152444875e-05 1.033660122133209843e-04 8.490849751478890539e-02 1.037135420822665299e+00 1.030581392955242759e+00 1.043729721944466560e+00 0.000000000000000000e+00
6.010011095293655181e+00 2.062931103804642063e+00 2.072387125215516142e-06 1.000000000000000000e+00 -7.791311986856776022e-05 8.314056143419934952e-05 7.357893205153231975e-04 1.038204196849171312e+00 1.031683939999580746e+00 1.044764369927253078e+00 0.000000000000000000e+00
6.015022905076486737e+00 2.061212237816845594e+00 -9.336209453568165939e-06 -1.000000000000000000e+00 -8.935023595924034999e-05 7.176481973011359435e-05 1.489959595846812590e-02 1.038215149523288749e+00 1.031679210251970735e+00 1.044791225446141336e+00 0.000000000000000000e+00
6.020038894258807005e+00 2.059494804014679215e+00 -9.117421882939238958e-06 -1.000000000000000000e+00 -8.924775643421345201e-05 7.210305907287846276e-05 1.419047739136658492e-02 1.037448488081845976e+00 1.030862458808428972e+00 1.044075119128254903e+00 0.000000000000000000e+00
6.025059066325860080e+00 2.057778801204824592e+00 -5.195210765823727491e-06 -1.000000000000000000e+00 -8.542179259736704588e-05 7.612166672832276402e-05 4.599918394887936302e-03 1.038423474950202374e+00 1.031819490006308460e+00 1.045068280090107216e+00 0.000000000000000000e+00
6.030083424765796174e+00 2.056064228194956822e+00 1.307687554357093579e-05 1.000000000000000000e+00 -6.721773780944312912e-05 9.446135581387863451e-05 2.913917822161238291e-02 1.038145313931588820e+00 1.031580977326421955e+00 1.044749979264194772e+00 0.000000000000000000e+00
6.035111973069674285e+00 2.054351083793744426e+00 3.415803471484499254e-05 1.000000000000000000e+00 -4.629642078581051119e-05 1.157020095172642124e-04 1.989280425977995037e-01 1.038611933034397250e+00 1.031995538684010727e+00 1.045269429975032693e+00 0.000000000000000000e+00
6.040144714731465747e+00 2.052639366810848021e+00 5.490624809615950093e-05 1.000000000000000000e+00 -2.567103046736516101e-05 1.365750327934099140e-04 5.141026888973101450e-01 1.039278514079198912e+00 1.032646331156369834e+00 1.045951910552190833e+00 0.000000000000000000e+00
6.045181653248054232e+00 2.050929076056921652e+00 7.753495506007127751e-05 1.000000000000000000e+00 -3.181230330180610127e-06 1.593457292315117371e-04 1.023998983385808970e+00 1.038313650234225394e+00 1.031723048488056627e+00 1.044944905505660993e+00 0.000000000000000000e+00
6.050222792119239301e+00 2.049220210343609683e+00 8.522809885935314915e-05 1.000000000000000000e+00 4.221868678946048836e-06 1.673300651967507611e-04 1.231712557147147891e+00 1.039348429030839904e+00 1.032701970979903683e+00 1.046036389211797424e+00 0.000000000000000000e+00
6.055268134847740846e+00 2.047512768483544576e+00 9.258908280854232170e-05 1.000000000000000000e+00 1.131321663412163006e-05 1.749625297918069649e-04 1.446539030743224430e+00 1.038444237169365403e+00 1.031784012453076604e+00 1.045146111138632650e+00 0.000000000000000000e+00
6.060317684939197314e+00 2.045806749290351334e+00 9.337693885037183018e-05 1.000000000000000000e+00 1.193042700124404476e-05 1.759234227578013437e-04 1.465893101450546965e+00 1.037567060107527084e+00 1.030893401746848070e+00 1.044282517079159645e+00 0.000000000000000000e+00
6.065371445902172809e+00 2.044102151578641724e+00 8.569127045605923068e-05 1.000000000000000000e+00 4.251266477109526981e-06 1.682361895652886982e-04 1.232664991593537707e+00 1.037773897451285565e+00 1.031100709567988272e+00 1.044488818592214763e+00 0.000000000000000000e+00
6.070429421248155322e+00 2.042398974164015168e+00 8.147322473572736663e-05 1.000000000000000000e+00 7.769590548730820161e-08 1.639808424962496160e-04 1.114834260953557532e+00 1.036566766439881881e+00 1.029882045232473509e+00 1.043293341083294745e+00 0.000000000000000000e+00
6.075491614491562942e+00 2.040697215863058300e+00 7.799914866817013752e-05 1.000000000000000000e+00 -3.403113099059476804e-06 1.605183293623468140e-04 1.021273773501434334e+00 1.035218429798205664e+00 1.028521939749602820e+00 1.041957041899159053e+00 0.000000000000000000e+00
6.080558029149742971e+00 2.038996875493343186e+00 7.088375666105526968e-05 1.000000000000000000e+00 -1.057991255650381386e-05 1.534640340328926537e-04 8.410550726307519653e-01 1.035408988292027432e+00 1.028712230827014684e+00 1.042147868288664458e+00 0.000000000000000000e+00
6.085628668742976366e+00 2.037297951873428659e+00 6.565336645934930556e-05 1.000000000000000000e+00 -1.589572305870624814e-05 1.483170828144694982e-04 7.195974530291096016e-01 1.036144559345149485e+00 1.029429060941877694e+00 1.042902473066713798e+00 0.000000000000000000e+00
6.090703536794479511e+00 2.035600443822857208e+00 6.430664646768820953e-05 1.000000000000000000e+00 -1.723343316008286443e-05 1.469636033758205617e-04 6.903716607762362401e-01 1.037071371159886235e+00 1.030337439065718508e+00 1.043847844949464809e+00 0.000000000000000000e+00
6.095782636830406886e+00 2.033904350162153651e+00 7.129626901538169712e-05 1.000000000000000000e+00 -1.022908986755201202e-05 1.539425663205124147e-04 8.507369073799964099e-01 1.036763461623344984e+00 1.029977518758436350e+00 1.043592594977115873e+00 0.000000000000000000e+00
6.100865972379854618e+00 2.032209669712826461e+00 7.817708948856344443e-05 1.000000000000000000e+00 -3.261300618432512737e-06 1.607396194949072975e-04 1.024434723874946940e+00 1.036825233959168813e+00 1.030079604703319385e+00 1.043613584787822957e+00 0.000000000000000000e+00
6.105953546974859592e+00 2.030516401297367324e+00 8.106954471292959394e-05 1.000000000000000000e+00 -4.961326251220967050e-07 1.637583464454026526e-04 1.100116636395341629e+00 1.037661579862639627e+00 1.030858904147369914e+00 1.044507608442158064e+00 0.000000000000000000e+00
6.111045364150406556e+00 2.028824543739246700e+00 7.729764584386540974e-05 1.000000000000000000e+00 -4.396587414040901368e-06 1.601148002781516274e-04 9.965747908067896788e-01 1.039586279040534134e+00 1.032760572496950635e+00 1.046455541645424647e+00 0.000000000000000000e+00
6.116141427444425460e+00 2.027134095862917373e+00 7.592362283474101466e-05 1.000000000000000000e+00 -5.804563529969013766e-06 1.587768982989369300e-04 9.590835651029010478e-01 1.040089731240324777e+00 1.033301669483624341e+00 1.046920901776501545e+00 0.000000000000000000e+00
6.121241740397799447e+00 2.025445056493809570e+00 7.288330859154580361e-05 1.000000000000000000e+00 -8.881412065677856153e-06 1.557753730541683182e-04 8.836046558289751829e-01 1.040225745985899897e+00 1.033382679080705246e+00 1.047112597062169748e+00 0.000000000000000000e+00
6.126346306554362187e+00 2.023757424458334508e+00 5.908852607740018982e-05 1.000000000000000000e+00 -2.254099002777122792e-05 1.418505740000196671e-04 5.811659165315177233e-01 1.042323928370931574e+00 1.035458450536678399e+00 1.049233398674982443e+00 0.000000000000000000e+00
6.131455129460903208e+00 2.022071198583879958e+00 4.819677862585059364e-05 1.000000000000000000e+00 -3.330405173148527078e-05 1.308353468577910957e-04 3.870901297227646864e-01 1.042630709211776141e+00 1.035748379199196378e+00 1.049557286839221781e+00 0.000000000000000000e+00
6.136568212667169675e+00 2.020386377698810687e+00 3.256903222189644895e-05 1.000000000000000000e+00 -4.883172311208349749e-05 1.151102528128503534e-04 1.766187286630156450e-01 1.043054007435051611e+00 1.036171917685560162e+00 1.049980268114845350e+00 0.000000000000000000e+00
6.141685559725869936e+00 2.018702960632467569e+00 1.127591503040289673e-05 1.000000000000000000e+00 -7.007088789387887488e-05 9.376380350972962142e-05 2.112346123476527282e-02 1.043922524080737935e+00 1.037020523693862550e+00 1.050868975231335600e+00 0.000000000000000000e+00
6.146807174192673529e+00 2.017020946215167587e+00 -3.977476635709979292e-06 -1.000000000000000000e+00 -8.524111073196106851e-05 7.842965127917164248e-05 2.627008053877943894e-03 1.042419729648411453e+00 1.035505252711636182e+00 1.049378774745246101e+00 0.000000000000000000e+00
6.151933059626216505e+00 2.015340333278202056e+00 -2.882525201002319361e-05 -1.000000000000000000e+00 -1.098450678647536687e-04 5.334362972022931102e-05 1.380947178267888376e-01 1.043087531271492896e+00 1.036173168545112988e+00 1.050046539681237068e+00 0.000000000000000000e+00
6.157063219588101433e+00 2.013661120653835290e+00 -5.333659352315504062e-05 -1.000000000000000000e+00 -1.340754293480608404e-04 2.855757149063718021e-05 4.738576546678814339e-01 1.043585344544416982e+00 1.036653121241207343e+00 1.050562422547894004e+00 0.000000000000000000e+00
6.162197657642900950e+00 2.011983307175305935e+00 -7.059307913871537652e-05 -1.000000000000000000e+00 -1.511110494364909223e-04 1.108436473919578681e-05 8.319585851490955974e-01 1.042241350431842406e+00 1.035296207087003317e+00 1.049231608735958776e+00 0.000000000000000000e+00
6.167336377358160426e+00 2.010306891676824304e+00 -9.407403889330872020e-05 -1.000000000000000000e+00 -1.744688863926450442e-04 -1.252004321943605484e-05 1.477606220955266281e+00 1.042889443863458387e+00 1.035884804930891745e+00 1.049939814627209644e+00 0.000000000000000000e+00
6.172479382304400630e+00 2.008631872993570600e+00 -1.153968999906122183e-04 -1.000000000000000000e+00 -1.955777153268089099e-04 -3.405492006763152139e-05 2.222882615451879929e+00 1.043648616001437990e+00 1.036682322937316991e+00 1.050660204888168803e+00 0.000000000000000000e+00
6.177626676055119503e+00 2.006958249961698471e+00 -1.358524239828642790e-04 -1.000000000000000000e+00 -2.159214656566209507e-04 -5.461750588275103623e-05 3.080955275594988052e+00 1.045316262148371811e+00 1.038287411722780718e+00 1.052391071043969450e+00 0.000000000000000000e+00
6.182778262186794827e+00 2.005286021418328790e+00 -1.527486035874459427e-04 -1.000000000000000000e+00 -2.327225922034845595e-04 -7.160154756787486636e-05 3.891264159456568450e+00 1.047584018224773539e+00 1.040529816849717681e+00 1.054684382781531315e+00 0.000000000000000000e+00
6.187934144278887771e+00 2.003615186201552323e+00 -1.537293660796380302e-04 -1.000000000000000000e+00 -2.337595269381140966e-04 -7.252009424356383003e-05 3.929330013284470624e+00 1.047540845614686633e+00 1.040527024627068586e+00 1.054600451748983314e+00 0.000000000000000000e+00
6.193094325913842901e+00 2.001945743150427948e+00 -1.455746616585949511e-04 -1.000000000000000000e+00 -2.260002481984185415e-04 -6.396832314830131177e-05 3.501192344484024943e+00 1.047651404199743119e+00 1.040577657881313067e+00 1.054771579828467365e+00 0.000000000000000000e+00
6.198258810677093500e+00 2.000277691104981770e+00 -1.216697624044192090e-04 -1.000000000000000000e+00 -2.025898460616927998e-04 -3.956817485189125102e-05 2.428837424310160031e+00 1.046822566425315459e+00 1.039731183578485929e+00 1.053960608863121262e+00 0.000000000000000000e+00
6.203427602157062459e+00 1.998611028906206677e+00 -8.740328672809987093e-05 -1.000000000000000000e+00 -1.687349228485158950e-04 -4.889005547691294097e-06 1.246950637352256308e+00 1.046734820914835273e+00 1.039683935738144438e+00 1.053831890112716829e+00 0.000000000000000000e+00
6.208600703945164057e+00 1.996945755396060118e+00 -4.585137201576071109e-05 -1.000000000000000000e+00 -1.276206329932951780e-04 3.710018124102869595e-05 3.424491564092022600e-01 1.047480473174084326e+00 1.040369553275285242e+00 1.054638328941274850e+00 0.000000000000000000e+00
6.213778119635809283e+00 1.995281869417466547e+00 1.385294550672880459e-05 1.000000000000000000e+00 -6.827970784459843430e-05 9.716836437983044218e-05 3.131095867820476997e-02 1.044434439678503246e+00 1.037316265407119076e+00 1.051599761956000911e+00 0.000000000000000000e+00
6.218959852826404955e+00 1.993619369814312314e+00 6.115768177925033535e-05 1.000000000000000000e+00 -2.127807450338265220e-05 1.447754807529627575e-04 6.107800074557871994e-01 1.043707419535267578e+00 1.036574302884119447e+00 1.050887949467301352e+00 0.000000000000000000e+00
6.224145907117359044e+00 1.991958255431448777e+00 9.866592192457891946e-05 1.000000000000000000e+00 1.596079574629272798e-05 1.825529277410114246e-04 1.588961349483497543e+00 1.042675098347145779e+00 1.035547725346321446e+00 1.049849962972008388e+00 0.000000000000000000e+00
6.229336286112081567e+00 1.990298525114688521e+00 1.116981336365154145e-04 1.000000000000000000e+00 2.876177974262087182e-05 1.958175903162999508e-04 2.030023581693512824e+00 1.044032062359554036e+00 1.036881038311436853e+00 1.051230826364325965e+00 0.000000000000000000e+00
6.234530993416986355e+00 1.988640177710806478e+00 1.067579656543630529e-04 1.000000000000000000e+00 2.361146118349081188e-05 1.910900716898397624e-04 1.846164807620652937e+00 1.045538983992639226e+00 1.038322070806639408e+00 1.052804426640070457e+00 0.000000000000000000e+00
6.239730032641496393e+00 1.986983212067538140e+00 8.876216538515485925e-05 1.000000000000000000e+00 5.611618399860356056e-06 1.731040644674056855e-04 1.270431309682408028e+00 1.046263656155159927e+00 1.039085462721243358e+00 1.053489886652279273e+00 0.000000000000000000e+00
6.244933407398043812e+00 1.985327627033580011e+00 5.432393525422585229e-05 1.000000000000000000e+00 -2.877924803847801169e-05 1.386244931206643714e-04 4.736923731779825175e-01 1.048270922855927489e+00 1.041065432138235769e+00 1.055524644848601978e+00 0.000000000000000000e+00
6.250141121302072555e+00 1.983673421458586272e+00 1.419183617068140321e-05 1.000000000000000000e+00 -6.882147719876967307e-05 9.840997539054124345e-05 3.221622981277505460e-02 1.050246105775935579e+00 1.042972447904843225e+00 1.057568907292677052e+00 0.000000000000000000e+00
6.255353177972041934e+00 1.982020594193170782e+00 -2.301469780130811673e-05 -1.000000000000000000e+00 -1.057861480463681808e-04 6.097213395178236307e-05 8.451098816476587672e-02 1.051596576875820421e+00 1.044360416403141034e+00 1.058881169058397687e+00 0.000000000000000000e+00
6.260569581029430175e+00 1.980369144088905076e+00 -5.530249907508169002e-05 -1.000000000000000000e+00 -1.379365901362105036e-04 2.855420104236514690e-05 4.867770576031489327e-01 1.053316465885342001e+00 1.046054835926742976e+00 1.060626870580399617e+00 0.000000000000000000e+00
6.265790334098732650e+00 1.978719069998317037e+00 -7.563375751181279725e-05 -1.000000000000000000e+00 -1.582483669800221831e-04 8.205386180207488857e-06 9.087082071057466237e-01 1.054545494997968236e+00 1.047218649313207184e+00 1.061921897285342364e+00 0.000000000000000000e+00
6.271015440807469865e+00 1.977070370774890451e+00 -7.642728253797870903e-05 -1.000000000000000000e+00 -1.590147680092130757e-04 7.384886858195899013e-06 9.282920088735409081e-01 1.053574634613394956e+00 1.046231923256899732e+00 1.060967210924570026e+00 0.000000000000000000e+00
6.276244904786186574e+00 1.975423045273065226e+00 -7.050594583779398121e-05 -1.000000000000000000e+00 -1.529926339231334567e-04 1.320786980375590071e-05 7.919067187342534453e-01 1.053401399990807397e+00 1.046062962456830725e+00 1.060789615482533366e+00 0.000000000000000000e+00
6.281478729668454442e+00 1.973777092348234952e+00 -6.116111127975078752e-05 -1.000000000000000000e+00 -1.435755165947363420e-04 2.248513878440481161e-05 5.975645856221944996e-01 1.053720535945442238e+00 1.046363313978994070e+00 1.061127769782271857e+00 0.000000000000000000e+00
6.286716919090875599e+00 1.972132510856748011e+00 -5.081404079394975950e-05 -1.000000000000000000e+00 -1.332685941231025748e-04 3.287525050484252945e-05 4.127268798511067871e-01 1.053774074976836506e+00 1.046397803850457553e+00 1.061200636932745800e+00 0.000000000000000000e+00
6.291959476693084419e+00 1.970489299655904469e+00 -4.337965186564030957e-05 -1.000000000000000000e+00 -1.259837050560344736e-04 4.045930205424184137e-05 2.999864331327444233e-01 1.053560145681337490e+00 1.046186297938655363e+00 1.060984221822331097e+00 0.000000000000000000e+00
6.297206406117751065e+00 1.968847457603957185e+00 -3.818384564711519596e-05 -1.000000000000000000e+00 -1.210129272729351798e-04 4.588030736443468648e-05 2.314940338760607119e-01 1.052421820804235297e+00 1.045030650001672168e+00 1.059863664740205103e+00 0.000000000000000000e+00
6.302457711010582386e+00 1.967206983560110700e+00 -4.535190477401679582e-05 -1.000000000000000000e+00 -1.283026319141823907e-04 3.883838154319495684e-05 3.252684912285985774e-01 1.053240102403576017e+00 1.045824750463145270e+00 1.060706346323328830e+00 0.000000000000000000e+00
6.307713395020327241e+00 1.965567876384518575e+00 -5.430966201006942823e-05 -1.000000000000000000e+00 -1.372567255302797776e-04 2.988545967680438170e-05 4.654571514738563565e-01 1.053488472276868260e+00 1.046073924128113175e+00 1.060953943601882221e+00 0.000000000000000000e+00
6.312973461798775610e+00 1.963930134938285832e+00 -5.899171970985975444e-05 -1.000000000000000000e+00 -1.419415721545557775e-04 2.521340974247654481e-05 5.487159542283279734e-01 1.051990303759997358e+00 1.044559609233479458e+00 1.059472135431083650e+00 0.000000000000000000e+00
6.318237915000763039e+00 1.962293758083465844e+00 -6.927719413476207959e-05 -1.000000000000000000e+00 -1.522761327896028443e-04 1.498040720230694382e-05 7.554703019347925874e-01 1.051997131187262235e+00 1.044502219494543915e+00 1.059544026181754806e+00 0.000000000000000000e+00
6.323506758284172413e+00 1.960658744683059451e+00 -7.302577214164008180e-05 -1.000000000000000000e+00 -1.559787766903284834e-04 1.118978945275866227e-05 8.384798921242690994e-01 1.050623275155022407e+00 1.043176955290218144e+00 1.058120989442884463e+00 0.000000000000000000e+00
6.328779995309938400e+00 1.959025093601015399e+00 -7.762172415458930134e-05 -1.000000000000000000e+00 -1.605825934758522717e-04 6.605374003208796304e-06 9.465156238256895449e-01 1.050330976875462952e+00 1.042863933582517832e+00 1.057849716282178054e+00 0.000000000000000000e+00
6.334057629742047446e+00 1.957392803702229900e+00 -8.315715425939696707e-05 -1.000000000000000000e+00 -1.661703424199163586e-04 1.126509593216246346e-06 1.085196468571211881e+00 1.051434428003403587e+00 1.043899218322878797e+00 1.059022159794774431e+00 0.000000000000000000e+00
6.339339665247542221e+00 1.955761873852543076e+00 -7.430480630491316215e-05 -1.000000000000000000e+00 -1.573588732881070506e-04 1.002571888228232888e-05 8.656432033583314478e-01 1.049860152850300432e+00 1.042374198858206924e+00 1.057398060727272382e+00 0.000000000000000000e+00
6.344626105496522506e+00 1.954132302918741848e+00 -5.336882002831860628e-05 -1.000000000000000000e+00 -1.366935985652771915e-04 3.123539996861694393e-05 4.456770623285137845e-01 1.046461875651751194e+00 1.038964327672966759e+00 1.054011603936109376e+00 0.000000000000000000e+00
6.349916954162148741e+00 1.952504089768555939e+00 -4.219325818733181898e-05 -1.000000000000000000e+00 -1.258828485247191959e-04 4.277633431197198422e-05 2.772150018749925948e-01 1.047557805025672417e+00 1.039990093513587732e+00 1.055178724040972460e+00 0.000000000000000000e+00
6.355212214920644698e+00 1.950877233270659206e+00 -6.893474068700352780e-06 -1.000000000000000000e+00 -9.099614642362151274e-05 7.849011010684114106e-05 7.379861174740653951e-03 1.043813287321917249e+00 1.036235038795749297e+00 1.051445032037613636e+00 0.000000000000000000e+00
6.360511891451300137e+00 1.949251732294668749e+00 2.367989194293040794e-05 1.000000000000000000e+00 -6.073322382650071219e-05 1.093752738155555316e-04 8.689765296844598197e-02 1.042929432232801545e+00 1.035355958600918447e+00 1.050556442708558302e+00 0.000000000000000000e+00
6.365815987436472589e+00 1.947627585711142251e+00 8.040941557355112547e-05 1.000000000000000000e+00 -4.383429037129298327e-06 1.664868177039308030e-04 1.003755445306524052e+00 1.035538251219015216e+00 1.027968239078687507e+00 1.043162056367813006e+00 0.000000000000000000e+00
6.371124506561590906e+00 1.946004792391578420e+00 1.328936063305817745e-04 1.000000000000000000e+00 4.773577592779726386e-05 2.193389663829115120e-04 2.745300948445901668e+00 1.029035405346579779e+00 1.021466008149546578e+00 1.036658997786925829e+00 0.000000000000000000e+00
6.376437452515156146e+00 1.944383351208418098e+00 1.604409275392721431e-04 1.000000000000000000e+00 7.498188520818750518e-05 2.471898238338463374e-04 3.991323411453549852e+00 1.028247724575688693e+00 1.020682832052505651e+00 1.035866677633293209e+00 0.000000000000000000e+00
6.381754828988746020e+00 1.942763261035039601e+00 1.983013270829253442e-04 1.000000000000000000e+00 1.124166537720731830e-04 2.854770866773893509e-04 6.082264507152217448e+00 1.022765238289522038e+00 1.015196001650248148e+00 1.030389085922908121e+00 0.000000000000000000e+00
6.387076639677015777e+00 1.941144520745761159e+00 2.309497411681306811e-04 1.000000000000000000e+00 1.446616264222349690e-04 3.185313444643577980e-04 8.227199590704572074e+00 1.016693832423956945e+00 1.009121744150686784e+00 1.024320764435459497e+00 0.000000000000000000e+00
6.392402888277703532e+00 1.939527129215838475e+00 2.350408711219589364e-04 1.000000000000000000e+00 1.485511684230248701e-04 3.228292760796768694e-04 8.485711016323989497e+00 1.016594792022426308e+00 1.009023791394543901e+00 1.024220571563780435e+00 0.000000000000000000e+00
6.397733578491629380e+00 1.937911085321463833e+00 2.616193294696659492e-04 1.000000000000000000e+00 1.748991898782250210e-04 3.496448250469839946e-04 1.051663439027731783e+01 1.008727379903220367e+00 1.001160348692857083e+00 1.016349490261600375e+00 0.000000000000000000e+00
6.403068714022700725e+00 1.936296387939767438e+00 2.569259372759889965e-04 1.000000000000000000e+00 1.701087264129160165e-04 3.450528760052869615e-04 1.012705627515390461e+01 1.008362998938317157e+00 1.000729963821386015e+00 1.016052092751510427e+00 0.000000000000000000e+00
6.408408298577912277e+00 1.934683035948813856e+00 2.686648966331859397e-04 1.000000000000000000e+00 1.818618205361746632e-04 3.567819731864744657e-04 1.108710749807687534e+01 1.002743370347675356e+00 9.951757412316277751e-01 1.010366408362730839e+00 0.000000000000000000e+00
6.413752335867351384e+00 1.933071028227602239e+00 2.730714402116612332e-04 1.000000000000000000e+00 1.862762492242143217e-04 3.611832255367975180e-04 1.147073944657233824e+01 9.986618412697516600e-01 9.910855214531171242e-01 1.006293986751581659e+00 0.000000000000000000e+00
6.419100829604198033e+00 1.931460363656067436e+00 2.699483860448554230e-04 1.000000000000000000e+00 1.831790798624335090e-04 3.580385851372309622e-04 1.122786723767126205e+01 9.963546670804187544e-01 9.887198839227111513e-01 1.004046235219845151e+00 0.000000000000000000e+00
6.424453783504729287e+00 1.929851041115075327e+00 2.657378270361105419e-04 1.000000000000000000e+00 1.791253227266275706e-04 3.536800230758680818e-04 1.089585538382584673e+01 9.942650175813464442e-01 9.866836999175824241e-01 1.001902467351975856e+00 0.000000000000000000e+00
6.429811201288321953e+00 1.928243059486426159e+00 2.562827437584907597e-04 1.000000000000000000e+00 1.696477446861262240e-04 3.442533153698771708e-04 1.012690267124730781e+01 9.938785653305682866e-01 9.862310369863509507e-01 1.001583207715170731e+00 0.000000000000000000e+00
6.435173086677453469e+00 1.926636417652850763e+00 2.549368859627861397e-04 1.000000000000000000e+00 1.681946567005367598e-04 3.430195015372474051e-04 9.998388822269248521e+00 9.919222080732913449e-01 9.842570460718805814e-01 9.996448325496398724e-01 0.000000000000000000e+00
6.440539443397706343e+00 1.925031114498011453e+00 2.504789011399680891e-04 1.000000000000000000e+00 1.636495875552443986e-04 3.386544106198941797e-04 9.609821183651888532e+00 9.919153489114568290e-01 9.842950761803936910e-01 9.995924254868754355e-01 0.000000000000000000e+00
6.445910275177769044e+00 1.923427148906499795e+00 2.534493197831852755e-04 1.000000000000000000e+00 1.663638846509104348e-04 3.418849350479772871e-04 9.800831426905233457e+00 9.912390660790190156e-01 9.835531616497389384e-01 9.989828268414082668e-01 0.000000000000000000e+00
6.451285585749439555e+00 1.921824519763838390e+00 2.596840112961623453e-04 1.000000000000000000e+00 1.724346542565998071e-04 3.482871487174168208e-04 1.026229309627979092e+01 9.910155980093757755e-01 9.833065721694954631e-01 9.987828600465821216e-01 0.000000000000000000e+00
6.456665378847628034e+00 1.920223225956476210e+00 2.692700328028630754e-04 1.000000000000000000e+00 1.819462338347329039e-04 3.579515154305351827e-04 1.102477739709627258e+01 9.907641227847856502e-01 9.830598218484750683e-01 9.985266462994699666e-01 0.000000000000000000e+00
6.462049658210359482e+00 1.918623266371792813e+00 2.872583084390606216e-04 1.000000000000000000e+00 1.998254788849496448e-04 3.760543422332811173e-04 1.255719185018676853e+01 9.883017935143371124e-01 9.805834631125407430e-01 9.960786741217745321e-01 0.000000000000000000e+00
6.467438427578775517e+00 1.917024639898092353e+00 2.921350538728727502e-04 1.000000000000000000e+00 2.046110757528943509e-04 3.810284011109348837e-04 1.297106478485034131e+01 9.888018689110061876e-01 9.810580948010004798e-01 9.966045387694583146e-01 0.000000000000000000e+00
6.472831690697137930e+00 1.915427345424606687e+00 2.945018110927379680e-04 1.000000000000000000e+00 2.068535175104470184e-04 3.835241958812523493e-04 1.314299525375247413e+01 9.887653713746339390e-01 9.810240145633820630e-01 9.965655948840966838e-01 0.000000000000000000e+00
6.478229451312831344e+00 1.913831381841492263e+00 2.909501063291586916e-04 1.000000000000000000e+00 2.031188566578389742e-04 3.801587926195076949e-04 1.276990457464899009e+01 9.889883647656853016e-01 9.812201661516805062e-01 9.968158128108844940e-01 0.000000000000000000e+00
6.483631713176364109e+00 1.912236748039830792e+00 2.793852721125218556e-04 1.000000000000000000e+00 1.914078982465866141e-04 3.687463967392154646e-04 1.171569530429326278e+01 9.903683172394165402e-01 9.825681864956158362e-01 9.982281697513443186e-01 0.000000000000000000e+00
6.489038480041373624e+00 1.910643442911627687e+00 2.705431616676487114e-04 1.000000000000000000e+00 1.824745579699067841e-04 3.600056263221901765e-04 1.094381434703427658e+01 9.906561866490665169e-01 9.828556504437137020e-01 9.985163294920503807e-01 0.000000000000000000e+00
6.494449755664626345e+00 1.909051465349812737e+00 2.671346130651221402e-04 1.000000000000000000e+00 1.789384532332952550e-04 3.567318160925642373e-04 1.063880744471271100e+01 9.900535287547630459e-01 9.822280729580480374e-01 9.979389774846979533e-01 0.000000000000000000e+00
6.499865543806021329e+00 1.907460814248235881e+00 2.607340976781746724e-04 1.000000000000000000e+00 1.723818201721777745e-04 3.504879941544711145e-04 1.010248124193151398e+01 9.916904798893876327e-01 9.837865958438271052e-01 9.996554721208290584e-01 0.000000000000000000e+00
6.505285848228594681e+00 1.905871488501671207e+00 2.631062010810950101e-04 1.000000000000000000e+00 1.747408427192011682e-04 3.528742882886435912e-04 1.027099758467659285e+01 9.926427617037665296e-01 9.847820213856978144e-01 1.000563923589563364e+00 0.000000000000000000e+00
6.510710672698518664e+00 1.904283487005811404e+00 2.771070390997389240e-04 1.000000000000000000e+00 1.886656736295598720e-04 3.669538892736382832e-04 1.140570025839861046e+01 9.919263141152538932e-01 9.840424126080734579e-01 9.998709657855151534e-01 0.000000000000000000e+00
6.516140020985107917e+00 1.902696808657271088e+00 2.932714614272819136e-04 1.000000000000000000e+00 2.047326778445739321e-04 3.832186034794639404e-04 1.280181658946310108e+01 9.915620317068610801e-01 9.836089458359443816e-01 9.995770111188645446e-01 0.000000000000000000e+00
6.521573896860818564e+00 1.901111452353583031e+00 3.084446801201646171e-04 1.000000000000000000e+00 2.199248975021304256e-04 3.983748109395124858e-04 1.418028272314290916e+01 9.915564213307715979e-01 9.836515767408918753e-01 9.995224530246710204e-01 0.000000000000000000e+00
6.527012304101254436e+00 1.899527416993199491e+00 3.216797972084816911e-04 1.000000000000000000e+00 2.330086155884230530e-04 4.117583345331888266e-04 1.542687175601383842e+01 9.911681951653126266e-01 9.831933328708601927e-01 9.992053754556977641e-01 0.000000000000000000e+00
6.532455246485166178e+00 1.897944701475490215e+00 3.238531852511699043e-04 1.000000000000000000e+00 2.351269373140878075e-04 4.139853486892415037e-04 1.562351839777022633e+01 9.920147845202513803e-01 9.840093560297096253e-01 1.000082967108181453e+00 0.000000000000000000e+00
6.537902727794456581e+00 1.896363304700741548e+00 3.143930808158477172e-04 1.000000000000000000e+00 2.258026016191111277e-04 4.043930850387573561e-04 1.471701668639184390e+01 9.935520341779580100e-01 9.855878482504832894e-01 1.001578252311165596e+00 0.000000000000000000e+00
6.543354751814182357e+00 1.894783225570156437e+00 3.012229226967983310e-04 1.000000000000000000e+00 2.127180196064834615e-04 3.911426190011786869e-04 1.352248507972865355e+01 9.932644843316932315e-01 9.852292127270054767e-01 1.001362975014510548e+00 0.000000000000000000e+00
6.548811322332555918e+00 1.893204462985853986e+00 2.878743457263042223e-04 1.000000000000000000e+00 1.995112722220433634e-04 3.776608469397688995e-04 1.236781278964292596e+01 9.904369745036201156e-01 9.823831336953596782e-01 9.985544319153712989e-01 0.000000000000000000e+00
6.554272443140948923e+00 1.891627015850867455e+00 2.547488359830961781e-04 1.000000000000000000e+00 1.665877745898381758e-04 3.443414092582986526e-04 9.666746433280422934e+00 9.914807053617057386e-01 9.834239629966595730e-01 9.996009906810929824e-01 0.000000000000000000e+00
6.559738118033894949e+00 1.890050883069143817e+00 2.216892147266614577e-04 1.000000000000000000e+00 1.336469311935206358e-04 3.111667922362009939e-04 7.299374925700135464e+00 9.917898684174749624e-01 9.836999588507973069e-01 9.999438455297486872e-01 0.000000000000000000e+00
6.565208350809092153e+00 1.888476063545543981e+00 1.981062126420714080e-04 1.000000000000000000e+00 1.102059933122206904e-04 2.874422349002508925e-04 5.825615947245864845e+00 9.897565203140974432e-01 9.816426299775359299e-01 9.979350445512462642e-01 0.000000000000000000e+00
6.570683145267405045e+00 1.886902556185840796e+00 1.679220826259089996e-04 1.000000000000000000e+00 8.043046113703362899e-05 2.568495465130125996e-04 4.197253991240813775e+00 9.907070652633851449e-01 9.825929243061806151e-01 9.988857810320139752e-01 0.000000000000000000e+00
6.576162505212867160e+00 1.885330359896719488e+00 1.403250477212349048e-04 1.000000000000000000e+00 5.343218412794391607e-05 2.286574946914965369e-04 2.954148185927579107e+00 9.920784486431489801e-01 9.839325267155133448e-01 1.000289377678780900e+00 0.000000000000000000e+00
6.581646434452685490e+00 1.883759473585775446e+00 1.195042088590330683e-04 1.000000000000000000e+00 3.324347641849655197e-05 2.072083601435151744e-04 2.166072736554269795e+00 9.919015410367862939e-01 9.836855117295971729e-01 1.000183731632861006e+00 0.000000000000000000e+00
6.587134936797241380e+00 1.882189896161514886e+00 8.698344790641938256e-05 1.000000000000000000e+00 1.466067374285826876e-06 1.739485642196471815e-04 1.156819518843803962e+00 9.943722244695581969e-01 9.861981036831403147e-01 1.002611749926326068e+00 0.000000000000000000e+00
6.592628016060094076e+00 1.880621626533353297e+00 5.304155573470573369e-05 1.000000000000000000e+00 -3.198619649053298641e-05 1.395168628201963229e-04 4.320423781331328428e-01 9.953287156222215826e-01 9.871219669070219194e-01 1.003601308759030086e+00 0.000000000000000000e+00
6.598125676057981615e+00 1.879054663611614329e+00 1.062050256731594233e-05 1.000000000000000000e+00 -7.404888673122508836e-05 9.673572918186097106e-05 1.734155068095333263e-02 9.962710395561249488e-01 9.879839963268985947e-01 1.004625187127580865e+00 0.000000000000000000e+00
6.603627920610826152e+00 1.877489006307530905e+00 -4.331002730788822036e-05 -1.000000000000000000e+00 -1.273864561514892512e-04 4.221663812547972737e-05 2.886624271650362061e-01 9.982725483017648171e-01 9.900254481119488137e-01 1.006586039288904333e+00 0.000000000000000000e+00
6.609134753541735741e+00 1.875924653533241671e+00 -1.057539438932153671e-04 -1.000000000000000000e+00 -1.891337100026757047e-04 -2.091956388871712676e-05 1.728416977165920798e+00 1.001109944291675991e+00 9.927761594082463725e-01 1.009511232941491921e+00 0.000000000000000000e+00
6.614646178677005217e+00 1.874361604201792542e+00 -1.586329264486088233e-04 -1.000000000000000000e+00 -2.410475094173279936e-04 -7.475780641611090604e-05 3.930964354111893044e+00 9.998910583312262679e-01 9.915347008768650161e-01 1.008315540031579083e+00 0.000000000000000000e+00
6.620162199846120643e+00 1.872799857227134490e+00 -2.261065353041797330e-04 -1.000000000000000000e+00 -3.072048216806236558e-04 -1.435430614476767175e-04 8.092154904346671174e+00 1.001915239622786169e+00 9.936042975269454569e-01 1.010293466618564784e+00 0.000000000000000000e+00
6.625682820881761970e+00 1.871239411524124430e+00 -2.952425408972624487e-04 -1.000000000000000000e+00 -3.750319516789536950e-04 -2.139870205861119806e-04 1.401385379992393609e+01 1.002543092696230209e+00 9.941578432786863928e-01 1.010996773624242673e+00 0.000000000000000000e+00
6.631208045619805702e+00 1.869680266008521441e+00 -3.713582424278655605e-04 -1.000000000000000000e+00 -4.497172903558907834e-04 -2.915332859716640622e-04 2.252259416056392638e+01 1.002350359792591572e+00 9.939398248580865181e-01 1.010829818093766708e+00 0.000000000000000000e+00
6.636737877899325788e+00 1.868122419596990769e+00 -4.697536312182173436e-04 -1.000000000000000000e+00 -5.465325826232390058e-04 -3.915090860219034219e-04 3.652229961377315703e+01 1.005454813645576317e+00 9.970385823574319240e-01 1.013939919760576513e+00 0.000000000000000000e+00
6.642272321562598059e+00 1.866565871207098271e+00 -5.630231005593544155e-04 -1.000000000000000000e+00 -6.381788069447161130e-04 -4.863937751947217309e-04 5.328735047817639270e+01 1.003096266433146644e+00 9.946619283772263342e-01 1.011600018299737558e+00 0.000000000000000000e+00
6.647811380455102892e+00 1.865010619757312416e+00 -6.647655710672335360e-04 -1.000000000000000000e+00 -7.381328135772412345e-04 -5.899076779306570073e-04 7.548481120978794934e+01 1.000466515293458869e+00 9.920145409705146688e-01 1.008988329988866228e+00 0.000000000000000000e+00
6.653355058425526991e+00 1.863456664167002952e+00 -7.917867050113245458e-04 -1.000000000000000000e+00 -8.632113124366536019e-04 -7.188564530773715495e-04 1.083911160906342275e+02 1.004478413990010921e+00 9.960153636317474746e-01 1.013011204962978029e+00 0.000000000000000000e+00
6.658903359325766047e+00 1.861904003356439352e+00 -8.993830889327863922e-04 -1.000000000000000000e+00 -9.690776248723048788e-04 -8.281820709767149635e-04 1.417643585440688412e+02 1.002448217530494068e+00 9.939628782944033292e-01 1.011003920166313241e+00 0.000000000000000000e+00
6.664456287010930069e+00 1.860352636246791480e+00 -1.012355486580905932e-03 -1.000000000000000000e+00 -1.080185844236872033e-03 -9.430192509972498043e-04 1.823585630783599072e+02 1.006080691703438390e+00 9.975040786326877518e-01 1.014729032409619203e+00 0.000000000000000000e+00
6.670013845339340719e+00 1.858802561760127592e+00 -1.081404351595271780e-03 -1.000000000000000000e+00 -1.147027006176445756e-03 -1.014260348291514888e-03 2.136932812411843088e+02 1.001836079863926532e+00 9.933346429441245462e-01 1.010408322491624711e+00 0.000000000000000000e+00
6.675576038172540194e+00 1.857253778819414780e+00 -1.149435064506613893e-03 -1.000000000000000000e+00 -1.213056453548497921e-03 -1.084281212552921968e-03 2.474612414566506686e+02 1.003039634875072972e+00 9.944613853514001622e-01 1.011689754587119294e+00 0.000000000000000000e+00
6.681142869375288562e+00 1.855706286348516532e+00 -1.192238499611642183e-03 -1.000000000000000000e+00 -1.254498898720025424e-03 -1.128439765831140435e-03 2.708714040983598466e+02 9.979343184767032193e-01 9.893480711798303684e-01 1.006593086510808366e+00 0.000000000000000000e+00
6.686714342815570866e+00 1.854160083272192949e+00 -1.236959471263728710e-03 -1.000000000000000000e+00 -1.298460025701465240e-03 -1.173911498292525869e-03 2.922804608144423355e+02 9.952936253607261863e-01 9.867668155341161595e-01 1.003892150457955879e+00 0.000000000000000000e+00
6.692290462364595349e+00 1.852615168516101862e+00 -1.275767387205332601e-03 -1.000000000000000000e+00 -1.337105961875590353e-03 -1.212860950623106775e-03 3.084063424967342257e+02 9.960351616989780998e-01 9.874214405122193616e-01 1.004721963600766266e+00 0.000000000000000000e+00
6.697871231896799671e+00 1.851071541006794829e+00 -1.273187477114002229e-03 -1.000000000000000000e+00 -1.334908267629965600e-03 -1.209863918314063288e-03 3.035116089374845387e+02 9.924324344255261998e-01 9.837963828597341420e-01 1.001142045758167898e+00 0.000000000000000000e+00
6.703456655289853572e+00 1.849529199671717139e+00 -1.238444410896558318e-03 -1.000000000000000000e+00 -1.301373524092320089e-03 -1.173888204209624355e-03 2.815347908236857393e+02 9.911571668608752939e-01 9.825228093426590092e-01 9.998650876012549205e-01 0.000000000000000000e+00
6.709046736424657986e+00 1.847988143439209141e+00 -1.140468431202064457e-03 -1.000000000000000000e+00 -1.205687953669157524e-03 -1.073625303328951293e-03 2.335760451833638172e+02 9.845133436337697441e-01 9.758650977403160454e-01 9.932357935261234561e-01 0.000000000000000000e+00
6.714641479185352146e+00 1.846448371238503361e+00 -9.876629109891099309e-04 -1.000000000000000000e+00 -1.055661492151542882e-03 -9.180646357694798249e-04 1.719980345249514357e+02 9.764716518462784878e-01 9.678176701859320108e-01 9.852005372571980280e-01 0.000000000000000000e+00
6.720240887459313583e+00 1.844909881999724721e+00 -8.026913629766258777e-04 -1.000000000000000000e+00 -8.734216193684049643e-04 -7.303771688397790078e-04 1.120523443308993592e+02 9.702178920184822974e-01 9.615913940487675893e-01 9.789193556123461093e-01 0.000000000000000000e+00
6.725844965137160791e+00 1.843372674653889876e+00 -5.958169491359434399e-04 -1.000000000000000000e+00 -6.693866393253102530e-04 -5.206778453399366026e-04 6.097400363210954310e+01 9.616152472003363094e-01 9.529905530195023067e-01 9.703155651196171405e-01 0.000000000000000000e+00
6.731453716112758556e+00 1.841836748132905655e+00 -3.981789499317381505e-04 -1.000000000000000000e+00 -4.745656448841609719e-04 -3.202352038452322379e-04 2.677430031579729075e+01 9.549758419030736079e-01 9.463796983107375382e-01 9.636476619692205814e-01 0.000000000000000000e+00
6.737067144283217068e+00 1.840302101369569288e+00 -2.055094977226485915e-04 -1.000000000000000000e+00 -2.847387647206908344e-04 -1.247317624725156220e-04 6.995307292074812722e+00 9.453397261312773692e-01 9.367460901906494719e-01 9.540096721583434247e-01 0.000000000000000000e+00
6.742685253548897251e+00 1.838768733297566405e+00 -4.016596170713378862e-05 -1.000000000000000000e+00 -1.220538366229871206e-04 4.327042902359492702e-05 2.611898856317793616e-01 9.381436605021146180e-01 9.295400394402767441e-01 9.468243911303381166e-01 0.000000000000000000e+00
6.748308047813412536e+00 1.837236642851472368e+00 9.444182985951082030e-05 1.000000000000000000e+00 1.018204681323412115e-05 1.802568340195848974e-04 1.408931652385831512e+00 9.336389571946912547e-01 9.250494285881586398e-01 9.423055370003677877e-01 0.000000000000000000e+00
6.753935530983630642e+00 1.835705828966748943e+00 2.076202480253816398e-04 1.000000000000000000e+00 1.212200070409121596e-04 2.955834949546514074e-04 6.653379647409451536e+00 9.289515789998532558e-01 9.203391041708617326e-01 9.376418731601172674e-01 0.000000000000000000e+00
6.759567706969678902e+00 1.834176290579746293e+00 3.010709730176154434e-04 1.000000000000000000e+00 2.128079672084042938e-04 3.909040037125206574e-04 1.371471904305462886e+01 9.242498402639789390e-01 9.155655264779262170e-01 9.330135873438455407e-01 0.000000000000000000e+00
6.765204579684944264e+00 1.832648026627699211e+00 3.654197701530762605e-04 1.000000000000000000e+00 2.758499392071960595e-04 4.565701369527079101e-04 1.986190753577579926e+01 9.232691841315010528e-01 9.146340426396851742e-01 9.319828735752957449e-01 0.000000000000000000e+00
6.770846153046076843e+00 1.831121036048729556e+00 4.341344540962104232e-04 1.000000000000000000e+00 3.433779628764789234e-04 5.264805682111181996e-04 2.775949592541269340e+01 9.167304561783782280e-01 9.080345844704554858e-01 9.255064111945695560e-01 0.000000000000000000e+00
6.776492430972993475e+00 1.829595317781842700e+00 4.727516703330830825e-04 1.000000000000000000e+00 3.812314459106607139e-04 5.658717319333369817e-04 3.264746716363413270e+01 9.157065913157442782e-01 9.069757957095565537e-01 9.245181806442186456e-01 0.000000000000000000e+00
6.782143417388880380e+00 1.828070870766929312e+00 4.977575388273891045e-04 1.000000000000000000e+00 4.057988269162300632e-04 5.913271428927149116e-04 3.597324095164287883e+01 9.156772825253097770e-01 9.069966454016296087e-01 9.244378186860476854e-01 0.000000000000000000e+00
6.787799116220194051e+00 1.826547693944761797e+00 5.261565612005578759e-04 1.000000000000000000e+00 4.336958122952541184e-04 6.202354369188417234e-04 4.006503515577844610e+01 9.118354316719431418e-01 9.030851103025304694e-01 9.206672503570704214e-01 0.000000000000000000e+00
6.793459531396665696e+00 1.825025786256996740e+00 5.334937169816023539e-04 1.000000000000000000e+00 4.407424527351724744e-04 6.278703362163116182e-04 4.101379669759808166e+01 9.115985124358758629e-01 9.028096244916580249e-01 9.204695600894636787e-01 0.000000000000000000e+00
6.799124666851304788e+00 1.823505146646170916e+00 5.309456025349310266e-04 1.000000000000000000e+00 4.380493608006009640e-04 6.254758746920017825e-04 4.045795884248173024e+01 9.117615096490367943e-01 9.029742101981789171e-01 9.206309370881946563e-01 0.000000000000000000e+00
6.804794526520399067e+00 1.821985774055703944e+00 5.281334726757242653e-04 1.000000000000000000e+00 4.350989345500208398e-04 6.228116543029134150e-04 3.992452282545559683e+01 9.097343911426687413e-01 9.009153494320354394e-01 9.186362553546724152e-01 0.000000000000000000e+00
6.810469114343518982e+00 1.820467667429894965e+00 4.998084017203155644e-04 1.000000000000000000e+00 4.069047506484804733e-04 5.943680293966399197e-04 3.559385096612800226e+01 9.134705292336654514e-01 9.046825175752799542e-01 9.223404977760271128e-01 0.000000000000000000e+00
6.816148434263521239e+00 1.818950825713921748e+00 4.940588963757578181e-04 1.000000000000000000e+00 4.010702194138786748e-04 5.887141471531742503e-04 3.474803880119020505e+01 9.091974557630265741e-01 9.003424894967815284e-01 9.181359818408889595e-01 0.000000000000000000e+00
6.821832490226549695e+00 1.817435247853842917e+00 4.686881627267816303e-04 1.000000000000000000e+00 3.757789427326513896e-04 5.632755731974366893e-04 3.117620766534537324e+01 9.100441032441809464e-01 9.011433446347335563e-01 9.190291866132542786e-01 0.000000000000000000e+00
6.827521286182038907e+00 1.815920932796593723e+00 4.420479047721534026e-04 1.000000000000000000e+00 3.492620657109481077e-04 5.365275968039633124e-04 2.763323740230146086e+01 9.110687708797272633e-01 9.021686135365701853e-01 9.200531967521349275e-01 0.000000000000000000e+00
6.833214826082717686e+00 1.814407879489987385e+00 4.179897009496028439e-04 1.000000000000000000e+00 3.251932761002018259e-04 5.124997376238293401e-04 2.458746064809599829e+01 9.116693935574796681e-01 9.027249988963922389e-01 9.206988402013190909e-01 0.000000000000000000e+00
6.838913113884609984e+00 1.812896086882713975e+00 4.116107052710649356e-04 1.000000000000000000e+00 3.185248256698268226e-04 5.064319958133149495e-04 2.370543608864215912e+01 9.079254135055300212e-01 8.989104114866911521e-01 9.170270753808255071e-01 0.000000000000000000e+00
6.844616153547039339e+00 1.811385553924339531e+00 3.901307259877453233e-04 1.000000000000000000e+00 2.968112892488243429e-04 4.852074264326045917e-04 2.104870774121570776e+01 9.103446901864088447e-01 9.013680131705432697e-01 9.194071129568810452e-01 0.000000000000000000e+00
6.850323949032630644e+00 1.809876279565305390e+00 3.854529143289659962e-04 1.000000000000000000e+00 2.915652693741690527e-04 4.811140408744664517e-04 2.028170107154869584e+01 9.100059122508774578e-01 9.009858815755149575e-01 9.191125062753180419e-01 0.000000000000000000e+00
6.856036504307313706e+00 1.808368262756926637e+00 4.010088009674923708e-04 1.000000000000000000e+00 3.063704997527334816e-04 4.974338280078410357e-04 2.170613183267664681e+01 9.063205447885062105e-01 8.972263236223736449e-01 9.155030784143122213e-01 0.000000000000000000e+00
6.861753823340325908e+00 1.806861502451392543e+00 4.065621059858337311e-04 1.000000000000000000e+00 3.115255416459174046e-04 5.033985363255042518e-04 2.209589525593264625e+01 9.081821954253089801e-01 8.991296082519157906e-01 9.173221434728783263e-01 0.000000000000000000e+00
6.867475910104213099e+00 1.805355997601766127e+00 4.425698995611106841e-04 1.000000000000000000e+00 3.470850205839701445e-04 5.398603040409048369e-04 2.616369506233183984e+01 9.028052653030645969e-01 8.936900310561992633e-01 9.120095536472632158e-01 0.000000000000000000e+00
6.873202768574835808e+00 1.803851747161981711e+00 4.577107968274175863e-04 1.000000000000000000e+00 3.623283175806800470e-04 5.549018300358155844e-04 2.805637650210110223e+01 9.039654547604087931e-01 8.948999980027331214e-01 9.131191120344296364e-01 0.000000000000000000e+00
6.878934402731368358e+00 1.802348750086846252e+00 4.844708457267986801e-04 1.000000000000000000e+00 3.891952824221789624e-04 5.815533506433642318e-04 3.171473106070459380e+01 9.000319858847634080e-01 8.908994368752715109e-01 9.092544226849338385e-01 0.000000000000000000e+00
6.884670816556305084e+00 1.800847005332036233e+00 4.938628777872058461e-04 1.000000000000000000e+00 3.989539054461309548e-04 5.905776096265612620e-04 3.328762637810336855e+01 8.978058816932769082e-01 8.886425185957836925e-01 9.070600423253779576e-01 0.000000000000000000e+00
6.890412014035459443e+00 1.799346511854099884e+00 4.747107811144766348e-04 1.000000000000000000e+00 3.804676985434524671e-04 5.707589561798954471e-04 3.101076041608871492e+01 8.992452924046517859e-01 8.901277515094460080e-01 9.084527236903504610e-01 0.000000000000000000e+00
6.896157999157970231e+00 1.797847268610453630e+00 4.484351150535328479e-04 1.000000000000000000e+00 3.547914197656115644e-04 5.438796695493997978e-04 2.792395896521691157e+01 8.967166466197005192e-01 8.875201139141609685e-01 9.060048869092859336e-01 0.000000000000000000e+00
6.901908775916301586e+00 1.796349274559382980e+00 3.969585180824737212e-04 1.000000000000000000e+00 3.041733435713755897e-04 4.915418165194274450e-04 2.206445720697695378e+01 8.953939774015242659e-01 8.861560350091339799e-01 9.047246115468328131e-01 0.000000000000000000e+00
6.907664348306248314e+00 1.794852528660041413e+00 3.105761700367318896e-04 1.000000000000000000e+00 2.190845799655729675e-04 4.038664570451016471e-04 1.362331308223326687e+01 8.984265824786999977e-01 8.891781742465616478e-01 9.077676167943949936e-01 0.000000000000000000e+00
6.913424720326936779e+00 1.793357029872449937e+00 2.008799977834385263e-04 1.000000000000000000e+00 1.110914436584723434e-04 2.924688796459094906e-04 5.773708059317414154e+00 9.027839402797854795e-01 8.934680246824122651e-01 9.121934724067627398e-01 0.000000000000000000e+00
6.919189895980827565e+00 1.791862777157495312e+00 7.479434285876846475e-05 1.000000000000000000e+00 -1.274441075981190487e-05 1.641386868031716054e-04 8.159365302630021688e-01 9.072270881781067109e-01 8.978990834946827260e-01 9.166486176066109826e-01 0.000000000000000000e+00
6.924959879273719920e+00 1.790369769476931161e+00 -6.391008595755868734e-05 -1.000000000000000000e+00 -1.488267218096573610e-04 2.282118961494993892e-05 6.105067039658251815e-01 9.115266747926802360e-01 9.021360968101916900e-01 9.210116069730358568e-01 0.000000000000000000e+00
6.930734674214753532e+00 1.788878005793375303e+00 -2.181793790442147839e-04 -1.000000000000000000e+00 -3.001769754729591701e-04 -1.343546467230089620e-04 7.300647070094555602e+00 9.173643090603781358e-01 9.079036529172566095e-01 9.269201629160076505e-01 0.000000000000000000e+00
6.936514284816411191e+00 1.787387485070310644e+00 -3.824972830832424828e-04 -1.000000000000000000e+00 -4.614483947967436273e-04 -3.017046694122644678e-04 2.297183207141017647e+01 9.231969417584354742e-01 9.137179621688857889e-01 9.327710146219599929e-01 0.000000000000000000e+00
6.942298715094520567e+00 1.785898206272082511e+00 -5.528275596511755385e-04 -1.000000000000000000e+00 -6.288531115364017149e-04 -4.749523257276468428e-04 4.893011477191691938e+01 9.281596913364357215e-01 9.186083084568021917e-01 9.378071673388831409e-01 0.000000000000000000e+00
6.948087969068260428e+00 1.784410168363900873e+00 -7.287602218584577751e-04 -1.000000000000000000e+00 -8.018267013890390286e-04 -6.538284415728260086e-04 8.652180113508416071e+01 9.343624276738283774e-01 9.246823442379989988e-01 9.441405659498068870e-01 0.000000000000000000e+00
6.953882050760158862e+00 1.782923370311836564e+00 -8.988676477203945978e-04 -1.000000000000000000e+00 -9.685234271796291233e-04 -8.273124918518913245e-04 1.343667421107707014e+02 9.424919360710086735e-01 9.328287526431923160e-01 9.522520986306358681e-01 0.000000000000000000e+00
6.959680964196100383e+00 1.781437811082822398e+00 -1.031882099947367248e-03 -1.000000000000000000e+00 -1.098236030847682095e-03 -9.635933683002343873e-04 1.820107595250440227e+02 9.461466962584891283e-01 9.363723718671306262e-01 9.560197466923872067e-01 0.000000000000000000e+00
6.965484713405325046e+00 1.779953489644652054e+00 -1.137575248610993382e-03 -1.000000000000000000e+00 -1.201066884605670815e-03 -1.072128692877230300e-03 2.265656788956404739e+02 9.505068086084037526e-01 9.406648082874198291e-01 9.604485837326544040e-01 0.000000000000000000e+00
6.971293302420433768e+00 1.778470404965979412e+00 -1.210915508581332988e-03 -1.000000000000000000e+00 -1.272558095861730468e-03 -1.147298301655139390e-03 2.597682332215038628e+02 9.531144545601094586e-01 9.432658779797813420e-01 9.630626166350294559e-01 0.000000000000000000e+00
6.977106735277391003e+00 1.776988556016316556e+00 -1.255569917244294840e-03 -1.000000000000000000e+00 -1.316756497486830683e-03 -1.192397639153234450e-03 2.779907993818521277e+02 9.563710639130845736e-01 9.464476478373207158e-01 9.663953073991967679e-01 0.000000000000000000e+00
6.982925016015525621e+00 1.775507941766035547e+00 -1.255437766281211967e-03 -1.000000000000000000e+00 -1.317256142725590617e-03 -1.191617809191970658e-03 2.740609615657351696e+02 9.587907377227740113e-01 9.489010772387214132e-01 9.687802082541843163e-01 0.000000000000000000e+00
6.988748148677535355e+00 1.774028561186365982e+00 -1.190818686799528228e-03 -1.000000000000000000e+00 -1.254427565585606577e-03 -1.125222046460616545e-03 2.433540329925421020e+02 9.569681519734416497e-01 9.469775815245536910e-01 9.670607724155239060e-01 0.000000000000000000e+00
6.994576137309488573e+00 1.772550413249394330e+00 -1.082477828115508117e-03 -1.000000000000000000e+00 -1.148394610695781986e-03 -1.014597429535059542e-03 1.985557157770606409e+02 9.565369766810839502e-01 9.464894135814656551e-01 9.666877597649123910e-01 0.000000000000000000e+00
7.000408985960828723e+00 1.771073496928063928e+00 -9.308555546798136541e-04 -1.000000000000000000e+00 -9.996452951329972119e-04 -8.601283477082746504e-04 1.447804166056054100e+02 9.506860054014359962e-01 9.406686254687230964e-01 9.608066636962998563e-01 0.000000000000000000e+00
7.006246698684376106e+00 1.769597811196173431e+00 -7.743436822570336740e-04 -1.000000000000000000e+00 -8.463689684625754460e-04 -7.004156899230434136e-04 9.815013074363082524e+01 9.478645602871894615e-01 9.377993054619517821e-01 9.580344122383815941e-01 0.000000000000000000e+00
7.012089279536330544e+00 1.768123355028376364e+00 -6.057310278251665193e-04 -1.000000000000000000e+00 -6.809595805389351449e-04 -5.286208115389024213e-04 5.879188434866330226e+01 9.413886634848557255e-01 9.313543278042386575e-01 9.515277321924084930e-01 0.000000000000000000e+00
7.017936732576273151e+00 1.766650127400181791e+00 -4.719707662820472513e-04 -1.000000000000000000e+00 -5.501390381873631557e-04 -3.919271096554032777e-04 3.473997903590679925e+01 9.451332023995976384e-01 9.350151392883738755e-01 9.553572561266547858e-01 0.000000000000000000e+00
7.023789061867172556e+00 1.765178127287950538e+00 -3.454408989928306169e-04 -1.000000000000000000e+00 -4.263923477997706929e-04 -2.626102402142288061e-04 1.811211356906233050e+01 9.464803329831166234e-01 9.362890008550980303e-01 9.567790306571475334e-01 0.000000000000000000e+00
7.029646271475383124e+00 1.763707353668898525e+00 -2.180451239777292773e-04 -1.000000000000000000e+00 -3.016659938788345983e-04 -1.325265844134923966e-04 7.030012656513576985e+00 9.415696941230559114e-01 9.313977831527391338e-01 9.518489583984268698e-01 0.000000000000000000e+00
7.035508365470652059e+00 1.762237805521092104e+00 -1.306478577174622518e-04 -1.000000000000000000e+00 -2.167796294877899705e-04 -4.260510976663934365e-05 2.445574204173340149e+00 9.452256075827761839e-01 9.349627570969619716e-01 9.555972056659257641e-01 0.000000000000000000e+00
7.041375347926120298e+00 1.760769481823449834e+00 -6.506161598255503565e-05 -1.000000000000000000e+00 -1.535148416386677430e-04 2.530950784565650312e-05 5.877104970445543586e-01 9.517878094900290575e-01 9.413639988635892353e-01 9.623229359481726419e-01 0.000000000000000000e+00
7.047247222918324283e+00 1.759302381555740702e+00 1.589104432796933895e-05 1.000000000000000000e+00 -7.447380692615161973e-05 1.081847099562395693e-04 3.427963312356041570e-02 9.495696035042011651e-01 9.392042406310161518e-01 9.600452074020966453e-01 0.000000000000000000e+00
7.053123994527200402e+00 1.757836503698584130e+00 5.972278446373502749e-05 1.000000000000000000e+00 -3.213061925349730211e-05 1.535146965159172022e-04 4.747760217808263405e-01 9.570812922744005302e-01 9.465548101575341766e-01 9.677205183540198430e-01 0.000000000000000000e+00
7.059005666836087656e+00 1.756371847233449524e+00 1.194324407901928297e-04 1.000000000000000000e+00 2.654890439524896161e-05 2.142729193314238108e-04 1.879947820138113457e+00 9.563967371514652260e-01 9.459292870709794521e-01 9.669756931972236513e-01 0.000000000000000000e+00
7.064892243931729432e+00 1.754908411142653613e+00 1.418413908615613237e-04 1.000000000000000000e+00 4.812788416739960926e-05 2.375234075322752423e-04 2.622016325447248164e+00 9.652246423055951263e-01 9.545923248651493331e-01 9.759708310734618308e-01 0.000000000000000000e+00
7.070783729904277948e+00 1.753446194409361780e+00 1.525213040715836120e-04 1.000000000000000000e+00 5.811702126486896123e-05 2.489007113979992440e-04 2.995721560012668760e+00 9.747312295459557019e-01 9.639825568304242198e-01 9.855951537567341214e-01 0.000000000000000000e+00
7.076680128847296025e+00 1.751985196017586288e+00 1.773084892186844877e-04 1.000000000000000000e+00 8.222633447826299344e-05 2.743745696037217462e-04 4.007005121221425270e+00 9.761208690245333219e-01 9.654207660645127698e-01 9.869350440866234697e-01 0.000000000000000000e+00
7.082581444857760644e+00 1.750525414952186498e+00 1.861021572049124462e-04 1.000000000000000000e+00 9.024519005505123319e-05 2.839507580357603458e-04 4.361011809752199042e+00 9.799757438148097854e-01 9.691299682784817460e-01 9.909381587444322514e-01 0.000000000000000000e+00
7.088487682036063831e+00 1.749066850198867318e+00 2.020676040161593836e-04 1.000000000000000000e+00 1.055412958487216446e-04 3.006032607735658626e-04 5.094304726369387026e+00 9.793241635570524295e-01 9.684104403861899524e-01 9.903560860436405600e-01 0.000000000000000000e+00
7.094398844486017985e+00 1.747609500744178535e+00 2.147704787685459455e-04 1.000000000000000000e+00 1.178188308358629473e-04 3.137520604434312801e-04 5.717444927253609421e+00 9.788641882615919387e-01 9.679561997414937169e-01 9.898902402205808082e-01 0.000000000000000000e+00
7.100314936314857661e+00 1.746153365575515037e+00 2.246946640138658110e-04 1.000000000000000000e+00 1.274377267634130609e-04 3.240005830657697260e-04 6.235949580516830792e+00 9.796013678901360766e-01 9.686217305363873376e-01 9.907004446524578789e-01 0.000000000000000000e+00
7.106235961633242226e+00 1.744698443681114597e+00 2.419218041654291830e-04 1.000000000000000000e+00 1.445663157545950487e-04 3.413427808206049088e-04 7.232964482023362507e+00 9.789665882360694127e-01 9.679990953654172836e-01 9.900533283896969516e-01 0.000000000000000000e+00
7.112161924555259418e+00 1.743244734050058975e+00 2.662317373926909817e-04 1.000000000000000000e+00 1.688357640396508748e-04 3.657028136558150089e-04 8.800386105067502740e+00 9.772170431681398428e-01 9.661955852332748673e-01 9.883591002265332826e-01 0.000000000000000000e+00
7.118092829198427118e+00 1.741792235672271039e+00 2.928194726245095052e-04 1.000000000000000000e+00 1.954978786700326638e-04 3.922234642662377879e-04 1.073621873775852009e+01 9.754240683774200171e-01 9.642940118758331902e-01 9.866773689614946052e-01 0.000000000000000000e+00
7.124028679683696907e+00 1.740340947538516092e+00 3.155482770537277465e-04 1.000000000000000000e+00 2.186583113626607445e-04 4.145354603964343564e-04 1.260872329018906157e+01 9.746228843412735321e-01 9.635701088274718495e-01 9.857973745940666888e-01 0.000000000000000000e+00
7.129969480135457616e+00 1.738890868640399878e+00 3.416295117548285958e-04 1.000000000000000000e+00 2.450959906198725059e-04 4.402754928789354280e-04 1.498256569287252660e+01 9.709652758270038708e-01 9.598726287152843373e-01 9.821809877811386036e-01 0.000000000000000000e+00
7.135915234681537100e+00 1.737441997970369245e+00 3.508374869906433972e-04 1.000000000000000000e+00 2.547805308959381291e-04 4.490227489774323592e-04 1.597470456974537001e+01 9.706534231180292682e-01 9.595763330354111220e-01 9.818533445790009750e-01 0.000000000000000000e+00
7.141865947453204910e+00 1.735994334521709703e+00 3.489079213834507900e-04 1.000000000000000000e+00 2.531681584250592711e-04 4.467882650413766959e-04 1.590498982182094778e+01 9.712207605454176162e-01 9.600739631864567691e-01 9.824918170859507915e-01 0.000000000000000000e+00
7.147821622585176726e+00 1.734547877288545648e+00 3.493133994584249639e-04 1.000000000000000000e+00 2.536111439214929907e-04 4.471678818375069298e-04 1.599215757201602628e+01 9.678063677161924394e-01 9.565492477259535109e-01 9.791905558378688479e-01 0.000000000000000000e+00
7.153782264215615250e+00 1.733102625265839913e+00 3.353336469018424197e-04 1.000000000000000000e+00 2.397404058438300104e-04 4.330941684642142285e-04 1.470399817380121021e+01 9.673651564967711280e-01 9.561699705191358811e-01 9.786861253339841360e-01 0.000000000000000000e+00
7.159747876486134643e+00 1.731658577449392222e+00 3.225536555200333826e-04 1.000000000000000000e+00 2.268121025030613871e-04 4.204720140002494414e-04 1.355428233216582612e+01 9.654181939046931893e-01 9.540979731838274969e-01 9.768672106152943568e-01 0.000000000000000000e+00
7.165718463541802308e+00 1.730215732835839626e+00 2.941932033061770086e-04 1.000000000000000000e+00 1.986244064689641196e-04 3.919475675168273892e-04 1.121845332505125725e+01 9.696118508011229986e-01 9.583271575520986296e-01 9.810240412904037699e-01 0.000000000000000000e+00
7.171694029531142434e+00 1.728774090422655174e+00 2.877875497287277228e-04 1.000000000000000000e+00 1.922224489071485722e-04 3.855433282271842742e-04 1.074140699510354580e+01 9.672784374340185343e-01 9.558737100888179405e-01 9.788135643602933200e-01 0.000000000000000000e+00
7.177674578606138667e+00 1.727333649208146804e+00 2.779033313323184327e-04 1.000000000000000000e+00 1.825652180097545475e-04 3.754406767867760866e-04 1.004390761691632861e+01 9.683667612713203754e-01 9.568827383828601985e-01 9.799828600977019688e-01 0.000000000000000000e+00
7.183660114922237661e+00 1.725894408191456675e+00 2.665969747863203136e-04 1.000000000000000000e+00 1.716741539197795064e-04 3.637318599680537494e-04 9.274647506192820856e+00 9.719438849030578309e-01 9.605081081723111369e-01 9.835102683008344338e-01 0.000000000000000000e+00
7.189650642638349964e+00 1.724456366372562499e+00 2.720125570284665081e-04 1.000000000000000000e+00 1.771350963546526949e-04 3.691116213665971563e-04 9.692286895419726989e+00 9.704025645167734249e-01 9.588452980085615529e-01 9.820934425938482315e-01 0.000000000000000000e+00
7.195646165916856241e+00 1.723019522752273547e+00 2.652533792120279521e-04 1.000000000000000000e+00 1.704683344891531806e-04 3.622720203636163551e-04 9.198101886575216213e+00 9.737932776792508349e-01 9.622817526927488485e-01 9.854369452324417411e-01 0.000000000000000000e+00
7.201646688923606376e+00 1.721583876332232421e+00 2.694194965179604441e-04 1.000000000000000000e+00 1.742578862974087370e-04 3.668231497019520146e-04 9.442627041858088432e+00 9.727575479785323109e-01 9.611152716183467559e-01 9.845351154459330845e-01 0.000000000000000000e+00
7.207652215827925701e+00 1.720149426114913060e+00 2.718328015842081985e-04 1.000000000000000000e+00 1.761833748747861647e-04 3.697344153854273158e-04 9.531168096228498143e+00 9.721499701348770284e-01 9.604294588550329470e-01 9.840076195132735348e-01 0.000000000000000000e+00
7.213662750802614987e+00 1.718716171103621404e+00 2.735622488567982132e-04 1.000000000000000000e+00 1.774231010514126924e-04 3.719683934307700321e-04 9.556139917245047855e+00 9.721354539389536198e-01 9.604150379449327701e-01 9.839930017745837088e-01 0.000000000000000000e+00
7.219678298023954888e+00 1.717284110302493172e+00 2.688990900745042941e-04 1.000000000000000000e+00 1.722339317305803734e-04 3.678482008401558049e-04 9.130681744036394321e+00 9.758242261255484218e-01 9.640002224544444998e-01 9.877871548806933522e-01 0.000000000000000000e+00
7.225698861671710382e+00 1.715853242716494531e+00 2.811769888739070280e-04 1.000000000000000000e+00 1.839674082289069457e-04 3.806884267191496646e-04 9.898663701658961145e+00 9.753631034537947331e-01 9.635434216452030132e-01 9.873216205606808460e-01 0.000000000000000000e+00
7.231724445929129885e+00 1.714423567351419875e+00 3.091454874528833780e-04 1.000000000000000000e+00 2.112628628797309218e-04 4.093380214569122865e-04 1.189669881175814226e+01 9.717315157858082975e-01 9.598524674684543179e-01 9.837513059620708322e-01 0.000000000000000000e+00
7.237755054982951464e+00 1.712995083213891823e+00 3.355407678536613536e-04 1.000000000000000000e+00 2.370588227767147669e-04 4.363300735652091188e-04 1.395527140069259531e+01 9.710234861688700203e-01 9.590097624438684853e-01 9.831812807388927711e-01 0.000000000000000000e+00
7.243790693023404614e+00 1.711567789311361887e+00 3.624398858580104178e-04 1.000000000000000000e+00 2.637002986781623480e-04 4.634873769611243190e-04 1.626382005490017946e+01 9.712210776737258966e-01 9.592756943591342900e-01 9.833089924852858044e-01 0.000000000000000000e+00
7.249831364244212040e+00 1.710141684652107807e+00 4.026100216308196628e-04 1.000000000000000000e+00 3.035410805427666290e-04 5.039928692959361059e-04 2.014649592057617156e+01 9.657266353381728230e-01 9.537383492521249728e-01 9.778593390484130454e-01 0.000000000000000000e+00
7.255877072842594977e+00 1.708716768245233997e+00 4.360011945480505636e-04 1.000000000000000000e+00 3.366153508925521717e-04 5.377146742818058548e-04 2.371969996523984037e+01 9.605168952604936639e-01 9.484218109630963012e-01 9.727596634678050691e-01 0.000000000000000000e+00
7.261927823019274086e+00 1.707293039100669763e+00 4.431763613562645591e-04 1.000000000000000000e+00 3.436806779031472076e-04 5.450199041712160825e-04 2.445513327671676507e+01 9.621959986519804664e-01 9.501581946433772519e-01 9.743798734671893502e-01 0.000000000000000000e+00
7.267983618978473004e+00 1.705870496229170197e+00 4.517940715028404778e-04 1.000000000000000000e+00 3.517674347399958558e-04 5.541819614434665602e-04 2.525863627800720224e+01 9.600046372526170879e-01 9.478320076177426667e-01 9.723268263848821036e-01 0.000000000000000000e+00
7.274044464927921894e+00 1.704449138642313732e+00 4.428279204381952469e-04 1.000000000000000000e+00 3.423796933722687494e-04 5.456469574536416522e-04 2.397049388077999765e+01 9.616365796500864205e-01 9.495132776487656967e-01 9.739080660499873643e-01 0.000000000000000000e+00
7.280110365078859225e+00 1.703028965352503699e+00 4.350247851738607173e-04 1.000000000000000000e+00 3.339816001695634744e-04 5.384413595945297887e-04 2.286653084169086014e+01 9.605961634332856880e-01 9.483246278116462813e-01 9.730196678346290096e-01 0.000000000000000000e+00
7.286181323646034436e+00 1.701609975372965211e+00 4.152200472796000472e-04 1.000000000000000000e+00 3.141052686545652440e-04 5.187208765871948336e-04 2.066685088475236398e+01 9.627207392860706037e-01 9.504988871113191351e-01 9.750930070468151190e-01 0.000000000000000000e+00
7.292257344847713263e+00 1.700192167717745617e+00 3.902553970628298233e-04 1.000000000000000000e+00 2.893073551076659694e-04 4.936101019085300211e-04 1.823961644224721113e+01 9.662428884414824282e-01 9.538525815926439666e-01 9.787871221667444610e-01 0.000000000000000000e+00
7.298338432905678630e+00 1.698775541401714717e+00 3.662305562298978569e-04 1.000000000000000000e+00 2.657924671072552114e-04 4.691028588332735909e-04 1.614101818490280493e+01 9.694570390477597055e-01 9.569660453612833795e-01 9.821038975038449692e-01 0.000000000000000000e+00
7.304424592045234199e+00 1.697360095440562322e+00 3.483746194973870187e-04 1.000000000000000000e+00 2.485281570048258372e-04 4.506768105898063836e-04 1.469670785332908736e+01 9.703416632000918529e-01 9.578588056565155995e-01 9.829800974353110066e-01 0.000000000000000000e+00
7.310515826495206149e+00 1.695945828850798032e+00 3.058636713322717511e-04 1.000000000000000000e+00 2.065210353185395530e-04 4.076669992078842358e-04 1.131471299587144586e+01 9.804327319925468798e-01 9.678026680511975233e-01 9.932205313064462748e-01 0.000000000000000000e+00
7.316612140487947613e+00 1.694532740649751679e+00 2.835920910828912205e-04 1.000000000000000000e+00 1.844413378597714419e-04 3.852066602708541839e-04 9.697947160375520070e+00 9.815038738836487919e-01 9.688735299529915856e-01 9.942918990743778718e-01 0.000000000000000000e+00
7.322713538259342236e+00 1.693120829855571774e+00 2.297185300295663914e-04 1.000000000000000000e+00 1.307549485303770341e-04 3.311547426550591477e-04 6.299623274799785122e+00 9.936347169678847457e-01 9.808359432078427309e-01 1.006593501151573422e+00 0.000000000000000000e+00
7.328820024048804171e+00 1.691710095487224841e+00 1.723484095398166479e-04 1.000000000000000000e+00 7.360548487620831423e-05 2.735872826379779038e-04 3.510307982152596651e+00 1.006258193799358214e+00 9.932849882264974672e-01 1.019393751089529010e+00 0.000000000000000000e+00
7.334931602099284298e+00 1.690300536564494527e+00 1.442747241977049321e-04 1.000000000000000000e+00 4.569943424066520590e-05 2.453776938455274931e-04 2.448360673634510931e+00 1.007568285654988127e+00 9.945911049057721831e-01 1.020707523267624817e+00 0.000000000000000000e+00
7.341048276657271110e+00 1.688892152107981603e+00 8.236614828214793038e-05 1.000000000000000000e+00 -1.587450291699396966e-05 1.831500300775913844e-04 7.902727814816898899e-01 1.024060572558938675e+00 1.010885562383019964e+00 1.037399829386768557e+00 0.000000000000000000e+00
7.347170051972794269e+00 1.687484941139102412e+00 6.717862305908768052e-05 1.000000000000000000e+00 -3.101824489720618591e-05 1.679333232546100028e-04 5.235406931719808199e-01 1.024768548731973983e+00 1.011594671561864001e+00 1.038106711858865827e+00 0.000000000000000000e+00
7.353296932299427269e+00 1.686078902680089531e+00 1.458565340928254715e-05 1.000000000000000000e+00 -8.339276903727325192e-05 1.151336700424180444e-04 2.443098439925961429e-02 1.044008372708613575e+00 1.030619364175899166e+00 1.057564055780715773e+00 0.000000000000000000e+00
7.359428921894291875e+00 1.684674035753989330e+00 -2.443115817322886552e-05 -1.000000000000000000e+00 -1.223201345004564075e-04 7.603789640760277261e-05 6.800409801508067176e-02 1.061512274430921998e+00 1.047846197342985120e+00 1.075349223493937911e+00 0.000000000000000000e+00
7.365566025018059015e+00 1.683270339384662417e+00 -1.471552964971093619e-05 -1.000000000000000000e+00 -1.126351044417859708e-04 8.580027703376669353e-05 2.465110063764086590e-02 1.062141074398481377e+00 1.048552270636740724e+00 1.075898849588135420e+00 0.000000000000000000e+00
7.371708245934952330e+00 1.681867812596783196e+00 -2.734627929081833236e-05 -1.000000000000000000e+00 -1.253969791026950554e-04 7.330314129861806901e-05 8.469695089851825287e-02 1.073805466135996811e+00 1.059972994820084446e+00 1.087811168694186703e+00 0.000000000000000000e+00
7.377855588912752616e+00 1.680466454415837863e+00 -1.094460528844483451e-05 -1.000000000000000000e+00 -1.091950386258467301e-04 8.991109108388079440e-05 1.353750781734675002e-02 1.073887934053357585e+00 1.060136052457298916e+00 1.087811334859879242e+00 0.000000000000000000e+00
7.384008058222798709e+00 1.679066263868125519e+00 -1.808390640480194255e-05 -1.000000000000000000e+00 -1.166368177333676861e-04 8.307528484952692754e-05 3.671795550584988632e-02 1.082975447965364157e+00 1.068990734260918396e+00 1.097136036376608503e+00 0.000000000000000000e+00
7.390165658139991045e+00 1.677667239980756175e+00 -2.561298935280355448e-05 -1.000000000000000000e+00 -1.244258905832686460e-04 7.581477940294984331e-05 7.315549613244343163e-02 1.090447770383990100e+00 1.076308304551805595e+00 1.104765851224841944e+00 0.000000000000000000e+00
7.396328392942796093e+00 1.676269381781650081e+00 -2.058723724380828596e-05 -1.000000000000000000e+00 -1.196534542688508626e-04 8.111549530475462022e-05 4.703410149920728145e-02 1.090204870018923522e+00 1.076073302424819911e+00 1.104514799606481912e+00 0.000000000000000000e+00
7.402496266913247247e+00 1.674872688299538392e+00 -3.220198991460604848e-05 -1.000000000000000000e+00 -1.315524913868287187e-04 6.980830225117467028e-05 1.141525048610958493e-01 1.094517632086844827e+00 1.080246317469647943e+00 1.108970128745160322e+00 0.000000000000000000e+00
7.408669284336948380e+00 1.673477158563960288e+00 -3.926660140447359122e-05 -1.000000000000000000e+00 -1.389114955013223446e-04 6.305749787346260704e-05 1.683152248264718764e-01 1.094840514925580433e+00 1.080570399567508444e+00 1.109291756408213647e+00 0.000000000000000000e+00
7.414847449503079169e+00 1.672082791605264962e+00 -5.240803587574251855e-05 -1.000000000000000000e+00 -1.524066042723995376e-04 5.027632964962633295e-05 2.971229693172574571e-01 1.096489424984667282e+00 1.082091067856168376e+00 1.111071903185442578e+00 0.000000000000000000e+00
7.421030766704393322e+00 1.670689586454608300e+00 -7.524987806442715466e-05 -1.000000000000000000e+00 -1.753760590788186425e-04 2.757375267211457774e-05 6.078455083348330845e-01 1.101954850773899874e+00 1.087404370760930661e+00 1.116692371529223404e+00 0.000000000000000000e+00
7.427219240237226572e+00 1.669297542143953983e+00 -8.508130960477590615e-05 -1.000000000000000000e+00 -1.850737970180458083e-04 1.764173928351552489e-05 7.756290879625851176e-01 1.102401340849894495e+00 1.087857022089233183e+00 1.117132517102054745e+00 0.000000000000000000e+00
7.433412874401496673e+00 1.667906657706072160e+00 -9.330214379522066691e-05 -1.000000000000000000e+00 -1.931821375963007216e-04 9.344876853742824056e-06 9.325744253212633339e-01 1.102915633636765369e+00 1.088253537525393444e+00 1.117767380263072763e+00 0.000000000000000000e+00
7.439611673500706956e+00 1.666516932174539223e+00 -9.904158231971408482e-05 -1.000000000000000000e+00 -1.989059548415667966e-04 3.616869525121569912e-06 1.047876076765703601e+00 1.103164142260942837e+00 1.088508238649120718e+00 1.118009492729191923e+00 0.000000000000000000e+00
7.445815641841948995e+00 1.665128364583736253e+00 -9.302244141493495020e-05 -1.000000000000000000e+00 -1.933786599442381909e-04 1.013640694337328524e-05 9.185580451140822333e-01 1.099445061627221998e+00 1.084688548241762085e+00 1.114394113988064650e+00 0.000000000000000000e+00
7.452024783735907043e+00 1.663740953968849468e+00 -9.106272558814059966e-05 -1.000000000000000000e+00 -1.919842195310614849e-04 1.266919367226375642e-05 8.709820138984127880e-01 1.099324478052535303e+00 1.084569960371370989e+00 1.114271506477975349e+00 0.000000000000000000e+00
7.458239103496859812e+00 1.662354699365868660e+00 -7.877407801873470355e-05 -1.000000000000000000e+00 -1.804491570314387756e-04 2.573243259204533232e-05 6.454593388741045601e-01 1.097711168549259320e+00 1.082841541467387758e+00 1.112776570408784194e+00 0.000000000000000000e+00
7.464458605442683137e+00 1.660969599811586539e+00 -6.090997677284456260e-05 -1.000000000000000000e+00 -1.634212909164833600e-04 4.447064291854859185e-05 3.824070087021596009e-01 1.097466992557223797e+00 1.082393708327525461e+00 1.112741069444268316e+00 0.000000000000000000e+00
7.470683293894854415e+00 1.659585654343599170e+00 -2.739062657874502860e-05 -1.000000000000000000e+00 -1.307634195945051861e-04 7.889071385688030391e-05 7.659191057595648999e-02 1.094762943589967508e+00 1.079792010664325508e+00 1.109932511067479810e+00 0.000000000000000000e+00
7.476913173178454386e+00 1.658202862000304201e+00 7.965003368565244052e-06 1.000000000000000000e+00 -9.677860343411651860e-05 1.156195612866325341e-04 6.388720065217512456e-03 1.095587565843075373e+00 1.080402902378403862e+00 1.110976227192694177e+00 0.000000000000000000e+00
7.483148247622170679e+00 1.656821221820899526e+00 6.411656839467578899e-05 1.000000000000000000e+00 -4.200386310029098277e-05 1.731379165855438120e-04 4.088264066359812432e-01 1.091737891249204173e+00 1.076661783393661809e+00 1.107016092981682132e+00 0.000000000000000000e+00
7.489388521558299594e+00 1.655440732845385288e+00 1.274376660735252939e-04 1.000000000000000000e+00 1.981815042223378383e-05 2.379518225050444597e-04 1.600194500238998785e+00 1.087841630993588105e+00 1.072589991783917007e+00 1.103300881406661160e+00 0.000000000000000000e+00
7.495633999322752317e+00 1.654061394114560324e+00 1.908042991293092247e-04 1.000000000000000000e+00 8.200141199784843817e-05 3.025133925304985248e-04 3.568171374216262848e+00 1.084844925767647350e+00 1.069500758262566187e+00 1.100399759009923484e+00 0.000000000000000000e+00
7.501884685255054031e+00 1.652683204670022832e+00 2.504884057624413244e-04 1.000000000000000000e+00 1.407860868615751465e-04 3.631129051436553018e-04 6.130890622129356871e+00 1.081958810770758950e+00 1.066647920812973549e+00 1.097479975799558582e+00 0.000000000000000000e+00
7.508140583698349246e+00 1.651306163554170148e+00 3.134875120075190534e-04 1.000000000000000000e+00 2.028209294690198027e-04 4.270836117862491328e-04 9.590693721116508641e+00 1.073965862776242508e+00 1.058601823173927148e+00 1.089543378849699762e+00 0.000000000000000000e+00
7.514401698999403578e+00 1.649930269810196748e+00 3.481713170727056402e-04 1.000000000000000000e+00 2.368481617519003731e-04 4.624314922488891835e-04 1.177433863624972332e+01 1.072358359888726964e+00 1.057016762511533425e+00 1.087913281618286598e+00 0.000000000000000000e+00
7.520668035508609073e+00 1.648555522482095359e+00 3.804884530364889181e-04 1.000000000000000000e+00 2.684572127369042049e-04 4.954709480767067933e-04 1.400892546771689240e+01 1.064841766054795080e+00 1.049443161789733736e+00 1.080456913435716704e+00 0.000000000000000000e+00
7.526939597579984209e+00 1.647181920614653627e+00 3.863547222592364624e-04 1.000000000000000000e+00 2.740036992183825064e-04 5.016880489214667295e-04 1.436012035635505413e+01 1.061058477002678968e+00 1.045772711869667582e+00 1.076558330987377854e+00 0.000000000000000000e+00
7.533216389571179228e+00 1.645809463253457006e+00 3.679136523573260762e-04 1.000000000000000000e+00 2.552593922861205560e-04 4.835858474237793954e-04 1.292404490102529735e+01 1.060444222327592501e+00 1.044968829526209175e+00 1.076139008355013527e+00 0.000000000000000000e+00
7.539498415843477019e+00 1.644438149444884756e+00 3.374921608203245056e-04 1.000000000000000000e+00 2.247283877929696048e-04 4.533163306014438391e-04 1.078883484324650510e+01 1.059003439510147748e+00 1.043421873021964430e+00 1.074807362138963551e+00 0.000000000000000000e+00
7.545785680761798453e+00 1.643067978236111282e+00 2.880912683031530003e-04 1.000000000000000000e+00 1.754859247617686986e-04 4.038013161045194777e-04 7.782698205349305454e+00 1.061586618323454134e+00 1.045989996776125475e+00 1.077405413533023104e+00 0.000000000000000000e+00
7.552078188694705041e+00 1.641698948675104575e+00 2.283497575570987898e-04 1.000000000000000000e+00 1.159438137488985442e-04 3.438994784284874146e-04 4.837445190836405118e+00 1.066843469929144028e+00 1.051092393683961568e+00 1.082819873079847728e+00 0.000000000000000000e+00
7.558375944014398939e+00 1.640331059810627101e+00 1.768715174527085514e-04 1.000000000000000000e+00 6.482122696424445828e-05 2.921064167538103200e-04 2.879380647413171346e+00 1.069486129392436702e+00 1.053722902597135747e+00 1.085474304045850991e+00 0.000000000000000000e+00
7.564678951096730941e+00 1.638964310692231585e+00 1.390686886946401930e-04 1.000000000000000000e+00 2.732667008401198883e-05 2.540351982105204824e-04 1.773148912323392778e+00 1.069489848007242561e+00 1.053615833707361116e+00 1.085591952747663846e+00 0.000000000000000000e+00
7.570987214321198699e+00 1.637598700370265004e+00 1.083784896442443514e-04 1.000000000000000000e+00 -2.894409349067232932e-06 2.229182228055046598e-04 1.074980436738343315e+00 1.071065647494936268e+00 1.055196080321602725e+00 1.087162974667756243e+00 0.000000000000000000e+00
7.577300738070952946e+00 1.636234227895864146e+00 9.160352319095030425e-05 1.000000000000000000e+00 -1.943401509841372065e-05 2.059420952646565973e-04 7.673623049376772087e-01 1.071778781879026976e+00 1.055796997923412084e+00 1.087991358450456136e+00 0.000000000000000000e+00
7.583619526732800153e+00 1.634870892320956948e+00 9.180413764821016259e-05 1.000000000000000000e+00 -1.935832985014208669e-05 2.062935843187807506e-04 7.697615700303117592e-01 1.069739361655888343e+00 1.053578071118434600e+00 1.086137193882606322e+00 0.000000000000000000e+00
7.589943584697204315e+00 1.633508692698261822e+00 1.014518140461315572e-04 1.000000000000000000e+00 -9.886498034953277543e-06 2.161474123079871795e-04 9.366896732340705967e-01 1.067022877359736555e+00 1.050981403452180052e+00 1.083298281835753940e+00 0.000000000000000000e+00
7.596272916358290495e+00 1.632147628081284996e+00 1.058312683529105008e-04 1.000000000000000000e+00 -6.087648691081534204e-06 2.211297575621254743e-04 1.011325868089556934e+00 1.068832852322304072e+00 1.052578488384803501e+00 1.085326952701526793e+00 0.000000000000000000e+00
7.602607526113848380e+00 1.630787697524322288e+00 1.138691273289148715e-04 1.000000000000000000e+00 1.423439627491545571e-06 2.297165827858795397e-04 1.159492951169738717e+00 1.070479723823889673e+00 1.054307785809564191e+00 1.086888944205414376e+00 0.000000000000000000e+00
7.608947418365335835e+00 1.629428900082457776e+00 1.297938684881684080e-04 1.000000000000000000e+00 1.651120423731812991e-05 2.464806674251471979e-04 1.493876130108191091e+00 1.069441691112095860e+00 1.053069662634938952e+00 1.086057199808360796e+00 0.000000000000000000e+00
7.615292597517878903e+00 1.628071234811562906e+00 1.444482380837958254e-04 1.000000000000000000e+00 3.079693868716713411e-05 2.615025699580019554e-04 1.841358427331073244e+00 1.068880042925891338e+00 1.052605608040787954e+00 1.085395503774846837e+00 0.000000000000000000e+00
7.621643067980279795e+00 1.626714700768294497e+00 1.565254819272655332e-04 1.000000000000000000e+00 4.269927559655721852e-05 2.737484734044584112e-04 2.165925568538938251e+00 1.068242081674131150e+00 1.051769374492194098e+00 1.084961966869949501e+00 0.000000000000000000e+00
7.627998834165015118e+00 1.625359297010096737e+00 1.619575502105739145e-04 1.000000000000000000e+00 4.848549421341619755e-05 2.788338815569169071e-04 2.337208126523705687e+00 1.067917878902191475e+00 1.051330993031420080e+00 1.084755321150932428e+00 0.000000000000000000e+00
7.634359900488242090e+00 1.624005022595198744e+00 1.575021334594316408e-04 1.000000000000000000e+00 4.473485267495205754e-05 2.736958603217629548e-04 2.232010698613237309e+00 1.068162954675188070e+00 1.051589726216619169e+00 1.084986392661448695e+00 0.000000000000000000e+00
7.640726271369800315e+00 1.622651876582614117e+00 1.470700102910378647e-04 1.000000000000000000e+00 3.477092991643917466e-05 2.628185669766140990e-04 1.958687071928935097e+00 1.066729258265329827e+00 1.050042488691189435e+00 1.083669736840192632e+00 0.000000000000000000e+00
7.647097951233216229e+00 1.621299858032140939e+00 1.216202262315114612e-04 1.000000000000000000e+00 9.583472168160303171e-06 2.371255691101592576e-04 1.336065983222596287e+00 1.068044900018514376e+00 1.051348031202910649e+00 1.084995399933053939e+00 0.000000000000000000e+00
7.653474944505703093e+00 1.619948966004359558e+00 1.019152001483690859e-04 1.000000000000000000e+00 -1.046058167441275626e-05 2.177654057015516987e-04 9.302188997240250501e-01 1.064438245867257438e+00 1.047622182403300961e+00 1.081512238002801052e+00 0.000000000000000000e+00
7.659857255618167216e+00 1.618599199560634805e+00 7.088373912632293656e-05 1.000000000000000000e+00 -4.180364336196077161e-05 1.870475719938194425e-04 4.441749376615860001e-01 1.066053458845683144e+00 1.049213487795642941e+00 1.083151687447984068e+00 0.000000000000000000e+00
7.666244889005210617e+00 1.617250557763112662e+00 5.030551768874369359e-05 1.000000000000000000e+00 -6.266435203452550809e-05 1.667593498757437948e-04 2.219025151048441558e-01 1.066477498155506298e+00 1.049488307825623856e+00 1.083642335562330583e+00 0.000000000000000000e+00
7.672637849105131913e+00 1.615903039674720043e+00 3.391707156456217899e-05 1.000000000000000000e+00 -7.895284041644005219e-05 1.502917830959530070e-04 1.008025982932565512e-01 1.070916006946453836e+00 1.053667687655716723e+00 1.088344631019525499e+00 0.000000000000000000e+00
7.679036140359931650e+00 1.614556644359165460e+00 4.276207359069125448e-05 1.000000000000000000e+00 -6.959167689685735053e-05 1.586528304942628630e-04 1.615004359821341495e-01 1.070869721477133663e+00 1.053732632014653170e+00 1.088184772583115301e+00 0.000000000000000000e+00
7.685439767215314077e+00 1.613211370880937023e+00 7.241188615215065000e-05 1.000000000000000000e+00 -3.987959756429751207e-05 1.882496432331341079e-04 4.679418946863904694e-01 1.066622034419139720e+00 1.049304396453420996e+00 1.084122197364558060e+00 0.000000000000000000e+00
7.691848734120691589e+00 1.611867218305303329e+00 9.349058846579139624e-05 1.000000000000000000e+00 -1.869524172514548449e-05 2.092196286891220467e-04 7.833114699422480953e-01 1.068630166892793554e+00 1.051410138242604875e+00 1.086030701866464110e+00 0.000000000000000000e+00
7.698263045529186499e+00 1.610524185698310351e+00 1.325672277570626872e-04 1.000000000000000000e+00 1.974230062886009167e-05 2.489178425468713848e-04 1.577459131519972857e+00 1.062320823884042698e+00 1.044929156371327661e+00 1.079897755988183272e+00 0.000000000000000000e+00
7.704682705897634598e+00 1.609182272126782998e+00 1.494660102230700933e-04 1.000000000000000000e+00 3.624926792936344021e-05 2.662015326346699661e-04 1.995423779298718614e+00 1.063573775307375291e+00 1.046276670319429725e+00 1.081054261687202755e+00 0.000000000000000000e+00
7.711107719686588702e+00 1.607841476658323998e+00 1.580586490912367975e-04 1.000000000000000000e+00 4.429893549478985709e-05 2.753357992610778191e-04 2.219414897551843069e+00 1.064338040016085118e+00 1.046808746841664250e+00 1.082055760087072160e+00 0.000000000000000000e+00
7.717538091360320429e+00 1.606501798361312572e+00 1.630681390863261877e-04 1.000000000000000000e+00 4.906061676614783271e-05 2.806118466357936450e-04 2.357155272727510464e+00 1.061229387764461851e+00 1.043587847650951472e+00 1.079062116805349358e+00 0.000000000000000000e+00
7.723973825386825531e+00 1.605163236304904206e+00 1.467245898972520987e-04 1.000000000000000000e+00 3.304848608238080711e-05 2.639765196035516134e-04 1.905528812846014830e+00 1.061831481396006360e+00 1.044291613703875798e+00 1.079560306041610351e+00 0.000000000000000000e+00
7.730414926237823892e+00 1.603825789559029547e+00 1.153179369834213871e-04 1.000000000000000000e+00 1.997936789331668781e-06 2.322526301504776545e-04 1.175844343330837205e+00 1.063380726944054278e+00 1.045600534253728453e+00 1.081354892174439808e+00 0.000000000000000000e+00
7.736861398388765743e+00 1.602489457194395728e+00 7.851614652570642250e-05 1.000000000000000000e+00 -3.410749332774016705e-05 1.947997324599226869e-04 5.446352701847985145e-01 1.062047066396572204e+00 1.044381443900554762e+00 1.079904440257533738e+00 0.000000000000000000e+00
7.743313246318833443e+00 1.601154238282482378e+00 1.488007817178891692e-05 1.000000000000000000e+00 -9.706812045907572441e-05 1.305141963685693045e-04 1.946363941976869683e-02 1.068878773848648711e+00 1.050922706478906621e+00 1.087031699516847416e+00 0.000000000000000000e+00
7.749770474510944140e+00 1.599820131895543396e+00 -4.411310541689320778e-05 -1.000000000000000000e+00 -1.550621213322944181e-04 7.055368077686553112e-05 1.706267980513445082e-01 1.070830749544222193e+00 1.052961867311388078e+00 1.088894278155870143e+00 0.000000000000000000e+00
7.756233087451753327e+00 1.598487137106606282e+00 -1.079217375740931090e-04 -1.000000000000000000e+00 -2.178151623382872906e-04 5.724747032416125205e-06 1.021767585451655691e+00 1.074219378025135896e+00 1.056088068237302613e+00 1.092550323695174130e+00 0.000000000000000000e+00
7.762701089631657503e+00 1.597155252989470364e+00 -1.638922307886728224e-04 -1.000000000000000000e+00 -2.721990071649917314e-04 -5.176532788469388649e-05 2.370595321478134565e+00 1.074998628313759141e+00 1.056974980589950208e+00 1.093219621559085253e+00 0.000000000000000000e+00
7.769174485544799502e+00 1.595824478618706577e+00 -2.211184637516364505e-04 -1.000000000000000000e+00 -3.279793831036959548e-04 -1.103783797553578897e-04 4.343606904232458987e+00 1.078629586523969897e+00 1.060348440275199255e+00 1.097112972233818651e+00 0.000000000000000000e+00
7.775653279689067610e+00 1.594494813069657235e+00 -2.656019117646385278e-04 -1.000000000000000000e+00 -3.713126257432778840e-04 -1.559727345368978218e-04 6.296712169979358009e+00 1.078824259006297082e+00 1.060402351429585055e+00 1.097451293849370346e+00 0.000000000000000000e+00
7.782137476566102663e+00 1.593166255418435151e+00 -3.081828664179153839e-04 -1.000000000000000000e+00 -4.130469272573407099e-04 -1.993821133392331636e-04 8.468850518401850991e+00 1.081046588390126129e+00 1.062619639820365780e+00 1.099678539809007427e+00 0.000000000000000000e+00
7.788627080681298942e+00 1.591838804741922297e+00 -3.421289680486049012e-04 -1.000000000000000000e+00 -4.465832669934206075e-04 -2.337351414073414002e-04 1.040420427524169611e+01 1.082924819485279189e+00 1.064333388291692550e+00 1.101724726897667983e+00 0.000000000000000000e+00
7.795122096543806833e+00 1.590512460117771143e+00 -3.641988689326310200e-04 -1.000000000000000000e+00 -4.681149467912021312e-04 -2.563287361104161144e-04 1.178914250558547394e+01 1.083995763788135003e+00 1.065410494794572394e+00 1.102789515693215705e+00 0.000000000000000000e+00
7.801622528666539047e+00 1.589187220624400876e+00 -3.666611348747326441e-04 -1.000000000000000000e+00 -4.700186897795111769e-04 -2.593293875708319648e-04 1.203894633611385245e+01 1.080556961578949648e+00 1.061861383885575494e+00 1.099464288123290334e+00 0.000000000000000000e+00
7.808128381566169729e+00 1.587863085341000069e+00 -3.693256270207963873e-04 -1.000000000000000000e+00 -4.717786496550665674e-04 -2.628745666824323880e-04 1.234376712981166690e+01 1.080559482046683506e+00 1.061891238297372198e+00 1.099438868767045108e+00 0.000000000000000000e+00
7.814639659763139790e+00 1.586540053347523793e+00 -3.838170426764835508e-04 -1.000000000000000000e+00 -4.854339368052368580e-04 -2.781941250047252666e-04 1.343477858122687962e+01 1.087003833234696959e+00 1.068148859669786122e+00 1.106073275315731186e+00 0.000000000000000000e+00
7.821156367781661345e+00 1.585218123724693617e+00 -3.909143720704458150e-04 -1.000000000000000000e+00 -4.921025956823597879e-04 -2.857221617514936821e-04 1.401389925984612717e+01 1.087167497578471975e+00 1.068067090224271487e+00 1.106487998880951507e+00 0.000000000000000000e+00
7.827678510149716828e+00 1.583897295553998275e+00 -4.055494005640296481e-04 -1.000000000000000000e+00 -5.062641979207304537e-04 -3.008170928160646654e-04 1.508307617877670737e+01 1.086668712042544671e+00 1.067687814150289016e+00 1.105867208604407237e+00 0.000000000000000000e+00
7.834206091399066985e+00 1.582577567917689887e+00 -4.302378083498531263e-04 -1.000000000000000000e+00 -5.307814375259802073e-04 -3.256590724233450517e-04 1.690663282709849113e+01 1.086513201898658298e+00 1.067274929370605197e+00 1.105975076246989097e+00 0.000000000000000000e+00
7.840739116065250869e+00 1.581258939898786631e+00 -4.644822321985878338e-04 -1.000000000000000000e+00 -5.643950518313462688e-04 -3.604706911961271854e-04 1.959930432957334290e+01 1.087568045976466280e+00 1.068431469181448046e+00 1.106925829723660160e+00 0.000000000000000000e+00
7.847277588687588512e+00 1.579941410581070071e+00 -5.099937701668561061e-04 -1.000000000000000000e+00 -6.092796334302395811e-04 -4.065270764893795063e-04 2.347330234136911997e+01 1.092640320070695559e+00 1.073200673310586328e+00 1.112306908603275968e+00 0.000000000000000000e+00
7.853821513809187138e+00 1.578624979049085830e+00 -5.496530014222971664e-04 -1.000000000000000000e+00 -6.481596638347735407e-04 -4.468506115069747694e-04 2.706555170138157962e+01 1.094896787603412580e+00 1.075548679631194160e+00 1.114468913697158392e+00 0.000000000000000000e+00
7.860370895976941163e+00 1.577309644388141585e+00 -5.918300431006792792e-04 -1.000000000000000000e+00 -6.902445221977895808e-04 -4.890576480890600555e-04 3.096180840106335097e+01 1.101015867398138059e+00 1.081344501679271763e+00 1.120917324298242201e+00 0.000000000000000000e+00
7.866925739741537527e+00 1.575995405684307737e+00 -6.062354699128096177e-04 -1.000000000000000000e+00 -7.049477205093968675e-04 -5.031019313400924425e-04 3.205004637796578493e+01 1.098799429695699548e+00 1.079251685466803279e+00 1.118574906160474614e+00 0.000000000000000000e+00
7.873486049657457464e+00 1.574682262024415857e+00 -5.957890794564425080e-04 -1.000000000000000000e+00 -6.955066524590880917e-04 -4.916113179892255339e-04 3.060531833825645265e+01 1.093682280859169076e+00 1.073905006163258014e+00 1.113693358019002044e+00 0.000000000000000000e+00
7.880051830282980951e+00 1.573370212496058462e+00 -5.607434337338693987e-04 -1.000000000000000000e+00 -6.614517318091679178e-04 -4.555541192828345821e-04 2.692343800134229070e+01 1.087663710365892156e+00 1.068053672999525139e+00 1.107505009737769663e+00 0.000000000000000000e+00
7.886623086180188480e+00 1.572059256187587906e+00 -5.243675724151767572e-04 -1.000000000000000000e+00 -6.263673247618883498e-04 -4.179218358463734776e-04 2.339464045591414276e+01 1.091413021428957686e+00 1.071508284638983621e+00 1.111555286096327366e+00 0.000000000000000000e+00
7.893199821914964609e+00 1.570749392188117488e+00 -4.407159031889728283e-04 -1.000000000000000000e+00 -5.443916372075154574e-04 -3.325964062531596918e-04 1.655305042605347410e+01 1.077754926673119007e+00 1.057816936962450383e+00 1.097934378161617097e+00 0.000000000000000000e+00
7.899782042057002407e+00 1.569440619587517682e+00 -3.710520165707656176e-04 -1.000000000000000000e+00 -4.763080166122079682e-04 -2.613439256877551084e-04 1.168609677745716624e+01 1.073642342839317365e+00 1.053757389327784288e+00 1.093768704823258497e+00 0.000000000000000000e+00
7.906369751179806116e+00 1.568132937476418354e+00 -2.785408040387348156e-04 -1.000000000000000000e+00 -3.860322676771184465e-04 -1.665876223880146030e-04 6.557193610855193810e+00 1.056669163571108960e+00 1.036772982391523268e+00 1.076810850774677641e+00 0.000000000000000000e+00
7.912962953860692039e+00 1.566826344946206540e+00 -2.175922780876409000e-04 -1.000000000000000000e+00 -3.272126524982730341e-04 -1.034897552623400662e-04 3.940347088988602309e+00 1.053107784769407917e+00 1.033246644905482903e+00 1.073214141224458462e+00 0.000000000000000000e+00
7.919561654680794760e+00 1.565520841089027337e+00 -1.391113706195004792e-04 -1.000000000000000000e+00 -2.514260758336785443e-04 -2.228922317110827820e-05 1.585058876204968215e+00 1.037465980753165429e+00 1.017568010497642339e+00 1.057613352309489496e+00 0.000000000000000000e+00
7.926165858225068916e+00 1.564216424997781019e+00 -9.093326347891752181e-05 -1.000000000000000000e+00 -2.056442047539345629e-04 2.831395477860205784e-05 6.616099489717157667e-01 1.034677792777102923e+00 1.014797241517627402e+00 1.054808025867950860e+00 0.000000000000000000e+00
7.932775569082291867e+00 1.562913095766124583e+00 -2.411507595280982930e-05 -1.000000000000000000e+00 -1.413683350997709085e-04 9.768914642904807856e-05 4.573816746642478392e-02 1.021166639677195898e+00 1.001229999716186869e+00 1.041357490102272410e+00 0.000000000000000000e+00
7.939390791845069018e+00 1.561610852488469980e+00 1.796500903347867187e-05 1.000000000000000000e+00 -1.010351948413020526e-04 1.415492896259008815e-04 2.499063250391486690e-02 1.018765519484895465e+00 9.988520904984762305e-01 1.038933135500877736e+00 0.000000000000000000e+00
7.946011531109834714e+00 1.560309694259983226e+00 7.849926707491366616e-05 1.000000000000000000e+00 -4.215306951978583030e-05 2.037951665204571416e-04 4.742496117740699901e-01 1.006284503132742092e+00 9.863196465617420916e-01 1.026507620653537733e+00 0.000000000000000000e+00
7.952637791476856677e+00 1.559009620176584621e+00 1.205447031224375957e-04 1.000000000000000000e+00 -1.548214790411984467e-06 2.473379891961461447e-04 1.109961424107225980e+00 1.001356136507067784e+00 9.811595718803054478e-01 1.021817772685536641e+00 0.000000000000000000e+00
7.959269577550237784e+00 1.557710629334948083e+00 1.564278975572854652e-04 1.000000000000000000e+00 3.311110111439206200e-05 2.844974134074533274e-04 1.849530115142414388e+00 9.980276342223433073e-01 9.779804740731102841e-01 1.018336776148576650e+00 0.000000000000000000e+00
7.965906893937922284e+00 1.556412720832499597e+00 1.872858765515600485e-04 1.000000000000000000e+00 6.230065365864717120e-05 3.170280338563866759e-04 2.613843445613213134e+00 9.959958208465103935e-01 9.756807984846057602e-01 1.016580414818488709e+00 0.000000000000000000e+00
7.972549745251694908e+00 1.555115893767417656e+00 2.143953188068999430e-04 1.000000000000000000e+00 8.803526815250736705e-05 3.455281887061535705e-04 3.373264064725148614e+00 9.948913276718028831e-01 9.747005757229723066e-01 1.015348762445471564e+00 0.000000000000000000e+00
7.979198136107187977e+00 1.553820147238631932e+00 2.483044385549124100e-04 1.000000000000000000e+00 1.203467697828092622e-04 3.810675783799075144e-04 4.471895471481616369e+00 9.899610840991422966e-01 9.695310562977151880e-01 1.010665270966824236e+00 0.000000000000000000e+00
7.985852071123881402e+00 1.552525480345822828e+00 2.749724747097556719e-04 1.000000000000000000e+00 1.459944786235860075e-04 4.088183606695017800e-04 5.430806623072200523e+00 9.879988613872319192e-01 9.677077837639548319e-01 1.008560817765314699e+00 0.000000000000000000e+00
7.992511554925108008e+00 1.551231892189421036e+00 3.045833738063681638e-04 1.000000000000000000e+00 1.743943210109179319e-04 4.396864466007289508e-04 6.616065237436941970e+00 9.843672594965967582e-01 9.638289947749623110e-01 1.005183747819723195e+00 0.000000000000000000e+00
7.999176592138056208e+00 1.549939381870606869e+00 3.290113809456178626e-04 1.000000000000000000e+00 1.980181117285058693e-04 4.649518745880580227e-04 7.662710795870282254e+00 9.828462356243305997e-01 9.624478402643549257e-01 1.003519532773302858e+00 0.000000000000000000e+00
