# OBJ_NAME=4U 1820-30
#         GRID_START=6.00
#         GRID_END=8.00
#         GRID_STEP_FRACTION=0.50
#         XSPEC_FITSTAT=cstat
#         XSPEC_CONTINUUM_MODEL=tbabs*(bbodyrad + pow)*constant
#         XSPEC_LINE_MODEL=gauss
#         LINE_VELOCITY_WIDTH=500
#         INPUT_FILE=/home/simon/Downloads/tgcat/obs_6634_tgid_6346/pm_heg_abs1.pha
#         SEARCH_MODE=Sliding window
#         FIT_REGION_WIDTH=30.00
#         RUNTIME=202
#         COLUMN_NAMES=ENERGY,WAVELENGTH,NORM,NORM_SIGN,NORM_ERR_LO,NORM_ERR_HI,DELTA_FITSTAT,CONSTANT_FACTOR,CONSTANT_FACTOR_ERR_LO,CONSTANT_FACTOR_ERR_HI,FIT_ERR
6.000000000000000000e+00 2.066373137115381287e+00 1.627441043992419224e-04 1.000000000000000000e+00 3.792870406840812827e-05 2.890900501979947260e-04 1.905679615315193587e+00 1.001664395849438449e+00 9.958622760263287077e-01 1.007499386589984391e+00 0.000000000000000000e+00
6.005003461427972589e+00 2.064651403172383937e+00 1.224090121395990318e-04 1.000000000000000000e+00 -2.728385177306030373e-06 2.490890537300623642e-04 1.068680370466154272e+00 1.003684076358939414e+00 9.978318497358333872e-01 1.009569672870921808e+00 0.000000000000000000e+00
6.010011095293655181e+00 2.062931103804642063e+00 9.390876969226869756e-05 1.000000000000000000e+00 -3.134491848929405172e-05 2.207196125329909889e-04 6.246733227098957286e-01 1.003642340086240869e+00 9.978212569564900436e-01 1.009496334462109735e+00 0.000000000000000000e+00
6.015022905076486737e+00 2.061212237816845594e+00 5.672997755637938956e-05 1.000000000000000000e+00 -6.861938625496437512e-05 1.836516383601394145e-04 2.266617651897604446e-01 1.004581864141566250e+00 9.987411619409268804e-01 1.010455716850749752e+00 0.000000000000000000e+00
6.020038894258807005e+00 2.059494804014679215e+00 2.119565939112324918e-05 1.000000000000000000e+00 -1.042605344518372730e-04 1.482372273071587020e-04 3.149553009166083939e-02 1.005236684509230871e+00 9.993482873062199401e-01 1.011158751205545103e+00 0.000000000000000000e+00
6.025059066325860080e+00 2.057778801204824592e+00 -3.874048381210686576e-07 -1.000000000000000000e+00 -1.259508517419794893e-04 1.267720633546438359e-04 1.046708484864211641e-05 1.004376209630566175e+00 9.984707220762975011e-01 1.010315698410007457e+00 0.000000000000000000e+00
6.030083424765796174e+00 2.056064228194956822e+00 -2.536875558865292978e-05 -1.000000000000000000e+00 -1.509802598233455587e-04 1.018465047714271310e-04 4.473282221920271695e-02 1.005384123934508489e+00 9.995045703276117521e-01 1.011297290340718469e+00 0.000000000000000000e+00
6.035111973069674285e+00 2.054351083793744426e+00 -3.236669623685249457e-05 -1.000000000000000000e+00 -1.583266297218059249e-04 9.519849464559198876e-05 7.245582372411263350e-02 1.005938152130143814e+00 1.000008523228254287e+00 1.011901961685996110e+00 0.000000000000000000e+00
6.040144714731465747e+00 2.052639366810848021e+00 -2.669356207020029910e-05 -1.000000000000000000e+00 -1.529838688828997746e-04 1.012056428193696376e-04 4.905048709849779698e-02 1.007076651612319518e+00 1.001122762460616045e+00 1.013064958141333127e+00 0.000000000000000000e+00
6.045181653248054232e+00 2.050929076056921652e+00 2.426746845507766168e-06 1.000000000000000000e+00 -1.240683870137893887e-04 1.305418921472754304e-04 4.041906922793714330e-04 1.006545983360149998e+00 1.000624696625358467e+00 1.012501308874232953e+00 0.000000000000000000e+00
6.050222792119239301e+00 2.049220210343609683e+00 4.090669271098719493e-05 1.000000000000000000e+00 -8.595325267791375731e-05 1.693980800296379934e-04 1.147280331695128552e-01 1.004865528230508565e+00 9.989012435306978688e-01 1.010864463244972811e+00 0.000000000000000000e+00
6.055268134847740846e+00 2.047512768483544576e+00 6.576622029714934464e-05 1.000000000000000000e+00 -6.145886858454035866e-05 1.946307739270563913e-04 2.955092540511259358e-01 1.003666354710813335e+00 9.976827871418001425e-01 1.009684890970915294e+00 0.000000000000000000e+00
6.060317684939197314e+00 2.045806749290351334e+00 5.290761340806385878e-05 1.000000000000000000e+00 -7.471439227318065705e-05 1.821744789148633679e-04 1.898279842073407053e-01 1.005285900092701468e+00 9.992723318665197585e-01 1.011334678244520724e+00 0.000000000000000000e+00
6.065371445902172809e+00 2.044102151578641724e+00 2.738390528392547867e-05 1.000000000000000000e+00 -1.005955426330333368e-04 1.570204454075392587e-04 5.040904473167984179e-02 1.005671117592974673e+00 9.996578523083717860e-01 1.011719645233173370e+00 0.000000000000000000e+00
6.070429421248155322e+00 2.042398974164015168e+00 -2.112893086308117465e-05 -1.000000000000000000e+00 -1.494313574284090540e-04 1.088500307543639701e-04 2.972423952576264128e-02 1.007067792540843332e+00 1.001022726626406900e+00 1.013148346727802407e+00 0.000000000000000000e+00
6.075491614491562942e+00 2.040697215863058300e+00 -6.974204175967146956e-05 -1.000000000000000000e+00 -1.983714136407537041e-04 6.058420435938579251e-05 3.207599706859127764e-01 1.007598838574486289e+00 1.001523451119645580e+00 1.013710083255611627e+00 0.000000000000000000e+00
6.080558029149742971e+00 2.038996875493343186e+00 -1.127779812810036458e-04 -1.000000000000000000e+00 -2.417294818579256198e-04 1.788589917487032625e-05 8.305226694815246447e-01 1.008231098492940792e+00 1.002154785314843588e+00 1.014343279803723297e+00 0.000000000000000000e+00
6.085628668742976366e+00 2.037297951873428659e+00 -1.403090094575767585e-04 -1.000000000000000000e+00 -2.696603372012205220e-04 -9.235844277868579923e-06 1.274699290680757713e+00 1.009065490298840739e+00 1.002957447903984223e+00 1.015209705623477898e+00 0.000000000000000000e+00
6.090703536794479511e+00 2.035600443822857208e+00 -1.477934512514816152e-04 -1.000000000000000000e+00 -2.774011695346610858e-04 -1.645765056556200141e-05 1.407906560144624564e+00 1.010226958856867530e+00 1.004086787692079374e+00 1.016403483181253620e+00 0.000000000000000000e+00
6.095782636830406886e+00 2.033904350162153651e+00 -1.283331628423859034e-04 -1.000000000000000000e+00 -2.580782256103617911e-04 3.142991395062375969e-06 1.062125391675181163e+00 1.010303745153138921e+00 1.004108568365158050e+00 1.016536129316306214e+00 0.000000000000000000e+00
6.100865972379854618e+00 2.032209669712826461e+00 -9.891448458013645624e-05 -1.000000000000000000e+00 -2.285206076447920823e-04 3.242812350643992005e-05 6.326598461374715043e-01 1.010280219664966284e+00 1.004117200775838548e+00 1.016480074287278379e+00 0.000000000000000000e+00
6.105953546974859592e+00 2.030516401297367324e+00 -7.732323527941527231e-05 -1.000000000000000000e+00 -2.070858437691359684e-04 5.418077104893650390e-05 3.867508856195627232e-01 1.010857436232944329e+00 1.004637489400991734e+00 1.017114774793259180e+00 0.000000000000000000e+00
6.111045364150406556e+00 2.028824543739246700e+00 -7.387214309638948778e-05 -1.000000000000000000e+00 -2.039843304596609280e-04 5.799387358567416188e-05 3.512389127690198620e-01 1.012069763612335915e+00 1.005816934226413828e+00 1.018360435639151573e+00 0.000000000000000000e+00
6.116141427444425460e+00 2.027134095862917373e+00 -7.938718948869345770e-05 -1.000000000000000000e+00 -2.100253174464509847e-04 5.301489964443853984e-05 4.016848702877382493e-01 1.011980481537182675e+00 1.005757110170158786e+00 1.018241293220683463e+00 0.000000000000000000e+00
6.121241740397799447e+00 2.025445056493809570e+00 -1.032079831508305796e-04 -1.000000000000000000e+00 -2.346887962196720495e-04 3.004888172343399202e-05 6.699308455158075049e-01 1.012538266928858954e+00 1.006252947697612310e+00 1.018861841806558921e+00 0.000000000000000000e+00
6.126346306554362187e+00 2.023757424458334508e+00 -1.393030773754414127e-04 -1.000000000000000000e+00 -2.714491625811162089e-04 -5.367840639076461046e-06 1.204826648469349948e+00 1.014129450253421050e+00 1.007807952550832775e+00 1.020489478782947712e+00 0.000000000000000000e+00
6.131455129460903208e+00 2.022071198583879958e+00 -1.676117438320648629e-04 -1.000000000000000000e+00 -3.001155759389953839e-04 -3.330603068664572523e-05 1.730386281283188055e+00 1.015115351111410380e+00 1.008762063079329474e+00 1.021507507150784422e+00 0.000000000000000000e+00
6.136568212667169675e+00 2.020386377698810687e+00 -1.830221570227447657e-04 -1.000000000000000000e+00 -3.154465155905752678e-04 -4.878258115912181120e-05 2.059394275264764929e+00 1.015331666035973246e+00 1.008981551096795437e+00 1.021720697333095895e+00 0.000000000000000000e+00
6.141685559725869936e+00 2.018702960632467569e+00 -1.865501222262423459e-04 -1.000000000000000000e+00 -3.187668525720919761e-04 -5.250455066001873355e-05 2.143830403518109051e+00 1.014540873578138047e+00 1.008168087060363538e+00 1.020952847350131032e+00 0.000000000000000000e+00
6.146807174192673529e+00 2.017020946215167587e+00 -2.029040602662830197e-04 -1.000000000000000000e+00 -3.349856460967651109e-04 -6.897929600921802354e-05 2.535585811365365316e+00 1.015598361231262459e+00 1.009197202935615545e+00 1.022038909922243777e+00 0.000000000000000000e+00
6.151933059626216505e+00 2.015340333278202056e+00 -2.161306635278745778e-04 -1.000000000000000000e+00 -3.484877634521466342e-04 -8.191809237656312906e-05 2.859546942151382609e+00 1.015782996837457208e+00 1.009382589732789048e+00 1.022222841295893581e+00 0.000000000000000000e+00
6.157063219588101433e+00 2.013661120653835290e+00 -2.344282520266122659e-04 -1.000000000000000000e+00 -3.676233187000886452e-04 -9.937104259924686473e-05 3.320316278515292652e+00 1.016995196604191687e+00 1.010562233586288494e+00 1.023467993569362466e+00 0.000000000000000000e+00
6.162197657642900950e+00 2.011983307175305935e+00 -2.154242092065076434e-04 -1.000000000000000000e+00 -3.497811924450766022e-04 -7.919697690288098231e-05 2.765602943863541441e+00 1.014586546698577729e+00 1.008132404452688258e+00 1.021080961073601356e+00 0.000000000000000000e+00
6.167336377358160426e+00 2.010306891676824304e+00 -1.975561378004967524e-04 -1.000000000000000000e+00 -3.329063604374496357e-04 -6.032298720025908970e-05 2.300039101031643440e+00 1.015851996858688544e+00 1.009334352522663902e+00 1.022410424134887252e+00 0.000000000000000000e+00
6.172479382304400630e+00 2.008631872993570600e+00 -1.362521033685498131e-04 -1.000000000000000000e+00 -2.722030068134570751e-04 1.598803604958625932e-06 1.088877207376299339e+00 1.014644916936736863e+00 1.008167746699319300e+00 1.021162466314756490e+00 0.000000000000000000e+00
6.177626676055119503e+00 2.006958249961698471e+00 -4.443757962897300768e-05 -1.000000000000000000e+00 -1.811908607828212336e-04 9.422281552851188889e-05 1.156325117537448932e-01 1.011670093201640697e+00 1.005146386414677240e+00 1.018234916146693259e+00 0.000000000000000000e+00
6.182778262186794827e+00 2.005286021418328790e+00 3.477584898430450730e-05 1.000000000000000000e+00 -1.027478234345362523e-04 1.742079599294909652e-04 7.056903648071966018e-02 1.011121393590342477e+00 1.004576944300185959e+00 1.017707356804354868e+00 0.000000000000000000e+00
6.187934144278887771e+00 2.003615186201552323e+00 9.895991335241843541e-05 1.000000000000000000e+00 -3.929173555149189419e-05 2.391250737021510700e-04 5.679532178971271605e-01 1.011126131279262319e+00 1.004618489755659594e+00 1.017674814529472060e+00 0.000000000000000000e+00
6.193094325913842901e+00 2.001945743150427948e+00 1.405443166298787981e-04 1.000000000000000000e+00 1.315179577887143824e-06 2.816984286880638193e-04 1.135526162716871568e+00 1.011148390010048193e+00 1.004582876139103353e+00 1.017755584191775586e+00 0.000000000000000000e+00
6.198258810677093500e+00 2.000277691104981770e+00 1.351108653455747365e-04 1.000000000000000000e+00 -5.006731479388371606e-06 2.771739687183549599e-04 1.035803196903941625e+00 1.014233594151573215e+00 1.007632317540346545e+00 1.020876864695633213e+00 0.000000000000000000e+00
6.203427602157062459e+00 1.998611028906206677e+00 1.242047126969045225e-04 1.000000000000000000e+00 -1.679399794940689486e-05 2.671719827814171403e-04 8.624398068225218594e-01 1.014734987373343555e+00 1.008165428646664807e+00 1.021346087581286755e+00 0.000000000000000000e+00
6.208600703945164057e+00 1.996945755396060118e+00 1.014366065467086611e-04 1.000000000000000000e+00 -4.059639848940448082e-05 2.454536061821839532e-04 5.666507760626018353e-01 1.015007202097618189e+00 1.008375067306731765e+00 1.021681760441969899e+00 0.000000000000000000e+00
6.213778119635809283e+00 1.995281869417466547e+00 6.993002360809490636e-05 1.000000000000000000e+00 -7.271959636277610338e-05 2.145785536501588044e-04 2.663039795094732654e-01 1.016321572887793678e+00 1.009656449332987149e+00 1.023029460877157293e+00 0.000000000000000000e+00
6.218959852826404955e+00 1.993619369814312314e+00 4.556113610681098173e-05 1.000000000000000000e+00 -9.725827367556835539e-05 1.903967461283365354e-04 1.124944461250265704e-01 1.017841941385799753e+00 1.011143771314001905e+00 1.024583183529855557e+00 0.000000000000000000e+00
6.224145907117359044e+00 1.991958255431448777e+00 4.490494069388970249e-05 1.000000000000000000e+00 -9.788647149886647077e-05 1.897311313155862836e-04 1.091570913474697591e-01 1.017856064440028963e+00 1.011162211480595374e+00 1.024592925959934453e+00 0.000000000000000000e+00
6.229336286112081567e+00 1.990298525114688521e+00 5.103638617753253548e-05 1.000000000000000000e+00 -9.205846188606509918e-05 1.961814434581701935e-04 1.404397683099318783e-01 1.018648601596879644e+00 1.011923932895332223e+00 1.025416608649749817e+00 0.000000000000000000e+00
6.234530993416986355e+00 1.988640177710806478e+00 6.237207464758335370e-05 1.000000000000000000e+00 -8.155982419638438245e-05 2.083667832969297363e-04 2.077826574704886298e-01 1.019794039245503159e+00 1.013001812683346659e+00 1.026630572909369876e+00 0.000000000000000000e+00
6.239730032641496393e+00 1.986983212067538140e+00 8.836410224352938083e-05 1.000000000000000000e+00 -5.652164371862783670e-05 2.353264919040003102e-04 4.119730141731565709e-01 1.019215637940008579e+00 1.012460266619091165e+00 1.026014758933735171e+00 0.000000000000000000e+00
6.244933407398043812e+00 1.985327627033580011e+00 1.152285275572265707e-04 1.000000000000000000e+00 -3.070128828924496411e-05 2.632449406374695426e-04 6.927427550507445631e-01 1.018403704149628330e+00 1.011617580142938344e+00 1.025234044625128904e+00 0.000000000000000000e+00
6.250141121302072555e+00 1.983673421458586272e+00 1.250093527395527450e-04 1.000000000000000000e+00 -2.164278750037959748e-05 2.737587757240743077e-04 8.089745377758958966e-01 1.019524788846918106e+00 1.012668980996468404e+00 1.026425716061778681e+00 0.000000000000000000e+00
6.255353177972041934e+00 1.982020594193170782e+00 1.343830628248020190e-04 1.000000000000000000e+00 -1.243590510946918385e-05 2.833183829598684205e-04 9.315334753637785070e-01 1.019686540581756118e+00 1.012866875297351310e+00 1.026550780347386338e+00 0.000000000000000000e+00
6.260569581029430175e+00 1.980369144088905076e+00 1.432274224767344801e-04 1.000000000000000000e+00 -3.831982703878379463e-06 2.924221451512405549e-04 1.055595991390930521e+00 1.018439282654155065e+00 1.011590318109284903e+00 1.025333217217460069e+00 0.000000000000000000e+00
6.265790334098732650e+00 1.978719069998317037e+00 1.401054727614198432e-04 1.000000000000000000e+00 -7.416268685888586110e-06 2.897783554865153086e-04 1.004648943320717080e+00 1.017205399281077671e+00 1.010292714949248660e+00 1.024164000938307062e+00 0.000000000000000000e+00
6.271015440807469865e+00 1.977070370774890451e+00 1.187695241194628782e-04 1.000000000000000000e+00 -2.934650619431767671e-05 2.690521327384013100e-04 7.150756452152791098e-01 1.017038980175373419e+00 1.010089843660676001e+00 1.024034605207491122e+00 0.000000000000000000e+00
6.276244904786186574e+00 1.975423045273065226e+00 8.656570214416080202e-05 1.000000000000000000e+00 -6.214483005938623592e-05 2.374614288684080807e-04 3.754758788492154054e-01 1.017535098048011344e+00 1.010585110365089134e+00 1.024531411487381138e+00 0.000000000000000000e+00
6.281478729668454442e+00 1.973777092348234952e+00 4.550848006587631886e-05 1.000000000000000000e+00 -1.037233823202074576e-04 1.969439242083954032e-04 1.026868324736369686e-01 1.019481916033094793e+00 1.012488020130109634e+00 1.026522746706367339e+00 0.000000000000000000e+00
6.286716919090875599e+00 1.972132510856748011e+00 3.064720636536032649e-05 1.000000000000000000e+00 -1.189013428325083187e-04 1.824153338332327122e-04 4.632088201196893351e-02 1.018843554237317761e+00 1.011815762466828694e+00 1.025918780373887396e+00 0.000000000000000000e+00
6.291959476693084419e+00 1.970489299655904469e+00 2.245449198467253362e-05 1.000000000000000000e+00 -1.270794283637062625e-04 1.742226123915262693e-04 2.481571546093164216e-02 1.018969543925322352e+00 1.011945676093215951e+00 1.026040782116542260e+00 0.000000000000000000e+00
6.297206406117751065e+00 1.968847457603957185e+00 2.401484926914081576e-05 1.000000000000000000e+00 -1.255809317453475166e-04 1.758581473699065163e-04 2.835405775510935200e-02 1.019093538076095040e+00 1.012036314461873143e+00 1.026198662266335715e+00 0.000000000000000000e+00
6.302457711010582386e+00 1.967206983560110700e+00 3.232418863610383894e-05 1.000000000000000000e+00 -1.175300015292113901e-04 1.844407494721701866e-04 5.121261899080309377e-02 1.018712292956733600e+00 1.011623510430082806e+00 1.025849293355397096e+00 0.000000000000000000e+00
6.307713395020327241e+00 1.965567876384518575e+00 3.479589858004503627e-05 1.000000000000000000e+00 -1.154912458910909725e-04 1.873655698212377675e-04 5.893815723959505704e-02 1.018679796579914587e+00 1.011595728992195742e+00 1.025812102394828562e+00 0.000000000000000000e+00
6.312973461798775610e+00 1.963930134938285832e+00 2.614132233886636589e-05 1.000000000000000000e+00 -1.249261805905170443e-04 1.795156394400378576e-04 3.289316599978064914e-02 1.019188271667007095e+00 1.012068407359053790e+00 1.026356864489811560e+00 0.000000000000000000e+00
6.318237915000763039e+00 1.962293758083465844e+00 2.150221657939050489e-05 1.000000000000000000e+00 -1.307109998420840182e-04 1.760487452999768643e-04 2.193945151509524294e-02 1.018076299645898741e+00 1.010889699840597400e+00 1.025312604092234015e+00 0.000000000000000000e+00
6.323506758284172413e+00 1.960658744683059451e+00 3.650055322770720288e-06 1.000000000000000000e+00 -1.495592429216217650e-04 1.592236995505072060e-04 6.215919232204214495e-04 1.018571455851593033e+00 1.011421375084703422e+00 1.025770632146852934e+00 0.000000000000000000e+00
6.328779995309938400e+00 1.959025093601015399e+00 -1.967098201047425286e-05 -1.000000000000000000e+00 -1.739528326558118713e-04 1.370040711915747214e-04 1.776284128430916098e-02 1.020407244123813451e+00 1.013217301436599715e+00 1.027646763523189843e+00 0.000000000000000000e+00
6.334057629742047446e+00 1.957392803702229900e+00 -1.705253514337932581e-05 -1.000000000000000000e+00 -1.723360469383170956e-04 1.406538293869225812e-04 1.318858333871730792e-02 1.019613586856065846e+00 1.012358090395004684e+00 1.026919633070915827e+00 0.000000000000000000e+00
6.339339665247542221e+00 1.955761873852543076e+00 -1.535943414973542191e-05 -1.000000000000000000e+00 -1.710916008048521636e-04 1.428342538998607662e-04 1.060714418935049252e-02 1.020176401085497675e+00 1.012961971418340879e+00 1.027440820156314549e+00 0.000000000000000000e+00
6.344626105496522506e+00 1.954132302918741848e+00 -3.532132459402537305e-06 -1.000000000000000000e+00 -1.599173314322202989e-04 1.553551553249655419e-04 5.562773452538749552e-04 1.020044338401956630e+00 1.012800224346851463e+00 1.027338789283511522e+00 0.000000000000000000e+00
6.349916954162148741e+00 1.952504089768555939e+00 1.203066279406669050e-05 1.000000000000000000e+00 -1.457315502304152308e-04 1.723330249915651781e-04 6.355300545180853078e-03 1.019736874919861425e+00 1.012425258487995805e+00 1.027099890153733819e+00 0.000000000000000000e+00
6.355212214920644698e+00 1.950877233270659206e+00 6.396461812987596840e-06 1.000000000000000000e+00 -1.535632633028452456e-04 1.689340807643557396e-04 1.746408227802476176e-03 1.022890775543477959e+00 1.015533297745385477e+00 1.030299954212746671e+00 0.000000000000000000e+00
6.360511891451300137e+00 1.949251732294668749e+00 2.932626886593825156e-05 1.000000000000000000e+00 -1.334030264853342809e-04 1.946776931355773696e-04 3.554260541159237619e-02 1.022568814126601167e+00 1.015213959609396088e+00 1.029975443423959414e+00 0.000000000000000000e+00
6.365815987436472589e+00 1.947627585711142251e+00 6.018980797405211415e-05 1.000000000000000000e+00 -1.049394345313034286e-04 2.279872249370977271e-04 1.458834070306807007e-01 1.022242441170911675e+00 1.014853613572981317e+00 1.029683540850681034e+00 0.000000000000000000e+00
6.371124506561590906e+00 1.946004792391578420e+00 1.151864148235669130e-04 1.000000000000000000e+00 -5.132570433371991541e-05 2.844019977464594439e-04 5.282318257007432294e-01 1.019537571873365023e+00 1.012124974159921864e+00 1.027002963984776418e+00 0.000000000000000000e+00
6.376437452515156146e+00 1.944383351208418098e+00 1.577991649942136836e-04 1.000000000000000000e+00 -9.030423418276094629e-06 3.273470886504190047e-04 9.904870998192905063e-01 1.018954934250647204e+00 1.011549052737346299e+00 1.026413384752389080e+00 0.000000000000000000e+00
6.381754828988746020e+00 1.942763261035039601e+00 1.940103457244761952e-04 1.000000000000000000e+00 2.717353004902603865e-05 3.635669550360146355e-04 1.502576099456916836e+00 1.018688299283049714e+00 1.011249642251627945e+00 1.026180171428934029e+00 0.000000000000000000e+00
6.387076639677015777e+00 1.941144520745761159e+00 2.056499543706999768e-04 1.000000000000000000e+00 3.887565690059125128e-05 3.751393734552827854e-04 1.692321268632383635e+00 1.020520004723733720e+00 1.013039067677828475e+00 1.028054647974908198e+00 0.000000000000000000e+00
6.392402888277703532e+00 1.939527129215838475e+00 2.177485020238892051e-04 1.000000000000000000e+00 5.095796287989004482e-05 3.872508628651450107e-04 1.899353007522961434e+00 1.020346303994259074e+00 1.012865754817538599e+00 1.027880551882638382e+00 0.000000000000000000e+00
6.397733578491629380e+00 1.937911085321463833e+00 2.130866072469339968e-04 1.000000000000000000e+00 4.620265349559912185e-05 3.826732839769657899e-04 1.818457809506696776e+00 1.020654492682667502e+00 1.013133759695686642e+00 1.028229418658819672e+00 0.000000000000000000e+00
6.403068714022700725e+00 1.936296387939767438e+00 1.846459898872950629e-04 1.000000000000000000e+00 1.786003597500416640e-05 3.541191539550161234e-04 1.366424531960717559e+00 1.022732965679042927e+00 1.015125673628074932e+00 1.030395696648359172e+00 0.000000000000000000e+00
6.408408298577912277e+00 1.934683035948813856e+00 1.537853261919871367e-04 1.000000000000000000e+00 -1.221220240552004931e-05 3.224599493405816072e-04 9.531507431209433889e-01 1.023850946588964250e+00 1.016278927298377210e+00 1.031477860149635717e+00 0.000000000000000000e+00
6.413752335867351384e+00 1.933071028227602239e+00 1.072977843674524444e-04 1.000000000000000000e+00 -5.753014611510299462e-05 2.747938695908888900e-04 4.688375629485790341e-01 1.026152186507839792e+00 1.018534520478731720e+00 1.033825240360912501e+00 0.000000000000000000e+00
6.419100829604198033e+00 1.931460363656067436e+00 5.539555117597234294e-05 1.000000000000000000e+00 -1.080829747338547331e-04 2.215329467712544190e-04 1.266096384655952534e-01 1.028252733215219594e+00 1.020549217834231026e+00 1.036012718147604206e+00 0.000000000000000000e+00
6.424453783504729287e+00 1.929851041115075327e+00 1.267673854336620353e-05 1.000000000000000000e+00 -1.494587555202840754e-04 1.774636027080086283e-04 6.705386984322103672e-03 1.028092030154233782e+00 1.020429363994532990e+00 1.035810621197554848e+00 0.000000000000000000e+00
6.429811201288321953e+00 1.928243059486426159e+00 -3.970925679110162270e-05 -1.000000000000000000e+00 -2.013331966731001063e-04 1.245502519979749148e-04 6.604819199219491566e-02 1.028814600103348242e+00 1.021066750367163545e+00 1.036619519892166830e+00 0.000000000000000000e+00
6.435173086677453469e+00 1.926636417652850763e+00 -7.729193093450220414e-05 -1.000000000000000000e+00 -2.388522482359119788e-04 8.688881329866766901e-05 2.501056992229564457e-01 1.027664680348118864e+00 1.019877217156721416e+00 1.035509870363105156e+00 0.000000000000000000e+00
6.440539443397706343e+00 1.925031114498011453e+00 -1.100998007913875913e-04 -1.000000000000000000e+00 -2.712489340146686970e-04 5.366190474596147224e-05 5.083947840782911953e-01 1.027538796298884893e+00 1.019789217620210575e+00 1.035345321574901334e+00 0.000000000000000000e+00
6.445910275177769044e+00 1.923427148906499795e+00 -1.241830739891810879e-04 -1.000000000000000000e+00 -2.846428646085661014e-04 3.887822790338198728e-05 6.531446417306483454e-01 1.027878145761157436e+00 1.020044474724620009e+00 1.035769915786253881e+00 0.000000000000000000e+00
6.451285585749439555e+00 1.921824519763838390e+00 -1.203008823601285491e-04 -1.000000000000000000e+00 -2.797723554130195620e-04 4.175542200294606553e-05 6.213899406259315583e-01 1.029633554988906186e+00 1.021754460034517864e+00 1.037571526441480430e+00 0.000000000000000000e+00
6.456665378847628034e+00 1.920223225956476210e+00 -7.194518853572929521e-05 -1.000000000000000000e+00 -2.310185704436545960e-04 8.969071164346180066e-05 2.244869099335460305e-01 1.028858204751537553e+00 1.020981923348639020e+00 1.036793285798849329e+00 0.000000000000000000e+00
6.462049658210359482e+00 1.918623266371792813e+00 -2.058384432176956958e-05 -1.000000000000000000e+00 -1.801957828018106689e-04 1.415713856136628852e-04 1.836736940651917394e-02 1.031082700194580370e+00 1.023159239427613443e+00 1.039065610764301706e+00 0.000000000000000000e+00
6.467438427578775517e+00 1.917024639898092353e+00 5.067235810769046584e-05 1.000000000000000000e+00 -1.101319404495368018e-04 2.140092005517455430e-04 1.105475633792138979e-01 1.032641399732140863e+00 1.024674438902677398e+00 1.040668473035671449e+00 0.000000000000000000e+00
6.472831690697137930e+00 1.915427345424606687e+00 1.456685939239101631e-04 1.000000000000000000e+00 -1.645344281069738420e-05 3.103319941813727049e-04 9.064316865154182778e-01 1.031091367983706597e+00 1.023134074671228522e+00 1.039108666100023282e+00 0.000000000000000000e+00
6.478229451312831344e+00 1.913831381841492263e+00 2.240890913732636802e-04 1.000000000000000000e+00 6.068102026374102686e-05 3.900588159682183789e-04 2.127216566670597331e+00 1.030177294115354636e+00 1.022189416940033180e+00 1.038225740417932030e+00 0.000000000000000000e+00
6.483631713176364109e+00 1.912236748039830792e+00 2.608219836535195335e-04 1.000000000000000000e+00 9.627965346081763338e-05 4.279498849465959882e-04 2.851483135805949587e+00 1.031654894153980928e+00 1.023626912651399712e+00 1.039743891465567227e+00 0.000000000000000000e+00
6.489038480041373624e+00 1.910643442911627687e+00 2.755313597780728683e-04 1.000000000000000000e+00 1.099623146889368709e-04 4.437136623491929471e-04 3.144389764059724257e+00 1.031455728904695501e+00 1.023431943209739181e+00 1.039540547886380617e+00 0.000000000000000000e+00
6.494449755664626345e+00 1.909051465349812737e+00 2.246062116271468477e-04 1.000000000000000000e+00 5.816969316147345566e-05 3.936802696585791424e-04 2.057932328145056999e+00 1.036042440649117324e+00 1.027963714058565348e+00 1.044182717384393166e+00 0.000000000000000000e+00
6.499865543806021329e+00 1.907460814248235881e+00 1.637193634726913122e-04 1.000000000000000000e+00 -3.584706847800179022e-06 3.336893273174912767e-04 1.077455518862166173e+00 1.038238901518851121e+00 1.030068218484617049e+00 1.046472402907705490e+00 0.000000000000000000e+00
6.505285848228594681e+00 1.905871488501671207e+00 9.793951647337331755e-05 1.000000000000000000e+00 -6.979421397214855547e-05 2.683832943466113972e-04 3.803082866860449940e-01 1.039223137756050797e+00 1.031097640505683977e+00 1.047410712752918194e+00 0.000000000000000000e+00
6.510710672698518664e+00 1.904283487005811404e+00 3.294353158043755221e-05 1.000000000000000000e+00 -1.352797610063149070e-04 2.039235722249455745e-04 4.248030562609983463e-02 1.040135924279347979e+00 1.031973098312729986e+00 1.048361412491460865e+00 0.000000000000000000e+00
6.516140020985107917e+00 1.902696808657271088e+00 -2.176599885096236613e-05 -1.000000000000000000e+00 -1.906176007379532735e-04 1.498953039357509302e-04 1.830405609376839493e-02 1.040904028944047210e+00 1.032660804197954363e+00 1.049211106877632860e+00 0.000000000000000000e+00
6.521573896860818564e+00 1.901111452353583031e+00 -5.787674526813940348e-05 -1.000000000000000000e+00 -2.274051719512032443e-04 1.145229532025594311e-04 1.274429077303125268e-01 1.040605826555764279e+00 1.032419068055365763e+00 1.048855478816620446e+00 0.000000000000000000e+00
6.527012304101254436e+00 1.899527416993199491e+00 -8.727787800858135159e-05 -1.000000000000000000e+00 -2.581868568829209397e-04 8.655373828788150961e-05 2.843051263789106997e-01 1.040493486519511013e+00 1.032229770225168597e+00 1.048821332564823461e+00 0.000000000000000000e+00
6.532455246485166178e+00 1.897944701475490215e+00 -1.063051272334049704e-04 -1.000000000000000000e+00 -2.786462784199499249e-04 6.900910835160798925e-05 4.136638660977496329e-01 1.039295536388367580e+00 1.031003869272448803e+00 1.047651829096990728e+00 0.000000000000000000e+00
6.537902727794456581e+00 1.896363304700741548e+00 -1.360088665387716082e-04 -1.000000000000000000e+00 -3.093036004303500010e-04 4.031693961305276739e-05 6.656960006365011395e-01 1.039684196692634455e+00 1.031443824315974034e+00 1.047988430960381523e+00 0.000000000000000000e+00
6.543354751814182357e+00 1.894783225570156437e+00 -1.790820739354435464e-04 -1.000000000000000000e+00 -3.533063534883444526e-04 -1.775811259452033828e-06 1.137533330137273424e+00 1.042192002516993066e+00 1.033861162018045787e+00 1.050587961094388678e+00 0.000000000000000000e+00
6.548811322332555918e+00 1.893204462985853986e+00 -1.954280723288905302e-04 -1.000000000000000000e+00 -3.705258477693682906e-04 -1.721172430094956157e-05 1.339156353088640117e+00 1.041670146631999749e+00 1.033305031127780715e+00 1.050100974984180757e+00 0.000000000000000000e+00
6.554272443140948923e+00 1.891627015850867455e+00 -2.022181996600404751e-04 -1.000000000000000000e+00 -3.780675420368292093e-04 -2.323305905876259974e-05 1.420015094902680630e+00 1.041751714983583321e+00 1.033388146023104026e+00 1.050180809626633849e+00 0.000000000000000000e+00
6.559738118033894949e+00 1.890050883069143817e+00 -1.830845395865860219e-04 -1.000000000000000000e+00 -3.596123787978654012e-04 -3.413880891680199509e-06 1.157901554910608866e+00 1.041022511791652727e+00 1.032625191468141912e+00 1.049486169718393480e+00 0.000000000000000000e+00
6.565208350809092153e+00 1.888476063545543981e+00 -1.343440884594266868e-04 -1.000000000000000000e+00 -3.112877130458174216e-04 4.575036701403176957e-05 6.236086705095544858e-01 1.039158536396370680e+00 1.030733692097898224e+00 1.047650269566704484e+00 0.000000000000000000e+00
6.570683145267405045e+00 1.886902556185840796e+00 -7.666729769257237827e-05 -1.000000000000000000e+00 -2.537431267712157170e-04 1.035662146463593117e-04 2.037093905894948875e-01 1.038281494548190409e+00 1.029865156950336536e+00 1.046764550382432546e+00 0.000000000000000000e+00
6.576162505212867160e+00 1.885330359896719488e+00 -4.817235295698581147e-06 -1.000000000000000000e+00 -1.822448692120005246e-04 1.757673830182498607e-04 8.068950870665503317e-04 1.035976477105454263e+00 1.027535569194865550e+00 1.044484678574291836e+00 0.000000000000000000e+00
6.581646434452685490e+00 1.883759473585775446e+00 4.466107728795216616e-05 1.000000000000000000e+00 -1.333973880892944217e-04 2.258725950981052425e-04 6.930444128897761402e-02 1.035958941653810639e+00 1.027433634900451365e+00 1.044552834786808937e+00 0.000000000000000000e+00
6.587134936797241380e+00 1.882189896161514886e+00 8.829260182937398915e-05 1.000000000000000000e+00 -9.038672612229071133e-05 2.701301073148559394e-04 2.697838088473645257e-01 1.034592447227561385e+00 1.026123258227760404e+00 1.043129380573966314e+00 0.000000000000000000e+00
6.592628016060094076e+00 1.880621626533353297e+00 1.142208102531207427e-04 1.000000000000000000e+00 -6.539148144786329083e-05 2.970018385999842383e-04 4.484688692600116156e-01 1.033259974066279563e+00 1.024757920170614733e+00 1.041830577110718359e+00 0.000000000000000000e+00
6.598125676057981615e+00 1.879054663611614329e+00 1.284615891141836937e-04 1.000000000000000000e+00 -5.214825869768289373e-05 3.122484254163804501e-04 5.631668333452921615e-01 1.031477632172780101e+00 1.022893552383795646e+00 1.040131547328596806e+00 0.000000000000000000e+00
6.603627920610826152e+00 1.877489006307530905e+00 1.304080404297389183e-04 1.000000000000000000e+00 -5.064235738149738212e-05 3.146520359603362802e-04 5.769845074083832515e-01 1.030213453195951256e+00 1.021684391579391393e+00 1.038811512846802954e+00 0.000000000000000000e+00
6.609134753541735741e+00 1.875924653533241671e+00 1.141506769844250987e-04 1.000000000000000000e+00 -6.727731577258555605e-05 2.987861056480688475e-04 4.403333419331829646e-01 1.031280946031324586e+00 1.022660755384155129e+00 1.039971622989094957e+00 0.000000000000000000e+00
6.614646178677005217e+00 1.874361604201792542e+00 1.071234164182944566e-04 1.000000000000000000e+00 -7.439456543369784875e-05 2.918628129146330608e-04 3.872675627280273147e-01 1.031281513253143878e+00 1.022625900325581316e+00 1.040008082813486112e+00 0.000000000000000000e+00
6.620162199846120643e+00 1.872799857227134490e+00 9.657827952023074211e-05 1.000000000000000000e+00 -8.474486957157433378e-05 2.811355302735286574e-04 3.144906778088056853e-01 1.032200309885417333e+00 1.023594961345334342e+00 1.040875871045898071e+00 0.000000000000000000e+00
6.625682820881761970e+00 1.871239411524124430e+00 8.054377804979640225e-05 1.000000000000000000e+00 -1.009117420324134705e-04 2.652387179222900817e-04 2.183717977711125968e-01 1.034027787284995004e+00 1.025329421923100837e+00 1.042797759230182475e+00 0.000000000000000000e+00
6.631208045619805702e+00 1.869680266008521441e+00 8.256182402540881851e-05 1.000000000000000000e+00 -9.907259496803760856e-05 2.674433655328094456e-04 2.291422063364620954e-01 1.032842764771388921e+00 1.024113944853643599e+00 1.041643586393012244e+00 0.000000000000000000e+00
6.636737877899325788e+00 1.868122419596990769e+00 7.051148878295154842e-05 1.000000000000000000e+00 -1.111882543270177858e-04 2.554674272054101520e-04 1.667278979826960494e-01 1.033035596724216187e+00 1.024308076663988931e+00 1.041835157374298104e+00 0.000000000000000000e+00
6.642272321562598059e+00 1.866565871207098271e+00 4.495941400990270301e-05 1.000000000000000000e+00 -1.368459780869001768e-04 2.300346661388065234e-04 6.756113048999168313e-02 1.034498504274015351e+00 1.025729716645321421e+00 1.043339919927418480e+00 0.000000000000000000e+00
6.647811380455102892e+00 1.865010619757312416e+00 3.412085427037546604e-05 1.000000000000000000e+00 -1.479597087025258070e-04 2.194966821403998168e-04 3.877633829114301989e-02 1.033455558109127814e+00 1.024655612321869302e+00 1.042328779560951935e+00 0.000000000000000000e+00
6.653355058425526991e+00 1.863456664167002952e+00 1.783443415896258466e-05 1.000000000000000000e+00 -1.646719001112414516e-04 2.036625667245225784e-04 1.052677687670211526e-02 1.033713597215354385e+00 1.024912407580725437e+00 1.042587959082658555e+00 0.000000000000000000e+00
6.658903359325766047e+00 1.861904003356439352e+00 -3.936640703344633652e-06 -1.000000000000000000e+00 -1.872301165136986269e-04 1.826867779893524032e-04 5.077916257505421527e-04 1.036381636261885397e+00 1.027532411915049071e+00 1.045304621889531438e+00 0.000000000000000000e+00
6.664456287010930069e+00 1.860352636246791480e+00 6.964126296625894292e-06 1.000000000000000000e+00 -1.774568440071241622e-04 1.947087968990268898e-04 1.575838217434011312e-03 1.036947746646768254e+00 1.028006051979549307e+00 1.045964660455743989e+00 0.000000000000000000e+00
6.670013845339340719e+00 1.858802561760127592e+00 5.879125344165674007e-05 1.000000000000000000e+00 -1.262889671280358398e-04 2.472001047985596328e-04 1.119059866683187465e-01 1.034766690166601943e+00 1.025889396095418071e+00 1.043718255200298151e+00 0.000000000000000000e+00
6.675576038172540194e+00 1.857253778819414780e+00 1.096277046198930038e-04 1.000000000000000000e+00 -7.596638511154913385e-05 2.985556062398799556e-04 3.893258787835520707e-01 1.035378599559458657e+00 1.026415088476939408e+00 1.044417836717095538e+00 0.000000000000000000e+00
6.681142869375288562e+00 1.855706286348516532e+00 1.919072785212908060e-04 1.000000000000000000e+00 5.998618095386456812e-06 3.811536377317839000e-04 1.198212808754419711e+00 1.032376924183693090e+00 1.023398610758209815e+00 1.041431409104494277e+00 0.000000000000000000e+00
6.686714342815570866e+00 1.854160083272192949e+00 2.486329588775537344e-04 1.000000000000000000e+00 6.265116321765932519e-05 4.379521380360438827e-04 2.015916335020278893e+00 1.031903701459943257e+00 1.022987284505478156e+00 1.040895400296785178e+00 0.000000000000000000e+00
6.692290462364595349e+00 1.852615168516101862e+00 2.775682795987028696e-04 1.000000000000000000e+00 9.114417922526273021e-05 4.673233699274044212e-04 2.510514914741236225e+00 1.032201535837890205e+00 1.023201776443982691e+00 1.041277988116280584e+00 0.000000000000000000e+00
6.697871231896799671e+00 1.851071541006794829e+00 2.598800708948189719e-04 1.000000000000000000e+00 7.324677716952031738e-05 4.498485208576742992e-04 2.192192119757578439e+00 1.034569559615875489e+00 1.025531448606827212e+00 1.043684865784682669e+00 0.000000000000000000e+00
6.703456655289853572e+00 1.849529199671717139e+00 2.170731944950802248e-04 1.000000000000000000e+00 3.045287088648530828e-05 4.070466281527275248e-04 1.522821393727724626e+00 1.035272530215193942e+00 1.026232509393707693e+00 1.044389758545535507e+00 0.000000000000000000e+00
6.709046736424657986e+00 1.847988143439209141e+00 1.591562129806935795e-04 1.000000000000000000e+00 -2.736548338732789319e-05 3.490656176997665732e-04 8.153915568424281446e-01 1.033498773872034926e+00 1.024436033859557282e+00 1.042639049559478837e+00 0.000000000000000000e+00
6.714641479185352146e+00 1.846448371238503361e+00 6.956123501432827697e-05 1.000000000000000000e+00 -1.167318198063271167e-04 2.592804351365642296e-04 1.548717872041720511e-01 1.033519546771682673e+00 1.024425872709215479e+00 1.042691350691617780e+00 0.000000000000000000e+00
6.720240887459313583e+00 1.844909881999724721e+00 -3.355145343583333249e-05 -1.000000000000000000e+00 -2.196446056269826591e-04 1.560053222704921067e-04 3.573764624991326855e-02 1.035183785716381255e+00 1.026081526652167897e+00 1.044364183389414391e+00 0.000000000000000000e+00
6.725844965137160791e+00 1.843372674653889876e+00 -1.054009599371958408e-04 -1.000000000000000000e+00 -2.917594721121142100e-04 8.445198851551263158e-05 3.495498438273330066e-01 1.034879079721716444e+00 1.025745008981329143e+00 1.044091708909489657e+00 0.000000000000000000e+00
6.731453716112758556e+00 1.841836748132905655e+00 -1.459029478047893513e-04 -1.000000000000000000e+00 -3.327679141904152436e-04 4.448123452803590420e-05 6.636452162732666693e-01 1.035524772019561723e+00 1.026386365016768609e+00 1.044741714695446744e+00 0.000000000000000000e+00
6.737067144283217068e+00 1.840302101369569288e+00 -1.286541333635212814e-04 -1.000000000000000000e+00 -3.164067360972594055e-04 6.263063218003400408e-05 5.124461234870523185e-01 1.035387378140156578e+00 1.026218110850175114e+00 1.044635607965455737e+00 0.000000000000000000e+00
6.742685253548897251e+00 1.838768733297566405e+00 -5.335340806328391691e-05 -1.000000000000000000e+00 -2.421797048498436930e-04 1.390028064850404473e-04 8.782083707075116763e-02 1.034885620209560653e+00 1.025688728554459805e+00 1.044162033409149704e+00 0.000000000000000000e+00
6.748308047813412536e+00 1.837236642851472368e+00 7.837989324277837126e-05 1.000000000000000000e+00 -1.115735550675671291e-04 2.718503497454074071e-04 1.895793792807580758e-01 1.032758880409855307e+00 1.023576428612875011e+00 1.042020989681660126e+00 0.000000000000000000e+00
6.753935530983630642e+00 1.835705828966748943e+00 2.370233187232964232e-04 1.000000000000000000e+00 4.583534980884547525e-05 4.317115504817334803e-04 1.737487239818733542e+00 1.030206018785210453e+00 1.021007348589363373e+00 1.039484765739447480e+00 0.000000000000000000e+00
6.759567706969678902e+00 1.834176290579746293e+00 4.033709982422487451e-04 1.000000000000000000e+00 2.107488880848555960e-04 5.994790345500010820e-04 5.043094151890329613e+00 1.026368136167588041e+00 1.017100962327663893e+00 1.035716866748181531e+00 0.000000000000000000e+00
6.765204579684944264e+00 1.832648026627699211e+00 5.246923142133076050e-04 1.000000000000000000e+00 3.310108882168070338e-04 7.218569197555671675e-04 8.518601762147852696e+00 1.025779677260887368e+00 1.016576559301736404e+00 1.035063524856893569e+00 0.000000000000000000e+00
6.770846153046076843e+00 1.831121036048729556e+00 6.175067691421385219e-04 1.000000000000000000e+00 4.223687463216501564e-04 8.161268444383103183e-04 1.174410289009978214e+01 1.023733205083580788e+00 1.014448485658344667e+00 1.033100199590884394e+00 0.000000000000000000e+00
6.776492430972993475e+00 1.829595317781842700e+00 6.491252242649913056e-04 1.000000000000000000e+00 4.528382729294049914e-04 8.489006067471313588e-04 1.287069341625618790e+01 1.023905670920733257e+00 1.014582487100866626e+00 1.033311736477729559e+00 0.000000000000000000e+00
6.782143417388880380e+00 1.828070870766929312e+00 6.328379514443216837e-04 1.000000000000000000e+00 4.359349375926539240e-04 8.332492141088040276e-04 1.212114048978378378e+01 1.024280639789256542e+00 1.015011864686644172e+00 1.033631351107905605e+00 0.000000000000000000e+00
6.787799116220194051e+00 1.826547693944761797e+00 5.673539172598828905e-04 1.000000000000000000e+00 3.700353682590937416e-04 7.682069979122100158e-04 9.661903457252037697e+00 1.025949180134783978e+00 1.016576239912297952e+00 1.035405764186456912e+00 0.000000000000000000e+00
6.793459531396665696e+00 1.825025786256996740e+00 4.594527943297959543e-04 1.000000000000000000e+00 2.624519513917192293e-04 6.600178928755367916e-04 6.296197368113780612e+00 1.029555206650628163e+00 1.020126020896886754e+00 1.039068573422213815e+00 0.000000000000000000e+00
6.799124666851304788e+00 1.823505146646170916e+00 3.473402470511542379e-04 1.000000000000000000e+00 1.511466628335135054e-04 5.471354097444483576e-04 3.587414670749353718e+00 1.031431648196596829e+00 1.021997124621513597e+00 1.040950359291502147e+00 0.000000000000000000e+00
6.804794526520399067e+00 1.821985774055703944e+00 2.232034701349502274e-04 1.000000000000000000e+00 2.800283347999238783e-05 4.220370583880942708e-04 1.478774692755735032e+00 1.034443005490761180e+00 1.024956357203784751e+00 1.044014362669150708e+00 0.000000000000000000e+00
6.810469114343518982e+00 1.820467667429894965e+00 1.201622719229197340e-04 1.000000000000000000e+00 -7.383210416149055667e-05 3.178183158378908735e-04 4.285836762090866614e-01 1.034977344793752696e+00 1.025550344617284892e+00 1.044488052386895571e+00 0.000000000000000000e+00
6.816148434263521239e+00 1.818950825713921748e+00 1.731098095627592765e-05 1.000000000000000000e+00 -1.757896349877308064e-04 2.140878730892587802e-04 8.897647307321676635e-03 1.036844477349863958e+00 1.027313044387738739e+00 1.046461409519315433e+00 0.000000000000000000e+00
6.821832490226549695e+00 1.817435247853842917e+00 -5.908748267079378731e-05 -1.000000000000000000e+00 -2.512160336489158629e-04 1.367279647377346932e-04 1.039006806801126004e-01 1.036495484888023455e+00 1.026927420304506011e+00 1.046149626013298750e+00 0.000000000000000000e+00
6.827521286182038907e+00 1.815920932796593723e+00 -1.353001809212590759e-04 -1.000000000000000000e+00 -3.262260923284349265e-04 5.932258719642714167e-05 5.466148378998241242e-01 1.037746003160393116e+00 1.028178074707664758e+00 1.047399949280951592e+00 0.000000000000000000e+00
6.833214826082717686e+00 1.814407879489987385e+00 -1.782787629368773872e-04 -1.000000000000000000e+00 -3.681789808164788002e-04 1.533329939191856173e-05 9.546161627209812650e-01 1.035305908601394709e+00 1.025712479122864007e+00 1.044986145721513049e+00 0.000000000000000000e+00
6.838913113884609984e+00 1.812896086882713975e+00 -2.378122528870785528e-04 -1.000000000000000000e+00 -4.268090632841921219e-04 -4.508745025085181745e-05 1.705685537489955550e+00 1.036013667043579778e+00 1.026320756220477470e+00 1.045795068283245977e+00 0.000000000000000000e+00
6.844616153547039339e+00 1.811385553924339531e+00 -2.981247595333212002e-04 -1.000000000000000000e+00 -4.861405236729528516e-04 -1.063637471496527999e-04 2.684452109726464641e+00 1.037026068189030870e+00 1.027392482693566977e+00 1.046747020199614964e+00 0.000000000000000000e+00
6.850323949032630644e+00 1.809876279565305390e+00 -3.511291365952924691e-04 -1.000000000000000000e+00 -5.387788857179298370e-04 -1.597318578537497392e-04 3.719667465873669698e+00 1.036973469987768404e+00 1.027300392698482057e+00 1.046734713092671631e+00 0.000000000000000000e+00
6.856036504307313706e+00 1.808368262756926637e+00 -4.180464195393228128e-04 -1.000000000000000000e+00 -6.055212274532916937e-04 -2.268264150790169880e-04 5.256587120481697184e+00 1.039467063399169611e+00 1.029682688768135401e+00 1.049341438680790217e+00 0.000000000000000000e+00
6.861753823340325908e+00 1.806861502451392543e+00 -4.633799790583359056e-04 -1.000000000000000000e+00 -6.502509847293157794e-04 -2.727464332335902044e-04 6.455115954289794900e+00 1.039903568060698280e+00 1.030179351488044848e+00 1.049716587299266424e+00 0.000000000000000000e+00
6.867475910104213099e+00 1.805355997601766127e+00 -4.899243042812508921e-04 -1.000000000000000000e+00 -6.764527554066000325e-04 -2.996155139070210338e-04 7.230953845307624306e+00 1.039347911152378234e+00 1.029529353577564033e+00 1.049257010976791138e+00 0.000000000000000000e+00
6.873202768574835808e+00 1.803851747161981711e+00 -5.114034687473298065e-04 -1.000000000000000000e+00 -6.973225107990992013e-04 -3.216867550453139874e-04 7.891380450788631151e+00 1.040057882954501745e+00 1.030300025084661009e+00 1.049905118291110773e+00 0.000000000000000000e+00
6.878934402731368358e+00 1.802348750086846252e+00 -5.219273392410589017e-04 -1.000000000000000000e+00 -7.080030996885887818e-04 -3.320579870335451430e-04 8.211952208370519202e+00 1.040994074717792151e+00 1.031135907085759307e+00 1.050943444778738467e+00 0.000000000000000000e+00
6.884670816556305084e+00 1.800847005332036233e+00 -5.130409271869894924e-04 -1.000000000000000000e+00 -6.995649044316829337e-04 -3.227254597459290413e-04 7.910783595270856949e+00 1.040715001304187037e+00 1.030822984828658528e+00 1.050698909866712549e+00 0.000000000000000000e+00
6.890412014035459443e+00 1.799346511854099884e+00 -4.867648821546439195e-04 -1.000000000000000000e+00 -6.737708389715449820e-04 -2.959511589614919995e-04 7.092857231737241364e+00 1.039466447577715114e+00 1.029642263383050871e+00 1.049381391890860327e+00 0.000000000000000000e+00
6.896157999157970231e+00 1.797847268610453630e+00 -4.524978504736350401e-04 -1.000000000000000000e+00 -6.405328650413812715e-04 -2.606365719540852926e-04 6.097579806119597379e+00 1.038611307764471414e+00 1.028695792707307488e+00 1.048619164221458178e+00 0.000000000000000000e+00
6.901908775916301586e+00 1.796349274559382980e+00 -4.273654032105483631e-04 -1.000000000000000000e+00 -6.164829442406232016e-04 -2.344076019278530003e-04 5.395955838311124353e+00 1.040649041515892437e+00 1.030689752696505090e+00 1.050701341982548831e+00 0.000000000000000000e+00
6.907664348306248314e+00 1.794852528660041413e+00 -3.728758590727938556e-04 -1.000000000000000000e+00 -5.633651235330487238e-04 -1.785439372327371943e-04 4.074087176561818069e+00 1.039692073863475175e+00 1.029737323270388805e+00 1.049739884145182378e+00 0.000000000000000000e+00
6.913424720326936779e+00 1.793357029872449937e+00 -3.202894134657335704e-04 -1.000000000000000000e+00 -5.122040321584618106e-04 -1.245334698962843130e-04 2.981154320480300157e+00 1.040379465497707212e+00 1.030387024754239489e+00 1.050465648304026223e+00 0.000000000000000000e+00
6.919189895980827565e+00 1.791862777157495312e+00 -2.484657797233690013e-04 -1.000000000000000000e+00 -4.416119854558136961e-04 -5.146648179849819043e-05 1.784022399264131309e+00 1.039135038586108895e+00 1.029150533204251428e+00 1.049213185375311275e+00 0.000000000000000000e+00
6.924959879273719920e+00 1.790369769476931161e+00 -1.744807869832087671e-04 -1.000000000000000000e+00 -3.688214992263737528e-04 2.373523918805333136e-05 8.758735806881645658e-01 1.037825390795825475e+00 1.027814213325374482e+00 1.047930733714155682e+00 0.000000000000000000e+00
6.930734674214753532e+00 1.788878005793375303e+00 -1.013790800306291570e-04 -1.000000000000000000e+00 -2.970031264444081146e-04 9.813317219005425181e-05 2.941815893619832423e-01 1.036095254487867878e+00 1.026058426546296198e+00 1.046226948648394606e+00 0.000000000000000000e+00
6.936514284816411191e+00 1.787387485070310644e+00 -4.072299760463862788e-05 -1.000000000000000000e+00 -2.376479525624988873e-04 1.600925997382257138e-04 4.713194987039059924e-02 1.035054526457298785e+00 1.025023607809412374e+00 1.045180349627713667e+00 0.000000000000000000e+00
6.942298715094520567e+00 1.785898206272082511e+00 2.148521583713660046e-05 1.000000000000000000e+00 -1.768381724929410630e-04 2.236981522535944284e-04 1.302780319815610710e-02 1.032202895604249049e+00 1.022149291320830766e+00 1.042351997171429012e+00 0.000000000000000000e+00
6.948087969068260428e+00 1.784410168363900873e+00 5.137498174521242103e-05 1.000000000000000000e+00 -1.480957053726139128e-04 2.547471899943195856e-04 7.401344510770968554e-02 1.032378102350831606e+00 1.022225193932466469e+00 1.042628332301535732e+00 0.000000000000000000e+00
6.953882050760158862e+00 1.782923370311836564e+00 7.743203165007673801e-05 1.000000000000000000e+00 -1.224811669079151370e-04 2.812708755602510600e-04 1.675010957918061649e-01 1.031205316110489489e+00 1.021123397666710231e+00 1.041383447939893792e+00 0.000000000000000000e+00
6.959680964196100383e+00 1.781437811082822398e+00 8.657558806915668817e-05 1.000000000000000000e+00 -1.138703796945350014e-04 2.909662164972832412e-04 2.088161455543513512e-01 1.030657083104535188e+00 1.020480643229771278e+00 1.040931531500306262e+00 0.000000000000000000e+00
6.965484713405325046e+00 1.779953489644652054e+00 9.199323020829914481e-05 1.000000000000000000e+00 -1.088463566128488507e-04 2.968027588275086773e-04 2.350653412436827239e-01 1.028909108969604747e+00 1.018705577045603272e+00 1.039211233098298104e+00 0.000000000000000000e+00
6.971293302420433768e+00 1.778470404965979412e+00 7.414760190500976813e-05 1.000000000000000000e+00 -1.270466937161963202e-04 2.793348310111950844e-04 1.518520426677127944e-01 1.029223791704817703e+00 1.019019908360380811e+00 1.039526189555859625e+00 0.000000000000000000e+00
6.977106735277391003e+00 1.776988556016316556e+00 5.957931723917658535e-05 1.000000000000000000e+00 -1.421759978051923663e-04 2.653325159304790711e-04 9.744484849775858493e-02 1.028089041830331896e+00 1.017852773255260690e+00 1.038424701471213796e+00 0.000000000000000000e+00
6.982925016015525621e+00 1.775507941766035547e+00 3.339636760676853558e-05 1.000000000000000000e+00 -1.683929053382410171e-04 2.391887304437571166e-04 3.047251238464809830e-02 1.028167166243568520e+00 1.017995191592476090e+00 1.038437264361759649e+00 0.000000000000000000e+00
6.988748148677535355e+00 1.774028561186365982e+00 9.602714296840738392e-06 1.000000000000000000e+00 -1.920570863582584428e-04 2.152759967420689151e-04 2.520181728613124506e-03 1.027568972017361304e+00 1.017303170314696414e+00 1.037934738903644849e+00 0.000000000000000000e+00
6.994576137309488573e+00 1.772550413249394330e+00 -2.038264987964935121e-05 -1.000000000000000000e+00 -2.212106181861508199e-04 1.844913213978750354e-04 1.140233916370902989e-02 1.027341879288689475e+00 1.017046007778216854e+00 1.037738319280563370e+00 0.000000000000000000e+00
7.000408985960828723e+00 1.771073496928063928e+00 -6.362086724917715298e-05 -1.000000000000000000e+00 -2.634372832792958460e-04 1.402845110639940355e-04 1.115063990770295277e-01 1.028087512746542753e+00 1.017795985218091781e+00 1.038479345924258945e+00 0.000000000000000000e+00
7.006246698684376106e+00 1.769597811196173431e+00 -1.046991085149456135e-04 -1.000000000000000000e+00 -3.042308393124143343e-04 9.896064981294862251e-05 3.015253216684072868e-01 1.027137511713096529e+00 1.016814928648467120e+00 1.037561151192829989e+00 0.000000000000000000e+00
7.012089279536330544e+00 1.768123355028376364e+00 -1.656749198793994724e-04 -1.000000000000000000e+00 -3.656548989496092835e-04 3.846120945398553786e-05 7.470355955049399199e-01 1.028180318390432779e+00 1.017851176658883583e+00 1.038610409092462827e+00 0.000000000000000000e+00
7.017936732576273151e+00 1.766650127400181791e+00 -2.340032485673030412e-04 -1.000000000000000000e+00 -4.351651125720130161e-04 -2.867165336887150849e-05 1.465572668560184866e+00 1.030768605724764697e+00 1.020381693553697122e+00 1.041257343909405941e+00 0.000000000000000000e+00
7.023789061867172556e+00 1.765178127287950538e+00 -2.571883852586457774e-04 -1.000000000000000000e+00 -4.597310641623828789e-04 -5.045695747794707231e-05 1.745854718004522965e+00 1.029528274803427568e+00 1.019102380850349210e+00 1.040056836123656403e+00 0.000000000000000000e+00
7.029646271475383124e+00 1.763707353668898525e+00 -2.533543846720878170e-04 -1.000000000000000000e+00 -4.566086394772753349e-04 -4.587935900305815592e-05 1.682322352630478690e+00 1.029441637208704741e+00 1.019017833531821182e+00 1.039968221933430748e+00 0.000000000000000000e+00
7.035508365470652059e+00 1.762237805521092104e+00 -1.970747822725287814e-04 -1.000000000000000000e+00 -4.007048533066353028e-04 1.079840281710995015e-05 1.019402566763943696e+00 1.027389483966507200e+00 1.016941539702549857e+00 1.037940727809352870e+00 0.000000000000000000e+00
7.041375347926120298e+00 1.760769481823449834e+00 -9.822812420089405800e-05 -1.000000000000000000e+00 -3.023965034704575680e-04 1.101869993176130398e-04 2.546325307782240088e-01 1.023392905520469798e+00 1.012867951744129247e+00 1.034023269156659763e+00 0.000000000000000000e+00
7.047247222918324283e+00 1.759302381555740702e+00 3.723036004774910978e-06 1.000000000000000000e+00 -2.009093254808505611e-04 2.126052315988230068e-04 3.669320843755485839e-04 1.020738045024798701e+00 1.010299522735033984e+00 1.031280575324224680e+00 0.000000000000000000e+00
7.053123994527200402e+00 1.757836503698584130e+00 1.060565516601022046e-04 1.000000000000000000e+00 -1.000134884917773623e-04 3.163657040397847885e-04 2.971314517454857196e-01 1.017328880072554842e+00 1.006805654563749819e+00 1.027958121373293565e+00 0.000000000000000000e+00
7.059005666836087656e+00 1.756371847233449524e+00 1.689591073955913278e-04 1.000000000000000000e+00 -3.839319166529131413e-05 3.805458733166193616e-04 7.482724203752866288e-01 1.017261184655280593e+00 1.006804685411326616e+00 1.027822572747905561e+00 0.000000000000000000e+00
7.064892243931729432e+00 1.754908411142653613e+00 2.234256268588645901e-04 1.000000000000000000e+00 1.432627690565798782e-05 4.367625087897802623e-04 1.296839585306202025e+00 1.014914710810394416e+00 1.004362667602438641e+00 1.025573775734014426e+00 0.000000000000000000e+00
7.070783729904277948e+00 1.753446194409361780e+00 2.461398403436688737e-04 1.000000000000000000e+00 3.575933540012917302e-05 4.607900218412725899e-04 1.559835936316005700e+00 1.013754733228609650e+00 1.003164916416449337e+00 1.024452348424872872e+00 0.000000000000000000e+00
7.076680128847296025e+00 1.751985196017586288e+00 2.376787341460095385e-04 1.000000000000000000e+00 2.663820775298733753e-05 4.530384604801610633e-04 1.441851984390979169e+00 1.014436902079217662e+00 1.003908414742802346e+00 1.025071786086297676e+00 0.000000000000000000e+00
7.082581444857760644e+00 1.750525414952186498e+00 2.108023463488176326e-04 1.000000000000000000e+00 -1.083682496244066113e-06 4.270347193045706232e-04 1.124532921828347298e+00 1.016202177075444579e+00 1.005556984179359459e+00 1.026955861639049727e+00 0.000000000000000000e+00
7.088487682036063831e+00 1.749066850198867318e+00 1.937807434611589334e-04 1.000000000000000000e+00 -1.873934838343428158e-05 4.106555735566923249e-04 9.437096060080989446e-01 1.015962851979537840e+00 1.005275547075864750e+00 1.026759641226725694e+00 0.000000000000000000e+00
7.094398844486017985e+00 1.747609500744178535e+00 1.739114513048570199e-04 1.000000000000000000e+00 -3.880051450703939802e-05 3.909875359005522081e-04 7.567366617021491493e-01 1.016325204293568207e+00 1.005639245823019223e+00 1.027120446327172587e+00 0.000000000000000000e+00
7.100314936314857661e+00 1.746153365575515037e+00 1.287709501103791816e-04 1.000000000000000000e+00 -8.363390811413375352e-05 3.455662293421213078e-04 4.140440020767641727e-01 1.020797082629022023e+00 1.010050065567305921e+00 1.031654368416291767e+00 0.000000000000000000e+00
7.106235961633242226e+00 1.744698443681114597e+00 1.129391741919088328e-04 1.000000000000000000e+00 -9.894840593843853230e-05 3.292597496658627391e-04 3.190449314830914318e-01 1.021083350489094821e+00 1.010342689841053021e+00 1.031934107117049138e+00 0.000000000000000000e+00
7.112161924555259418e+00 1.743244734050058975e+00 8.668683260322589655e-05 1.000000000000000000e+00 -1.249464157839741104e-04 3.027853716810064160e-04 1.878465644902576059e-01 1.022564497571082809e+00 1.011777177793652838e+00 1.033462635148421072e+00 0.000000000000000000e+00
7.118092829198427118e+00 1.741792235672271039e+00 8.731470928023130692e-05 1.000000000000000000e+00 -1.249258645538152716e-04 3.040342358129781495e-04 1.898955277605409719e-01 1.019280492905309421e+00 1.008399570700960535e+00 1.030274428771850825e+00 0.000000000000000000e+00
7.124028679683696907e+00 1.740340947538516092e+00 5.871410821548153890e-05 1.000000000000000000e+00 -1.539949936523514972e-04 2.759152043895542758e-04 8.511407376727220253e-02 1.019628583105418373e+00 1.008812876145817938e+00 1.030556047061534253e+00 0.000000000000000000e+00
7.129969480135457616e+00 1.738890868640399878e+00 4.722952881022957132e-05 1.000000000000000000e+00 -1.663232077915690666e-04 2.652902564302837482e-04 5.463645267769834390e-02 1.017279984825606221e+00 1.006429275157552983e+00 1.028243310366283358e+00 0.000000000000000000e+00
7.135915234681537100e+00 1.737441997970369245e+00 2.056116442269830124e-05 1.000000000000000000e+00 -1.932111866149429714e-04 2.388742982828584319e-04 1.029886696122161993e-02 1.017747947035398504e+00 1.006897735496916857e+00 1.028710729167685356e+00 0.000000000000000000e+00
7.141865947453204910e+00 1.735994334521709703e+00 2.731922782912082093e-05 1.000000000000000000e+00 -1.865108755946784966e-04 2.457290843819030812e-04 1.818514700539708429e-02 1.014425691081769276e+00 1.003550989522347558e+00 1.025413887759900389e+00 0.000000000000000000e+00
7.147821622585176726e+00 1.734547877288545648e+00 2.859024532592987814e-05 1.000000000000000000e+00 -1.852749667469245399e-04 2.470648544698455921e-04 1.993483472415391589e-02 1.013054321653579226e+00 1.002079364036297049e+00 1.024144963370273054e+00 0.000000000000000000e+00
7.153782264215615250e+00 1.733102625265839913e+00 2.239917894118023626e-05 1.000000000000000000e+00 -1.912847282956274802e-04 2.407164698001127703e-04 1.221655945977317970e-02 1.013548047248365114e+00 1.002643146361180015e+00 1.024567184968167233e+00 0.000000000000000000e+00
7.159747876486134643e+00 1.731658577449392222e+00 3.451901234864689820e-05 1.000000000000000000e+00 -1.799525176401572610e-04 2.536342262914077902e-04 2.889233196256668634e-02 1.011607970624631925e+00 1.000601609321440044e+00 1.022730832404235457e+00 0.000000000000000000e+00
7.165718463541802308e+00 1.730215732835839626e+00 2.494313060661958295e-05 1.000000000000000000e+00 -1.900787600897165821e-04 2.446253027591673967e-04 1.496693628257617092e-02 1.012933991392070965e+00 1.001989011601601254e+00 1.023994076667484654e+00 0.000000000000000000e+00
7.171694029531142434e+00 1.728774090422655174e+00 2.714728377272487481e-05 1.000000000000000000e+00 -1.889479601710749646e-04 2.479147967618742089e-04 1.759643339335070777e-02 1.012608792580935058e+00 1.001551819593339943e+00 1.023783284925336767e+00 0.000000000000000000e+00
7.177674578606138667e+00 1.727333649208146804e+00 4.040501491321313765e-05 1.000000000000000000e+00 -1.764593203961444152e-04 2.619673320764164893e-04 3.877722717058418311e-02 1.010982983811388625e+00 9.998883362628204763e-01 1.022196139930209746e+00 0.000000000000000000e+00
7.183660114922237661e+00 1.725894408191456675e+00 5.871964223644691034e-05 1.000000000000000000e+00 -1.584477293079529329e-04 2.806265041441907151e-04 8.163181360740168202e-02 1.009108909106131158e+00 9.980954428861191774e-01 1.020239436555969714e+00 0.000000000000000000e+00
7.189650642638349964e+00 1.724456366372562499e+00 6.127340388799597227e-05 1.000000000000000000e+00 -1.565445690276873799e-04 2.838631823410276149e-04 8.850534157485867581e-02 1.010078019271454242e+00 9.989481465595111409e-01 1.021327173649025699e+00 0.000000000000000000e+00
7.195646165916856241e+00 1.723019522752273547e+00 6.210408938778067922e-05 1.000000000000000000e+00 -1.562019465799242975e-04 2.852131008409188213e-04 9.032447363409801255e-02 1.011748190405687309e+00 1.000679682856727259e+00 1.022934501917934114e+00 0.000000000000000000e+00
7.201646688923606376e+00 1.721583876332232421e+00 8.261885203164708697e-05 1.000000000000000000e+00 -1.370611535249422787e-04 3.071119059939450622e-04 1.585569981184846711e-01 1.010926403802791640e+00 9.997464925426331472e-01 1.022226651809203801e+00 0.000000000000000000e+00
7.207652215827925701e+00 1.720149426114913060e+00 1.249547516321316263e-04 1.000000000000000000e+00 -9.619349692634667523e-05 3.509240181629291310e-04 3.598489611098329988e-01 1.007463508754668391e+00 9.962510563885462744e-01 1.018797336944120557e+00 0.000000000000000000e+00
7.213662750802614987e+00 1.718716171103621404e+00 1.519640966970442085e-04 1.000000000000000000e+00 -7.021586440391367270e-05 3.789780566525915561e-04 5.285102911929300262e-01 1.006999327078637707e+00 9.957915939099757363e-01 1.018328522043446149e+00 0.000000000000000000e+00
7.219678298023954888e+00 1.717284110302493172e+00 1.661697593258869992e-04 1.000000000000000000e+00 -5.667060760750823687e-05 3.938598913829284456e-04 6.291494870130520667e-01 1.009030617692429743e+00 9.977649024172179359e-01 1.020418711912935539e+00 0.000000000000000000e+00
7.225698861671710382e+00 1.715853242716494531e+00 1.986291557382260790e-04 1.000000000000000000e+00 -2.449102918638523525e-05 4.266186107205709849e-04 8.984461976442617015e-01 1.008475177657914168e+00 9.972197837749129379e-01 1.019852850227182417e+00 0.000000000000000000e+00
7.231724445929129885e+00 1.714423567351419875e+00 2.277753459475128717e-04 1.000000000000000000e+00 4.418068379873714337e-06 4.560151824029198527e-04 1.182103438336184809e+00 1.007516091863905450e+00 9.962209683703229235e-01 1.018934512403820936e+00 0.000000000000000000e+00
7.237755054982951464e+00 1.712995083213891823e+00 2.353050205127071989e-04 1.000000000000000000e+00 1.162719945533977929e-05 4.638739120574744755e-04 1.260443376961944750e+00 1.007753674668623090e+00 9.963419140843313704e-01 1.019291240984039337e+00 0.000000000000000000e+00
7.243790693023404614e+00 1.711567789311361887e+00 2.376796539588007661e-04 1.000000000000000000e+00 1.403487674208434986e-05 4.662394555530738533e-04 1.283734681064572669e+00 1.005715429279803841e+00 9.943890472351166743e-01 1.017166078368954452e+00 0.000000000000000000e+00
7.249831364244212040e+00 1.710141684652107807e+00 1.788520078869706596e-04 1.000000000000000000e+00 -4.476045256515654531e-05 4.074041914553266268e-04 7.229439673278079681e-01 1.009240947226956342e+00 9.978448426431365537e-01 1.020762526822968086e+00 0.000000000000000000e+00
7.255877072842594977e+00 1.708716768245233997e+00 1.059449537126647237e-04 1.000000000000000000e+00 -1.176769801201256200e-04 3.345376555378148258e-04 2.522559090753020428e-01 1.011355031075237942e+00 9.998255762586665263e-01 1.023012532357692184e+00 0.000000000000000000e+00
7.261927823019274086e+00 1.707293039100669763e+00 8.356184007183004687e-06 1.000000000000000000e+00 -2.145503416465448330e-04 2.362841125243380356e-04 1.560337285354762571e-03 1.014369994615820003e+00 1.002896187839766862e+00 1.025970296323050590e+00 0.000000000000000000e+00
7.267983618978473004e+00 1.705870496229170197e+00 -9.321753570304111612e-05 -1.000000000000000000e+00 -3.156901286427574518e-04 1.343231303956170957e-04 1.932275456799743552e-01 1.016385822157893415e+00 1.004778058543124297e+00 1.028122554411225797e+00 0.000000000000000000e+00
7.274044464927921894e+00 1.704449138642313732e+00 -1.949130159132978965e-04 -1.000000000000000000e+00 -4.164050161844034897e-04 3.170176357844718944e-05 8.411709055763765264e-01 1.018262621343609453e+00 1.006717682780081224e+00 1.029935000618995788e+00 0.000000000000000000e+00
7.280110365078859225e+00 1.703028965352503699e+00 -3.024255831027868589e-04 -1.000000000000000000e+00 -5.233591644506398882e-04 -7.633603641922284406e-05 2.015370823444072812e+00 1.022213747006535778e+00 1.010524484735760398e+00 1.034033129530770090e+00 0.000000000000000000e+00
7.286181323646034436e+00 1.701609975372965211e+00 -3.591868205507539710e-04 -1.000000000000000000e+00 -5.794288572889608451e-04 -1.337518117174006389e-04 2.836100791429487344e+00 1.020885756221332707e+00 1.009278058601326800e+00 1.032621948583598126e+00 0.000000000000000000e+00
7.292257344847713263e+00 1.700192167717745617e+00 -4.093751811804908201e-04 -1.000000000000000000e+00 -6.294168394333682403e-04 -1.841155143477040713e-04 3.675720768943989469e+00 1.021587872689551757e+00 1.009854442124096918e+00 1.033452477069154440e+00 0.000000000000000000e+00
7.298338432905678630e+00 1.698775541401714717e+00 -4.355303198102242006e-04 -1.000000000000000000e+00 -6.553733423183506421e-04 -2.104369544711653418e-04 4.154503649457979009e+00 1.021816573129362471e+00 1.010029374346418152e+00 1.033736082875085449e+00 0.000000000000000000e+00
7.304424592045234199e+00 1.697360095440562322e+00 -4.431049609723460687e-04 -1.000000000000000000e+00 -6.628654597895822795e-04 -2.180561986422260140e-04 4.292655532876665347e+00 1.021907488630926952e+00 1.010127074870893260e+00 1.033820123071005570e+00 0.000000000000000000e+00
7.310515826495206149e+00 1.695945828850798032e+00 -4.378636091028612260e-04 -1.000000000000000000e+00 -6.580503054980178096e-04 -2.123893732453020994e-04 4.179029929738788951e+00 1.021943478495942692e+00 1.010108798962139787e+00 1.033911687975836546e+00 0.000000000000000000e+00
7.316612140487947613e+00 1.694532740649751679e+00 -4.234035375661959148e-04 -1.000000000000000000e+00 -6.440769679890763098e-04 -1.974382303281390781e-04 3.892996662177893086e+00 1.021644021720073736e+00 1.009816855202497088e+00 1.033604702186361246e+00 0.000000000000000000e+00
7.322713538259342236e+00 1.693120829855571774e+00 -3.789233424014744464e-04 -1.000000000000000000e+00 -6.003767674333175368e-04 -1.521517017703452319e-04 3.111907014057237575e+00 1.017053554873183163e+00 1.005196616442078694e+00 1.029045277100112399e+00 0.000000000000000000e+00
7.328820024048804171e+00 1.691710095487224841e+00 -3.903162800228518925e-04 -1.000000000000000000e+00 -6.122312125204227825e-04 -1.630291127592024478e-04 3.283097833685758360e+00 1.020576046415597293e+00 1.008643412084157420e+00 1.032644632160126141e+00 0.000000000000000000e+00
7.334931602099284298e+00 1.690300536564494527e+00 -3.826958059642691814e-04 -1.000000000000000000e+00 -6.054403757363270924e-04 -1.545198470153512924e-04 3.132565248618504938e+00 1.020400998501252543e+00 1.008472724981008151e+00 1.032465086829401413e+00 0.000000000000000000e+00
7.341048276657271110e+00 1.688892152107981603e+00 -3.579772825671503878e-04 -1.000000000000000000e+00 -5.824766447195324926e-04 -1.280166916641424393e-04 2.710573452659929217e+00 1.017081352173724529e+00 1.005108068579487979e+00 1.029191911943666549e+00 0.000000000000000000e+00
7.347170051972794269e+00 1.687484941139102412e+00 -3.515688415179926240e-04 -1.000000000000000000e+00 -5.779408993450152205e-04 -1.197182998929510430e-04 2.575633374660242225e+00 1.016930586322723595e+00 1.004955749765747086e+00 1.029042849678974303e+00 0.000000000000000000e+00
7.353296932299427269e+00 1.686078902680089531e+00 -3.524617194609698436e-04 -1.000000000000000000e+00 -5.806061856410730474e-04 -1.188083554552599576e-04 2.552630717517644143e+00 1.019565047015031034e+00 1.007510955731529600e+00 1.031758006203509659e+00 0.000000000000000000e+00
7.359428921894291875e+00 1.684674035753989330e+00 -3.108459862761045922e-04 -1.000000000000000000e+00 -5.406529390447734453e-04 -7.548304854314541023e-05 1.969696426836691217e+00 1.018534160939897903e+00 1.006352009891892996e+00 1.030858011621395454e+00 0.000000000000000000e+00
7.365566025018059015e+00 1.683270339384662417e+00 -2.530088555800248922e-04 -1.000000000000000000e+00 -4.836919996780153497e-04 -1.672257157713788120e-05 1.299195239353934994e+00 1.017746405944323307e+00 1.005648362631027082e+00 1.029984454529894400e+00 0.000000000000000000e+00
7.371708245934952330e+00 1.681867812596783196e+00 -1.715555562155500924e-04 -1.000000000000000000e+00 -4.037576549895033123e-04 6.625791811505933322e-05 5.955988453823408690e-01 1.015173965645074006e+00 1.002960270223135719e+00 1.027530592796031872e+00 0.000000000000000000e+00
7.377855588912752616e+00 1.680466454415837863e+00 -9.230736175672110504e-05 -1.000000000000000000e+00 -3.256823215319832113e-04 1.466958473723207123e-04 1.716929977915810923e-01 1.013290741611957868e+00 1.001167344722192265e+00 1.025555525915895716e+00 0.000000000000000000e+00
7.384008058222798709e+00 1.679066263868125519e+00 -4.353244549287948659e-06 -1.000000000000000000e+00 -2.397193871858839130e-04 2.366675549502831851e-04 3.795899332317276276e-04 1.009184404322833739e+00 9.969508717089565764e-01 1.021562374234889159e+00 0.000000000000000000e+00
7.390165658139991045e+00 1.677667239980756175e+00 2.368499795183054979e-05 1.000000000000000000e+00 -2.134688213895982343e-04 2.665373941076237731e-04 1.111097661456028618e-02 1.012243857154451643e+00 9.999278698896972850e-01 1.024705693698377607e+00 0.000000000000000000e+00
7.396328392942796093e+00 1.676269381781650081e+00 6.523309834850504350e-05 1.000000000000000000e+00 -1.740940327932136373e-04 3.103111044983455956e-04 8.312208496525386181e-02 1.011503727951734044e+00 9.991909183673625128e-01 1.023962219384579875e+00 0.000000000000000000e+00
7.402496266913247247e+00 1.674872688299538392e+00 8.852304841664573941e-05 1.000000000000000000e+00 -1.534014397484882242e-04 3.362371303255616214e-04 1.504363412598479499e-01 1.012410406532812779e+00 1.000020483193152954e+00 1.024947616403440565e+00 0.000000000000000000e+00
7.408669284336948380e+00 1.673477158563960288e+00 1.236029419607120948e-04 1.000000000000000000e+00 -1.208503456976625905e-04 3.738674286453587403e-04 2.884261753145835883e-01 1.011794601901383706e+00 9.994049561615365729e-01 1.024331661588258946e+00 0.000000000000000000e+00
7.414847449503079169e+00 1.672082791605264962e+00 1.611130405049312239e-04 1.000000000000000000e+00 -8.548027364409422919e-05 4.135219823892748278e-04 4.839479496581304829e-01 1.012176673801819859e+00 9.997163746588242361e-01 1.024786051415313981e+00 0.000000000000000000e+00
7.421030766704393322e+00 1.670689586454608300e+00 2.478750003631937358e-04 1.000000000000000000e+00 -1.872683949089080750e-07 5.017788713584192626e-04 1.142106007776021670e+00 1.007162081619409566e+00 9.946685909448261809e-01 1.019806195823631967e+00 0.000000000000000000e+00
7.427219240237226572e+00 1.669297542143953983e+00 3.138984620909510701e-04 1.000000000000000000e+00 6.546756492174549309e-05 5.682273632585786325e-04 1.834339241894781480e+00 1.006010631672232813e+00 9.935370273747160530e-01 1.018634600954263059e+00 0.000000000000000000e+00
7.433412874401496673e+00 1.667906657706072160e+00 3.857277900401487954e-04 1.000000000000000000e+00 1.367646324360392959e-04 6.406467643072315775e-04 2.776335198370929902e+00 1.003378409203392829e+00 9.908623871793484916e-01 1.016046185818161307e+00 0.000000000000000000e+00
7.439611673500706956e+00 1.666516932174539223e+00 4.298869206810980751e-04 1.000000000000000000e+00 1.801295399801302265e-04 6.856176114684449071e-04 3.436939714355133901e+00 1.002633312100473351e+00 9.901301122276067179e-01 1.015288242374836614e+00 0.000000000000000000e+00
7.445815641841948995e+00 1.665128364583736253e+00 4.470307610228388840e-04 1.000000000000000000e+00 1.957597817274289308e-04 7.042722554365550818e-04 3.680654208648377335e+00 1.002600332661239158e+00 9.900283031771885955e-01 1.015325758248692090e+00 0.000000000000000000e+00
7.452024783735907043e+00 1.663740953968849468e+00 4.373713988894857704e-04 1.000000000000000000e+00 1.846327831044562847e-04 6.961036346976870936e-04 3.478507037254416900e+00 1.002820630864908136e+00 9.902466381216235014e-01 1.015548008605010377e+00 0.000000000000000000e+00
7.458239103496859812e+00 1.662354699365868660e+00 4.201040446938432730e-04 1.000000000000000000e+00 1.660553105867673728e-04 6.802037052213938612e-04 3.175285259158869167e+00 1.000991559327691238e+00 9.883557672489549084e-01 1.013782476834963919e+00 0.000000000000000000e+00
7.464458605442683137e+00 1.660969599811586539e+00 3.569398466129559749e-04 1.000000000000000000e+00 1.023421741987038595e-04 6.176518533670428144e-04 2.273183725769882813e+00 1.003750865408812754e+00 9.909521059931748477e-01 1.016708098529560012e+00 0.000000000000000000e+00
7.470683293894854415e+00 1.659585654343599170e+00 2.979447185884683707e-04 1.000000000000000000e+00 4.389911116936350390e-05 5.581539203322234428e-04 1.577553749238859382e+00 1.005134029082270564e+00 9.924105432417693606e-01 1.018014094773825207e+00 0.000000000000000000e+00
7.476913173178454386e+00 1.658202862000304201e+00 2.452501889525774055e-04 1.000000000000000000e+00 -8.446072775087612363e-06 5.051409661982724907e-04 1.067724514540117298e+00 1.005594127863203902e+00 9.927264378588100957e-01 1.018621804241719886e+00 0.000000000000000000e+00
7.483148247622170679e+00 1.656821221820899526e+00 1.882876303123524506e-04 1.000000000000000000e+00 -6.427589502019140063e-05 4.470977622032492249e-04 6.293589035033448909e-01 1.006753214651765038e+00 9.939659382920934538e-01 1.019698411029221985e+00 0.000000000000000000e+00
7.489388521558299594e+00 1.655440732845385288e+00 1.510595403274347503e-04 1.000000000000000000e+00 -1.010632841442349469e-04 4.094875425780425990e-04 4.054943301384525967e-01 1.004724109985186464e+00 9.918079212891671714e-01 1.017801710626208944e+00 0.000000000000000000e+00
7.495633999322752317e+00 1.654061394114560324e+00 9.624104222068941711e-05 1.000000000000000000e+00 -1.554343415688459913e-04 3.542820800432985753e-04 1.642636067952025769e-01 1.004515347897478650e+00 9.915324496316195724e-01 1.017661288819421417e+00 0.000000000000000000e+00
7.501884685255054031e+00 1.652683204670022832e+00 2.521281495699299438e-05 1.000000000000000000e+00 -2.261956741970482584e-04 2.830279838949795808e-04 1.120422662802411651e-02 1.005803199440257867e+00 9.928177545713006147e-01 1.018951637386241060e+00 0.000000000000000000e+00
7.508140583698349246e+00 1.651306163554170148e+00 -6.472133736876938784e-05 -1.000000000000000000e+00 -3.162100152450206692e-04 1.931888504885609327e-04 7.316843131354744401e-02 1.009316893936535120e+00 9.962357139722216592e-01 1.022563028507682548e+00 0.000000000000000000e+00
7.514401698999403578e+00 1.649930269810196748e+00 -1.380757488034884079e-04 -1.000000000000000000e+00 -3.892932100521255155e-04 1.195946355306155677e-04 3.309204722697245415e-01 1.010624540557351958e+00 9.975403843087792266e-01 1.023873608017306092e+00 0.000000000000000000e+00
7.520668035508609073e+00 1.648555522482095359e+00 -2.040242330909553881e-04 -1.000000000000000000e+00 -4.544879619653058615e-04 5.296007879934631489e-05 7.215566600857243884e-01 1.011899033955808047e+00 9.987381792138123604e-01 1.025226505398012744e+00 0.000000000000000000e+00
7.526939597579984209e+00 1.647181920614653627e+00 -2.465709698733555021e-04 -1.000000000000000000e+00 -4.955815983752028323e-04 9.060517213866107686e-06 1.056890160603273898e+00 1.010981539812073171e+00 9.979162611782824710e-01 1.024211109294665079e+00 0.000000000000000000e+00
7.533216389571179228e+00 1.645809463253457006e+00 -2.900113265991189097e-04 -1.000000000000000000e+00 -5.384435302810607017e-04 -3.490481300556205931e-05 1.463043461667126621e+00 1.011025198264820624e+00 9.978147128270825617e-01 1.024403553053833127e+00 0.000000000000000000e+00
7.539498415843477019e+00 1.644438149444884756e+00 -3.200825962505077509e-04 -1.000000000000000000e+00 -5.686885948104951566e-04 -6.478972877790894385e-05 1.775100168915201948e+00 1.009240785582857569e+00 9.959675759082231572e-01 1.022683895889311856e+00 0.000000000000000000e+00
7.545785680761798453e+00 1.643067978236111282e+00 -3.669287631782797762e-04 -1.000000000000000000e+00 -6.159850364786744565e-04 -1.111558858987906208e-04 2.311758912908686625e+00 1.010043709270904921e+00 9.967681117836953986e-01 1.023489032908089236e+00 0.000000000000000000e+00
7.552078188694705041e+00 1.641698948675104575e+00 -4.170444363600003118e-04 -1.000000000000000000e+00 -6.668351208344769267e-04 -1.604534365050505466e-04 2.955353562827042424e+00 1.011969769910499473e+00 9.986028311598114104e-01 1.025508336561695932e+00 0.000000000000000000e+00
7.558375944014398939e+00 1.640331059810627101e+00 -4.460173751717821456e-04 -1.000000000000000000e+00 -6.965833873599924656e-04 -1.885413413091782090e-04 3.345977171052851418e+00 1.012442048636668535e+00 9.990739914082634732e-01 1.025981606893990650e+00 0.000000000000000000e+00
7.564678951096730941e+00 1.638964310692231585e+00 -4.424902369224205118e-04 -1.000000000000000000e+00 -6.946596149807014861e-04 -1.833744441708459196e-04 3.258626467306896757e+00 1.011007865294242913e+00 9.975674784080572621e-01 1.024621803463639402e+00 0.000000000000000000e+00
7.570987214321198699e+00 1.637598700370265004e+00 -4.177180194946983642e-04 -1.000000000000000000e+00 -6.715824778985985104e-04 -1.569140472237661528e-04 2.873904017827896951e+00 1.010514356648430034e+00 9.970795319635344933e-01 1.024122823767416479e+00 0.000000000000000000e+00
7.577300738070952946e+00 1.636234227895864146e+00 -3.458445734133371485e-04 -1.000000000000000000e+00 -6.015122165528787208e-04 -8.324570237839504921e-05 1.959181007318534284e+00 1.007602465528962599e+00 9.941103755572746614e-01 1.021270323860643092e+00 0.000000000000000000e+00
7.583619526732800153e+00 1.634870892320956948e+00 -2.592546260659197503e-04 -1.000000000000000000e+00 -5.163192204567084451e-04 4.777239923072699838e-06 1.099963812473447433e+00 1.006003380282952442e+00 9.923699527482016114e-01 1.019816472405628227e+00 0.000000000000000000e+00
7.589943584697204315e+00 1.633508692698261822e+00 -1.403927620870585593e-04 -1.000000000000000000e+00 -3.982793440035973902e-04 1.245303932267579608e-04 3.232465918874538602e-01 1.000711577732923852e+00 9.872090942795479496e-01 1.014391372732559748e+00 0.000000000000000000e+00
7.596272916358290495e+00 1.632147628081284996e+00 -6.225622734337693401e-05 -1.000000000000000000e+00 -3.217860390222526722e-04 2.043547871471306952e-04 6.335132548583999323e-02 9.999565849544956864e-01 9.863056909601786160e-01 1.013788845444940856e+00 0.000000000000000000e+00
7.602607526113848380e+00 1.630787697524322288e+00 -3.825237558745633259e-06 -1.000000000000000000e+00 -2.652518075925874613e-04 2.647317508497483538e-04 2.366637218642608786e-04 9.987132827212489294e-01 9.851559995084335775e-01 1.012449701542310176e+00 0.000000000000000000e+00
7.608947418365335835e+00 1.629428900082457776e+00 3.291959150603047051e-05 1.000000000000000000e+00 -2.317404723770435959e-04 3.047379717371313736e-04 1.723196163406726100e-02 9.966746261213484948e-01 9.829607345616780956e-01 1.010572015833880233e+00 0.000000000000000000e+00
7.615292597517878903e+00 1.628071234811562906e+00 2.988342275349608083e-05 1.000000000000000000e+00 -2.374071110187498019e-04 3.043782209869873951e-04 1.391048286966167780e-02 9.971991352775393391e-01 9.835571036914259047e-01 1.011022737543793015e+00 0.000000000000000000e+00
7.621643067980279795e+00 1.626714700768294497e+00 3.301399603650752838e-05 1.000000000000000000e+00 -2.370060061467495595e-04 3.103012943966211449e-04 1.670259425722520064e-02 9.951980472251046317e-01 9.813965914603384189e-01 1.009185465966875084e+00 0.000000000000000000e+00
7.627998834165015118e+00 1.625359297010096737e+00 4.069277413689563531e-05 1.000000000000000000e+00 -2.308875848122062164e-04 3.196606585917039444e-04 2.513229674352146503e-02 9.928080581501220747e-01 9.789365531334336401e-01 1.006867575555949967e+00 0.000000000000000000e+00
7.634359900488242090e+00 1.624005022595198744e+00 4.314288505697566666e-05 1.000000000000000000e+00 -2.291394583837654095e-04 3.229472258547710526e-04 2.806874975466655542e-02 9.927692129704597246e-01 9.789054819391826978e-01 1.006820517343231858e+00 0.000000000000000000e+00
7.640726271369800315e+00 1.622651876582614117e+00 6.222996439199969261e-05 1.000000000000000000e+00 -2.114471504448616705e-04 3.434909220957123462e-04 5.795231510546727804e-02 9.926511293228736932e-01 9.787053179707511097e-01 1.006786685362570211e+00 0.000000000000000000e+00
7.647097951233216229e+00 1.621299858032140939e+00 1.030369864872271186e-04 1.000000000000000000e+00 -1.726518285055847598e-04 3.862897263347630605e-04 1.571588023411152335e-01 9.919276620738464167e-01 9.779905069064643852e-01 1.006054727785503422e+00 0.000000000000000000e+00
7.653474944505703093e+00 1.619948966004359558e+00 1.575896349845556845e-04 1.000000000000000000e+00 -1.205047639642150333e-04 4.432064106571346248e-04 3.637016177085712343e-01 9.916289819188007781e-01 9.776076449279599290e-01 1.005842821213970062e+00 0.000000000000000000e+00
7.659857255618167216e+00 1.618599199560634805e+00 2.304025470309060269e-04 1.000000000000000000e+00 -4.921576198409208431e-05 5.175701003788612219e-04 7.734884148425749117e-01 9.903463964583688606e-01 9.763435227732447652e-01 1.004541689245914693e+00 0.000000000000000000e+00
7.666244889005210617e+00 1.617250557763112662e+00 3.099281841131856937e-04 1.000000000000000000e+00 2.933144660797733314e-05 5.981521086141478559e-04 1.400330175382464404e+00 9.882934712687156953e-01 9.742278543053680684e-01 1.002553473380881188e+00 0.000000000000000000e+00
7.672637849105131913e+00 1.615903039674720043e+00 3.574799465233250611e-04 1.000000000000000000e+00 7.603930818134781340e-05 6.466051386924127724e-04 1.862389061655406408e+00 9.893871394412522280e-01 9.751510714450487560e-01 1.003822080378498294e+00 0.000000000000000000e+00
7.679036140359931650e+00 1.614556644359165460e+00 4.108417657158453906e-04 1.000000000000000000e+00 1.285315553135547221e-04 7.008631285307358877e-04 2.451068294173992967e+00 9.866858769878404933e-01 9.725643398044664378e-01 1.001003768199153265e+00 0.000000000000000000e+00
7.685439767215314077e+00 1.613211370880937023e+00 4.100208592252038795e-04 1.000000000000000000e+00 1.259183799254164678e-04 7.018329459700673595e-04 2.415652522767857135e+00 9.879010060105495317e-01 9.735961589941078964e-01 1.002407252666810411e+00 0.000000000000000000e+00
7.691848734120691589e+00 1.611867218305303329e+00 3.928681965666453325e-04 1.000000000000000000e+00 1.075095215002925381e-04 6.859981279587653831e-04 2.190761055092721676e+00 9.871296179420130379e-01 9.729173058657404338e-01 1.001540893427669499e+00 0.000000000000000000e+00
7.698263045529186499e+00 1.610524185698310351e+00 3.374471910047071102e-04 1.000000000000000000e+00 5.080840395117660474e-05 6.319586052792283866e-04 1.597511807737191702e+00 9.880351900275765598e-01 9.736367259301884625e-01 1.002637350492026957e+00 0.000000000000000000e+00
7.704682705897634598e+00 1.609182272126782998e+00 2.715131187928009277e-04 1.000000000000000000e+00 -1.514821170800766288e-05 5.661815895996305309e-04 1.025191622932808855e+00 9.878667150143733977e-01 9.735598692992285530e-01 1.002374555150008062e+00 0.000000000000000000e+00
7.711107719686588702e+00 1.607841476658323998e+00 1.642808730712128117e-04 1.000000000000000000e+00 -1.224530090267536705e-04 4.591141282982922332e-04 3.718890513772663553e-01 9.926698191796677895e-01 9.781520847510764005e-01 1.007393382987750829e+00 0.000000000000000000e+00
7.717538091360320429e+00 1.606501798361312572e+00 1.086645660531841993e-04 1.000000000000000000e+00 -1.783630281593605988e-04 4.038623734451579389e-04 1.616379849224500731e-01 9.907431313143197915e-01 9.761469791290613429e-01 1.005547587313823099e+00 0.000000000000000000e+00
7.723973825386825531e+00 1.605163236304904206e+00 4.506580498078673649e-05 1.000000000000000000e+00 -2.416713852381126748e-04 3.400402641577890167e-04 2.760744445316731799e-02 9.918171620614462114e-01 9.773084297563652267e-01 1.006531699899236854e+00 0.000000000000000000e+00
7.730414926237823892e+00 1.603825789559029547e+00 -5.888429175230180230e-06 -1.000000000000000000e+00 -2.929244164260118538e-04 2.894390962110148543e-04 4.687480048914949293e-04 9.937546313023414291e-01 9.790551298606539055e-01 1.008664916604753437e+00 0.000000000000000000e+00
7.736861398388765743e+00 1.602489457194395728e+00 -1.501605056909720703e-05 -1.000000000000000000e+00 -3.017912868436124318e-04 2.801346045706929583e-04 3.041108762616318018e-03 9.926013559105558715e-01 9.780101415217478111e-01 1.007400583526519622e+00 0.000000000000000000e+00
7.743313246318833443e+00 1.601154238282482378e+00 -4.446565165869120339e-05 -1.000000000000000000e+00 -3.315654038492953960e-04 2.510682726367966184e-04 2.655726876596986585e-02 9.968451916087055498e-01 9.820491947972972424e-01 1.011854056372126109e+00 0.000000000000000000e+00
7.749770474510944140e+00 1.599820131895543396e+00 -2.961414922591366742e-05 -1.000000000000000000e+00 -3.171964074781597788e-04 2.664616202264156997e-04 1.172303369868643586e-02 9.964740211750523491e-01 9.817801549469753475e-01 1.011378104155397306e+00 0.000000000000000000e+00
7.756233087451753327e+00 1.598487137106606282e+00 -2.847263984308845940e-07 -1.000000000000000000e+00 -2.897910710511333106e-04 2.977448405303140927e-04 1.075290256835614855e-06 9.950473659262721871e-01 9.801815385539673908e-01 1.010128654253210634e+00 0.000000000000000000e+00
7.762701089631657503e+00 1.597155252989470364e+00 4.550023343980759936e-05 1.000000000000000000e+00 -2.458440682359776318e-04 3.454161916111835994e-04 2.718713126344596276e-02 9.919289870611190940e-01 9.771793172846127140e-01 1.006891549286784482e+00 0.000000000000000000e+00
7.769174485544799502e+00 1.595824478618706577e+00 6.970560228902268932e-05 1.000000000000000000e+00 -2.241290298996608671e-04 3.721393912766175608e-04 6.305492143815172312e-02 9.926374457442973531e-01 9.776968775452813398e-01 1.007796138086552773e+00 0.000000000000000000e+00
7.775653279689067610e+00 1.594494813069657235e+00 1.318151107842363827e-04 1.000000000000000000e+00 -1.643693820701643362e-04 4.366327073760809451e-04 2.235692693985527058e-01 9.887772711990715502e-01 9.737699135068421663e-01 1.004005565451224768e+00 0.000000000000000000e+00
7.782137476566102663e+00 1.593166255418435151e+00 1.769632503923749449e-04 1.000000000000000000e+00 -1.206512816264188753e-04 4.832609144618196947e-04 4.003496658116461049e-01 9.879826760660018747e-01 9.729909258736335609e-01 1.003195266783183381e+00 0.000000000000000000e+00
7.788627080681298942e+00 1.591838804741922297e+00 2.383715740564605146e-04 1.000000000000000000e+00 -6.062938348877315847e-05 5.461163411381182156e-04 7.242311778997674310e-01 9.848836061110917139e-01 9.698265636792635647e-01 1.000163973020750774e+00 0.000000000000000000e+00
7.795122096543806833e+00 1.590512460117771143e+00 2.760916482837159447e-04 1.000000000000000000e+00 -2.373094365780263355e-05 5.847228542039456176e-04 9.682382687075374861e-01 9.842383727199373045e-01 9.691988400801948567e-01 9.995010365705195854e-01 0.000000000000000000e+00
7.801622528666539047e+00 1.589187220624400876e+00 2.977096636410837154e-04 1.000000000000000000e+00 -3.278387672599268176e-06 6.075512831710226658e-04 1.119809634583702973e+00 9.840104593662484245e-01 9.688836400571841923e-01 9.993630545316826153e-01 0.000000000000000000e+00
7.808128381566169729e+00 1.587863085341000069e+00 2.992728034175482052e-04 1.000000000000000000e+00 -2.767173066011699087e-06 6.102119932970157543e-04 1.122769727339246515e+00 9.840200888146721780e-01 9.689000875431367232e-01 9.993657722241171548e-01 0.000000000000000000e+00
7.814639659763139790e+00 1.586540053347523793e+00 2.483698650377858344e-04 1.000000000000000000e+00 -5.466328593973590697e-05 5.603526070612750189e-04 7.648223138373992924e-01 9.887190229137605701e-01 9.734714317611147250e-01 1.004195135105508729e+00 0.000000000000000000e+00
7.821156367781661345e+00 1.585218123724693617e+00 2.583474617248374258e-04 1.000000000000000000e+00 -4.633650122312188381e-05 5.720486379101616739e-04 8.218904576137191498e-01 9.823190418339364793e-01 9.669227781272096145e-01 9.979494761222378330e-01 0.000000000000000000e+00
7.827678510149716828e+00 1.583897295553998275e+00 2.082798536566497522e-04 1.000000000000000000e+00 -9.640525345049413570e-05 5.220722674626238242e-04 5.301495686873067825e-01 9.829225326227077897e-01 9.676299896039924908e-01 9.984461290138256784e-01 0.000000000000000000e+00
7.834206091399066985e+00 1.582577567917689887e+00 1.820645020781426623e-04 1.000000000000000000e+00 -1.231112990917353136e-04 4.964115638446151913e-04 4.036608577911806606e-01 9.795206118665987782e-01 9.640616469784240028e-01 9.952162560214139475e-01 0.000000000000000000e+00
7.840739116065250869e+00 1.581258939898786631e+00 1.408228480915039809e-04 1.000000000000000000e+00 -1.634194930131248878e-04 4.543161059885424515e-04 2.411671604640730493e-01 9.782033477113970532e-01 9.628708605492690698e-01 9.937692625101077759e-01 0.000000000000000000e+00
7.847277588687588512e+00 1.579941410581070071e+00 8.811077065335415576e-05 1.000000000000000000e+00 -2.154597118666307586e-04 4.010017061918942465e-04 9.443429404409187100e-02 9.785649386549560846e-01 9.630440533025074190e-01 9.943248228262141497e-01 0.000000000000000000e+00
7.853821513809187138e+00 1.578624979049085830e+00 4.741969497267810085e-05 1.000000000000000000e+00 -2.547152556424161205e-04 3.589840405611734154e-04 2.738974792146109394e-02 9.767382053937464503e-01 9.613522127025825315e-01 9.923595890905102523e-01 0.000000000000000000e+00
7.860370895976941163e+00 1.577309644388141585e+00 2.905100562320079842e-06 1.000000000000000000e+00 -2.989022122816450402e-04 3.142328179390171451e-04 1.027036440461870370e-04 9.744506136568863441e-01 9.588931306240490171e-01 9.901694630782094109e-01 0.000000000000000000e+00
7.866925739741537527e+00 1.575995405684307737e+00 -8.147979289981027273e-05 -1.000000000000000000e+00 -3.825407450454752453e-04 2.291915243333205311e-04 8.022420131446494906e-02 9.766473933759770576e-01 9.611884601679202556e-01 9.923440856709646596e-01 0.000000000000000000e+00
7.873486049657457464e+00 1.574682262024415857e+00 -1.650228343453478226e-04 -1.000000000000000000e+00 -4.667759346401771040e-04 1.463831166721887671e-04 3.256305470391538393e-01 9.778578982088278471e-01 9.621908053726611065e-01 9.936881851127915555e-01 0.000000000000000000e+00
7.880051830282980951e+00 1.573370212496058462e+00 -2.290718020406658857e-04 -1.000000000000000000e+00 -5.309835930808146651e-04 8.255463680708610349e-05 6.213041227489242146e-01 9.765810766058261594e-01 9.610352597232053595e-01 9.922879428975592830e-01 0.000000000000000000e+00
7.886623086180188480e+00 1.572059256187587906e+00 -2.838637522889293687e-04 -1.000000000000000000e+00 -5.861107403607066987e-04 2.819251738042351458e-05 9.484010152227568824e-01 9.758690893581563053e-01 9.601329270501763880e-01 9.917703199701946026e-01 0.000000000000000000e+00
7.893199821914964609e+00 1.570749392188117488e+00 -3.086095617166487799e-04 -1.000000000000000000e+00 -6.103057185804922069e-04 3.010863443913278439e-06 1.121095022403906682e+00 9.737199121569868332e-01 9.579210300816516366e-01 9.896853852016426201e-01 0.000000000000000000e+00
7.899782042057002407e+00 1.569440619587517682e+00 -3.320500021345323721e-04 -1.000000000000000000e+00 -6.326036353912726107e-04 -2.146010091462512755e-05 1.300266922964127048e+00 9.741010538461177815e-01 9.583164464484779099e-01 9.900519773571458959e-01 0.000000000000000000e+00
7.906369751179806116e+00 1.568132937476418354e+00 -3.522523151149003747e-04 -1.000000000000000000e+00 -6.524300999518712826e-04 -4.197313464226825426e-05 1.462213999875345394e+00 9.757078283612389269e-01 9.598341434933238547e-01 9.917494790515823944e-01 0.000000000000000000e+00
7.912962953860692039e+00 1.566826344946206540e+00 -3.589667245784845112e-04 -1.000000000000000000e+00 -6.596339644408497375e-04 -4.814427318798565267e-05 1.510384992143656291e+00 9.757836749790406161e-01 9.599187424091771836e-01 9.918164718883704101e-01 0.000000000000000000e+00
7.919561654680794760e+00 1.565520841089027337e+00 -3.870146813509833155e-04 -1.000000000000000000e+00 -6.891342682452224677e-04 -7.466288012959417571e-05 1.735020449482135518e+00 9.787100131567505468e-01 9.627351287769463362e-01 9.948545608416142771e-01 0.000000000000000000e+00
7.926165858225068916e+00 1.564216424997781019e+00 -3.956971711046331506e-04 -1.000000000000000000e+00 -7.000070554442287384e-04 -8.104029408197643228e-05 1.786423959579607867e+00 9.788158129233469618e-01 9.628388616987024751e-01 9.949623975166125289e-01 0.000000000000000000e+00
7.932775569082291867e+00 1.562913095766124583e+00 -3.811742815121691732e-04 -1.000000000000000000e+00 -6.886990540009692513e-04 -6.323283422269177379e-05 1.630139782356593514e+00 9.768345041769879167e-01 9.607784569871595792e-01 9.930620111929554517e-01 0.000000000000000000e+00
7.939390791845069018e+00 1.561610852488469980e+00 -3.570318579919977658e-04 -1.000000000000000000e+00 -6.675037082410303392e-04 -3.612367425088412179e-05 1.408181889766396466e+00 9.763602061367832041e-01 9.603064841644801675e-01 9.925856601209419594e-01 0.000000000000000000e+00
7.946011531109834714e+00 1.560309694259983226e+00 -3.301275925468621550e-04 -1.000000000000000000e+00 -6.428417876939037084e-04 -6.946606332881334611e-06 1.191121066925603600e+00 9.795603602760881712e-01 9.633983144998790049e-01 9.958958810845266463e-01 0.000000000000000000e+00
7.952637791476856677e+00 1.559009620176584621e+00 -2.320920837112602948e-04 -1.000000000000000000e+00 -5.470055572016451059e-04 9.332867153296985465e-05 5.875655900081682148e-01 9.766133387566364732e-01 9.602770688793071940e-01 9.931271771510234991e-01 0.000000000000000000e+00
7.959269577550237784e+00 1.557710629334948083e+00 -1.281177587449905495e-04 -1.000000000000000000e+00 -4.440761670342433789e-04 1.984134441767946959e-04 1.790352754893689280e-01 9.752104401966750213e-01 9.590255773987618193e-01 9.915702059330682161e-01 0.000000000000000000e+00
7.965906893937922284e+00 1.556412720832499597e+00 -3.871076685087660905e-05 -1.000000000000000000e+00 -3.568231918131883613e-04 2.899495768800769229e-04 1.629999289218631020e-02 9.762254791513375052e-01 9.598370695344690118e-01 9.927931131636887896e-01 0.000000000000000000e+00
7.972549745251694908e+00 1.555115893767417656e+00 5.025189099619607107e-05 1.000000000000000000e+00 -2.696952221163046500e-04 3.807240329673456866e-04 2.732066349828699003e-02 9.756573293893239240e-01 9.594087602609885357e-01 9.920825492995174466e-01 0.000000000000000000e+00
7.979198136107187977e+00 1.553820147238631932e+00 9.210559758792932240e-05 1.000000000000000000e+00 -2.301821203077506590e-04 4.248999268301611879e-04 9.102198082079837604e-02 9.785512471644913779e-01 9.620778263763345439e-01 9.952057518617138943e-01 0.000000000000000000e+00
7.985852071123881402e+00 1.552525480345822828e+00 1.326068186573874693e-04 1.000000000000000000e+00 -1.908611565407854487e-04 4.666581886038906465e-04 1.875169198403767723e-01 9.769495073579084199e-01 9.606221551434122041e-01 9.934552100478547532e-01 0.000000000000000000e+00
7.992511554925108008e+00 1.551231892189421036e+00 1.370606929587114820e-04 1.000000000000000000e+00 -1.876446634066796285e-04 4.724553137862131475e-04 1.992878630318699607e-01 9.750980458016914598e-01 9.585823754480078396e-01 9.917962784963061385e-01 0.000000000000000000e+00
7.999176592138056208e+00 1.549939381870606869e+00 9.884774479153020463e-05 1.000000000000000000e+00 -2.256941412554458416e-04 4.342331975526057450e-04 1.030508179655953427e-01 9.737548134002871336e-01 9.573817334626606446e-01 9.903076374590963349e-01 0.000000000000000000e+00
