# OBJ_NAME=4U 1626-67
#         GRID_START=6.00
#         GRID_END=8.00
#         GRID_STEP_FRACTION=0.50
#         XSPEC_FITSTAT=cstat
#         XSPEC_CONTINUUM_MODEL=tbabs*(bbodyrad + pow)*constant
#         XSPEC_LINE_MODEL=gauss
#         LINE_VELOCITY_WIDTH=500
#         INPUT_FILE=/home/simon/Downloads/tgcat/obs_19782_tgid_5480/pm_heg_abs1.pha
#         SEARCH_MODE=Sliding window
#         FIT_REGION_WIDTH=30.00
#         RUNTIME=69
#         COLUMN_NAMES=ENERGY,WAVELENGTH,NORM,NORM_SIGN,NORM_ERR_LO,NORM_ERR_HI,DELTA_FITSTAT,CONSTANT_FACTOR,CONSTANT_FACTOR_ERR_LO,CONSTANT_FACTOR_ERR_HI,FIT_ERR
6.000000000000000000e+00 2.066373137115381287e+00 1.664078209291309287e-05 1.000000000000000000e+00 -8.300723268044453255e-06 4.315403060273971677e-05 4.853590954115816203e-01 1.029080462913526173e+00 9.985578474044559671e-01 1.060203056079475514e+00 0.000000000000000000e+00
6.005003461427972589e+00 2.064651403172383937e+00 2.097958222056836773e-05 1.000000000000000000e+00 -4.055069824473589836e-06 4.758415281328147570e-05 7.743167937872641460e-01 1.025060019460527494e+00 9.943910004242495493e-01 1.056338024395198305e+00 0.000000000000000000e+00
6.010011095293655181e+00 2.062931103804642063e+00 2.350973168328455249e-05 1.000000000000000000e+00 -1.504649525190788177e-06 5.009232104063956906e-05 9.778449234362653897e-01 1.023112243995135451e+00 9.926864179122149023e-01 1.054139105648845165e+00 0.000000000000000000e+00
6.015022905076486737e+00 2.061212237816845594e+00 2.420284115547477813e-05 1.000000000000000000e+00 -7.464155440051192737e-07 5.072081138066894003e-05 1.042877301542446844e+00 1.020387577661763912e+00 9.899913419040461404e-01 1.051385489641806670e+00 0.000000000000000000e+00
6.020038894258807005e+00 2.059494804014679215e+00 2.189406226797918170e-05 1.000000000000000000e+00 -2.954371866329490149e-06 4.831224499058993604e-05 8.560159812343073327e-01 1.019712054724121852e+00 9.891148254066868262e-01 1.050919375350786833e+00 0.000000000000000000e+00
6.025059066325860080e+00 2.057778801204824592e+00 1.767224284008235230e-05 1.000000000000000000e+00 -7.045624456083191049e-06 4.396071942280258010e-05 5.578817307171988205e-01 1.016653168306676402e+00 9.860784388049324001e-01 1.047838980893100569e+00 0.000000000000000000e+00
6.030083424765796174e+00 2.056064228194956822e+00 1.104792129309919410e-05 1.000000000000000000e+00 -1.348317535512742636e-05 3.716972256991175059e-05 2.172691577901275650e-01 1.014923948141676524e+00 9.845561187051972141e-01 1.045895237689579593e+00 0.000000000000000000e+00
6.035111973069674285e+00 2.054351083793744426e+00 9.955234689239143596e-07 1.000000000000000000e+00 -2.332666542266061702e-05 2.693474313530051892e-05 1.748927485792250991e-03 1.022249029311977253e+00 9.915411561365644610e-01 1.053568618594703743e+00 0.000000000000000000e+00
6.040144714731465747e+00 2.052639366810848021e+00 -6.051516225842714229e-06 -1.000000000000000000e+00 -3.019235429511946879e-05 1.973297468147710968e-05 6.434214246073111099e-02 1.018922790050509120e+00 9.882181506353961975e-01 1.050240090364227719e+00 0.000000000000000000e+00
6.045181653248054232e+00 2.050929076056921652e+00 -1.177373030702411626e-05 -1.000000000000000000e+00 -3.572905163415492861e-05 1.383778807351147929e-05 2.430300126841444808e-01 1.017009625224388092e+00 9.865221738716644095e-01 1.048102143910246031e+00 0.000000000000000000e+00
6.050222792119239301e+00 2.049220210343609683e+00 -1.599307761628710302e-05 -1.000000000000000000e+00 -3.977708722454579849e-05 9.438341439257387890e-06 4.499879633118837319e-01 1.019480567315127262e+00 9.887451076729193433e-01 1.050830030203328436e+00 0.000000000000000000e+00
6.055268134847740846e+00 2.047512768483544576e+00 -1.579838526597746631e-05 -1.000000000000000000e+00 -3.936432124531866064e-05 9.403059461904907351e-06 4.464827886877884566e-01 1.015115561054713123e+00 9.844434637380752307e-01 1.046402406892970927e+00 0.000000000000000000e+00
6.060317684939197314e+00 2.045806749290351334e+00 -1.514290804407547684e-05 -1.000000000000000000e+00 -3.842697554088585974e-05 9.765473700738027248e-06 4.193744487697159684e-01 1.014831562094489437e+00 9.841758784499837764e-01 1.046102417619802161e+00 0.000000000000000000e+00
6.065371445902172809e+00 2.044102151578641724e+00 -1.455175382990095027e-05 -1.000000000000000000e+00 -3.757889881143783929e-05 1.009480466711335883e-05 3.950885475377390321e-01 1.014589157263456443e+00 9.839758239297362596e-01 1.045816772531185546e+00 0.000000000000000000e+00
6.070429421248155322e+00 2.042398974164015168e+00 -1.361083343947966549e-05 -1.000000000000000000e+00 -3.651929190509050640e-05 1.093240909284692546e-05 3.493021650401004763e-01 1.007782438274004377e+00 9.772612115262523380e-01 1.038918647436942955e+00 0.000000000000000000e+00
6.075491614491562942e+00 2.040697215863058300e+00 -1.500880128788423749e-05 -1.000000000000000000e+00 -3.799326433822382265e-05 9.638070314360982347e-06 4.202891013534326703e-01 1.004162396297798576e+00 9.736479930297543550e-01 1.035292771126310241e+00 0.000000000000000000e+00
6.080558029149742971e+00 2.038996875493343186e+00 -1.854679251616027345e-05 -1.000000000000000000e+00 -4.182083384975963583e-05 6.395691167186261125e-06 6.225862297853694827e-01 1.005530623753344344e+00 9.749505169977643604e-01 1.036727920071450759e+00 0.000000000000000000e+00
6.085628668742976366e+00 2.037297951873428659e+00 -2.000111006372049088e-05 -1.000000000000000000e+00 -4.364194896087758146e-05 5.274024814770159883e-06 7.048544155014582202e-01 1.001190857733912143e+00 9.706010746484901031e-01 1.032401535723968644e+00 0.000000000000000000e+00
6.090703536794479511e+00 2.035600443822857208e+00 -2.076502186298879760e-05 -1.000000000000000000e+00 -4.438789665360662242e-05 4.473956769814734787e-06 7.599210299886891562e-01 1.002577545376840629e+00 9.719468511353936968e-01 1.033830802364552159e+00 0.000000000000000000e+00
6.095782636830406886e+00 2.033904350162153651e+00 -1.915803374408602870e-05 -1.000000000000000000e+00 -4.234929218247420314e-05 5.682762846038037861e-06 6.684663721232055877e-01 1.002478240602814097e+00 9.716873057770571975e-01 1.033897764665563379e+00 0.000000000000000000e+00
6.100865972379854618e+00 2.032209669712826461e+00 -1.538868892324711285e-05 -1.000000000000000000e+00 -3.816900034410321133e-05 9.075735380205741975e-06 4.471779839331020412e-01 9.937383614628421125e-01 9.633330436665054064e-01 1.024761813110375064e+00 0.000000000000000000e+00
6.105953546974859592e+00 2.030516401297367324e+00 -1.631596121301197869e-05 -1.000000000000000000e+00 -3.905207427372142832e-05 8.103256414585728004e-06 5.034008305903086011e-01 9.979916621443217783e-01 9.673100215399592638e-01 1.029300274848429675e+00 0.000000000000000000e+00
6.111045364150406556e+00 2.028824543739246700e+00 -1.694727029312990442e-05 -1.000000000000000000e+00 -4.006375970982399987e-05 7.839328523391329091e-06 5.279937716026807948e-01 9.941298889502018232e-01 9.634323111898240866e-01 1.025457806590701848e+00 0.000000000000000000e+00
6.116141427444425460e+00 2.027134095862917373e+00 -2.032876593506393814e-05 -1.000000000000000000e+00 -4.393498950340868413e-05 4.949059273585330833e-06 7.263046263017400861e-01 9.993620660606251649e-01 9.687133454982157499e-01 1.030635268692658757e+00 0.000000000000000000e+00
6.121241740397799447e+00 2.025445056493809570e+00 -2.186023665697544010e-05 -1.000000000000000000e+00 -4.584392388407713991e-05 3.817207926822306164e-06 8.145308314513783898e-01 1.003903435556004808e+00 9.729181757036744482e-01 1.035522438287910685e+00 0.000000000000000000e+00
6.126346306554362187e+00 2.023757424458334508e+00 -2.090831827486615239e-05 -1.000000000000000000e+00 -4.499027204249030185e-05 4.886660398082553385e-06 7.399950299511601770e-01 1.011660532873618346e+00 9.805361272992697552e-01 1.043418944214826727e+00 0.000000000000000000e+00
6.131455129460903208e+00 2.022071198583879958e+00 -1.398776672876133751e-05 -1.000000000000000000e+00 -3.812876033476279999e-05 1.186660029677333201e-05 3.351623283977858136e-01 1.008290628907611897e+00 9.772169611977353787e-01 1.039998651836169463e+00 0.000000000000000000e+00
6.136568212667169675e+00 2.020386377698810687e+00 -5.679126762287679348e-06 -1.000000000000000000e+00 -2.996034377503658269e-05 2.030872847877403757e-05 5.579908239029407468e-02 1.005034610950021223e+00 9.740403333459295432e-01 1.036662793853617037e+00 0.000000000000000000e+00
6.141685559725869936e+00 2.018702960632467569e+00 5.761982145451524871e-07 1.000000000000000000e+00 -2.398717052862329543e-05 2.683881864044342796e-05 5.712198899203713154e-04 1.009861459773134129e+00 9.787709572242760947e-01 1.041587128361429526e+00 0.000000000000000000e+00
6.146807174192673529e+00 2.017020946215167587e+00 7.987445775089794484e-06 1.000000000000000000e+00 -1.704019950063815993e-05 3.470457485383004982e-05 1.081250282977066490e-01 1.007231714400719680e+00 9.761314199936073077e-01 1.038969358042317381e+00 0.000000000000000000e+00
6.151933059626216505e+00 2.015340333278202056e+00 1.434399528628271277e-05 1.000000000000000000e+00 -1.117358811183554360e-05 4.153830229648646194e-05 3.418826948288540279e-01 1.004751631625460107e+00 9.736640077753477840e-01 1.036478056355732980e+00 0.000000000000000000e+00
6.157063219588101433e+00 2.013661120653835290e+00 1.996571625960075633e-05 1.000000000000000000e+00 -5.941518306590598710e-06 4.754584079226226287e-05 6.529546739789253706e-01 1.000992834472028248e+00 9.699067731672000869e-01 1.032719703325044591e+00 0.000000000000000000e+00
6.162197657642900950e+00 2.011983307175305935e+00 2.363493952441376403e-05 1.000000000000000000e+00 -2.498526299145380171e-06 5.145321456833644328e-05 9.079167834816530558e-01 1.000744379193049705e+00 9.696208632159066809e-01 1.032509613183682395e+00 0.000000000000000000e+00
6.167336377358160426e+00 2.010306891676824304e+00 2.880253180316556721e-05 1.000000000000000000e+00 2.463119633556855277e-06 5.685390105345390199e-05 1.346331034537570304e+00 9.919209874034877750e-01 9.606907950855420042e-01 1.023801847046042379e+00 0.000000000000000000e+00
6.172479382304400630e+00 2.008631872993570600e+00 3.148630327736125564e-05 1.000000000000000000e+00 4.946211029435516659e-06 5.975346564260355865e-05 1.593571140393123642e+00 9.909248798346843579e-01 9.599002066747432949e-01 1.022591719204309024e+00 0.000000000000000000e+00
6.177626676055119503e+00 2.006958249961698471e+00 3.443984830299338186e-05 1.000000000000000000e+00 7.555488039116662100e-06 6.304677165212816043e-05 1.875781577289629354e+00 9.891143657519361199e-01 9.578580456599274928e-01 1.021023184749508594e+00 0.000000000000000000e+00
6.182778262186794827e+00 2.005286021418328790e+00 3.468389837061464765e-05 1.000000000000000000e+00 7.511661674348273798e-06 6.356281325978869415e-05 1.863520202470283493e+00 9.981555959728694027e-01 9.667025189835265486e-01 1.030263998967434702e+00 0.000000000000000000e+00
6.187934144278887771e+00 2.003615186201552323e+00 3.801527639886673345e-05 1.000000000000000000e+00 1.066212511656503112e-05 6.706913816861739385e-05 2.222955458562964282e+00 9.967069409558353410e-01 9.654723014356590971e-01 1.028589096571074224e+00 0.000000000000000000e+00
6.193094325913842901e+00 2.001945743150427948e+00 4.043719669624419832e-05 1.000000000000000000e+00 1.305286541122355486e-05 6.953125211191566292e-05 2.525257359777597799e+00 9.978639154410817724e-01 9.663923209174413165e-01 1.029991730727102706e+00 0.000000000000000000e+00
6.198258810677093500e+00 2.000277691104981770e+00 4.525383404553403482e-05 1.000000000000000000e+00 1.791037243116519866e-05 7.431863591243336332e-05 3.208145781706292610e+00 9.875012777348703974e-01 9.561827787066321527e-01 1.019476662480594875e+00 0.000000000000000000e+00
6.203427602157062459e+00 1.998611028906206677e+00 4.588065505529896566e-05 1.000000000000000000e+00 1.865776821675278551e-05 7.482262036776575324e-05 3.324180813432803916e+00 9.874302853658641910e-01 9.563372895847156441e-01 1.019171452960482949e+00 0.000000000000000000e+00
6.208600703945164057e+00 1.996945755396060118e+00 4.440928706037526125e-05 1.000000000000000000e+00 1.724698824695774791e-05 7.328074633238192582e-05 3.119453883453175536e+00 9.881591788617382077e-01 9.568303301122930149e-01 1.020146293797039583e+00 0.000000000000000000e+00
6.213778119635809283e+00 1.995281869417466547e+00 3.841615439551044128e-05 1.000000000000000000e+00 1.133947244254441031e-05 6.720996292849724691e-05 2.315147559589817661e+00 9.979066671165550684e-01 9.663819109466084134e-01 1.030091127151427921e+00 0.000000000000000000e+00
6.218959852826404955e+00 1.993619369814312314e+00 3.340394271961960387e-05 1.000000000000000000e+00 6.350727130458907180e-06 6.220689430719314006e-05 1.734317426197918621e+00 9.976035796724898042e-01 9.660262313048494365e-01 1.029841600893170561e+00 0.000000000000000000e+00
6.224145907117359044e+00 1.991958255431448777e+00 2.692648152994494895e-05 1.000000000000000000e+00 -1.313291111022175570e-07 5.576355038913100080e-05 1.109831712871326204e+00 1.000182562723515689e+00 9.685394887287824828e-01 1.032485972355388304e+00 0.000000000000000000e+00
6.229336286112081567e+00 1.990298525114688521e+00 2.411293092637713522e-05 1.000000000000000000e+00 -3.052715605909473860e-06 5.304692759643668022e-05 8.791418872499718873e-01 9.917095715170139991e-01 9.601288967696635090e-01 1.023953531051255084e+00 0.000000000000000000e+00
6.234530993416986355e+00 1.988640177710806478e+00 1.997344192609559518e-05 1.000000000000000000e+00 -7.156656749885964423e-06 4.884686859501961257e-05 5.999074119284131257e-01 9.934691485026632130e-01 9.616136511810950971e-01 1.025999609537602275e+00 0.000000000000000000e+00
6.239730032641496393e+00 1.986983212067538140e+00 1.709661212123059896e-05 1.000000000000000000e+00 -9.680157321086671544e-06 4.561806301209991475e-05 4.462687736183994502e-01 9.967766165559305280e-01 9.651189874660393020e-01 1.029099546429835366e+00 0.000000000000000000e+00
6.244933407398043812e+00 1.985327627033580011e+00 1.743769502257736548e-05 1.000000000000000000e+00 -8.850111105617990289e-06 4.549546963824922612e-05 4.801945309451980393e-01 9.917334185551690551e-01 9.601814270043597110e-01 1.023949735003679473e+00 0.000000000000000000e+00
6.250141121302072555e+00 1.983673421458586272e+00 1.672820168021987402e-05 1.000000000000000000e+00 -9.145387776030671330e-06 4.438393251073602668e-05 4.545084769965086480e-01 9.892827648066171431e-01 9.575796822875690673e-01 1.021658340434603796e+00 0.000000000000000000e+00
6.255353177972041934e+00 1.982020594193170782e+00 1.389381065147047138e-05 1.000000000000000000e+00 -1.175951429442641946e-05 4.132329813675845575e-05 3.157826082659340727e-01 9.899350146357414060e-01 9.584440207781730336e-01 1.022090235982488382e+00 0.000000000000000000e+00
6.260569581029430175e+00 1.980369144088905076e+00 7.276998548786261913e-06 1.000000000000000000e+00 -1.837947179069778522e-05 3.470141495582090331e-05 8.521568895368147878e-02 9.983273695327359309e-01 9.666421461844724172e-01 1.030679718762301134e+00 0.000000000000000000e+00
6.265790334098732650e+00 1.978719069998317037e+00 1.533627351576477523e-06 1.000000000000000000e+00 -2.425165098276548453e-05 2.909125205838501119e-05 3.707541404565972698e-03 9.978813328502874613e-01 9.659177045398160688e-01 1.030524242858936068e+00 0.000000000000000000e+00
6.271015440807469865e+00 1.977070370774890451e+00 -6.199399628652700103e-06 -1.000000000000000000e+00 -3.193221243410294057e-05 2.132597919895044949e-05 5.965954974591625160e-02 1.004230793529181875e+00 9.721029153033244885e-01 1.037039117055438719e+00 0.000000000000000000e+00
6.276244904786186574e+00 1.975423045273065226e+00 -1.143631697824422210e-05 -1.000000000000000000e+00 -3.691708070766074132e-05 1.585337421473224597e-05 2.037759243466723547e-01 1.006287834113206436e+00 9.741395515135135019e-01 1.039115771153677148e+00 0.000000000000000000e+00
6.281478729668454442e+00 1.973777092348234952e+00 -1.432629138606691840e-05 -1.000000000000000000e+00 -3.941913435662829069e-05 1.258801964056355442e-05 3.256373542126311804e-01 1.006988771778098313e+00 9.748281501598684562e-01 1.039829523315783044e+00 0.000000000000000000e+00
6.286716919090875599e+00 1.972132510856748011e+00 -1.374052069941837562e-05 -1.000000000000000000e+00 -3.851040018150843016e-05 1.284605074331835084e-05 3.067229489804503828e-01 9.996422907378069711e-01 9.675960569777235509e-01 1.032369513961068019e+00 0.000000000000000000e+00
6.291959476693084419e+00 1.970489299655904469e+00 -1.494842809493875004e-05 -1.000000000000000000e+00 -3.948226296037498408e-05 1.138955767603957970e-05 3.678209249503225919e-01 1.000098326660166403e+00 9.680787777602175570e-01 1.032798592392469406e+00 0.000000000000000000e+00
6.297206406117751065e+00 1.968847457603957185e+00 -1.752823461879553775e-05 -1.000000000000000000e+00 -4.194541867171799383e-05 8.691750082277660284e-06 5.062760492839970539e-01 1.003496619500700238e+00 9.713971378173794635e-01 1.036278330433406447e+00 0.000000000000000000e+00
6.302457711010582386e+00 1.967206983560110700e+00 -2.012692119635761198e-05 -1.000000000000000000e+00 -4.454818558945273566e-05 6.103473749133353108e-06 6.626588402724848947e-01 1.003129310901367033e+00 9.709902562508023749e-01 1.035952510168033580e+00 0.000000000000000000e+00
6.307713395020327241e+00 1.965567876384518575e+00 -2.390730192396568372e-05 -1.000000000000000000e+00 -4.838003448345555460e-05 2.382305710521932178e-06 9.221137002204784494e-01 1.004567663681568801e+00 9.723935117782869231e-01 1.037426361985153589e+00 0.000000000000000000e+00
6.312973461798775610e+00 1.963930134938285832e+00 -2.842089590329351654e-05 -1.000000000000000000e+00 -5.292359532086592187e-05 -2.101165755589411973e-06 1.285789554156266945e+00 1.008940875068397691e+00 9.766503278309450753e-01 1.041918094923247162e+00 0.000000000000000000e+00
6.318237915000763039e+00 1.962293758083465844e+00 -3.035880716023735675e-05 -1.000000000000000000e+00 -5.483527285030352107e-05 -4.048446682480364030e-06 1.462736381377695238e+00 1.006809376751161444e+00 9.743010300590513317e-01 1.040014262991072913e+00 0.000000000000000000e+00
6.323506758284172413e+00 1.960658744683059451e+00 -3.106277010191616438e-05 -1.000000000000000000e+00 -5.541395285273018273e-05 -4.865744986442048053e-06 1.537754680722983380e+00 1.004750336448917425e+00 9.724989426972241446e-01 1.037689219549991826e+00 0.000000000000000000e+00
6.328779995309938400e+00 1.959025093601015399e+00 -3.169480358139901218e-05 -1.000000000000000000e+00 -5.591832954387543960e-05 -5.640478178358112688e-06 1.613285787297428442e+00 1.006358228528406729e+00 9.740562249115626292e-01 1.039349786791658348e+00 0.000000000000000000e+00
6.334057629742047446e+00 1.957392803702229900e+00 -3.012083001023793823e-05 -1.000000000000000000e+00 -5.420103885420546189e-05 -4.219514636524853958e-06 1.479705059937657552e+00 1.000823085335146523e+00 9.683815945581564222e-01 1.033964481422869230e+00 0.000000000000000000e+00
6.339339665247542221e+00 1.955761873852543076e+00 -3.206604203799180193e-05 -1.000000000000000000e+00 -5.587138551910769322e-05 -6.431332909240102073e-06 1.695682431433240822e+00 1.007058211845487605e+00 9.747568715899247449e-01 1.040049497847133519e+00 0.000000000000000000e+00
6.344626105496522506e+00 1.954132302918741848e+00 -3.416073039852787188e-05 -1.000000000000000000e+00 -5.778509371303326768e-05 -8.699707725613179722e-06 1.936617044995600168e+00 1.008609534729591584e+00 9.762563324979720569e-01 1.041654118443428256e+00 0.000000000000000000e+00
6.349916954162148741e+00 1.952504089768555939e+00 -3.737096593361715258e-05 -1.000000000000000000e+00 -6.093756122896810056e-05 -1.196377855848173311e-05 2.310552911816969868e+00 1.007959760493920998e+00 9.753595104873405974e-01 1.041262393373391104e+00 0.000000000000000000e+00
6.355212214920644698e+00 1.950877233270659206e+00 -4.325409103920778480e-05 -1.000000000000000000e+00 -6.676371864831773207e-05 -1.789508777513699255e-05 3.059766724564923379e+00 1.012933738035097786e+00 9.801941370605659065e-01 1.046378133113794018e+00 0.000000000000000000e+00
6.360511891451300137e+00 1.949251732294668749e+00 -4.861986741552518012e-05 -1.000000000000000000e+00 -7.202080166379116837e-05 -2.335636553398253611e-05 3.837705584303904516e+00 1.015008782580433255e+00 9.822243437617595996e-01 1.048498220777631884e+00 0.000000000000000000e+00
6.365815987436472589e+00 1.947627585711142251e+00 -5.245975758872170288e-05 -1.000000000000000000e+00 -7.565410997157414209e-05 -2.738428961612686789e-05 4.477285304474406757e+00 1.015093505773273952e+00 9.822657591267882626e-01 1.048627755462994360e+00 0.000000000000000000e+00
6.371124506561590906e+00 1.946004792391578420e+00 -5.640203224498082117e-05 -1.000000000000000000e+00 -7.932870887231190712e-05 -3.155288659847336753e-05 5.188247993515162193e+00 1.022174611780462206e+00 9.892080229970732219e-01 1.055847635395931627e+00 0.000000000000000000e+00
6.376437452515156146e+00 1.944383351208418098e+00 -5.702293422687566631e-05 -1.000000000000000000e+00 -7.995773290663706610e-05 -3.210931486938823991e-05 5.260402212899407459e+00 1.022355961143972092e+00 9.893864472822851974e-01 1.056030275603682567e+00 0.000000000000000000e+00
6.381754828988746020e+00 1.942763261035039601e+00 -5.500645490427492234e-05 -1.000000000000000000e+00 -7.850861016623337683e-05 -2.952408352622327842e-05 4.745824329192231517e+00 1.019541352904900444e+00 9.865294286532363399e-01 1.053261748145069676e+00 0.000000000000000000e+00
6.387076639677015777e+00 1.941144520745761159e+00 -4.918083749221108589e-05 -1.000000000000000000e+00 -7.355681880243268773e-05 -2.288948711782966511e-05 3.662499645879634613e+00 1.015969556097183535e+00 9.829123918488010814e-01 1.049740865648648880e+00 0.000000000000000000e+00
6.392402888277703532e+00 1.939527129215838475e+00 -3.854482892662210159e-05 -1.000000000000000000e+00 -6.345710771142601338e-05 -1.175190432128926597e-05 2.233257994180434025e+00 1.011763379042140087e+00 9.787803258702734155e-01 1.045461464450770928e+00 0.000000000000000000e+00
6.397733578491629380e+00 1.937911085321463833e+00 -2.618047396520120315e-05 -1.000000000000000000e+00 -5.123550207744887065e-05 7.623371343428091780e-07 1.048928915151279284e+00 1.009622170939309393e+00 9.766853535281732057e-01 1.043273771897460067e+00 0.000000000000000000e+00
6.403068714022700725e+00 1.936296387939767438e+00 -1.424568432197561680e-05 -1.000000000000000000e+00 -3.944678869100154710e-05 1.284148584332389459e-05 3.167102387547942044e-01 1.004603810262190144e+00 9.715413839095202730e-01 1.038390238122343767e+00 0.000000000000000000e+00
6.408408298577912277e+00 1.934683035948813856e+00 -7.880885628163833290e-06 -1.000000000000000000e+00 -3.329875926108768900e-05 1.941278658168395222e-05 9.681649030113703702e-02 1.009156088068911661e+00 9.762568722518175646e-01 1.042769923728416703e+00 0.000000000000000000e+00
6.413752335867351384e+00 1.933071028227602239e+00 -7.115545973645624292e-06 -1.000000000000000000e+00 -3.287976421173396903e-05 2.050497007277448801e-05 7.722447069716054102e-02 1.020605020382654216e+00 9.874624589671859853e-01 1.054465661866549553e+00 0.000000000000000000e+00
6.419100829604198033e+00 1.931460363656067436e+00 -7.563329452930147818e-06 -1.000000000000000000e+00 -3.370700236403040664e-05 2.043710576624936683e-05 8.508626134724295298e-02 1.021703773766169165e+00 9.882445045961751884e-01 1.055893947493230067e+00 0.000000000000000000e+00
6.424453783504729287e+00 1.929851041115075327e+00 -1.331190913796642053e-05 -1.000000000000000000e+00 -3.959648999482846279e-05 1.486996636606656927e-05 2.567533447659400281e-01 1.031871428585870998e+00 9.984322134399523652e-01 1.066032037501915886e+00 0.000000000000000000e+00
6.429811201288321953e+00 1.928243059486426159e+00 -1.611865292090301996e-05 -1.000000000000000000e+00 -4.250091866498707533e-05 1.221902828090402589e-05 3.713164216319881916e-01 1.025835143731199883e+00 9.921958780748955098e-01 1.060206042186578879e+00 0.000000000000000000e+00
6.435173086677453469e+00 1.926636417652850763e+00 -2.221399251294541179e-05 -1.000000000000000000e+00 -4.863535698039791707e-05 6.203951179606715570e-06 6.918560359502947676e-01 1.034082418297676442e+00 1.000238418850460720e+00 1.068659315216646366e+00 0.000000000000000000e+00
6.440539443397706343e+00 1.925031114498011453e+00 -2.338338881800214417e-05 -1.000000000000000000e+00 -5.002820439666864032e-05 5.271129086091673607e-06 7.523758695403444108e-01 1.032335789613386900e+00 9.987097723842829344e-01 1.066686172831574853e+00 0.000000000000000000e+00
6.445910275177769044e+00 1.923427148906499795e+00 -2.275621494684084762e-05 -1.000000000000000000e+00 -4.974461498897289727e-05 6.230753152406766414e-06 6.994072409975871096e-01 1.037018519140569417e+00 1.003030817714382961e+00 1.071743063097090110e+00 0.000000000000000000e+00
6.451285585749439555e+00 1.921824519763838390e+00 -1.967170354116130142e-05 -1.000000000000000000e+00 -4.689918928186809211e-05 9.535321911315101728e-06 5.181938863084383229e-01 1.046840081520244548e+00 1.012659634067123227e+00 1.081759774683526354e+00 0.000000000000000000e+00
6.456665378847628034e+00 1.920223225956476210e+00 -1.024502840200920520e-05 -1.000000000000000000e+00 -3.762753891691434017e-05 1.910001283224986715e-05 1.420286403612038839e-01 1.043150970026644586e+00 1.009075305401064604e+00 1.077965434916460019e+00 0.000000000000000000e+00
6.462049658210359482e+00 1.918623266371792813e+00 -5.889547175866451207e-07 -1.000000000000000000e+00 -2.806462818596061059e-05 2.884310347667441477e-05 4.763318968485918958e-04 1.039541806350996023e+00 1.005530174906806185e+00 1.074293044909194750e+00 0.000000000000000000e+00
6.467438427578775517e+00 1.917024639898092353e+00 7.919745361565171162e-06 1.000000000000000000e+00 -1.974457680378012629e-05 3.753793022998046399e-05 8.669826913482836517e-02 1.033882066479081097e+00 9.999365846534238322e-01 1.068568454749049268e+00 0.000000000000000000e+00
6.472831690697137930e+00 1.915427345424606687e+00 1.274617272219090088e-05 1.000000000000000000e+00 -1.523340418772062743e-05 4.266993806342271015e-05 2.223217786453801637e-01 1.032034224652900845e+00 9.981196937774670097e-01 1.066690143987875095e+00 0.000000000000000000e+00
6.478229451312831344e+00 1.913831381841492263e+00 1.610330485366096964e-05 1.000000000000000000e+00 -1.228473143046948513e-05 4.642307755970557831e-05 3.483989898100077198e-01 1.024511713201448959e+00 9.906392294543975297e-01 1.059129750600710240e+00 0.000000000000000000e+00
6.483631713176364109e+00 1.912236748039830792e+00 1.382854847274204523e-05 1.000000000000000000e+00 -1.481885569676223639e-05 4.440831258841714511e-05 2.513819442272335891e-01 1.027384346998780895e+00 9.933831153420118465e-01 1.062134760421049373e+00 0.000000000000000000e+00
6.489038480041373624e+00 1.910643442911627687e+00 9.608470834764731275e-06 1.000000000000000000e+00 -1.902955692102891664e-05 4.020631778965133189e-05 1.202092954806204261e-01 1.029020812709813271e+00 9.949831894872179783e-01 1.063807264877959291e+00 0.000000000000000000e+00
6.494449755664626345e+00 1.909051465349812737e+00 4.822718962717054440e-06 1.000000000000000000e+00 -2.355649369382260155e-05 3.520377605568903931e-05 3.042732617306853626e-02 1.027732337825190800e+00 9.936717217104732436e-01 1.062542298087043369e+00 0.000000000000000000e+00
6.499865543806021329e+00 1.907460814248235881e+00 -1.182706247172277421e-06 -1.000000000000000000e+00 -2.922119530889097467e-05 2.888853691583837693e-05 1.845059806967697114e-03 1.028677931043656901e+00 9.943411141807886322e-01 1.063774551683140501e+00 0.000000000000000000e+00
6.505285848228594681e+00 1.905871488501671207e+00 -7.220969088335329836e-06 -1.000000000000000000e+00 -3.496314378768506373e-05 2.256471695876519350e-05 6.899022207203131529e-02 1.029124767487459291e+00 9.950102245530605405e-01 1.063989189476507446e+00 0.000000000000000000e+00
6.510710672698518664e+00 1.904283487005811404e+00 -1.072633792090930472e-05 -1.000000000000000000e+00 -3.836588910277669555e-05 1.895205230301117964e-05 1.521886979218578517e-01 1.021136460132038959e+00 9.870846811584035319e-01 1.055941791253610429e+00 0.000000000000000000e+00
6.516140020985107917e+00 1.902696808657271088e+00 -1.724001378244964609e-05 -1.000000000000000000e+00 -4.475503827114041489e-05 1.232672334141664443e-05 3.906895702213120103e-01 1.027477677853244620e+00 9.930360225654578654e-01 1.062685267657168975e+00 0.000000000000000000e+00
6.521573896860818564e+00 1.901111452353583031e+00 -2.072015530151909293e-05 -1.000000000000000000e+00 -4.806444588702352404e-05 8.729961268729377486e-06 5.633723042091105526e-01 1.029233946276533640e+00 9.949896056735976213e-01 1.064232668434845541e+00 0.000000000000000000e+00
6.527012304101254436e+00 1.899527416993199491e+00 -2.031724684679317092e-05 -1.000000000000000000e+00 -4.772681625161561162e-05 9.238800388881002028e-06 5.397117473047643443e-01 1.025489102726705681e+00 9.910189423941067055e-01 1.060725010548275282e+00 0.000000000000000000e+00
6.532455246485166178e+00 1.897944701475490215e+00 -1.469678572018709721e-05 -1.000000000000000000e+00 -4.248587400964869609e-05 1.521840750095690705e-05 2.800623720869026556e-01 1.012709312624712865e+00 9.783710378168817279e-01 1.047817635739191955e+00 0.000000000000000000e+00
6.537902727794456581e+00 1.896363304700741548e+00 -8.589292529085205984e-06 -1.000000000000000000e+00 -3.674562262853935807e-05 2.163595187453017798e-05 9.490146131210508429e-02 1.007925444225665323e+00 9.738872758196446267e-01 1.042726239156889445e+00 0.000000000000000000e+00
6.543354751814182357e+00 1.894783225570156437e+00 -1.407172552603138717e-06 -1.000000000000000000e+00 -2.973790372369286149e-05 2.896563104196973453e-05 2.564039328305511845e-03 1.005413606754849143e+00 9.711691146793577367e-01 1.040433084576542155e+00 0.000000000000000000e+00
6.548811322332555918e+00 1.893204462985853986e+00 7.334566950589457652e-06 1.000000000000000000e+00 -2.097679701652351616e-05 3.770335099954263085e-05 7.105154639673116890e-02 9.965791153605285668e-01 9.624729323486116428e-01 1.031460496765595591e+00 0.000000000000000000e+00
6.554272443140948923e+00 1.891627015850867455e+00 1.233348787593216559e-05 1.000000000000000000e+00 -1.594800639092210391e-05 4.268394320103344853e-05 2.033491267299751826e-01 9.946631582863489918e-01 9.606308312536588900e-01 1.029468824273713334e+00 0.000000000000000000e+00
6.559738118033894949e+00 1.890050883069143817e+00 1.536317103289549645e-05 1.000000000000000000e+00 -1.306643692931240563e-05 4.585596876087310334e-05 3.147893550440699073e-01 9.902800029122418302e-01 9.562670562841724120e-01 1.025069085956999082e+00 0.000000000000000000e+00
6.565208350809092153e+00 1.888476063545543981e+00 1.243965648088936277e-05 1.000000000000000000e+00 -1.623969917634282399e-05 4.317724057380506187e-05 2.017050427298272552e-01 9.977890778588206500e-01 9.635612976963225940e-01 1.032797102545682799e+00 0.000000000000000000e+00
6.570683145267405045e+00 1.886902556185840796e+00 8.949554935264514353e-06 1.000000000000000000e+00 -2.003949184989488747e-05 4.001667680308269149e-05 1.015610002434783610e-01 9.991433470908305248e-01 9.648436573140855010e-01 1.034224323323803540e+00 0.000000000000000000e+00
6.576162505212867160e+00 1.885330359896719488e+00 3.353079154841517182e-06 1.000000000000000000e+00 -2.583053036252831063e-05 3.464971948565266928e-05 1.390497125967726788e-02 1.004537911533773586e+00 9.700422746020535003e-01 1.039817841197825166e+00 0.000000000000000000e+00
6.581646434452685490e+00 1.883759473585775446e+00 3.133642645397156762e-06 1.000000000000000000e+00 -2.618729227950045632e-05 3.459208324755810182e-05 1.206186668220254887e-02 9.937261892783554318e-01 9.590963995155349364e-01 1.029153535648933637e+00 0.000000000000000000e+00
6.587134936797241380e+00 1.882189896161514886e+00 4.994221172707154468e-07 1.000000000000000000e+00 -2.867833609968849137e-05 3.183353035214089144e-05 3.064099287541921512e-04 9.981315532390655498e-01 9.636701841844116379e-01 1.033380104300508862e+00 0.000000000000000000e+00
6.592628016060094076e+00 1.880621626533353297e+00 3.001129689060153280e-06 1.000000000000000000e+00 -2.608600523899343024e-05 3.426617413298748923e-05 1.118118055188688231e-02 9.928338833233989469e-01 9.584222732161163938e-01 1.028033465806219793e+00 0.000000000000000000e+00
6.598125676057981615e+00 1.879054663611614329e+00 7.110905814629003373e-06 1.000000000000000000e+00 -2.205277696547700765e-05 3.847111493916849188e-05 6.310886991104780464e-02 9.888315336548054724e-01 9.542157674756127639e-01 1.024247036067463590e+00 0.000000000000000000e+00
6.603627920610826152e+00 1.877489006307530905e+00 1.279891961369831373e-05 1.000000000000000000e+00 -1.666733765933358020e-05 4.446576273148767158e-05 2.029511544995443728e-01 9.847886674428547593e-01 9.504655214647808048e-01 1.019901292948071969e+00 0.000000000000000000e+00
6.609134753541735741e+00 1.875924653533241671e+00 1.733914178507653958e-05 1.000000000000000000e+00 -1.266429158412265714e-05 4.951606526534012081e-05 3.646165874346394276e-01 9.893188947497225660e-01 9.546073455609623837e-01 1.024834654960717240e+00 0.000000000000000000e+00
6.614646178677005217e+00 1.874361604201792542e+00 2.499916802660631310e-05 1.000000000000000000e+00 -5.586015898932575053e-06 5.772069932597214087e-05 7.442751103338736129e-01 9.864106927854728868e-01 9.516642631410854314e-01 1.021966436219198249e+00 0.000000000000000000e+00
6.620162199846120643e+00 1.872799857227134490e+00 3.456638027456387338e-05 1.000000000000000000e+00 3.606823012731342614e-06 6.765433396450112706e-05 1.416490683441438136e+00 9.777473662107946106e-01 9.433823266918819339e-01 1.012911914154711601e+00 0.000000000000000000e+00
6.625682820881761970e+00 1.871239411524124430e+00 4.124241502728694049e-05 1.000000000000000000e+00 1.012628768692640284e-05 7.449271528887972628e-05 2.027053985693214599e+00 9.757866183735607324e-01 9.411946771388562949e-01 1.011190195744813725e+00 0.000000000000000000e+00
6.631208045619805702e+00 1.869680266008521441e+00 4.665359893440306546e-05 1.000000000000000000e+00 1.553216818688503902e-05 7.992548535921393832e-05 2.622488641554838296e+00 9.715595700852295291e-01 9.370134082900641870e-01 1.006918611876299163e+00 0.000000000000000000e+00
6.636737877899325788e+00 1.868122419596990769e+00 4.854329249067843905e-05 1.000000000000000000e+00 1.744318418301606994e-05 8.180613733314472992e-05 2.852497069692347509e+00 9.708937203608714039e-01 9.363862197876411386e-01 1.006212961501038006e+00 0.000000000000000000e+00
6.642272321562598059e+00 1.866565871207098271e+00 4.665521970270992947e-05 1.000000000000000000e+00 1.550809164886635377e-05 7.997258198263844505e-05 2.615249786303024848e+00 9.739891027524911760e-01 9.393623715092481730e-01 1.009430770808031674e+00 0.000000000000000000e+00
6.647811380455102892e+00 1.865010619757312416e+00 4.251869553064193291e-05 1.000000000000000000e+00 1.123936702400169760e-05 7.597953850398922893e-05 2.135402943782636953e+00 9.757774161325384332e-01 9.410263732747922161e-01 1.011347335171809414e+00 0.000000000000000000e+00
6.653355058425526991e+00 1.863456664167002952e+00 3.617090422942441727e-05 1.000000000000000000e+00 4.756130142022172303e-06 6.979078465654941902e-05 1.511927681567428294e+00 9.782794416413022054e-01 9.434447457903633039e-01 1.013933722429349427e+00 0.000000000000000000e+00
6.658903359325766047e+00 1.861904003356439352e+00 3.084841116118420114e-05 1.000000000000000000e+00 -7.027063910081408947e-07 6.463682364280822195e-05 1.079943564295504643e+00 9.751644205625140671e-01 9.402788114375384421e-01 1.010872612917549818e+00 0.000000000000000000e+00
6.664456287010930069e+00 1.860352636246791480e+00 2.347560981169510602e-05 1.000000000000000000e+00 -8.128962728556750431e-06 5.737209076126461882e-05 6.141416881036434461e-01 9.830456110065112219e-01 9.476910062991062977e-01 1.019235644774757255e+00 0.000000000000000000e+00
6.670013845339340719e+00 1.858802561760127592e+00 2.194929549013416452e-05 1.000000000000000000e+00 -9.788138809748744937e-06 5.602795803454977395e-05 5.298115020271723097e-01 9.821923770764008355e-01 9.470672584938281124e-01 1.018141051341867165e+00 0.000000000000000000e+00
6.675576038172540194e+00 1.857253778819414780e+00 2.523182650112527689e-05 1.000000000000000000e+00 -6.890362471939172394e-06 5.969985582615778402e-05 6.906050696157421953e-01 9.804001164827957915e-01 9.449851179984156690e-01 1.016653181451234955e+00 0.000000000000000000e+00
6.681142869375288562e+00 1.855706286348516532e+00 3.489932762947512356e-05 1.000000000000000000e+00 2.253107169782387112e-06 6.985640507436530287e-05 1.308786672776278692e+00 9.735071449715154701e-01 9.381391929934648211e-01 1.009718227931901247e+00 0.000000000000000000e+00
6.686714342815570866e+00 1.854160083272192949e+00 4.813467953806223088e-05 1.000000000000000000e+00 1.504459585357777559e-05 8.351735655989501973e-05 2.485383206480605622e+00 9.672550171791114426e-01 9.322545867015037402e-01 1.003088827294948526e+00 0.000000000000000000e+00
6.692290462364595349e+00 1.852615168516101862e+00 6.216629765609370272e-05 1.000000000000000000e+00 2.864905043252341516e-05 9.796128238000896256e-05 4.161739968669252221e+00 9.643481805995156586e-01 9.291332473723424856e-01 1.000409965628519249e+00 0.000000000000000000e+00
6.697871231896799671e+00 1.851071541006794829e+00 7.604818803981946128e-05 1.000000000000000000e+00 4.215526128427314693e-05 1.122078301462283345e-04 6.258779983517158030e+00 9.615218322872608470e-01 9.263273681245560720e-01 9.975656677943505191e-01 0.000000000000000000e+00
6.703456655289853572e+00 1.849529199671717139e+00 8.880732383136644495e-05 1.000000000000000000e+00 5.454976287437349717e-05 1.253127542582520022e-04 8.556128186454344586e+00 9.566904735895357392e-01 9.216175333501456235e-01 9.926125641985257264e-01 0.000000000000000000e+00
6.709046736424657986e+00 1.847988143439209141e+00 9.665679898537828335e-05 1.000000000000000000e+00 6.208083326510711679e-05 1.334627459830663252e-04 1.008120093582049037e+01 9.585964831828276411e-01 9.234377830339053350e-01 9.946082510029288226e-01 0.000000000000000000e+00
6.714641479185352146e+00 1.846448371238503361e+00 1.028697253265595501e-04 1.000000000000000000e+00 6.794903035813962288e-05 1.400187170796455269e-04 1.132216440422021719e+01 9.541820381018611963e-01 9.190231883988527750e-01 9.901979677818152359e-01 0.000000000000000000e+00
6.720240887459313583e+00 1.844909881999724721e+00 1.041562105111436834e-04 1.000000000000000000e+00 6.894012589667974640e-05 1.416140328271866373e-04 1.143811597201052876e+01 9.538165042280317696e-01 9.186419648328102427e-01 9.898484869815377118e-01 0.000000000000000000e+00
6.725844965137160791e+00 1.843372674653889876e+00 9.759186294375534734e-05 1.000000000000000000e+00 6.224940525185359273e-05 1.351915712361741401e-04 9.836750818832015852e+00 9.673327605598368573e-01 9.318157112694569477e-01 1.003711356556560741e+00 0.000000000000000000e+00
6.731453716112758556e+00 1.841836748132905655e+00 9.115723393960664060e-05 1.000000000000000000e+00 5.584443994028746329e-05 1.287355394277493151e-04 8.487377409134438722e+00 9.699338815995229846e-01 9.343550072123202321e-01 1.006375040744584393e+00 0.000000000000000000e+00
6.737067144283217068e+00 1.840302101369569288e+00 7.996045216885226052e-05 1.000000000000000000e+00 4.496100258092620760e-05 1.172282368560814702e-04 6.500926414586018609e+00 9.794817130421006324e-01 9.436618302306390982e-01 1.016167928915723717e+00 0.000000000000000000e+00
6.742685253548897251e+00 1.838768733297566405e+00 6.897518629903865123e-05 1.000000000000000000e+00 3.450862338522554270e-05 1.057281263460701094e-04 4.884150987536401090e+00 9.821706891041304122e-01 9.462541677233726745e-01 1.018956188348478120e+00 0.000000000000000000e+00
6.748308047813412536e+00 1.837236642851472368e+00 5.606878889313709433e-05 1.000000000000000000e+00 2.236179666334009241e-05 9.210460924751868409e-05 3.286209917542365133e+00 9.872104685557460124e-01 9.512521663776984937e-01 1.024034779469459977e+00 0.000000000000000000e+00
6.753935530983630642e+00 1.835705828966748943e+00 4.433934374470955300e-05 1.000000000000000000e+00 1.141435392904921811e-05 7.963641760687390771e-05 2.100017866879646533e+00 9.864681293467086887e-01 9.504841154925844915e-01 1.023319207542044529e+00 0.000000000000000000e+00
6.759567706969678902e+00 1.834176290579746293e+00 2.973545788014683215e-05 1.000000000000000000e+00 -2.523679026601320565e-06 6.436797297746826342e-05 9.531474398543551274e-01 9.947237528330302725e-01 9.583029104527749364e-01 1.032025622708819590e+00 0.000000000000000000e+00
6.765204579684944264e+00 1.832648026627699211e+00 1.729683865753828105e-05 1.000000000000000000e+00 -1.448829758173486912e-05 5.145682404468977409e-05 3.221889870468785944e-01 9.951760573404676569e-01 9.589764098379877089e-01 1.032246972733252166e+00 0.000000000000000000e+00
6.770846153046076843e+00 1.831121036048729556e+00 3.964059186218492837e-06 1.000000000000000000e+00 -2.748466245866838567e-05 3.778529839428784005e-05 1.679676762191206763e-02 9.993481072705877599e-01 9.627361282809246967e-01 1.036848072794147368e+00 0.000000000000000000e+00
6.776492430972993475e+00 1.829595317781842700e+00 -7.827160556199620105e-06 -1.000000000000000000e+00 -3.879128150352188352e-05 2.552437262551581940e-05 6.562671077895743110e-02 1.002330138100491430e+00 9.655796212668558143e-01 1.039972791123253471e+00 0.000000000000000000e+00
6.782143417388880380e+00 1.828070870766929312e+00 -1.692140155494852933e-05 -1.000000000000000000e+00 -4.713158488845398738e-05 1.570282607897301446e-05 3.127636061414875712e-01 1.004081161053442806e+00 9.675804543908040900e-01 1.041461093028503981e+00 0.000000000000000000e+00
6.787799116220194051e+00 1.826547693944761797e+00 -2.499987435164910247e-05 -1.000000000000000000e+00 -5.437497016779153301e-05 6.805117438901390667e-06 7.023730930590943444e-01 1.011235320919102287e+00 9.743604096496177869e-01 1.049002178104078142e+00 0.000000000000000000e+00
6.793459531396665696e+00 1.825025786256996740e+00 -3.101232821325370850e-05 -1.000000000000000000e+00 -5.966033371834598845e-05 8.464482728182912575e-08 1.108400991444632666e+00 1.017038661233591323e+00 9.800334416050190400e-01 1.054938213917289591e+00 0.000000000000000000e+00
6.799124666851304788e+00 1.823505146646170916e+00 -3.554798931737533310e-05 -1.000000000000000000e+00 -6.380569948080024316e-05 -4.846245847503935738e-06 1.472481315085616416e+00 1.018751632340886282e+00 9.817485320242279601e-01 1.056648564223731324e+00 0.000000000000000000e+00
6.804794526520399067e+00 1.821985774055703944e+00 -4.045640571751662378e-05 -1.000000000000000000e+00 -6.864176597767065059e-05 -9.843260833067235744e-06 1.895457329455801698e+00 1.020474423570780553e+00 9.833392540852037289e-01 1.058508875867626653e+00 0.000000000000000000e+00
6.810469114343518982e+00 1.820467667429894965e+00 -4.460132826888455040e-05 -1.000000000000000000e+00 -7.283749553860919103e-05 -1.395104616917762112e-05 2.275001546724126911e+00 1.019087371141603082e+00 9.821857362163256555e-01 1.056878932714493180e+00 0.000000000000000000e+00
6.816148434263521239e+00 1.818950825713921748e+00 -4.566298709642183714e-05 -1.000000000000000000e+00 -7.393007921743883419e-05 -1.496872961703834572e-05 2.377575480660567564e+00 1.010087689096927477e+00 9.730153864374062600e-01 1.048065923616706030e+00 0.000000000000000000e+00
6.821832490226549695e+00 1.817435247853842917e+00 -4.845313076067187425e-05 -1.000000000000000000e+00 -7.647307884028198407e-05 -1.794708729385216940e-05 2.684422340542923280e+00 1.013739653613744407e+00 9.765346304916930897e-01 1.051853045476136561e+00 0.000000000000000000e+00
6.827521286182038907e+00 1.815920932796593723e+00 -4.849455965357563926e-05 -1.000000000000000000e+00 -7.636383184921760148e-05 -1.809478556645513400e-05 2.700535817298650443e+00 1.013692625580554285e+00 9.765138820408106879e-01 1.051777868326821963e+00 0.000000000000000000e+00
6.833214826082717686e+00 1.814407879489987385e+00 -4.810715495822508316e-05 -1.000000000000000000e+00 -7.614764937904499069e-05 -1.754616632696786883e-05 2.635387990556665727e+00 1.017068960185414150e+00 9.797344331323590838e-01 1.055315198104519681e+00 0.000000000000000000e+00
6.838913113884609984e+00 1.812896086882713975e+00 -4.504323178932776464e-05 -1.000000000000000000e+00 -7.356027302980733392e-05 -1.402962155663237294e-05 2.272931229171462064e+00 1.016090737707115110e+00 9.784228129159691090e-01 1.054688317531674580e+00 0.000000000000000000e+00
6.844616153547039339e+00 1.811385553924339531e+00 -3.974131601164738293e-05 -1.000000000000000000e+00 -6.875007232483508989e-05 -8.239006793385041474e-06 1.740209864892918290e+00 1.013679019825889371e+00 9.762809643978531682e-01 1.051995883780390439e+00 0.000000000000000000e+00
6.850323949032630644e+00 1.809876279565305390e+00 -3.222613138801694787e-05 -1.000000000000000000e+00 -6.173664100000176853e-05 -2.269021312491866123e-07 1.132004888992341307e+00 1.009670868237837027e+00 9.722569533574202394e-01 1.048008596159593742e+00 0.000000000000000000e+00
6.856036504307313706e+00 1.808368262756926637e+00 -2.547366337242463398e-05 -1.000000000000000000e+00 -5.541554939625614696e-05 6.930700255106734788e-06 7.023492557087109844e-01 1.012047193224470343e+00 9.742678121495872423e-01 1.050766825624528833e+00 0.000000000000000000e+00
6.861753823340325908e+00 1.806861502451392543e+00 -1.603853290649468036e-05 -1.000000000000000000e+00 -4.628867633451051294e-05 1.666703350091067203e-05 2.789316017914273971e-01 1.004414476407902601e+00 9.670402538686163618e-01 1.042716998107883430e+00 0.000000000000000000e+00
6.867475910104213099e+00 1.805355997601766127e+00 -1.011954032314244564e-05 -1.000000000000000000e+00 -4.060534683386259611e-05 2.280270927728020856e-05 1.111541440809915571e-01 1.004448161356442215e+00 9.667637824193168194e-01 1.043077414887743748e+00 0.000000000000000000e+00
6.873202768574835808e+00 1.803851747161981711e+00 -7.353876015514566521e-06 -1.000000000000000000e+00 -3.790663427388132070e-05 2.562476176792879002e-05 5.870788805755466910e-02 1.007200511333625759e+00 9.697321120682138584e-01 1.045601489794688810e+00 0.000000000000000000e+00
6.878934402731368358e+00 1.802348750086846252e+00 -5.970153520518473934e-06 -1.000000000000000000e+00 -3.657553378957637750e-05 2.706596316579389246e-05 3.873768271834165944e-02 1.003811960355561972e+00 9.660803735071915588e-01 1.042492659734606697e+00 0.000000000000000000e+00
6.884670816556305084e+00 1.800847005332036233e+00 -1.136598226929148273e-05 -1.000000000000000000e+00 -4.188449271751413540e-05 2.161708766400601841e-05 1.391604353554711793e-01 1.013433876834654912e+00 9.754244395167590564e-01 1.052396325046272896e+00 0.000000000000000000e+00
6.890412014035459443e+00 1.799346511854099884e+00 -1.724418114337459852e-05 -1.000000000000000000e+00 -4.767397290733244486e-05 1.570018651238471499e-05 3.166585296390564963e-01 1.014370250188928457e+00 9.765653908114313442e-01 1.053115661629721700e+00 0.000000000000000000e+00
6.896157999157970231e+00 1.797847268610453630e+00 -2.606869783480866102e-05 -1.000000000000000000e+00 -5.649965321249286027e-05 6.890621139850030874e-06 7.105515387653511539e-01 1.018846965337436128e+00 9.805785371030288911e-01 1.058073896796666524e+00 0.000000000000000000e+00
6.901908775916301586e+00 1.796349274559382980e+00 -3.086230124863591039e-05 -1.000000000000000000e+00 -6.129239654277739656e-05 2.098915332793853318e-06 9.871208892286347236e-01 1.007560867022040174e+00 9.693674061140815645e-01 1.046720521766261403e+00 0.000000000000000000e+00
6.907664348306248314e+00 1.794852528660041413e+00 -3.828491743485509027e-05 -1.000000000000000000e+00 -6.836059641123959818e-05 -5.646250241784528552e-06 1.520077865721816579e+00 1.010394219387326542e+00 9.721561327924919116e-01 1.049597490303544989e+00 0.000000000000000000e+00
6.913424720326936779e+00 1.793357029872449937e+00 -4.203293315083434748e-05 -1.000000000000000000e+00 -7.152036070580007404e-05 -9.904194998519209002e-06 1.865918712636030818e+00 1.008915763855725123e+00 9.706484541209233763e-01 1.048149378619227523e+00 0.000000000000000000e+00
6.919189895980827565e+00 1.791862777157495312e+00 -4.449163869861974752e-05 -1.000000000000000000e+00 -7.351155310045986340e-05 -1.279335756303764775e-05 2.124318524704818856e+00 1.009811126695327133e+00 9.715765866442169774e-01 1.049009381988156742e+00 0.000000000000000000e+00
6.924959879273719920e+00 1.790369769476931161e+00 -4.626302760785847782e-05 -1.000000000000000000e+00 -7.521159163781450017e-05 -1.467842971404988340e-05 2.301556111067355914e+00 1.011735682283315452e+00 9.733807253744278798e-01 1.051061055605635008e+00 0.000000000000000000e+00
6.930734674214753532e+00 1.788878005793375303e+00 -4.949442764504202236e-05 -1.000000000000000000e+00 -7.853211702509045047e-05 -1.789440380146717325e-05 2.612993451759763275e+00 1.020893532728707198e+00 9.822674961983381969e-01 1.060498100443712177e+00 0.000000000000000000e+00
6.936514284816411191e+00 1.787387485070310644e+00 -4.972961748429780850e-05 -1.000000000000000000e+00 -7.869058140375172867e-05 -1.821885947270748227e-05 2.646972806294471070e+00 1.020902222611597354e+00 9.823005400242443841e-01 1.060482179651045298e+00 0.000000000000000000e+00
6.942298715094520567e+00 1.785898206272082511e+00 -5.283947740317272593e-05 -1.000000000000000000e+00 -8.142523441642755388e-05 -2.165456632286113749e-05 3.012923097275283624e+00 1.031324075967077425e+00 9.924707013902481778e-01 1.071157768959595025e+00 0.000000000000000000e+00
6.948087969068260428e+00 1.784410168363900873e+00 -5.389221635089374158e-05 -1.000000000000000000e+00 -8.222922110047615899e-05 -2.290893492493630197e-05 3.160238426608934503e+00 1.030001574148056598e+00 9.908476695925914068e-01 1.070151092701624451e+00 0.000000000000000000e+00
6.953882050760158862e+00 1.782923370311836564e+00 -5.748405097009069069e-05 -1.000000000000000000e+00 -8.582806478277627633e-05 -2.649052465837032976e-05 3.556786391066104613e+00 1.031369404030148873e+00 9.924289102770106341e-01 1.071293434914887932e+00 0.000000000000000000e+00
6.959680964196100383e+00 1.781437811082822398e+00 -6.201745509875199072e-05 -1.000000000000000000e+00 -9.072618787305772618e-05 -3.069861307732846349e-05 4.037468096301466858e+00 1.031334254197483702e+00 9.919837503292201486e-01 1.071689420029740880e+00 0.000000000000000000e+00
6.965484713405325046e+00 1.779953489644652054e+00 -7.036505529103395293e-05 -1.000000000000000000e+00 -9.923165791911404466e-05 -3.887697952516387288e-05 5.054645292997420825e+00 1.046890992262512032e+00 1.007099701500556499e+00 1.087693943083412051e+00 0.000000000000000000e+00
6.971293302420433768e+00 1.778470404965979412e+00 -7.210924219328129618e-05 -1.000000000000000000e+00 -1.008419656302532403e-04 -4.067268090814505949e-05 5.288472998958120286e+00 1.047486649869891817e+00 1.007692706672352889e+00 1.088289895961038312e+00 0.000000000000000000e+00
6.977106735277391003e+00 1.776988556016316556e+00 -7.038228123711777310e-05 -1.000000000000000000e+00 -9.896309378790488611e-05 -3.904569472765911828e-05 5.074513225969738528e+00 1.045591387864538202e+00 1.005751634628601732e+00 1.086444098468667185e+00 0.000000000000000000e+00
6.982925016015525621e+00 1.775507941766035547e+00 -6.616333459651895876e-05 -1.000000000000000000e+00 -9.481689203413889207e-05 -3.475188648300619635e-05 4.501335646040658389e+00 1.041500188770540847e+00 1.002010991556812280e+00 1.081989336988120831e+00 0.000000000000000000e+00
6.988748148677535355e+00 1.774028561186365982e+00 -5.904476303188103910e-05 -1.000000000000000000e+00 -8.813534309353285485e-05 -2.721863887625526667e-05 3.574361194395144992e+00 1.031298682574672165e+00 9.916311528824918176e-01 1.071985696884777406e+00 0.000000000000000000e+00
6.994576137309488573e+00 1.772550413249394330e+00 -5.003776239237270519e-05 -1.000000000000000000e+00 -7.970040417708788849e-05 -1.764424974515886179e-05 2.546446109591016693e+00 1.017884125798406592e+00 9.783416463171640265e-01 1.058452827450103939e+00 0.000000000000000000e+00
7.000408985960828723e+00 1.771073496928063928e+00 -4.315291125973749813e-05 -1.000000000000000000e+00 -7.339203687807907290e-05 -1.017608115645392465e-05 1.864614096644132246e+00 1.015132790483889158e+00 9.756335120417174434e-01 1.055658665989585465e+00 0.000000000000000000e+00
7.006246698684376106e+00 1.769597811196173431e+00 -3.505229292395251192e-05 -1.000000000000000000e+00 -6.593020857224136076e-05 -1.429061775700070553e-06 1.211138032190554270e+00 1.010262236185769158e+00 9.707211798159307570e-01 1.050836172473827990e+00 0.000000000000000000e+00
7.012089279536330544e+00 1.768123355028376364e+00 -2.703343085596230400e-05 -1.000000000000000000e+00 -5.855254516858481365e-05 7.224632265594413714e-06 7.088031690198874912e-01 1.007095498595029559e+00 9.676087439356263475e-01 1.047615202801719381e+00 0.000000000000000000e+00
7.017936732576273151e+00 1.766650127400181791e+00 -1.934726211214446488e-05 -1.000000000000000000e+00 -5.147492218294117739e-05 1.553386143778325669e-05 3.571979131961029452e-01 1.005563842198504032e+00 9.659849532937084815e-01 1.046182166792500867e+00 0.000000000000000000e+00
7.023789061867172556e+00 1.765178127287950538e+00 -1.085141219357240587e-05 -1.000000000000000000e+00 -4.357962580836746567e-05 2.463941933794859399e-05 1.108369651386027499e-01 1.000582006443564209e+00 9.609709099206601435e-01 1.041239092502947550e+00 0.000000000000000000e+00
7.029646271475383124e+00 1.763707353668898525e+00 -3.586984262797013962e-06 -1.000000000000000000e+00 -3.682406600030995884e-05 3.241601932552675016e-05 1.196129512707955200e-02 9.977641500306325684e-01 9.582138307937209110e-01 1.038360671887920361e+00 0.000000000000000000e+00
7.035508365470652059e+00 1.762237805521092104e+00 -4.441203627233127461e-07 -1.000000000000000000e+00 -3.403007425915288817e-05 3.590232565617505040e-05 1.810147206739998182e-04 1.005101642915594562e+00 9.653031442860938727e-01 1.045952937161554352e+00 0.000000000000000000e+00
7.041375347926120298e+00 1.760769481823449834e+00 2.467698229365019038e-06 1.000000000000000000e+00 -3.134547819786191573e-05 3.903505417681083905e-05 5.558722640309099461e-03 1.006873838273642630e+00 9.666863680029496031e-01 1.048133797129554790e+00 0.000000000000000000e+00
7.047247222918324283e+00 1.759302381555740702e+00 3.981338571987429240e-06 1.000000000000000000e+00 -2.981491126576100349e-05 4.055019914388149628e-05 1.448054410113286394e-02 1.004848746545815130e+00 9.649947896219950305e-01 1.045760473086290832e+00 0.000000000000000000e+00
7.053123994527200402e+00 1.757836503698584130e+00 4.130680795400351822e-06 1.000000000000000000e+00 -2.959875261297658907e-05 4.067423214246221916e-05 1.564525231316338250e-02 9.973488458538026791e-01 9.572908435251957782e-01 1.038482682812573943e+00 0.000000000000000000e+00
7.059005666836087656e+00 1.756371847233449524e+00 -1.023988645066869924e-06 -1.000000000000000000e+00 -3.454665548280979909e-05 3.538629273451520654e-05 9.563610015916879092e-04 9.980445619346743902e-01 9.582468934069623412e-01 1.038903485288661610e+00 0.000000000000000000e+00
7.064892243931729432e+00 1.754908411142653613e+00 -6.055067018253490126e-06 -1.000000000000000000e+00 -3.960255919554955031e-05 3.043037406838789663e-05 3.304789712871070151e-02 9.893134619352946801e-01 9.492890841706677074e-01 1.030417500105064832e+00 0.000000000000000000e+00
7.070783729904277948e+00 1.753446194409361780e+00 -1.440544297309332450e-05 -1.000000000000000000e+00 -4.806788585940054305e-05 2.223783270845298686e-05 1.824389707859026544e-01 9.863936613673879306e-01 9.462564534953515905e-01 1.027618235800481727e+00 0.000000000000000000e+00
7.076680128847296025e+00 1.751985196017586288e+00 -2.404058386549280215e-05 -1.000000000000000000e+00 -5.781881581096096209e-05 1.275718463004535264e-05 4.933168981719120438e-01 9.874907739269785933e-01 9.475428320613105138e-01 1.028513460962660719e+00 0.000000000000000000e+00
7.082581444857760644e+00 1.750525414952186498e+00 -2.772309736496958413e-05 -1.000000000000000000e+00 -6.161763527561637610e-05 9.266897406186829492e-06 6.464476122612552444e-01 9.762235654421701492e-01 9.360874219643475769e-01 1.017455333221381375e+00 0.000000000000000000e+00
7.088487682036063831e+00 1.749066850198867318e+00 -3.066553944353018818e-05 -1.000000000000000000e+00 -6.438358029046805850e-05 6.210130752459549054e-06 7.899372761220604389e-01 9.756081880436202614e-01 9.353806129070366682e-01 1.016936210469190804e+00 0.000000000000000000e+00
7.094398844486017985e+00 1.747609500744178535e+00 -2.932919540677330887e-05 -1.000000000000000000e+00 -6.280937427160769864e-05 7.339851644514440535e-06 7.305619156960858618e-01 9.750294527959562085e-01 9.348786370600299378e-01 1.016278120862559753e+00 0.000000000000000000e+00
7.100314936314857661e+00 1.746153365575515037e+00 -2.499434797469998664e-05 -1.000000000000000000e+00 -5.842149318955204546e-05 1.162541366768911406e-05 5.362522071064290685e-01 9.749157270916346540e-01 9.347002777904127591e-01 1.016234458682556241e+00 0.000000000000000000e+00
7.106235961633242226e+00 1.744698443681114597e+00 -1.825455969533528667e-05 -1.000000000000000000e+00 -5.195138611322290122e-05 1.862168290361169106e-05 2.863693763181913710e-01 9.723683975334023177e-01 9.322407386834059562e-01 1.013597617448879440e+00 0.000000000000000000e+00
7.112161924555259418e+00 1.743244734050058975e+00 -5.535725406982996390e-06 -1.000000000000000000e+00 -3.994623989408495714e-05 3.206766811860028315e-05 2.616875436986276782e-02 9.522794548781222668e-01 9.124127964703729887e-01 9.932548185138777574e-01 0.000000000000000000e+00
7.118092829198427118e+00 1.741792235672271039e+00 3.199290121985990468e-06 1.000000000000000000e+00 -3.209473878922373480e-05 4.166893398861010699e-05 8.544820446537926273e-03 9.474946872050010738e-01 9.072981985950488992e-01 9.888236419325575621e-01 0.000000000000000000e+00
7.124028679683696907e+00 1.740340947538516092e+00 1.418610182468422756e-05 1.000000000000000000e+00 -2.198966447925150116e-05 5.351084124294090249e-05 1.645599411953782010e-01 9.371151085208784259e-01 8.973559376716759850e-01 9.779969780302479876e-01 0.000000000000000000e+00
7.129969480135457616e+00 1.738890868640399878e+00 2.328528363663983513e-05 1.000000000000000000e+00 -1.357681370101142035e-05 6.327866406187311675e-05 4.370271792502222752e-01 9.337139320050797942e-01 8.938776306613440692e-01 9.746820972683621909e-01 0.000000000000000000e+00
7.135915234681537100e+00 1.737441997970369245e+00 3.197333718242569136e-05 1.000000000000000000e+00 -5.295390789337273791e-06 7.238597390869759020e-05 8.215570824550653128e-01 9.305219878405934786e-01 8.907664279602347523e-01 9.714083478484810685e-01 0.000000000000000000e+00
7.141865947453204910e+00 1.735994334521709703e+00 3.905813595224299134e-05 1.000000000000000000e+00 1.552073724287228776e-06 7.972626448609424204e-05 1.229342200683397834e+00 9.292385657781242481e-01 8.893961373773582313e-01 9.702176778034909965e-01 0.000000000000000000e+00
7.147821622585176726e+00 1.734547877288545648e+00 4.510841654107422522e-05 1.000000000000000000e+00 7.370863482869230616e-06 8.601045241728418945e-05 1.644013296450687278e+00 9.264398008225630532e-01 8.862792530845604588e-01 9.677585947242111075e-01 0.000000000000000000e+00
7.153782264215615250e+00 1.733102625265839913e+00 4.986905803036914499e-05 1.000000000000000000e+00 1.192079165145785579e-05 9.098098080869017855e-05 2.004849612161066830e+00 9.219473629541899973e-01 8.821439754756724705e-01 9.628946100892603610e-01 0.000000000000000000e+00
7.159747876486134643e+00 1.731658577449392222e+00 5.231535424928510124e-05 1.000000000000000000e+00 1.404128380837474713e-05 9.375227934782650674e-05 2.185984509988166735e+00 9.187200780444498838e-01 8.785642566708173895e-01 9.600386905145100735e-01 0.000000000000000000e+00
7.165718463541802308e+00 1.730215732835839626e+00 5.111071313262336444e-05 1.000000000000000000e+00 1.261704504222793422e-05 9.278060584925713146e-05 2.054748284742622388e+00 9.211261340408414267e-01 8.811488476594647734e-01 9.622569163165644035e-01 0.000000000000000000e+00
7.171694029531142434e+00 1.728774090422655174e+00 4.829986932064515230e-05 1.000000000000000000e+00 9.616185644948155504e-06 9.016956311499004558e-05 1.810400270665581957e+00 9.231946990158619304e-01 8.827513001095590450e-01 9.648157840893665238e-01 0.000000000000000000e+00
7.177674578606138667e+00 1.727333649208146804e+00 4.259667538910270055e-05 1.000000000000000000e+00 3.979799226059672565e-06 8.441003003277378026e-05 1.395938863454020407e+00 9.300130175688579026e-01 8.892729377943268121e-01 9.719395444632185077e-01 0.000000000000000000e+00
7.183660114922237661e+00 1.725894408191456675e+00 3.606287726941078255e-05 1.000000000000000000e+00 -2.212874409290442775e-06 7.756016898801663701e-05 1.001048814645777441e+00 9.363577059809375935e-01 8.957676577886712899e-01 9.781180427979767611e-01 0.000000000000000000e+00
7.189650642638349964e+00 1.724456366372562499e+00 3.097335651923890492e-05 1.000000000000000000e+00 -6.907975490773824313e-06 7.211399038546469791e-05 7.459628194641538812e-01 9.359936060740763342e-01 8.950332436134700309e-01 9.781425247861958994e-01 0.000000000000000000e+00
7.195646165916856241e+00 1.723019522752273547e+00 2.204852203543327630e-05 1.000000000000000000e+00 -1.524275175242226232e-05 6.265821738976174555e-05 3.802729216779638932e-01 9.464863829403913353e-01 9.056070527243871293e-01 9.885369043213499962e-01 0.000000000000000000e+00
7.201646688923606376e+00 1.721583876332232421e+00 1.386497824311977573e-05 1.000000000000000000e+00 -2.309451211106630078e-05 5.418300597398197614e-05 1.502008070889218061e-01 9.539123983810156027e-01 9.124773433571132797e-01 9.965409311528874436e-01 0.000000000000000000e+00
7.207652215827925701e+00 1.720149426114913060e+00 7.943613603099232410e-06 1.000000000000000000e+00 -2.901627930806102896e-05 4.830161805287641228e-05 4.867416480578867777e-02 9.545802137396619536e-01 9.129455596232542991e-01 9.974174373121674764e-01 0.000000000000000000e+00
7.213662750802614987e+00 1.718716171103621404e+00 2.779635996265106656e-06 1.000000000000000000e+00 -3.449705757535977509e-05 4.350886479301280539e-05 5.800180630025408846e-03 9.565455851167972146e-01 9.148085121476452475e-01 9.994859763726313684e-01 0.000000000000000000e+00
7.219678298023954888e+00 1.717284110302493172e+00 -1.149418109612706048e-06 -1.000000000000000000e+00 -3.902013437082187195e-05 4.022054033120124784e-05 9.564052009380930031e-04 9.633039453590904744e-01 9.211890640886857273e-01 1.006633163104176942e+00 0.000000000000000000e+00
7.225698861671710382e+00 1.715853242716494531e+00 2.276344998788198130e-06 1.000000000000000000e+00 -3.641459476171177812e-05 4.447017061421271899e-05 3.638869232837294021e-03 9.620076673541033685e-01 9.198565525937765219e-01 1.005375672583111113e+00 0.000000000000000000e+00
7.231724445929129885e+00 1.714423567351419875e+00 1.375380107227182728e-05 1.000000000000000000e+00 -2.577093142313445398e-05 5.674949580664738773e-05 1.310393788288237715e-01 9.541875540636377551e-01 9.120122665246238602e-01 9.975912945800219367e-01 0.000000000000000000e+00
7.237755054982951464e+00 1.712995083213891823e+00 3.105207074750268467e-05 1.000000000000000000e+00 -9.157728537855145908e-06 7.470067446643409155e-05 6.709980955862278051e-01 9.436266291665906802e-01 9.012899149225694906e-01 9.872160887387523287e-01 0.000000000000000000e+00
7.243790693023404614e+00 1.711567789311361887e+00 4.792764118427505056e-05 1.000000000000000000e+00 7.308667784113330500e-06 9.197568269198314452e-05 1.614533907483107100e+00 9.417269957324139185e-01 8.997927596093018288e-01 9.848976656332060209e-01 0.000000000000000000e+00
7.249831364244212040e+00 1.710141684652107807e+00 6.462860957700381523e-05 1.000000000000000000e+00 2.349729165827704026e-05 1.091627679345569507e-04 2.957145287601726125e+00 9.408921024868697192e-01 8.988924526679988869e-01 9.841360813178859912e-01 0.000000000000000000e+00
7.255877072842594977e+00 1.708716768245233997e+00 8.376447581343691583e-05 1.000000000000000000e+00 4.191252299820705338e-05 1.289786987495565584e-04 4.989212114160665124e+00 9.272567389579092767e-01 8.851660904946521136e-01 9.706176648815872943e-01 0.000000000000000000e+00
7.261927823019274086e+00 1.707293039100669763e+00 9.698497275160165908e-05 1.000000000000000000e+00 5.455795438963208195e-05 1.427274523565155175e-04 6.648711942605665115e+00 9.222122490725597199e-01 8.805346542206701210e-01 9.651459095547199052e-01 0.000000000000000000e+00
7.267983618978473004e+00 1.705870496229170197e+00 1.018001476989556129e-04 1.000000000000000000e+00 5.893333080717815220e-05 1.479411477610465475e-04 7.226634153216295431e+00 9.294252996144343193e-01 8.871760045677988815e-01 9.729585988155534659e-01 0.000000000000000000e+00
7.274044464927921894e+00 1.704449138642313732e+00 1.004251910374974276e-04 1.000000000000000000e+00 5.743242532992021143e-05 1.466943205612538672e-04 6.946068150625514193e+00 9.386267230759938185e-01 8.964566572287822055e-01 9.820649537564899445e-01 0.000000000000000000e+00
7.280110365078859225e+00 1.703028965352503699e+00 9.463298311202188293e-05 1.000000000000000000e+00 5.169242741820328715e-05 1.408919912908043011e-04 6.129889726380859827e+00 9.430912383945291300e-01 9.003822313962209778e-01 9.870932387934000518e-01 0.000000000000000000e+00
7.286181323646034436e+00 1.701609975372965211e+00 8.232629106303279048e-05 1.000000000000000000e+00 3.978520149876642927e-05 1.282709490570816649e-04 4.615120269529946029e+00 9.512147393808616513e-01 9.085965950801008217e-01 9.951067534053589236e-01 0.000000000000000000e+00
7.292257344847713263e+00 1.700192167717745617e+00 6.757309307371977723e-05 1.000000000000000000e+00 2.547271457919494519e-05 1.131710556785999865e-04 3.094544265100310554e+00 9.539237916264093897e-01 9.107808861146050594e-01 9.983644999599905479e-01 0.000000000000000000e+00
7.298338432905678630e+00 1.698775541401714717e+00 4.655823424912091828e-05 1.000000000000000000e+00 5.007608276186718333e-06 9.168452016470274529e-05 1.445899221241916166e+00 9.676767272810102849e-01 9.240183662864798197e-01 1.012642781913634327e+00 0.000000000000000000e+00
7.304424592045234199e+00 1.697360095440562322e+00 2.624034644316270757e-05 1.000000000000000000e+00 -1.490286038595463815e-05 7.100820625128462813e-05 4.494298382960337790e-01 9.754816620688381290e-01 9.316012930995141161e-01 1.020670962725928721e+00 0.000000000000000000e+00
7.310515826495206149e+00 1.695945828850798032e+00 5.998112051323904548e-06 1.000000000000000000e+00 -3.476833575008835225e-05 5.045337602910565953e-05 2.293987665475327731e-02 9.854761940571565848e-01 9.411351807059226138e-01 1.031138706068774002e+00 0.000000000000000000e+00
7.316612140487947613e+00 1.694532740649751679e+00 -9.182213057251707887e-06 -1.000000000000000000e+00 -4.945771299273558935e-05 3.485222983458421665e-05 5.319318258169403180e-02 9.912177263254742243e-01 9.467454760760110055e-01 1.037009827452220145e+00 0.000000000000000000e+00
7.322713538259342236e+00 1.693120829855571774e+00 -1.402964960006067025e-05 -1.000000000000000000e+00 -5.379173677840490178e-05 2.956312301855926894e-05 1.254938700328409595e-01 9.845992075461363902e-01 9.401251003111620319e-01 1.030400051026642894e+00 0.000000000000000000e+00
7.328820024048804171e+00 1.691710095487224841e+00 -1.628133122989055008e-05 -1.000000000000000000e+00 -5.549918472563149105e-05 2.680149438295698641e-05 1.716956630535833028e-01 9.900130979473070747e-01 9.453284194668030160e-01 1.036031516377974748e+00 0.000000000000000000e+00
7.334931602099284298e+00 1.690300536564494527e+00 -1.099130170613382290e-05 -1.000000000000000000e+00 -5.007451663586986307e-05 3.190504314276643215e-05 7.949518761268592471e-02 9.879868833661855643e-01 9.434362391698432049e-01 1.033870919344075157e+00 0.000000000000000000e+00
7.341048276657271110e+00 1.688892152107981603e+00 -4.063232648698588907e-06 -1.000000000000000000e+00 -4.327132224202773209e-05 3.884579745899455547e-05 1.097554707535408625e-02 9.896839523446712139e-01 9.449765055359367061e-01 1.035738993143416442e+00 0.000000000000000000e+00
7.347170051972794269e+00 1.687484941139102412e+00 4.906296492507761861e-06 1.000000000000000000e+00 -3.443369304902225156e-05 4.787040899320854360e-05 1.619881137478529354e-02 9.863138401036239955e-01 9.417602750530024158e-01 1.032215554354325660e+00 0.000000000000000000e+00
7.353296932299427269e+00 1.686078902680089531e+00 1.300394453247314868e-05 1.000000000000000000e+00 -2.639041300342791473e-05 5.601827154406782152e-05 1.153558272140600138e-01 9.801527121649953322e-01 9.356035009333316665e-01 1.026059859690469311e+00 0.000000000000000000e+00
7.359428921894291875e+00 1.684674035753989330e+00 1.512139902615780164e-05 1.000000000000000000e+00 -2.426933405411971789e-05 5.816549921939047254e-05 1.566666752321168588e-01 9.835477822251480484e-01 9.384912870877888391e-01 1.029988537675977200e+00 0.000000000000000000e+00
7.365566025018059015e+00 1.683270339384662417e+00 1.253814760262558800e-05 1.000000000000000000e+00 -2.682308363092505824e-05 5.559349245451303484e-05 1.068946338534999541e-01 9.903739220731861970e-01 9.454605090055911987e-01 1.036653400762189925e+00 0.000000000000000000e+00
7.371708245934952330e+00 1.681867812596783196e+00 6.928091737262052289e-06 1.000000000000000000e+00 -3.261532608189887406e-05 5.018371680297746508e-05 3.203478562253536666e-02 9.949291768328151209e-01 9.493971657857682711e-01 1.041858124814176945e+00 0.000000000000000000e+00
7.377855588912752616e+00 1.680466454415837863e+00 -2.705091349437858867e-06 -1.000000000000000000e+00 -4.235054814027147343e-05 4.069929682088001304e-05 4.752334154176196535e-03 1.002542988065260543e+00 9.570677270867887776e-01 1.049398709865693391e+00 0.000000000000000000e+00
7.384008058222798709e+00 1.679066263868125519e+00 -1.386093620997152740e-05 -1.000000000000000000e+00 -5.357904751062849801e-05 2.966352493727211439e-05 1.217739636377714874e-01 1.009308162041174128e+00 9.631321819083701330e-01 1.056896547117459173e+00 0.000000000000000000e+00
7.390165658139991045e+00 1.677667239980756175e+00 -2.555580241329975092e-05 -1.000000000000000000e+00 -6.499106577965021536e-05 1.775616852878274029e-05 4.085061213824374704e-01 1.018416318549298705e+00 9.718051996781343904e-01 1.066451114183962101e+00 0.000000000000000000e+00
7.396328392942796093e+00 1.676269381781650081e+00 -3.334281966396421168e-05 -1.000000000000000000e+00 -7.224985221177640017e-05 9.462230143488249679e-06 6.987182962075308978e-01 1.021325040901059689e+00 9.746859547239877797e-01 1.069385790265491298e+00 0.000000000000000000e+00
7.402496266913247247e+00 1.674872688299538392e+00 -3.843971289196316290e-05 -1.000000000000000000e+00 -7.661941168734802301e-05 3.641945313201727847e-06 9.464916645577190479e-01 1.023835374476876003e+00 9.769954929332783644e-01 1.072108626566817824e+00 0.000000000000000000e+00
7.408669284336948380e+00 1.673477158563960288e+00 -4.129941359117808905e-05 -1.000000000000000000e+00 -7.863155603183149894e-05 -7.779731228167393632e-08 1.123885586119214963e+00 1.024842172858606792e+00 9.780882648966099380e-01 1.073026018844452034e+00 0.000000000000000000e+00
7.414847449503079169e+00 1.672082791605264962e+00 -4.428735022228415475e-05 -1.000000000000000000e+00 -8.081099078862679524e-05 -3.867362449404347343e-06 1.327422747862762265e+00 1.026755108063632793e+00 9.798410601639390149e-01 1.075108636384892735e+00 0.000000000000000000e+00
7.421030766704393322e+00 1.670689586454608300e+00 -4.956502449636957712e-05 -1.000000000000000000e+00 -8.546536299008667412e-05 -9.754793577259178602e-06 1.685692650637527379e+00 1.031478655327670246e+00 9.843048622674067660e-01 1.080102671627794386e+00 0.000000000000000000e+00
7.427219240237226572e+00 1.669297542143953983e+00 -5.674585343841652825e-05 -1.000000000000000000e+00 -9.229742990174670265e-05 -1.725881427496242905e-05 2.202527659657228298e+00 1.034089797749475403e+00 9.868712483499788579e-01 1.082758099708352351e+00 0.000000000000000000e+00
7.433412874401496673e+00 1.667906657706072160e+00 -6.506347641723861006e-05 -1.000000000000000000e+00 -1.005578073715811098e-04 -2.558247628455592997e-05 2.845052540453195888e+00 1.031918999146996141e+00 9.844932151822227695e-01 1.080809127658361346e+00 0.000000000000000000e+00
7.439611673500706956e+00 1.666516932174539223e+00 -7.639757427780763399e-05 -1.000000000000000000e+00 -1.118863156142767983e-04 -3.685215119907193833e-05 3.813696546565211065e+00 1.036037096416518644e+00 9.884653184116755087e-01 1.085074221319589638e+00 0.000000000000000000e+00
7.445815641841948995e+00 1.665128364583736253e+00 -8.653352308892598137e-05 -1.000000000000000000e+00 -1.219530292939982873e-04 -4.696931794198004590e-05 4.781577245640065144e+00 1.040417031975041429e+00 9.924882127264504916e-01 1.089825518921195835e+00 0.000000000000000000e+00
7.452024783735907043e+00 1.663740953968849468e+00 -9.176136611288334126e-05 -1.000000000000000000e+00 -1.268947349853381703e-04 -5.243521073538178352e-05 5.353057752152501791e+00 1.042143212677718811e+00 9.942023955985237471e-01 1.091561445075745374e+00 0.000000000000000000e+00
7.458239103496859812e+00 1.662354699365868660e+00 -9.303199487428244095e-05 -1.000000000000000000e+00 -1.276888321734679537e-04 -5.410312634262740033e-05 5.553581183823531831e+00 1.047306935604071620e+00 9.991103175730230435e-01 1.096988775078277190e+00 0.000000000000000000e+00
7.464458605442683137e+00 1.660969599811586539e+00 -9.103595634109236173e-05 -1.000000000000000000e+00 -1.256347694315702803e-04 -5.213143440492901999e-05 5.339703268968506222e+00 1.052423451904917817e+00 1.003653093224486703e+00 1.102707488945169123e+00 0.000000000000000000e+00
7.470683293894854415e+00 1.659585654343599170e+00 -8.544778337273313388e-05 -1.000000000000000000e+00 -1.206107491216488402e-04 -4.599626928885993998e-05 4.650780433263236091e+00 1.050595701761649847e+00 1.002162173270418233e+00 1.100526410594786730e+00 0.000000000000000000e+00
7.476913173178454386e+00 1.658202862000304201e+00 -7.926018522063261063e-05 -1.000000000000000000e+00 -1.155156764621003459e-04 -3.878188506181204750e-05 3.901005862758040621e+00 1.051968389092511780e+00 1.002953488594827469e+00 1.102515608068402653e+00 0.000000000000000000e+00
7.483148247622170679e+00 1.656821221820899526e+00 -6.919999411502083847e-05 -1.000000000000000000e+00 -1.065432887505743132e-04 -2.760531074583445717e-05 2.899467160589608739e+00 1.046880534827935305e+00 9.982543264142353934e-01 1.097021959687226378e+00 0.000000000000000000e+00
7.489388521558299594e+00 1.655440732845385288e+00 -5.714979744019398793e-05 -1.000000000000000000e+00 -9.570390953557218500e-05 -1.429960558835221727e-05 1.931016093155541569e+00 1.041636346554945636e+00 9.925861680318864844e-01 1.092233116267701032e+00 0.000000000000000000e+00
7.495633999322752317e+00 1.654061394114560324e+00 -4.743238765351095153e-05 -1.000000000000000000e+00 -8.718029251022000031e-05 -3.382322380464319823e-06 1.292708288383785487e+00 1.048932935190286297e+00 9.994655578675474272e-01 1.099961651755979597e+00 0.000000000000000000e+00
7.501884685255054031e+00 1.652683204670022832e+00 -3.289080483889993801e-05 -1.000000000000000000e+00 -7.393187987801341982e-05 1.237730623526294435e-05 6.090503443535624228e-01 1.043360248472046559e+00 9.940073996071419060e-01 1.094276658629078192e+00 0.000000000000000000e+00
7.508140583698349246e+00 1.651306163554170148e+00 -2.143329786755936980e-05 -1.000000000000000000e+00 -6.340956742078547668e-05 2.472607752990033970e-05 2.548582841715187897e-01 1.048087165182200131e+00 9.984070507441034081e-01 1.099347213834061199e+00 0.000000000000000000e+00
7.514401698999403578e+00 1.649930269810196748e+00 -8.364996142182846609e-06 -1.000000000000000000e+00 -5.094804128328354160e-05 3.843481144722045700e-05 3.875279746587523277e-02 1.043136066819638774e+00 9.936180600404630470e-01 1.094232073431729235e+00 0.000000000000000000e+00
7.520668035508609073e+00 1.648555522482095359e+00 2.392368457451337260e-06 1.000000000000000000e+00 -4.070627145165432628e-05 4.978559837175351878e-05 3.163779349229400850e-03 1.037189494068689655e+00 9.875962595813380096e-01 1.088371888745621519e+00 0.000000000000000000e+00
7.526939597579984209e+00 1.647181920614653627e+00 6.972534625218180734e-06 1.000000000000000000e+00 -3.665265504824589130e-05 5.496039399437883873e-05 2.643351317502151687e-02 1.041556687974776851e+00 9.921615438030186862e-01 1.092519831651884488e+00 0.000000000000000000e+00
7.533216389571179228e+00 1.645809463253457006e+00 1.237065962857383229e-05 1.000000000000000000e+00 -3.220371340072653065e-05 6.132858346416780173e-05 8.109354607827867767e-02 1.034078179487430749e+00 9.842649975007884411e-01 1.085496151015043376e+00 0.000000000000000000e+00
7.539498415843477019e+00 1.644438149444884756e+00 1.021940872507041907e-05 1.000000000000000000e+00 -3.530536966043957582e-05 6.013778185875225807e-05 5.308092835589661718e-02 1.044410432361944974e+00 9.940225206306350092e-01 1.096422589188927654e+00 0.000000000000000000e+00
7.545785680761798453e+00 1.643067978236111282e+00 1.054142721927840633e-05 1.000000000000000000e+00 -3.592473849272932035e-05 6.146221503464306159e-05 5.442565171820490377e-02 1.044315585244294020e+00 9.938459505618343348e-01 1.096411321792191584e+00 0.000000000000000000e+00
7.552078188694705041e+00 1.641698948675104575e+00 1.232771869222685086e-05 1.000000000000000000e+00 -3.492607748318900420e-05 6.412358843269349044e-05 7.242473692516426809e-02 1.042217786038484695e+00 9.914782479634327572e-01 1.094598930453799746e+00 0.000000000000000000e+00
7.558375944014398939e+00 1.640331059810627101e+00 1.587428112794983187e-05 1.000000000000000000e+00 -3.191960067676904371e-05 6.824992740097409350e-05 1.182436076407356040e-01 1.040925505865571088e+00 9.902079144842179659e-01 1.093283763922604512e+00 0.000000000000000000e+00
7.564678951096730941e+00 1.638964310692231585e+00 2.010775116407926394e-05 1.000000000000000000e+00 -2.803736170919700734e-05 7.281975719990049995e-05 1.885843354847196451e-01 1.044617159353259606e+00 9.935859663344174253e-01 1.097304677353365010e+00 0.000000000000000000e+00
7.570987214321198699e+00 1.637598700370265004e+00 2.838143676015174533e-05 1.000000000000000000e+00 -1.998833154592579017e-05 8.135087820138235475e-05 3.769256507997837957e-01 1.041589250027946223e+00 9.906971669083384224e-01 1.094137202033767853e+00 0.000000000000000000e+00
7.577300738070952946e+00 1.636234227895864146e+00 3.883971212842515645e-05 1.000000000000000000e+00 -9.875248002374464981e-06 9.218265425756883642e-05 7.094066261708107390e-01 1.033927063063277751e+00 9.830145634795328657e-01 1.086509504005269244e+00 0.000000000000000000e+00
7.583619526732800153e+00 1.634870892320956948e+00 4.711910476928986302e-05 1.000000000000000000e+00 -2.046141140161190724e-06 1.009084850769901621e-04 1.042457335806346919e+00 1.031430647031570613e+00 9.800458029634162571e-01 1.084522592479596703e+00 0.000000000000000000e+00
7.589943584697204315e+00 1.633508692698261822e+00 5.293030515656701069e-05 1.000000000000000000e+00 3.412577454685468935e-06 1.070377430013017857e-04 1.306974904605624488e+00 1.031792515781650543e+00 9.807631900082103282e-01 1.084509722700441658e+00 0.000000000000000000e+00
7.596272916358290495e+00 1.632147628081284996e+00 5.561117761406188584e-05 1.000000000000000000e+00 5.786298027668219761e-06 1.099836233362265687e-04 1.433503553654801976e+00 1.033651106525824481e+00 9.820301219372128410e-01 1.086999949802713639e+00 0.000000000000000000e+00
7.602607526113848380e+00 1.630787697524322288e+00 5.600493716133808322e-05 1.000000000000000000e+00 6.227793846725917213e-06 1.103532472278688791e-04 1.453324069811159802e+00 1.031477897469380123e+00 9.802737965736852965e-01 1.084387534034880529e+00 0.000000000000000000e+00
7.608947418365335835e+00 1.629428900082457776e+00 4.916028033785366290e-05 1.000000000000000000e+00 -3.062807132820261373e-07 1.032683098609612452e-04 1.119913564909438719e+00 1.039178720050081939e+00 9.872407049327815987e-01 1.092856780186061805e+00 0.000000000000000000e+00
7.615292597517878903e+00 1.628071234811562906e+00 4.035714738964921866e-05 1.000000000000000000e+00 -8.511682565576867907e-06 9.396783924002009261e-05 7.575937809307475845e-01 1.040364873205984475e+00 9.887593357358083201e-01 1.093684574064277770e+00 0.000000000000000000e+00
7.621643067980279795e+00 1.626714700768294497e+00 2.300332139054275959e-05 1.000000000000000000e+00 -2.517999658447810245e-05 7.598429318492735463e-05 2.446544758777093875e-01 1.056817068602754039e+00 1.004239447692929943e+00 1.111145907837234548e+00 0.000000000000000000e+00
7.627998834165015118e+00 1.625359297010096737e+00 9.611602790917778591e-06 1.000000000000000000e+00 -3.803165048447457560e-05 6.207951647607879613e-05 4.258208745790881267e-02 1.050340157155374543e+00 9.976244410323679146e-01 1.104824552463505860e+00 0.000000000000000000e+00
7.634359900488242090e+00 1.624005022595198744e+00 -1.066852101708999292e-05 -1.000000000000000000e+00 -5.749144573356173660e-05 4.106811167735270937e-05 5.193711284488955471e-02 1.057901208577724850e+00 1.004989769414835532e+00 1.112580498045489197e+00 0.000000000000000000e+00
7.640726271369800315e+00 1.622651876582614117e+00 -3.030903506966591517e-05 -1.000000000000000000e+00 -7.608516067390225734e-05 2.053688442324756039e-05 4.182032378002631390e-01 1.060927611460694031e+00 1.007662743748024115e+00 1.115974565086751857e+00 0.000000000000000000e+00
7.647097951233216229e+00 1.621299858032140939e+00 -4.997208920803412305e-05 -1.000000000000000000e+00 -9.433165431993795528e-05 -3.314282067442064837e-07 1.141698126909425071e+00 1.068125352567143693e+00 1.014735391202643333e+00 1.123292981736630392e+00 0.000000000000000000e+00
7.653474944505703093e+00 1.619948966004359558e+00 -5.943147986966752869e-05 -1.000000000000000000e+00 -1.027976478237773139e-04 -1.065102136805709402e-05 1.635317670159437853e+00 1.052540987024076280e+00 9.992809382709436639e-01 1.107593850275223168e+00 0.000000000000000000e+00
7.659857255618167216e+00 1.618599199560634805e+00 -7.127402459685441534e-05 -1.000000000000000000e+00 -1.138496508452424604e-04 -2.322890286908587282e-05 2.351938648053327086e+00 1.056754482822669150e+00 1.003428519352710824e+00 1.111871971771595025e+00 0.000000000000000000e+00
7.666244889005210617e+00 1.617250557763112662e+00 -8.145668644937865000e-05 -1.000000000000000000e+00 -1.236125516701035826e-04 -3.376563384141219689e-05 3.041118691401585750e+00 1.071118542743759727e+00 1.017186598761053551e+00 1.126859431769632325e+00 0.000000000000000000e+00
7.672637849105131913e+00 1.615903039674720043e+00 -7.606045731644599695e-05 -1.000000000000000000e+00 -1.186957148735001460e-04 -2.776824370836527883e-05 2.630850789449489469e+00 1.053914548399201623e+00 9.997641219718660377e-01 1.109913490226010824e+00 0.000000000000000000e+00
7.679036140359931650e+00 1.614556644359165460e+00 -6.676667237830333451e-05 -1.000000000000000000e+00 -1.104290738945827501e-04 -1.739304446786796039e-05 1.987230717229024890e+00 1.043290664686125524e+00 9.897166523338947197e-01 1.098690743900521571e+00 0.000000000000000000e+00
7.685439767215314077e+00 1.613211370880937023e+00 -5.273275859642418512e-05 -1.000000000000000000e+00 -9.815206723548732415e-05 -1.764018926297817431e-06 1.209466729157448128e+00 1.037337335300960950e+00 9.832325791000793291e-01 1.093311903721715161e+00 0.000000000000000000e+00
7.691848734120691589e+00 1.611867218305303329e+00 -3.306753639579845198e-05 -1.000000000000000000e+00 -8.005124326380628488e-05 1.925199612782183933e-05 4.696246253822593530e-01 1.031000033294923623e+00 9.773993803939616809e-01 1.086430386606969556e+00 0.000000000000000000e+00
7.698263045529186499e+00 1.610524185698310351e+00 -1.153638275454915444e-05 -1.000000000000000000e+00 -5.965291012119931530e-05 4.189672207709931907e-05 5.719783210889772818e-02 1.027108921280686982e+00 9.730260763534924751e-01 1.083035659675146922e+00 0.000000000000000000e+00
7.704682705897634598e+00 1.609182272126782998e+00 1.400598335200216585e-05 1.000000000000000000e+00 -3.512780311153885116e-05 6.847232209745316518e-05 8.504304675784624123e-02 1.008860085929199624e+00 9.554629546266026896e-01 1.063865046770091416e+00 0.000000000000000000e+00
7.711107719686588702e+00 1.607841476658323998e+00 2.909508117167042054e-05 1.000000000000000000e+00 -2.106580016447933185e-05 8.456029134686356250e-05 3.640134206883871570e-01 1.014731005807448128e+00 9.606966614804206550e-01 1.070496301931996186e+00 0.000000000000000000e+00
7.717538091360320429e+00 1.606501798361312572e+00 4.507241685424030595e-05 1.000000000000000000e+00 -6.266483847027978782e-06 1.017355427760388640e-04 8.613335712140610667e-01 1.006591009749287835e+00 9.523439526336309191e-01 1.062449103043202170e+00 0.000000000000000000e+00
7.723973825386825531e+00 1.605163236304904206e+00 5.693601665443053889e-05 1.000000000000000000e+00 4.385416671123906936e-06 1.148168062172380094e-04 1.341254020860553453e+00 9.991879280130762098e-01 9.452680154002296442e-01 1.054532421214251503e+00 0.000000000000000000e+00
7.730414926237823892e+00 1.603825789559029547e+00 6.204317434409065298e-05 1.000000000000000000e+00 8.289342659964599679e-06 1.211234959001255412e-04 1.541495736727910071e+00 1.000515706423462881e+00 9.458754386138872317e-01 1.056646388646612422e+00 0.000000000000000000e+00
7.736861398388765743e+00 1.602489457194395728e+00 6.615259738760748012e-05 1.000000000000000000e+00 1.149710298767587759e-05 1.262007902359808505e-04 1.706740975878453526e+00 9.936120155625743910e-01 9.392314297219209740e-01 1.049272284344359818e+00 0.000000000000000000e+00
7.743313246318833443e+00 1.601154238282482378e+00 6.419016074593627652e-05 1.000000000000000000e+00 8.999294367382309979e-06 1.248304365588507648e-04 1.574589168216533608e+00 9.949249024956583476e-01 9.398551632486707996e-01 1.051341589628438822e+00 0.000000000000000000e+00
7.749770474510944140e+00 1.599820131895543396e+00 6.154149805032935747e-05 1.000000000000000000e+00 6.364887629094095780e-06 1.223075323094068327e-04 1.438219128698669635e+00 9.907150010338040547e-01 9.359718357349163798e-01 1.046659614136148830e+00 0.000000000000000000e+00
7.756233087451753327e+00 1.598487137106606282e+00 6.033045054231005709e-05 1.000000000000000000e+00 5.247462815178372062e-06 1.210951231332237153e-04 1.390683888368684507e+00 9.772960957256515702e-01 9.220005214670958793e-01 1.033815849348620697e+00 0.000000000000000000e+00
7.762701089631657503e+00 1.597155252989470364e+00 4.884915413400944237e-05 1.000000000000000000e+00 -5.463672208932727982e-06 1.090066900565361970e-04 9.109088755304384222e-01 9.903413048388305384e-01 9.353697638850904106e-01 1.046528428728712878e+00 0.000000000000000000e+00
7.769174485544799502e+00 1.595824478618706577e+00 3.923715018287988944e-05 1.000000000000000000e+00 -1.469121716643689097e-05 9.903319787245299982e-05 5.862090478083743506e-01 9.963967094117562873e-01 9.408217270762342377e-01 1.053409540421040402e+00 0.000000000000000000e+00
7.775653279689067610e+00 1.594494813069657235e+00 3.256024758857590937e-05 1.000000000000000000e+00 -2.123952408239852943e-05 9.235828859271482869e-05 4.002521993812777623e-01 9.934319192566543055e-01 9.375054701032980997e-01 1.050731085668261899e+00 0.000000000000000000e+00
7.782137476566102663e+00 1.593166255418435151e+00 2.429700077523372985e-05 1.000000000000000000e+00 -2.958378789309854001e-05 8.427676685303487996e-05 2.183282926933642898e-01 9.965336432675079292e-01 9.405941452634845046e-01 1.053943940980359262e+00 0.000000000000000000e+00
7.788627080681298942e+00 1.591838804741922297e+00 1.781494880731256279e-05 1.000000000000000000e+00 -3.651037861848658022e-05 7.834390341349790551e-05 1.141891797622136551e-01 9.990170246371254947e-01 9.426510548129207745e-01 1.056926334897857700e+00 0.000000000000000000e+00
7.795122096543806833e+00 1.590512460117771143e+00 1.493428094643844079e-05 1.000000000000000000e+00 -4.005597220187410171e-05 7.622149420819415819e-05 7.795094328092488922e-02 1.000114362904503951e+00 9.436877392394927844e-01 1.058108027755240599e+00 0.000000000000000000e+00
7.801622528666539047e+00 1.589187220624400876e+00 1.134691161200417071e-05 1.000000000000000000e+00 -4.431990964413603737e-05 7.335401092494205186e-05 4.367958105437708127e-02 1.015747255584444897e+00 9.588028653172422366e-01 1.074566597925753264e+00 0.000000000000000000e+00
7.808128381566169729e+00 1.587863085341000069e+00 2.010557490398230448e-05 1.000000000000000000e+00 -3.652674488912865936e-05 8.307880922006186965e-05 1.348645339568719237e-01 1.012631930975893546e+00 9.557319435435884802e-01 1.071360259544040128e+00 0.000000000000000000e+00
7.814639659763139790e+00 1.586540053347523793e+00 3.605199041996543272e-05 1.000000000000000000e+00 -2.167777157039922208e-05 1.000549078029098311e-04 4.309288195672209554e-01 1.003785088192676422e+00 9.466253423157523494e-01 1.062630029812291044e+00 0.000000000000000000e+00
7.821156367781661345e+00 1.585218123724693617e+00 5.364909647165728296e-05 1.000000000000000000e+00 -5.013752442449751867e-06 1.185779552503541865e-04 9.538566017332499314e-01 9.994307999626130812e-01 9.416587803651570443e-01 1.058827421209957986e+00 0.000000000000000000e+00
7.827678510149716828e+00 1.583897295553998275e+00 7.296562702523734533e-05 1.000000000000000000e+00 1.345939814912530349e-05 1.387780853505152755e-04 1.766742912097420515e+00 9.935616030593067416e-01 9.362840512630571377e-01 1.052311333370780533e+00 0.000000000000000000e+00
7.834206091399066985e+00 1.582577567917689887e+00 8.909515066889398709e-05 1.000000000000000000e+00 2.849717561231950139e-05 1.560202263354999708e-04 2.613021167631643493e+00 9.954743643039063450e-01 9.375429869330816901e-01 1.054961900288907239e+00 0.000000000000000000e+00
7.840739116065250869e+00 1.581258939898786631e+00 1.089525454432801788e-04 1.000000000000000000e+00 4.692470130786930782e-05 1.773985391236507767e-04 3.850127033142548783e+00 9.837401753663790327e-01 9.262646965425105350e-01 1.042567057030025834e+00 0.000000000000000000e+00
7.847277588687588512e+00 1.579941410581070071e+00 1.195395856206598570e-04 1.000000000000000000e+00 5.600513029982758515e-05 1.894126205890307073e-04 4.487109139885752995e+00 9.935711874096040397e-01 9.352962414391702284e-01 1.053394190443555978e+00 0.000000000000000000e+00
7.853821513809187138e+00 1.578624979049085830e+00 1.281877564486437254e-04 1.000000000000000000e+00 6.325128488008694935e-05 1.993914306547695382e-04 4.976180108219850240e+00 1.003002268865119451e+00 9.450073463421985176e-01 1.062771761184397423e+00 0.000000000000000000e+00
7.860370895976941163e+00 1.577309644388141585e+00 1.379977461102228128e-04 1.000000000000000000e+00 7.169788890300898127e-05 2.105186237994901774e-04 5.610005998859620036e+00 1.001643695358650721e+00 9.429057514751190139e-01 1.062179150775314218e+00 0.000000000000000000e+00
7.866925739741537527e+00 1.575995405684307737e+00 1.453229057885834093e-04 1.000000000000000000e+00 7.827833141136937448e-05 2.186176287476135956e-04 6.129180832427117309e+00 9.974944992979459801e-01 9.391793017249158160e-01 1.057512781151192627e+00 0.000000000000000000e+00
7.873486049657457464e+00 1.574682262024415857e+00 1.440364973578907130e-04 1.000000000000000000e+00 7.679618853983592589e-05 2.176132443764032466e-04 5.983882000202115137e+00 1.005625178170806544e+00 9.465613917537727406e-01 1.066608523806478193e+00 0.000000000000000000e+00
7.880051830282980951e+00 1.573370212496058462e+00 1.409244352860762888e-04 1.000000000000000000e+00 7.405637220843982061e-05 2.142674392814882195e-04 5.759907099135354258e+00 1.008141540540250292e+00 9.495186442223737533e-01 1.068714564688213242e+00 0.000000000000000000e+00
7.886623086180188480e+00 1.572059256187587906e+00 1.312758440763918768e-04 1.000000000000000000e+00 6.497402147855513201e-05 2.041617806095623810e-04 5.019837239158633224e+00 1.019274167031194889e+00 9.598301851507071714e-01 1.080874232668408208e+00 0.000000000000000000e+00
7.893199821914964609e+00 1.570749392188117488e+00 1.203412262702278880e-04 1.000000000000000000e+00 5.460591008819509567e-05 1.927242135882365273e-04 4.220235086081068232e+00 1.026055290822138311e+00 9.661730004045866460e-01 1.088189430363844856e+00 0.000000000000000000e+00
7.899782042057002407e+00 1.569440619587517682e+00 1.074096704438607080e-04 1.000000000000000000e+00 4.216159001348277803e-05 1.793217642498939738e-04 3.339338211951861979e+00 1.030879507824696395e+00 9.709037574729915132e-01 1.093146644678528290e+00 0.000000000000000000e+00
7.906369751179806116e+00 1.568132937476418354e+00 8.924270639005746093e-05 1.000000000000000000e+00 2.450248804030608833e-05 1.606342068377124787e-04 2.274946027404894267e+00 1.042948183483361824e+00 9.822642928270602924e-01 1.105993176859914273e+00 0.000000000000000000e+00
7.912962953860692039e+00 1.566826344946206540e+00 7.077746992579423107e-05 1.000000000000000000e+00 6.798432645862358039e-06 1.414278402941138179e-04 1.421501053918824198e+00 1.049686461737032950e+00 9.887985872470673732e-01 1.112937649463938472e+00 0.000000000000000000e+00
7.919561654680794760e+00 1.565520841089027337e+00 5.403772707079834752e-05 1.000000000000000000e+00 -8.775876137255935513e-06 1.236126446059102296e-04 8.365883945674852384e-01 1.048406293624080110e+00 9.871947548094506253e-01 1.112007079707080903e+00 0.000000000000000000e+00
7.926165858225068916e+00 1.564216424997781019e+00 3.442122145501448388e-05 1.000000000000000000e+00 -2.650134294482957368e-05 1.022632479388372332e-04 3.469651136035452055e-01 1.055535308715805476e+00 9.942268122014128462e-01 1.119222175136723507e+00 0.000000000000000000e+00
7.932775569082291867e+00 1.562913095766124583e+00 2.551843236723280839e-05 1.000000000000000000e+00 -3.365823557188755359e-05 9.172094769726827246e-05 1.983672991524159102e-01 1.034898178451691519e+00 9.738820786954202058e-01 1.098288692397870969e+00 0.000000000000000000e+00
7.939390791845069018e+00 1.561610852488469980e+00 8.169781146104258015e-06 1.000000000000000000e+00 -4.901767614137048090e-05 7.247218944752864848e-05 2.087202985196512373e-02 1.041204398302423506e+00 9.801523187392043868e-01 1.104642148133934576e+00 0.000000000000000000e+00
7.946011531109834714e+00 1.560309694259983226e+00 -1.295066830247562334e-05 -1.000000000000000000e+00 -6.853890569037484302e-05 4.976115254991359899e-05 5.291404467818949797e-02 1.060770334008243942e+00 9.988547927495775580e-01 1.125101331638078683e+00 0.000000000000000000e+00
7.952637791476856677e+00 1.559009620176584621e+00 -2.707774913089418397e-05 -1.000000000000000000e+00 -8.183827430044123214e-05 3.483001046362031673e-05 2.316486419116898787e-01 1.060279969008366630e+00 9.975824353227674690e-01 1.125455974368738676e+00 0.000000000000000000e+00
7.959269577550237784e+00 1.557710629334948083e+00 -4.020911531300283342e-05 -1.000000000000000000e+00 -9.431247312154401852e-05 2.113602021561301967e-05 5.067673785540947051e-01 1.059402372201049936e+00 9.971089101737319327e-01 1.124142638105218417e+00 0.000000000000000000e+00
7.965906893937922284e+00 1.556412720832499597e+00 -5.601754671424244295e-05 -1.000000000000000000e+00 -1.096197062131624614e-04 4.946673388504973970e-06 9.682253960287567907e-01 1.073379554146548509e+00 1.009876546853127000e+00 1.139394659788028674e+00 0.000000000000000000e+00
7.972549745251694908e+00 1.555115893767417656e+00 -6.427367586058250560e-05 -1.000000000000000000e+00 -1.175702474317875436e-04 -3.616615018022343328e-06 1.264007791707200568e+00 1.077300213493786130e+00 1.014042840165524595e+00 1.142979180921202209e+00 0.000000000000000000e+00
7.979198136107187977e+00 1.553820147238631932e+00 -6.363714957851949311e-05 -1.000000000000000000e+00 -1.173469766230413871e-04 -2.974551053920284011e-06 1.241353220313243355e+00 1.070849536217671982e+00 1.006713493129096415e+00 1.137245093114161998e+00 0.000000000000000000e+00
7.985852071123881402e+00 1.552525480345822828e+00 -5.897052921694173280e-05 -1.000000000000000000e+00 -1.141307034686595652e-04 2.750339586254236916e-06 1.028553599350296111e+00 1.062228231240552434e+00 9.990772720307952159e-01 1.127919795317116058e+00 0.000000000000000000e+00
7.992511554925108008e+00 1.551231892189421036e+00 -5.058020598147632159e-05 -1.000000000000000000e+00 -1.080555123409632418e-04 1.350467716624393450e-05 7.012604582533654707e-01 1.047792807010983429e+00 9.845128864782023426e-01 1.113655405751207805e+00 0.000000000000000000e+00
7.999176592138056208e+00 1.549939381870606869e+00 -4.367839779361613943e-05 -1.000000000000000000e+00 -1.042803972587643205e-04 2.345419843147513865e-05 4.606622258112054169e-01 1.039100126993534712e+00 9.766293302164770207e-01 1.104104988508429086e+00 0.000000000000000000e+00
