# OBJ_NAME=4U 1323-619
#         GRID_START=6.00
#         GRID_END=8.00
#         GRID_STEP_FRACTION=0.50
#         XSPEC_FITSTAT=cstat
#         XSPEC_CONTINUUM_MODEL=tbabs*(bbodyrad + pow)*constant
#         XSPEC_LINE_MODEL=gauss
#         LINE_VELOCITY_WIDTH=500
#         INPUT_FILE=/home/simon/Downloads/tgcat/obs_14377_tgid_4625/pm_heg_abs1.pha
#         SEARCH_MODE=Sliding window
#         FIT_REGION_WIDTH=30.00
#         RUNTIME=69
#         COLUMN_NAMES=ENERGY,WAVELENGTH,NORM,NORM_SIGN,NORM_ERR_LO,NORM_ERR_HI,DELTA_FITSTAT,CONSTANT_FACTOR,CONSTANT_FACTOR_ERR_LO,CONSTANT_FACTOR_ERR_HI,FIT_ERR
6.000000000000000000e+00 2.066373137115381287e+00 -2.528883427467349331e-05 -1.000000000000000000e+00 -3.303128018657848361e-05 -1.698603115219747304e-05 8.988539944994002440e+00 9.670533563826478884e-01 9.413070465349764326e-01 9.932539753791452819e-01 0.000000000000000000e+00
6.005003461427972589e+00 2.064651403172383937e+00 -2.526018635826845593e-05 -1.000000000000000000e+00 -3.307841304546240010e-05 -1.688479620389577587e-05 8.863379008545635429e+00 9.648246285848756099e-01 9.389059468719275214e-01 9.912048194464142536e-01 0.000000000000000000e+00
6.010011095293655181e+00 2.062931103804642063e+00 -2.376007349324446899e-05 -1.000000000000000000e+00 -3.167001727217564667e-05 -1.529906873008655030e-05 7.786183933785395084e+00 9.616659452631899363e-01 9.359412136718406883e-01 9.878472328337656316e-01 0.000000000000000000e+00
6.015022905076486737e+00 2.061212237816845594e+00 -2.153010786831898506e-05 -1.000000000000000000e+00 -2.949377222077298705e-05 -1.301975404822120225e-05 6.420381137109984593e+00 9.633043698775247687e-01 9.375430211783960521e-01 9.895232691316081519e-01 0.000000000000000000e+00
6.020038894258807005e+00 2.059494804014679215e+00 -1.815048755487048016e-05 -1.000000000000000000e+00 -2.616068668882434695e-05 -9.597677890267843333e-06 4.626116580526712596e+00 9.586617002662343179e-01 9.327993922991577591e-01 9.849876520235897326e-01 0.000000000000000000e+00
6.025059066325860080e+00 2.057778801204824592e+00 -1.641373810368005048e-05 -1.000000000000000000e+00 -2.447199441972630857e-05 -7.815008478104154747e-06 3.787070229193659543e+00 9.658701725074257949e-01 9.398973966462833562e-01 9.923074698406711969e-01 0.000000000000000000e+00
6.030083424765796174e+00 2.056064228194956822e+00 -1.504349050479679660e-05 -1.000000000000000000e+00 -2.319658255839722924e-05 -6.350325383292966953e-06 3.144307409249918805e+00 9.686700644886644396e-01 9.428147950202773186e-01 9.949845099214166266e-01 0.000000000000000000e+00
6.035111973069674285e+00 2.054351083793744426e+00 -1.397847032368270866e-05 -1.000000000000000000e+00 -2.228656714422586941e-05 -5.126050185262676738e-06 2.651577779978580907e+00 9.666777309174974242e-01 9.406332060319910759e-01 9.931884443217607883e-01 0.000000000000000000e+00
6.040144714731465747e+00 2.052639366810848021e+00 -1.469836360037484241e-05 -1.000000000000000000e+00 -2.316637473121789303e-05 -5.678896000935493527e-06 2.824171348543927706e+00 9.774695183136503651e-01 9.512132893838907144e-01 1.004193600257595964e+00 0.000000000000000000e+00
6.045181653248054232e+00 2.050929076056921652e+00 -1.350785285176775834e-05 -1.000000000000000000e+00 -2.215121777417511907e-05 -4.310836421523211578e-06 2.320570422632698637e+00 9.732905978486868781e-01 9.472133799647476371e-01 9.998308351734096489e-01 0.000000000000000000e+00
6.050222792119239301e+00 2.049220210343609683e+00 -1.139108478387903602e-05 -1.000000000000000000e+00 -2.016282271510433309e-05 -2.068637446500848543e-06 1.633717899269868212e+00 9.685515264979113192e-01 9.423345235007565268e-01 9.952389475556447929e-01 0.000000000000000000e+00
6.055268134847740846e+00 2.047512768483544576e+00 -8.320883887801912269e-06 -1.000000000000000000e+00 -1.712703548412282238e-05 1.038173573046266874e-06 8.810723085065177429e-01 9.621792376998689056e-01 9.360285644908108438e-01 9.888010064509076269e-01 0.000000000000000000e+00
6.060317684939197314e+00 2.045806749290351334e+00 -5.908252575317308130e-06 -1.000000000000000000e+00 -1.470877401588453360e-05 3.445157238876927870e-06 4.506933809592652551e-01 9.624787286155633836e-01 9.363206480395056541e-01 9.891082541847763254e-01 0.000000000000000000e+00
6.065371445902172809e+00 2.044102151578641724e+00 -3.871077021887184485e-06 -1.000000000000000000e+00 -1.268956371927118842e-05 5.492835160701034764e-06 1.952618274843587187e-01 9.606685423334931917e-01 9.345572999404785364e-01 9.872506910652733003e-01 0.000000000000000000e+00
6.070429421248155322e+00 2.042398974164015168e+00 -3.144057210234593499e-06 -1.000000000000000000e+00 -1.199662171295231960e-05 6.250568628616956821e-06 1.285115006666615045e-01 9.611948940097693184e-01 9.350458579035942908e-01 9.878163628967755461e-01 0.000000000000000000e+00
6.075491614491562942e+00 2.040697215863058300e+00 -3.407912465369793220e-06 -1.000000000000000000e+00 -1.230655991396223938e-05 6.037620858348291131e-06 1.493057301447748841e-01 9.600160265280273109e-01 9.338346814443057031e-01 9.866710810132930387e-01 0.000000000000000000e+00
6.080558029149742971e+00 2.038996875493343186e+00 -4.883384973642237458e-06 -1.000000000000000000e+00 -1.383359471349624757e-05 4.625504306683153423e-06 3.003209433640421366e-01 9.613071154361433335e-01 9.350845651020253113e-01 9.880035718983422033e-01 0.000000000000000000e+00
6.085628668742976366e+00 2.037297951873428659e+00 -6.753516602353750276e-06 -1.000000000000000000e+00 -1.577862673904487889e-05 2.836885756462332921e-06 5.597379977025411790e-01 9.628700102568078512e-01 9.365548534759013943e-01 9.896609062268876267e-01 0.000000000000000000e+00
6.090703536794479511e+00 2.035600443822857208e+00 -8.123545630504282709e-06 -1.000000000000000000e+00 -1.722199789721561469e-05 1.543368514041055096e-06 7.924467740985221553e-01 9.641253661386538498e-01 9.377285739838042700e-01 9.910000460591451565e-01 0.000000000000000000e+00
6.095782636830406886e+00 2.033904350162153651e+00 -8.039052647335806739e-06 -1.000000000000000000e+00 -1.717577788839043157e-05 1.671121793783317161e-06 7.712067525163632808e-01 9.633629088472057678e-01 9.367704861193610899e-01 9.904402621092657233e-01 0.000000000000000000e+00
6.100865972379854618e+00 2.032209669712826461e+00 -6.590850612883423034e-06 -1.000000000000000000e+00 -1.571271792690898022e-05 3.106829189390871351e-06 5.229025703827261395e-01 9.626338293238747568e-01 9.362341177749516907e-01 9.895120942049933088e-01 0.000000000000000000e+00
6.105953546974859592e+00 2.030516401297367324e+00 -3.992702443038260035e-06 -1.000000000000000000e+00 -1.311150692154867975e-05 5.693376299080823976e-06 1.952778865378803630e-01 9.589106249796840453e-01 9.323948367158342299e-01 9.859120080251181362e-01 0.000000000000000000e+00
6.111045364150406556e+00 2.028824543739246700e+00 -1.586134784399221788e-06 -1.000000000000000000e+00 -1.068207944869684867e-05 8.064578504910218000e-06 3.142175729186647004e-02 9.560314178526586604e-01 9.295537634659019055e-01 9.829955591519035085e-01 0.000000000000000000e+00
6.116141427444425460e+00 2.027134095862917373e+00 -9.809925503932599113e-07 -1.000000000000000000e+00 -1.001326394071319197e-05 8.601833215624032314e-06 1.218794973509318424e-02 9.609753002323365711e-01 9.346268351632004423e-01 9.878040065885160814e-01 0.000000000000000000e+00
6.121241740397799447e+00 2.025445056493809570e+00 -1.769506289964082954e-06 -1.000000000000000000e+00 -1.074560127299643054e-05 7.760105758877582422e-06 3.990754956954845056e-02 9.649116498794682029e-01 9.383299056717941955e-01 9.919801468623605789e-01 0.000000000000000000e+00
6.126346306554362187e+00 2.023757424458334508e+00 -4.152434764617978030e-06 -1.000000000000000000e+00 -1.308831165580616714e-05 5.342912431251476466e-06 2.181671615391849173e-01 9.676857413054807955e-01 9.410212210599686600e-01 9.948382019130116438e-01 0.000000000000000000e+00
6.131455129460903208e+00 2.022071198583879958e+00 -8.672529029082699778e-06 -1.000000000000000000e+00 -1.759082984767489018e-05 8.118116344350158586e-07 9.285213403138214971e-01 9.758345150780225463e-01 9.489917329948581726e-01 1.003167548864481562e+00 0.000000000000000000e+00
6.136568212667169675e+00 2.020386377698810687e+00 -1.368248582760181883e-05 -1.000000000000000000e+00 -2.258767330093317438e-05 -4.204336751913313844e-06 2.248109204799675354e+00 9.802308820019804969e-01 9.532897626066584307e-01 1.007663067755933728e+00 0.000000000000000000e+00
6.141685559725869936e+00 2.018702960632467569e+00 -1.855963862639755266e-05 -1.000000000000000000e+00 -2.737551979015230065e-05 -9.155920357382946054e-06 4.074960291940200818e+00 9.865828784311068134e-01 9.594961431926463113e-01 1.014161821342397740e+00 0.000000000000000000e+00
6.146807174192673529e+00 2.017020946215167587e+00 -2.163307724821475004e-05 -1.000000000000000000e+00 -3.029040962256459668e-05 -1.237675261280234039e-05 5.575805985386381280e+00 9.913976772139884153e-01 9.642205079973013016e-01 1.019067428569069067e+00 0.000000000000000000e+00
6.151933059626216505e+00 2.015340333278202056e+00 -2.222272677561431837e-05 -1.000000000000000000e+00 -3.074349358371820240e-05 -1.310124643893812639e-05 5.998848620704961832e+00 9.918760561635024953e-01 9.647257560776707486e-01 1.019518060019872774e+00 0.000000000000000000e+00
6.157063219588101433e+00 2.013661120653835290e+00 -2.125563912422537459e-05 -1.000000000000000000e+00 -2.973303170945078110e-05 -1.217683898411754276e-05 5.559299216577599623e+00 9.918865205823834685e-01 9.647205526358768601e-01 1.019545111309154928e+00 0.000000000000000000e+00
6.162197657642900950e+00 2.011983307175305935e+00 -1.873815935400720249e-05 -1.000000000000000000e+00 -2.732115028125065801e-05 -9.554445331057971529e-06 4.305825205217828966e+00 9.862573436009467454e-01 9.591219304159982473e-01 1.013886949310789598e+00 0.000000000000000000e+00
6.167336377358160426e+00 2.010306891676824304e+00 -1.550820806531870541e-05 -1.000000000000000000e+00 -2.432279853398509249e-05 -6.100259600743644791e-06 2.892196547519787941e+00 9.813265999514045879e-01 9.540250414235018628e-01 1.009131019593586975e+00 0.000000000000000000e+00
6.172479382304400630e+00 2.008631872993570600e+00 -1.136643584993346848e-05 -1.000000000000000000e+00 -2.042982211608378068e-05 -1.712726554803669206e-06 1.520221842216329833e+00 9.763979582675460511e-01 9.493083446960484117e-01 1.003985256041047380e+00 0.000000000000000000e+00
6.177626676055119503e+00 2.006958249961698471e+00 -6.689788639394812927e-06 -1.000000000000000000e+00 -1.599836881124786349e-05 3.212422263212583160e-06 5.173489764866161522e-01 9.741999944875713302e-01 9.469184584008951688e-01 1.001986744194703460e+00 0.000000000000000000e+00
6.182778262186794827e+00 2.005286021418328790e+00 -1.423476882596802266e-06 -1.000000000000000000e+00 -1.097522679862068836e-05 8.722167291833976083e-06 2.307077881710029033e-02 9.716754043197427526e-01 9.443785096752386199e-01 9.994790275819199765e-01 0.000000000000000000e+00
6.187934144278887771e+00 2.003615186201552323e+00 4.015850436890993266e-06 1.000000000000000000e+00 -5.771618951585412172e-06 1.439291914675781886e-05 1.809282896886656999e-01 9.692626789876990223e-01 9.421636342659812646e-01 9.968627001826099177e-01 0.000000000000000000e+00
6.193094325913842901e+00 2.001945743150427948e+00 9.026893231168356727e-06 1.000000000000000000e+00 -9.778588343778444057e-07 1.961166124152336821e-05 9.033734211492827626e-01 9.680717583392538517e-01 9.407807790544415738e-01 9.958720663897643322e-01 0.000000000000000000e+00
6.198258810677093500e+00 2.000277691104981770e+00 1.309584741938100749e-05 1.000000000000000000e+00 2.956854340453579768e-06 2.380859766370491002e-05 1.893521965007380459e+00 9.671870309414007938e-01 9.398745889688079336e-01 9.950110585601817936e-01 0.000000000000000000e+00
6.203427602157062459e+00 1.998611028906206677e+00 1.636031278030163782e-05 1.000000000000000000e+00 6.177196914761713377e-06 2.711599228657525507e-05 2.977535830749943102e+00 9.598729601201136941e-01 9.328502150207745869e-01 9.874006980733351924e-01 0.000000000000000000e+00
6.208600703945164057e+00 1.996945755396060118e+00 1.685937872113753199e-05 1.000000000000000000e+00 6.696064133504576207e-06 2.759936226779396718e-05 3.185295863829054497e+00 9.597680410717861488e-01 9.325565795414790804e-01 9.874914790450864954e-01 0.000000000000000000e+00
6.213778119635809283e+00 1.995281869417466547e+00 1.543500324880609452e-05 1.000000000000000000e+00 5.321807622082117657e-06 2.613346293204275183e-05 2.675335973390531308e+00 9.591117895804162075e-01 9.318687476112076373e-01 9.868677270149200931e-01 0.000000000000000000e+00
6.218959852826404955e+00 1.993619369814312314e+00 1.111611881494717429e-05 1.000000000000000000e+00 1.055827014194455967e-06 2.176808673488703954e-05 1.368403553766768255e+00 9.681658950710230194e-01 9.407350488556355250e-01 9.961109516016500853e-01 0.000000000000000000e+00
6.224145907117359044e+00 1.991958255431448777e+00 5.854075710950885721e-06 1.000000000000000000e+00 -4.170195782560932804e-06 1.647603494819101824e-05 3.710189494910736130e-01 9.728648607270045101e-01 9.453338865184486295e-01 1.000910919639312224e+00 0.000000000000000000e+00
6.229336286112081567e+00 1.990298525114688521e+00 -6.817699338582782276e-07 -1.000000000000000000e+00 -1.064046279209993183e-05 9.877421987626839006e-06 4.916243816737164707e-03 9.817775852180172791e-01 9.540401167877843314e-01 1.010032988855029679e+00 0.000000000000000000e+00
6.234530993416986355e+00 1.988640177710806478e+00 -6.172336141375993575e-06 -1.000000000000000000e+00 -1.597531729092421544e-05 4.238471412559135139e-06 4.025306716126806350e-01 9.845689987350663142e-01 9.565694796763338781e-01 1.013094251795743750e+00 0.000000000000000000e+00
6.239730032641496393e+00 1.986983212067538140e+00 -1.000022387678965768e-05 -1.000000000000000000e+00 -1.950353814642342564e-05 1.289264287179513630e-07 1.085326092083548133e+00 9.848177739394275987e-01 9.570313054026535760e-01 1.013121678110227464e+00 0.000000000000000000e+00
6.244933407398043812e+00 1.985327627033580011e+00 -1.215385803768004288e-05 -1.000000000000000000e+00 -2.136976901428782135e-05 -2.306591741818979718e-06 1.663513404018758024e+00 9.834990358635662400e-01 9.557381111814691188e-01 1.011777491333193169e+00 0.000000000000000000e+00
6.250141121302072555e+00 1.983673421458586272e+00 -1.394135468959976402e-05 -1.000000000000000000e+00 -2.297898785642558971e-05 -4.276184228758680414e-06 2.238647629192143995e+00 9.870652197925328108e-01 9.590711203274620011e-01 1.015584575074214513e+00 0.000000000000000000e+00
6.255353177972041934e+00 1.982020594193170782e+00 -1.473878214431982932e-05 -1.000000000000000000e+00 -2.372293415846567747e-05 -5.125042668703722002e-06 2.509876601983393130e+00 9.853293394452569132e-01 9.575359685274411614e-01 1.013641788229757701e+00 0.000000000000000000e+00
6.260569581029430175e+00 1.980369144088905076e+00 -1.571772505669402463e-05 -1.000000000000000000e+00 -2.476671255191046373e-05 -6.036194402419627463e-06 2.803705784123650346e+00 9.880851254033787834e-01 9.601848283382924398e-01 1.016506718688958921e+00 0.000000000000000000e+00
6.265790334098732650e+00 1.978719069998317037e+00 -1.603034365770094003e-05 -1.000000000000000000e+00 -2.522824615099967171e-05 -6.200931902213305022e-06 2.840082446573831021e+00 9.910661006504313253e-01 9.628700006561953240e-01 1.019792716922795828e+00 0.000000000000000000e+00
6.271015440807469865e+00 1.977070370774890451e+00 -1.434964939533171794e-05 -1.000000000000000000e+00 -2.370802180614175220e-05 -4.355669154188998661e-06 2.232967693167722700e+00 9.879047809778951361e-01 9.596837281458523439e-01 1.016658361863616244e+00 0.000000000000000000e+00
6.276244904786186574e+00 1.975423045273065226e+00 -1.112402194631151025e-05 -1.000000000000000000e+00 -2.064456799257819022e-05 -9.580981737404112189e-07 1.325503745860075355e+00 9.849857618071919951e-01 9.568011556566380360e-01 1.013702057386867805e+00 0.000000000000000000e+00
6.281478729668454442e+00 1.973777092348234952e+00 -6.749865196158095220e-06 -1.000000000000000000e+00 -1.650156331263875984e-05 3.647415342758235066e-06 4.802899172632351110e-01 9.846474543050687256e-01 9.564128789028086830e-01 1.013415291559768061e+00 0.000000000000000000e+00
6.286716919090875599e+00 1.972132510856748011e+00 -4.369747334971233634e-07 -1.000000000000000000e+00 -1.050701531957685626e-05 1.027312573259196392e-05 1.973136573099054658e-03 9.784576057101539437e-01 9.502365001520398646e-01 1.007214899467133939e+00 0.000000000000000000e+00
6.291959476693084419e+00 1.970489299655904469e+00 6.845438625445050976e-06 1.000000000000000000e+00 -3.562113405812890302e-06 1.788282588891680137e-05 4.747752507165188263e-01 9.719549143253519707e-01 9.438124542109416204e-01 1.000634733584268021e+00 0.000000000000000000e+00
6.297206406117751065e+00 1.968847457603957185e+00 1.400757093727810831e-05 1.000000000000000000e+00 3.310273038210114269e-06 2.532691209822758777e-05 1.959997753396294229e+00 9.689933662373193535e-01 9.408425739719424863e-01 9.976843940627359020e-01 0.000000000000000000e+00
6.302457711010582386e+00 1.967206983560110700e+00 2.031296849048038711e-05 1.000000000000000000e+00 9.401199335618117746e-06 3.184174588589936593e-05 4.093634834287982471e+00 9.689883115005348824e-01 9.408010025750298544e-01 9.977179626661371037e-01 0.000000000000000000e+00
6.307713395020327241e+00 1.965567876384518575e+00 2.606080107818440616e-05 1.000000000000000000e+00 1.498361105869244105e-05 3.775560569844590097e-05 6.731423571725088095e+00 9.639155233441399906e-01 9.358187394033146145e-01 9.925540779693459159e-01 0.000000000000000000e+00
6.312973461798775610e+00 1.963930134938285832e+00 2.913279400359026797e-05 1.000000000000000000e+00 1.791503017346631247e-05 4.097221169811776252e-05 8.326642562427153393e+00 9.691008730259403903e-01 9.408831961815566913e-01 9.978617882854579069e-01 0.000000000000000000e+00
6.318237915000763039e+00 1.962293758083465844e+00 3.115171678375825695e-05 1.000000000000000000e+00 1.976382109802439843e-05 4.316437180500457200e-05 9.340992815144517181e+00 9.711484037857768259e-01 9.426532013309965041e-01 1.000195751241229170e+00 0.000000000000000000e+00
6.323506758284172413e+00 1.960658744683059451e+00 3.210030577116613262e-05 1.000000000000000000e+00 2.054497623620748877e-05 4.428150623045409292e-05 9.656614587751363388e+00 9.715417293783858987e-01 9.431850451013826797e-01 1.000444727222267405e+00 0.000000000000000000e+00
6.328779995309938400e+00 1.959025093601015399e+00 3.154294805278347861e-05 1.000000000000000000e+00 1.983988796874631391e-05 4.387211193776428380e-05 9.056455193462454645e+00 9.756346123273261783e-01 9.471276303969830002e-01 1.004691144128356139e+00 0.000000000000000000e+00
6.334057629742047446e+00 1.957392803702229900e+00 2.990875090113632353e-05 1.000000000000000000e+00 1.811307579845906977e-05 4.233480471914021935e-05 7.962046348265829465e+00 9.825674972107831806e-01 9.536979871699720057e-01 1.011995820244421251e+00 0.000000000000000000e+00
6.339339665247542221e+00 1.955761873852543076e+00 2.928367473452128750e-05 1.000000000000000000e+00 1.747092451739041928e-05 4.173743653025446619e-05 7.587445004536562010e+00 9.798083029020921986e-01 9.511499564965294473e-01 1.009017730302260718e+00 0.000000000000000000e+00
6.344626105496522506e+00 1.954132302918741848e+00 2.865732547649895633e-05 1.000000000000000000e+00 1.687721869180208186e-05 4.108709671116434690e-05 7.291436163091660205e+00 9.786739389513072762e-01 9.499867599409770325e-01 1.007913297206150638e+00 0.000000000000000000e+00
6.349916954162148741e+00 1.952504089768555939e+00 2.812978941814749042e-05 1.000000000000000000e+00 1.639264865106039679e-05 4.051783483727838700e-05 7.064917557661985370e+00 9.799860370806150467e-01 9.510651153791618295e-01 1.009467575563348207e+00 0.000000000000000000e+00
6.355212214920644698e+00 1.950877233270659206e+00 2.800022068831733125e-05 1.000000000000000000e+00 1.629444198214500552e-05 4.035471099729635738e-05 7.027672060713285873e+00 9.807630485660040476e-01 9.517954986908729875e-01 1.010293456274911073e+00 0.000000000000000000e+00
6.360511891451300137e+00 1.949251732294668749e+00 2.805555626444668717e-05 1.000000000000000000e+00 1.636133222651468534e-05 4.039906307213172960e-05 7.066707793302214213e+00 9.807848831928918099e-01 9.518322353855670492e-01 1.010300304485861611e+00 0.000000000000000000e+00
6.365815987436472589e+00 1.947627585711142251e+00 2.860178792237140735e-05 1.000000000000000000e+00 1.688968675643294826e-05 4.096829225563883645e-05 7.348159592549549757e+00 9.762402089011237294e-01 9.472984635231246342e-01 1.005746641444568379e+00 0.000000000000000000e+00
6.371124506561590906e+00 1.946004792391578420e+00 2.729753027185150038e-05 1.000000000000000000e+00 1.557012260578042223e-05 3.968574994229498800e-05 6.631300406922193247e+00 9.858060897976942405e-01 9.566674165963964249e-01 1.015511211113805823e+00 0.000000000000000000e+00
6.376437452515156146e+00 1.944383351208418098e+00 2.725577158619860895e-05 1.000000000000000000e+00 1.546217618713641558e-05 3.971448716055530362e-05 6.535939944541041768e+00 9.859147691360979904e-01 9.567622637354618043e-01 1.015633641117584585e+00 0.000000000000000000e+00
6.381754828988746020e+00 1.942763261035039601e+00 2.819468510822185762e-05 1.000000000000000000e+00 1.629861359220339238e-05 4.075571854969784288e-05 6.909073197584660875e+00 9.802644467882093426e-01 9.511140337240338027e-01 1.009984376405520079e+00 0.000000000000000000e+00
6.387076639677015777e+00 1.941144520745761159e+00 2.849555228110591933e-05 1.000000000000000000e+00 1.652570155946597258e-05 4.112822635456078328e-05 6.976482526723486899e+00 9.821034368971162110e-01 9.528554188552156301e-01 1.011923938723867433e+00 0.000000000000000000e+00
6.392402888277703532e+00 1.939527129215838475e+00 2.941301989783207428e-05 1.000000000000000000e+00 1.740857111823846277e-05 4.208102107981908242e-05 7.417832638522128264e+00 9.813571671287387721e-01 9.521289258834231273e-01 1.011157730950287048e+00 0.000000000000000000e+00
6.397733578491629380e+00 1.937911085321463833e+00 3.066054557196981124e-05 1.000000000000000000e+00 1.865573729279957043e-05 4.333285642020368652e-05 8.111051203692596800e+00 9.792854154514587517e-01 9.500450964796848252e-01 1.009099453710694538e+00 0.000000000000000000e+00
6.403068714022700725e+00 1.936296387939767438e+00 3.212638858398876801e-05 1.000000000000000000e+00 2.012128078878785005e-05 4.480192185064484436e-05 8.983755646392665994e+00 9.754975966600248904e-01 9.460915900893867025e-01 1.005486020684203119e+00 0.000000000000000000e+00
6.408408298577912277e+00 1.934683035948813856e+00 3.268234828420234418e-05 1.000000000000000000e+00 2.069063972806097775e-05 4.534397803586231589e-05 9.321809665971642289e+00 9.774894639825708609e-01 9.482572517809666479e-01 1.007296641645218926e+00 0.000000000000000000e+00
6.413752335867351384e+00 1.933071028227602239e+00 3.179699953579179998e-05 1.000000000000000000e+00 1.980585591822358276e-05 4.445358371785569727e-05 8.769527035330526132e+00 9.878600070281043921e-01 9.584269072368613029e-01 1.017870796692887714e+00 0.000000000000000000e+00
6.419100829604198033e+00 1.931460363656067436e+00 3.100141855748576625e-05 1.000000000000000000e+00 1.899456973399059106e-05 4.366983099605200452e-05 8.284216692175121466e+00 9.924802273594636182e-01 9.627334278770872666e-01 1.022814842203015662e+00 0.000000000000000000e+00
6.424453783504729287e+00 1.929851041115075327e+00 2.972070340120916955e-05 1.000000000000000000e+00 1.774535462582553822e-05 4.235897928107014470e-05 7.594219264740488029e+00 9.946629806312606847e-01 9.650733718481525614e-01 1.024833356024224207e+00 0.000000000000000000e+00
6.429811201288321953e+00 1.928243059486426159e+00 2.759400056531671137e-05 1.000000000000000000e+00 1.568474616811484551e-05 4.017039454140685235e-05 6.562380659046183951e+00 9.973273978105080539e-01 9.674584611813541457e-01 1.027786251131987960e+00 0.000000000000000000e+00
6.435173086677453469e+00 1.926636417652850763e+00 2.437357123563194908e-05 1.000000000000000000e+00 1.258555358657586914e-05 3.683431204905779713e-05 5.143942299264566032e+00 1.003663691918119438e+00 9.736514032300032095e-01 1.034267627078300444e+00 0.000000000000000000e+00
6.440539443397706343e+00 1.925031114498011453e+00 2.088242003937906642e-05 1.000000000000000000e+00 9.235333660628830519e-06 3.320755383742011443e-05 3.793687847801237467e+00 1.008628299153163432e+00 9.787411251647332167e-01 1.039099226483584770e+00 0.000000000000000000e+00
6.445910275177769044e+00 1.923427148906499795e+00 1.745253115587470024e-05 1.000000000000000000e+00 5.910738452591509520e-06 2.967586343161204561e-05 2.654998904080571265e+00 1.010955106912189372e+00 9.807869397049951976e-01 1.041716646312022654e+00 0.000000000000000000e+00
6.451285585749439555e+00 1.921824519763838390e+00 1.465516777820140463e-05 1.000000000000000000e+00 3.197008778280103128e-06 2.679791524227668217e-05 1.873322339806506420e+00 1.007445520844488351e+00 9.772562770780964803e-01 1.038231136538859234e+00 0.000000000000000000e+00
6.456665378847628034e+00 1.920223225956476210e+00 1.115539161974771256e-05 1.000000000000000000e+00 -2.016226930983345460e-07 2.319809367572905979e-05 1.084102320771265227e+00 1.010642395523090986e+00 9.804093690535296002e-01 1.041472012753069443e+00 0.000000000000000000e+00
6.462049658210359482e+00 1.918623266371792813e+00 7.601164367784550905e-06 1.000000000000000000e+00 -3.623599352760198201e-06 1.950915039058295449e-05 5.053426711662325488e-01 1.016880652353769676e+00 9.865001874128506154e-01 1.047860602110332495e+00 0.000000000000000000e+00
6.467438427578775517e+00 1.917024639898092353e+00 4.219883121809263011e-06 1.000000000000000000e+00 -6.818703016216723088e-06 1.594473106497257850e-05 1.576950408653914337e-01 1.025379597831170164e+00 9.948328309157625782e-01 1.056527754082706050e+00 0.000000000000000000e+00
6.472831690697137930e+00 1.915427345424606687e+00 2.011632776826033974e-06 1.000000000000000000e+00 -8.826598446319307691e-06 1.354294823623053826e-05 3.656424962107962529e-02 1.027386788582982380e+00 9.968535360184841432e-01 1.058519915802315081e+00 0.000000000000000000e+00
6.478229451312831344e+00 1.913831381841492263e+00 -1.658488617766058062e-06 -1.000000000000000000e+00 -1.230847945303366266e-05 9.689703925575222088e-06 2.509802825930762538e-02 1.043644016045985667e+00 1.012833068680729864e+00 1.075056071907512401e+00 0.000000000000000000e+00
6.483631713176364109e+00 1.912236748039830792e+00 -3.813678162271309514e-06 -1.000000000000000000e+00 -1.438267445330745510e-05 7.452805623898115593e-06 1.329487398967188483e-01 1.046349366265304726e+00 1.015432535686113802e+00 1.077870180573453851e+00 0.000000000000000000e+00
6.489038480041373624e+00 1.910643442911627687e+00 -6.049131135395232559e-06 -1.000000000000000000e+00 -1.660271276982127841e-05 5.193730246479688899e-06 3.316556209893093410e-01 1.048362174694292603e+00 1.017407196951377824e+00 1.079922311683660485e+00 0.000000000000000000e+00
6.494449755664626345e+00 1.909051465349812737e+00 -8.629871504128830455e-06 -1.000000000000000000e+00 -1.914686546435095168e-05 2.568670341118895002e-06 6.707618887497801552e-01 1.053157572033160738e+00 1.022051390549306049e+00 1.084872938789130936e+00 0.000000000000000000e+00
6.499865543806021329e+00 1.907460814248235881e+00 -1.168579248371289674e-05 -1.000000000000000000e+00 -2.205136640705715028e-05 -6.327043829033690109e-07 1.239821579903519932e+00 1.063942955653238265e+00 1.032439975478559591e+00 1.096065190269671863e+00 0.000000000000000000e+00
6.505285848228594681e+00 1.905871488501671207e+00 -1.268087939078504368e-05 -1.000000000000000000e+00 -2.281344175390985328e-05 -1.846269555627233193e-06 1.501832119982069003e+00 1.058336917069334415e+00 1.027151699211207525e+00 1.090132051793691437e+00 0.000000000000000000e+00
6.510710672698518664e+00 1.904283487005811404e+00 -1.393889891854415192e-05 -1.000000000000000000e+00 -2.387551844816946371e-05 -3.294704736272589823e-06 1.858886945903719834e+00 1.053381666235561953e+00 1.022227539195314838e+00 1.085147566134866848e+00 0.000000000000000000e+00
6.516140020985107917e+00 1.902696808657271088e+00 -1.672334765052363608e-05 -1.000000000000000000e+00 -2.655202223428265832e-05 -6.190353636672264647e-06 2.685291042938018791e+00 1.057846777350079703e+00 1.026370807874619429e+00 1.089944898305475585e+00 0.000000000000000000e+00
6.521573896860818564e+00 1.901111452353583031e+00 -2.017206733228983862e-05 -1.000000000000000000e+00 -2.995312333982513169e-05 -9.686718543552066399e-06 3.856913217907745661e+00 1.063867359357229203e+00 1.032478384004865690e+00 1.095872003398347561e+00 0.000000000000000000e+00
6.527012304101254436e+00 1.899527416993199491e+00 -2.312285746788841402e-05 -1.000000000000000000e+00 -3.289830761207988776e-05 -1.263541313499688046e-05 4.990227469083563960e+00 1.065109339888969053e+00 1.033409747619727259e+00 1.097435047292500965e+00 0.000000000000000000e+00
6.532455246485166178e+00 1.897944701475490215e+00 -2.550693878133755837e-05 -1.000000000000000000e+00 -3.524353101509141703e-05 -1.504480792217269740e-05 6.011349961147573140e+00 1.067862906124422917e+00 1.036034775454762524e+00 1.100319813521107193e+00 0.000000000000000000e+00
6.537902727794456581e+00 1.896363304700741548e+00 -2.618068174774153571e-05 -1.000000000000000000e+00 -3.587849153751447823e-05 -1.574789878544223396e-05 6.322059453600758161e+00 1.067045202905231527e+00 1.035428192888178556e+00 1.099282624412954767e+00 0.000000000000000000e+00
6.543354751814182357e+00 1.894783225570156437e+00 -2.478579654081731784e-05 -1.000000000000000000e+00 -3.452559341463272544e-05 -1.431061358458311271e-05 5.678908592509657183e+00 1.060708454359911013e+00 1.028921097688999531e+00 1.093126756303613778e+00 0.000000000000000000e+00
6.548811322332555918e+00 1.893204462985853986e+00 -2.244843072146661015e-05 -1.000000000000000000e+00 -3.228041765226895266e-05 -1.188294924358090048e-05 4.653172627391981564e+00 1.057331474938250304e+00 1.025521191622381423e+00 1.089775875606892930e+00 0.000000000000000000e+00
6.554272443140948923e+00 1.891627015850867455e+00 -1.919536463622684060e-05 -1.000000000000000000e+00 -2.917412738927196455e-05 -8.487257268933374015e-06 3.385897922375733060e+00 1.054293263184385099e+00 1.022533667683199976e+00 1.086687497684390991e+00 0.000000000000000000e+00
6.559738118033894949e+00 1.890050883069143817e+00 -1.566277792691354363e-05 -1.000000000000000000e+00 -2.582142721810791122e-05 -4.781654186574237447e-06 2.235851214334331871e+00 1.054050957519558684e+00 1.022215257653698472e+00 1.086524803615173118e+00 0.000000000000000000e+00
6.565208350809092153e+00 1.888476063545543981e+00 -1.245223906411564987e-05 -1.000000000000000000e+00 -2.278953758093013411e-05 -1.395527835388056165e-06 1.397217927898651624e+00 1.058623026857404392e+00 1.026642876005794625e+00 1.091244551923486794e+00 0.000000000000000000e+00
6.570683145267405045e+00 1.886902556185840796e+00 -8.435631240796048337e-06 -1.000000000000000000e+00 -1.897240650825769974e-05 2.821928023025756306e-06 6.340515336119381118e-01 1.054901554661732632e+00 1.022974917991352095e+00 1.087468538658005857e+00 0.000000000000000000e+00
6.576162505212867160e+00 1.885330359896719488e+00 -4.613276798170853592e-06 -1.000000000000000000e+00 -1.537606874923225567e-05 6.869998828435657697e-06 1.866476936021257416e-01 1.050147052327961461e+00 1.018196110032518309e+00 1.082741869590106099e+00 0.000000000000000000e+00
6.581646434452685490e+00 1.883759473585775446e+00 -1.904522310590866651e-06 -1.000000000000000000e+00 -1.289173585171883143e-05 9.797052561852551310e-06 3.117538801932084880e-02 1.051813193081379438e+00 1.019538879804723130e+00 1.084743415262844124e+00 0.000000000000000000e+00
6.587134936797241380e+00 1.882189896161514886e+00 1.160163458656250559e-06 1.000000000000000000e+00 -9.989524879938998665e-06 1.301859833660311124e-05 1.143893014612729075e-02 1.046160200129602424e+00 1.014159497698145618e+00 1.078810104260585767e+00 0.000000000000000000e+00
6.592628016060094076e+00 1.880621626533353297e+00 3.349918112747587841e-06 1.000000000000000000e+00 -7.867194020049471539e-06 1.527318783676360028e-05 9.541915577193549325e-02 1.041975216362539314e+00 1.009965430605066050e+00 1.074637699809432023e+00 0.000000000000000000e+00
6.598125676057981615e+00 1.879054663611614329e+00 3.261566416741465508e-06 1.000000000000000000e+00 -7.906735883314100014e-06 1.513828094402071407e-05 9.114372012767546494e-02 1.048798857702368137e+00 1.016435849279732517e+00 1.081824668663990963e+00 0.000000000000000000e+00
6.603627920610826152e+00 1.877489006307530905e+00 2.810539046975270347e-06 1.000000000000000000e+00 -8.234170860334735182e-06 1.457080818970084974e-05 6.872585912545048359e-02 1.047504608465722686e+00 1.015394783505466636e+00 1.080267981452173620e+00 0.000000000000000000e+00
6.609134753541735741e+00 1.875924653533241671e+00 -1.924962242258403157e-07 -1.000000000000000000e+00 -1.110249151372208714e-05 1.143872331690925995e-05 3.243570695730113584e-04 1.056191613119727979e+00 1.023689283356452151e+00 1.089357637707017767e+00 0.000000000000000000e+00
6.614646178677005217e+00 1.874361604201792542e+00 -3.507541235599972978e-06 -1.000000000000000000e+00 -1.430781251454803446e-05 8.019920200437782707e-06 1.077067402329134893e-01 1.054417386231914389e+00 1.021853811572758675e+00 1.087648108168086436e+00 0.000000000000000000e+00
6.620162199846120643e+00 1.872799857227134490e+00 -9.177293518897716634e-06 -1.000000000000000000e+00 -1.985293298074986630e-05 2.232824588213641904e-06 7.281420407427816599e-01 1.062373872799718511e+00 1.029868555126518759e+00 1.095539679292723889e+00 0.000000000000000000e+00
6.625682820881761970e+00 1.871239411524124430e+00 -1.586556383233491118e-05 -1.000000000000000000e+00 -2.639908679552464783e-05 -4.587748321808521304e-06 2.147552685971575670e+00 1.072790814128560477e+00 1.039819399660492971e+00 1.106434462176409506e+00 0.000000000000000000e+00
6.631208045619805702e+00 1.869680266008521441e+00 -2.186716616459576413e-05 -1.000000000000000000e+00 -3.218173825774586576e-05 -1.079422187558825567e-05 4.076443900171938139e+00 1.078987242239095590e+00 1.045833947654999374e+00 1.112815419953987472e+00 0.000000000000000000e+00
6.636737877899325788e+00 1.868122419596990769e+00 -2.648294127516619725e-05 -1.000000000000000000e+00 -3.651133579805838957e-05 -1.568156476119354818e-05 6.063840892374415148e+00 1.083219094794017900e+00 1.050034342233793216e+00 1.117077182242661282e+00 0.000000000000000000e+00
6.642272321562598059e+00 1.866565871207098271e+00 -2.926214073748738067e-05 -1.000000000000000000e+00 -3.902892398462242242e-05 -1.871004042340476507e-05 7.553419175886304515e+00 1.084565373625542950e+00 1.051313891095025266e+00 1.118491626231761460e+00 0.000000000000000000e+00
6.647811380455102892e+00 1.865010619757312416e+00 -2.963139453113352662e-05 -1.000000000000000000e+00 -3.928695564333072764e-05 -1.918285269138235341e-05 7.845963427150707048e+00 1.075226862689950158e+00 1.042047191249864113e+00 1.109084159388673552e+00 0.000000000000000000e+00
6.653355058425526991e+00 1.863456664167002952e+00 -3.002106969638953837e-05 -1.000000000000000000e+00 -3.972841279481065230e-05 -1.952562942404573458e-05 7.981490684491888032e+00 1.075494660498925059e+00 1.042304028515771863e+00 1.109363942029839345e+00 0.000000000000000000e+00
6.658903359325766047e+00 1.861904003356439352e+00 -2.685111528288247750e-05 -1.000000000000000000e+00 -3.676636092230450110e-05 -1.616046752621945760e-05 6.328586518678832817e+00 1.055228934982572753e+00 1.022229305478176142e+00 1.088912768590747371e+00 0.000000000000000000e+00
6.664456287010930069e+00 1.860352636246791480e+00 -2.483896563496979361e-05 -1.000000000000000000e+00 -3.489809123255160737e-05 -1.400223096802978936e-05 5.359118243007245042e+00 1.059168631043265973e+00 1.025817459374769980e+00 1.093215937366120771e+00 0.000000000000000000e+00
6.670013845339340719e+00 1.858802561760127592e+00 -2.063043353558973914e-05 -1.000000000000000000e+00 -3.083098996045366077e-05 -9.643482417936912604e-06 3.689282277574108093e+00 1.053661651548405187e+00 1.020617455702474974e+00 1.087392470676110445e+00 0.000000000000000000e+00
6.675576038172540194e+00 1.857253778819414780e+00 -1.543397219478795038e-05 -1.000000000000000000e+00 -2.587318513057135246e-05 -4.214639557334345590e-06 2.053297532036467032e+00 1.044198460390755256e+00 1.011015614376819194e+00 1.078080420968678732e+00 0.000000000000000000e+00
6.681142869375288562e+00 1.855706286348516532e+00 -1.087300919143606178e-05 -1.000000000000000000e+00 -2.158362288856676195e-05 6.100190683221005965e-07 1.002776969904587645e+00 1.042117057675040925e+00 1.008863354499977882e+00 1.076073575423039941e+00 0.000000000000000000e+00
6.686714342815570866e+00 1.854160083272192949e+00 -5.540137975743563548e-06 -1.000000000000000000e+00 -1.655223063208627777e-05 6.244986764470325400e-06 2.552476673196508727e-01 1.033225168511850756e+00 1.000296932608738976e+00 1.066848576184823427e+00 0.000000000000000000e+00
6.692290462364595349e+00 1.852615168516101862e+00 -4.946258423349815534e-07 -1.000000000000000000e+00 -1.183183432889644966e-05 1.160979972483865712e-05 1.990297326727841210e-03 1.026183487735782940e+00 9.930472465845368024e-01 1.060028603486593113e+00 0.000000000000000000e+00
6.697871231896799671e+00 1.851071541006794829e+00 4.444310071020311595e-06 1.000000000000000000e+00 -7.165762555004013111e-06 1.681661614016591571e-05 1.580797873782842089e-01 1.018189265756135109e+00 9.850704675872383742e-01 1.052022070221800165e+00 0.000000000000000000e+00
6.703456655289853572e+00 1.849529199671717139e+00 8.432948274526998241e-06 1.000000000000000000e+00 -3.368351911926649339e-06 2.099826530700809067e-05 5.633155715119642082e-01 1.014463115051888131e+00 9.814072465083084618e-01 1.048232725643450491e+00 0.000000000000000000e+00
6.709046736424657986e+00 1.847988143439209141e+00 1.209639720351508332e-05 1.000000000000000000e+00 1.536200719117023920e-07 2.481286906316961259e-05 1.154182521976338194e+00 1.007663280552744345e+00 9.746282526265467316e-01 1.041415582649047433e+00 0.000000000000000000e+00
6.714641479185352146e+00 1.846448371238503361e+00 1.416602957901061694e-05 1.000000000000000000e+00 2.120907604616330337e-06 2.698928017759065013e-05 1.573282976758918039e+00 1.007130704179962422e+00 9.740134638384192467e-01 1.040969030720320987e+00 0.000000000000000000e+00
6.720240887459313583e+00 1.844909881999724721e+00 1.530671042509740406e-05 1.000000000000000000e+00 3.185705366475670021e-06 2.820763600312163074e-05 1.823531978531292452e+00 1.006139263696913533e+00 9.730493447112759098e-01 1.039950208849912183e+00 0.000000000000000000e+00
6.725844965137160791e+00 1.843372674653889876e+00 1.556337735160054513e-05 1.000000000000000000e+00 3.385229039393813775e-06 2.852536426251238108e-05 1.870175857336931813e+00 1.003775656173460096e+00 9.706301745154438665e-01 1.037646532458977644e+00 0.000000000000000000e+00
6.731453716112758556e+00 1.841836748132905655e+00 1.442323538718236362e-05 1.000000000000000000e+00 2.222032728679280820e-06 2.741959516684621266e-05 1.589364477645318630e+00 1.004933286684118299e+00 9.717720173471847689e-01 1.038819208014777784e+00 0.000000000000000000e+00
6.737067144283217068e+00 1.840302101369569288e+00 1.248477585737962690e-05 1.000000000000000000e+00 2.662591653505033901e-07 2.551592849948634438e-05 1.175261664921819715e+00 1.006565567851179566e+00 9.732694318869923311e-01 1.040589644536905833e+00 0.000000000000000000e+00
6.742685253548897251e+00 1.838768733297566405e+00 1.098808148662108252e-05 1.000000000000000000e+00 -1.285667268947944734e-06 2.408868693125703510e-05 8.962463027774703050e-01 1.001710466782094633e+00 9.683666549189328121e-01 1.035786266526338650e+00 0.000000000000000000e+00
6.748308047813412536e+00 1.837236642851472368e+00 8.787803753529675448e-06 1.000000000000000000e+00 -3.551512162237620347e-06 2.196619776886463198e-05 5.603395088265301638e-01 1.003810417481456607e+00 9.704146575247147855e-01 1.037938328367007168e+00 0.000000000000000000e+00
6.753935530983630642e+00 1.835705828966748943e+00 7.672447428663342104e-06 1.000000000000000000e+00 -4.750613416235285693e-06 2.093643021504429814e-05 4.193118107922657600e-01 1.001656374657210469e+00 9.681693193955448473e-01 1.035881412451857164e+00 0.000000000000000000e+00
6.759567706969678902e+00 1.834176290579746293e+00 7.502111442777109879e-06 1.000000000000000000e+00 -4.944457540318171385e-06 2.078558814664965360e-05 3.994912891410962175e-01 9.981707598689438798e-01 9.644477910168527401e-01 1.032645792805515494e+00 0.000000000000000000e+00
6.765204579684944264e+00 1.832648026627699211e+00 7.145819669416787997e-06 1.000000000000000000e+00 -5.167825854846433958e-06 2.029800600330144395e-05 3.676665147679898382e-01 1.000968969165562106e+00 9.674572251347723917e-01 1.035222390358700117e+00 0.000000000000000000e+00
6.770846153046076843e+00 1.831121036048729556e+00 7.666308846937495099e-06 1.000000000000000000e+00 -4.464754376616111118e-06 2.064107870868859870e-05 4.360745900020503996e-01 9.969070322374186111e-01 9.632347097595013174e-01 1.031331874567642082e+00 0.000000000000000000e+00
6.776492430972993475e+00 1.829595317781842700e+00 7.842148004644763088e-06 1.000000000000000000e+00 -4.101971674981844403e-06 2.063389090941921935e-05 4.697328040609534128e-01 9.905017493085549463e-01 9.568832278151152559e-01 1.024875746835192558e+00 0.000000000000000000e+00
6.782143417388880380e+00 1.828070870766929312e+00 6.427719067590698031e-06 1.000000000000000000e+00 -5.369394710521399044e-06 1.907383340205758221e-05 3.197172578165634604e-01 9.887367718950009765e-01 9.553711249688822127e-01 1.022848779113060491e+00 0.000000000000000000e+00
6.787799116220194051e+00 1.826547693944761797e+00 3.526831688226475029e-06 1.000000000000000000e+00 -8.216120065501720734e-06 1.612290210493395149e-05 9.565766613913240235e-02 9.893607087091775831e-01 9.556617226383137265e-01 1.023820346751093568e+00 0.000000000000000000e+00
6.793459531396665696e+00 1.825025786256996740e+00 -1.648875748580648404e-07 -1.000000000000000000e+00 -1.190824039264195670e-05 1.244995079210403050e-05 2.049314669250179577e-04 9.880162494894634273e-01 9.541693000642471612e-01 1.022629870246640760e+00 0.000000000000000000e+00
6.799124666851304788e+00 1.823505146646170916e+00 -4.845601901704831196e-06 -1.000000000000000000e+00 -1.660200884074829127e-05 7.809272739456730571e-06 1.719076387606861545e-01 9.923270458181040476e-01 9.583425779282516155e-01 1.027078108651105603e+00 0.000000000000000000e+00
6.804794526520399067e+00 1.821985774055703944e+00 -8.371561357340469056e-06 -1.000000000000000000e+00 -2.018391274297315515e-05 4.348624174484260580e-06 4.999737873529852550e-01 9.938717727518955325e-01 9.596657964102890404e-01 1.028851262299657288e+00 0.000000000000000000e+00
6.810469114343518982e+00 1.820467667429894965e+00 -9.702672841366711404e-06 -1.000000000000000000e+00 -2.154694781666810076e-05 3.038428707485986476e-06 6.643774772389861027e-01 9.946836108497634221e-01 9.606297179144103193e-01 1.029504548022101895e+00 0.000000000000000000e+00
6.816148434263521239e+00 1.818950825713921748e+00 -8.024837460353403913e-06 -1.000000000000000000e+00 -1.983198432809640159e-05 4.676447030535446322e-06 4.615800818416033735e-01 9.930850665215915640e-01 9.587715996998686929e-01 1.028178912313209681e+00 0.000000000000000000e+00
6.821832490226549695e+00 1.817435247853842917e+00 -3.692829909650369686e-06 -1.000000000000000000e+00 -1.543796430783126675e-05 8.953521299222517448e-06 1.008161898914181620e-01 9.863110243742747585e-01 9.520467005122328352e-01 1.021358677162249817e+00 0.000000000000000000e+00
6.827521286182038907e+00 1.815920932796593723e+00 1.182360406039425623e-06 1.000000000000000000e+00 -1.059302611689050218e-05 1.385326194055117831e-05 1.056109816860839601e-02 9.817393231925691799e-01 9.476154196522115214e-01 1.016645116304468521e+00 0.000000000000000000e+00
6.833214826082717686e+00 1.814407879489987385e+00 6.832935034080620673e-06 1.000000000000000000e+00 -5.110059980137472269e-06 1.965105515012624510e-05 3.555001573912477397e-01 9.697719299995666287e-01 9.357499286529729066e-01 1.004582872270529448e+00 0.000000000000000000e+00
6.838913113884609984e+00 1.812896086882713975e+00 9.936064624545572267e-06 1.000000000000000000e+00 -2.193152300891068284e-06 2.291750430924292971e-05 7.441249164744334621e-01 9.739920145528866424e-01 9.395823468635770004e-01 1.009207768573323394e+00 0.000000000000000000e+00
6.844616153547039339e+00 1.811385553924339531e+00 1.293854352827451937e-05 1.000000000000000000e+00 6.559605398264393018e-07 2.606468476825404921e-05 1.250717834181656940e+00 9.690664327773295117e-01 9.349343407459795863e-01 1.003996603086298123e+00 0.000000000000000000e+00
6.850323949032630644e+00 1.809876279565305390e+00 1.382789021408327399e-05 1.000000000000000000e+00 1.459601045901538511e-06 2.704369720960305811e-05 1.416727963183873840e+00 9.698806632247796156e-01 9.355960863983807663e-01 1.004969271153051347e+00 0.000000000000000000e+00
6.856036504307313706e+00 1.808368262756926637e+00 1.364078132474240101e-05 1.000000000000000000e+00 1.247943678163173053e-06 2.689036323867948636e-05 1.374382008841138259e+00 9.670340037332693095e-01 9.324635329389054927e-01 1.002422893080447741e+00 0.000000000000000000e+00
6.861753823340325908e+00 1.806861502451392543e+00 1.108330980731867999e-05 1.000000000000000000e+00 -1.243868920115189685e-06 2.427538251626353420e-05 9.019255449254899304e-01 9.730476689250642242e-01 9.385705238449664201e-01 1.008333803565727882e+00 0.000000000000000000e+00
6.867475910104213099e+00 1.805355997601766127e+00 7.417861821144316679e-06 1.000000000000000000e+00 -4.834675332643188055e-06 2.053915295083946768e-05 4.011010529614793541e-01 9.792627563381122169e-01 9.443373151896123918e-01 1.015013031423118939e+00 0.000000000000000000e+00
6.873202768574835808e+00 1.803851747161981711e+00 2.653844929525416799e-06 1.000000000000000000e+00 -9.466164768071615141e-06 1.565218523515288495e-05 5.092660697886230992e-02 9.883991836082119953e-01 9.535086558030941850e-01 1.024105286290338146e+00 0.000000000000000000e+00
6.878934402731368358e+00 1.802348750086846252e+00 -2.529557249169397829e-06 -1.000000000000000000e+00 -1.449292321937499189e-05 1.032648015865736232e-05 4.606197521141552897e-02 9.984206107408307718e-01 9.630131944628248508e-01 1.034658434535605576e+00 0.000000000000000000e+00
6.884670816556305084e+00 1.800847005332036233e+00 -8.101533198646836497e-06 -1.000000000000000000e+00 -1.985904535437581743e-05 4.562397740207964792e-06 4.715899754065020488e-01 1.013635545397093551e+00 9.778338872258279801e-01 1.050272882071052294e+00 0.000000000000000000e+00
6.890412014035459443e+00 1.799346511854099884e+00 -1.142677501782421125e-05 -1.000000000000000000e+00 -2.300892398945357401e-05 1.071107862279650191e-06 9.423781818437220181e-01 1.015515508169434256e+00 9.798967661928722483e-01 1.051959817265792907e+00 0.000000000000000000e+00
6.896157999157970231e+00 1.797847268610453630e+00 -1.433213421991483974e-05 -1.000000000000000000e+00 -2.579352637275579563e-05 -1.941854964144401854e-06 1.483226580907896164e+00 1.022686875127695183e+00 9.866061586396834837e-01 1.059608686772734565e+00 0.000000000000000000e+00
6.901908775916301586e+00 1.796349274559382980e+00 -1.640387223755427693e-05 -1.000000000000000000e+00 -2.780666077886166873e-05 -4.062155002118407452e-06 1.933334945969974683e+00 1.033526930565735968e+00 9.971191016405936969e-01 1.070781855783616621e+00 0.000000000000000000e+00
6.907664348306248314e+00 1.794852528660041413e+00 -1.581978629875806377e-05 -1.000000000000000000e+00 -2.728131361976801194e-05 -3.415313758258603686e-06 1.787291172771588776e+00 1.032921283098815701e+00 9.965227279154585949e-01 1.070166893428876609e+00 0.000000000000000000e+00
6.913424720326936779e+00 1.793357029872449937e+00 -1.418332616598293107e-05 -1.000000000000000000e+00 -2.578298092038593163e-05 -1.654616137339414352e-06 1.424821279539585817e+00 1.034401119659843493e+00 9.978253546068583946e-01 1.071832242664919610e+00 0.000000000000000000e+00
6.919189895980827565e+00 1.791862777157495312e+00 -1.100382171389711365e-05 -1.000000000000000000e+00 -2.273538501632405776e-05 1.632363168048470657e-06 8.584323353428402470e-01 1.031271056018097987e+00 9.947704738510455558e-01 1.068627675581733660e+00 0.000000000000000000e+00
6.924959879273719920e+00 1.790369769476931161e+00 -7.848833025617863075e-06 -1.000000000000000000e+00 -1.962026538337512157e-05 4.816182122910762746e-06 4.418491607895731477e-01 1.031284688758590251e+00 9.946824544151390279e-01 1.068749476403210164e+00 0.000000000000000000e+00
6.930734674214753532e+00 1.788878005793375303e+00 -5.326477282117607264e-06 -1.000000000000000000e+00 -1.706883628544595286e-05 7.306429216298795254e-06 2.069988875537092099e-01 1.032233681959040528e+00 9.955304226830814507e-01 1.069804997538422731e+00 0.000000000000000000e+00
6.936514284816411191e+00 1.787387485070310644e+00 -3.737148690444095552e-06 -1.000000000000000000e+00 -1.543742447943792891e-05 8.855569011461033997e-06 1.032817788684923244e-01 1.030665667936817131e+00 9.940372975340721062e-01 1.068160587530951444e+00 0.000000000000000000e+00
6.942298715094520567e+00 1.785898206272082511e+00 -4.663753283344248774e-06 -1.000000000000000000e+00 -1.634809176900750674e-05 7.920553031535061824e-06 1.602120808581446454e-01 1.038327323140412206e+00 1.001424023850379319e+00 1.076103372756395338e+00 0.000000000000000000e+00
6.948087969068260428e+00 1.784410168363900873e+00 -6.237159073232872498e-06 -1.000000000000000000e+00 -1.798997383994396082e-05 6.431770507249242661e-06 2.813114372048204359e-01 1.038200789989089046e+00 1.000893574502119909e+00 1.076398239424632308e+00 0.000000000000000000e+00
6.953882050760158862e+00 1.782923370311836564e+00 -9.236598828633735004e-06 -1.000000000000000000e+00 -2.110378600162713452e-05 3.566285979091420391e-06 5.952663099686503756e-01 1.041175762407174021e+00 1.003964161087225637e+00 1.079268607991498152e+00 0.000000000000000000e+00
6.959680964196100383e+00 1.781437811082822398e+00 -1.164438797462157020e-05 -1.000000000000000000e+00 -2.371588484423909780e-05 1.371323036039291346e-06 9.100391428969061280e-01 1.036866063308554242e+00 9.992612936602971452e-01 1.075372632290484631e+00 0.000000000000000000e+00
6.965484713405325046e+00 1.779953489644652054e+00 -1.477056145628349814e-05 -1.000000000000000000e+00 -2.694896760060791388e-05 -1.641513755881536307e-06 1.419595726890008791e+00 1.046872366885758687e+00 1.008879933976053911e+00 1.085776510678273077e+00 0.000000000000000000e+00
6.971293302420433768e+00 1.778470404965979412e+00 -1.470787768647443754e-05 -1.000000000000000000e+00 -2.685776334845952658e-05 -1.601249206676091534e-06 1.410062486019398875e+00 1.046725666340151850e+00 1.008769890006246284e+00 1.085591581775793291e+00 0.000000000000000000e+00
6.977106735277391003e+00 1.776988556016316556e+00 -1.230333195589800865e-05 -1.000000000000000000e+00 -2.434803605883556222e-05 7.013474972332036186e-07 1.011513583299802121e+00 1.042568736247730943e+00 1.004609439382357028e+00 1.081441136882357990e+00 0.000000000000000000e+00
6.982925016015525621e+00 1.775507941766035547e+00 -8.831805613167615762e-06 -1.000000000000000000e+00 -2.081659328608928859e-05 4.120381502471028666e-06 5.331914526910281893e-01 1.036811931450823954e+00 9.992550959499820751e-01 1.075268535661417779e+00 0.000000000000000000e+00
6.988748148677535355e+00 1.774028561186365982e+00 -6.382061794121186232e-06 -1.000000000000000000e+00 -1.848039765335568436e-05 6.680763268976283192e-06 2.778313839971104926e-01 1.041038349330543067e+00 1.003054579379102806e+00 1.079939375243820887e+00 0.000000000000000000e+00
6.994576137309488573e+00 1.772550413249394330e+00 -3.734651570306658834e-06 -1.000000000000000000e+00 -1.610964362636125400e-05 9.594172632068753890e-06 9.293049629954452939e-02 1.041715440629211731e+00 1.003528512439206599e+00 1.080829864633761739e+00 0.000000000000000000e+00
7.000408985960828723e+00 1.771073496928063928e+00 -8.668603352725611393e-07 -1.000000000000000000e+00 -1.357920338469209023e-05 1.278900813752291669e-05 4.851626681940501840e-03 1.038862751679418661e+00 1.000682816740942727e+00 1.077973460300975628e+00 0.000000000000000000e+00
7.006246698684376106e+00 1.769597811196173431e+00 1.102598151787536932e-06 1.000000000000000000e+00 -1.187370812200565305e-05 1.502196598318093076e-05 7.643160284999339638e-03 1.042828719977813234e+00 1.004380939945163753e+00 1.082217087457121307e+00 0.000000000000000000e+00
7.012089279536330544e+00 1.768123355028376364e+00 3.688270339273487447e-06 1.000000000000000000e+00 -9.426383354530590376e-06 1.775805109071658616e-05 8.483022023595765404e-02 1.040288606981811359e+00 1.001902689349589259e+00 1.079614014521496523e+00 0.000000000000000000e+00
7.017936732576273151e+00 1.766650127400181791e+00 4.644931957446821713e-06 1.000000000000000000e+00 -8.501495040607943128e-06 1.876182943906984490e-05 1.342848299263010858e-01 1.049246986894679656e+00 1.010570935921042635e+00 1.088867522095246620e+00 0.000000000000000000e+00
7.023789061867172556e+00 1.765178127287950538e+00 6.456894318559286429e-06 1.000000000000000000e+00 -6.737063074986478219e-06 2.063853456942773659e-05 2.596821521811421007e-01 1.047104689680975476e+00 1.008329129002819124e+00 1.086831970755758103e+00 0.000000000000000000e+00
7.029646271475383124e+00 1.763707353668898525e+00 7.628065430132547982e-06 1.000000000000000000e+00 -5.673076533664568760e-06 2.192414166600134681e-05 3.586089466063384634e-01 1.046005780447923028e+00 1.007264607825922864e+00 1.085698116552083814e+00 0.000000000000000000e+00
7.035508365470652059e+00 1.762237805521092104e+00 7.415308728733845917e-06 1.000000000000000000e+00 -6.052527044405787570e-06 2.187857770722061965e-05 3.306047498823545538e-01 1.052458106815016503e+00 1.013409961618414457e+00 1.092467280007846764e+00 0.000000000000000000e+00
7.041375347926120298e+00 1.760769481823449834e+00 8.019045518797973597e-06 1.000000000000000000e+00 -5.657470697974646451e-06 2.269302610111271378e-05 3.774867266934336385e-01 1.048201857198682418e+00 1.008798857376932423e+00 1.088587802671552085e+00 0.000000000000000000e+00
7.047247222918324283e+00 1.759302381555740702e+00 7.854372781141014863e-06 1.000000000000000000e+00 -5.929997660424205492e-06 2.264848806281429870e-05 3.554875146500648952e-01 1.048058308830869700e+00 1.008889555105725755e+00 1.088198584881971742e+00 0.000000000000000000e+00
7.053123994527200402e+00 1.757836503698584130e+00 6.885115649009081742e-06 1.000000000000000000e+00 -6.918888920159956651e-06 2.171330136890288292e-05 2.709386688438684132e-01 1.053164899230061291e+00 1.013523066028385822e+00 1.093796701338500599e+00 0.000000000000000000e+00
7.059005666836087656e+00 1.756371847233449524e+00 5.450469500521860024e-06 1.000000000000000000e+00 -8.255496684691152867e-06 2.019259761720873321e-05 1.699616626979150169e-01 1.060718180119275766e+00 1.021229548614392302e+00 1.101182616537228265e+00 0.000000000000000000e+00
7.064892243931729432e+00 1.754908411142653613e+00 4.737419399267557713e-06 1.000000000000000000e+00 -8.875632788633104741e-06 1.939167531911510005e-05 1.294554046234850375e-01 1.058927790501580146e+00 1.019126680023291653e+00 1.099723149020610968e+00 0.000000000000000000e+00
7.070783729904277948e+00 1.753446194409361780e+00 3.184518484783626910e-06 1.000000000000000000e+00 -1.031522421200547362e-05 1.773233968548403137e-05 5.881245551455549503e-02 1.058650046027375558e+00 1.018725153620880342e+00 1.099576499604364876e+00 0.000000000000000000e+00
7.076680128847296025e+00 1.751985196017586288e+00 5.795640351653384048e-07 1.000000000000000000e+00 -1.279589801844693436e-05 1.501427534417154948e-05 1.946783749133373931e-03 1.059682254698944615e+00 1.020007757612921395e+00 1.100343991535650767e+00 0.000000000000000000e+00
7.082581444857760644e+00 1.750525414952186498e+00 -3.261366400751649312e-06 -1.000000000000000000e+00 -1.653738817803160994e-05 1.109016644282156029e-05 6.117480976494960032e-02 1.062948231917485220e+00 1.022811788177688364e+00 1.104091459214760818e+00 0.000000000000000000e+00
7.088487682036063831e+00 1.749066850198867318e+00 -7.633049010400553546e-06 -1.000000000000000000e+00 -2.080336516634796263e-05 6.632358342187949087e-06 3.314755706962984050e-01 1.063560289937790504e+00 1.023216555543391859e+00 1.104919927572874494e+00 0.000000000000000000e+00
7.094398844486017985e+00 1.747609500744178535e+00 -1.287528903630954801e-05 -1.000000000000000000e+00 -2.589495589896788352e-05 1.263555491118679132e-06 9.320193941956631534e-01 1.068439787147746234e+00 1.028006863990495567e+00 1.109889596305373871e+00 0.000000000000000000e+00
7.100314936314857661e+00 1.746153365575515037e+00 -1.754857811928096838e-05 -1.000000000000000000e+00 -3.037953798027629576e-05 -3.569625379828025887e-06 1.723294301785074367e+00 1.070961058003056632e+00 1.030303411164834815e+00 1.112643480563253684e+00 0.000000000000000000e+00
7.106235961633242226e+00 1.744698443681114597e+00 -2.133947275756337575e-05 -1.000000000000000000e+00 -3.393296877315137358e-05 -7.567910251401591045e-06 2.557061021307134752e+00 1.074399488352023813e+00 1.033712314434128254e+00 1.116108891837887418e+00 0.000000000000000000e+00
7.112161924555259418e+00 1.743244734050058975e+00 -2.317595027779147823e-05 -1.000000000000000000e+00 -3.558751376764476387e-05 -9.575060213237327207e-06 3.047522033819618059e+00 1.072542516173617955e+00 1.031737161239164591e+00 1.114377845212441986e+00 0.000000000000000000e+00
7.118092829198427118e+00 1.741792235672271039e+00 -2.466959797570911062e-05 -1.000000000000000000e+00 -3.695158594475559852e-05 -1.120884062962058382e-05 3.485530256434302032e+00 1.079996245862506754e+00 1.038670694672132022e+00 1.122373030007892236e+00 0.000000000000000000e+00
7.124028679683696907e+00 1.740340947538516092e+00 -2.430332750199053093e-05 -1.000000000000000000e+00 -3.646509893880450705e-05 -1.096113037276981279e-05 3.430120428260906351e+00 1.081291736613734455e+00 1.040233844394236273e+00 1.123387518363328175e+00 0.000000000000000000e+00
7.129969480135457616e+00 1.738890868640399878e+00 -2.338574851180218582e-05 -1.000000000000000000e+00 -3.548438334974279954e-05 -1.009160964682455324e-05 3.207362333175765912e+00 1.084160839456603576e+00 1.042908174005238164e+00 1.126458429494899161e+00 0.000000000000000000e+00
7.135915234681537100e+00 1.737441997970369245e+00 -2.171812305618629838e-05 -1.000000000000000000e+00 -3.389143395430029411e-05 -8.332278618930958646e-06 2.756980360687023790e+00 1.082513827649686844e+00 1.041307786194071827e+00 1.124762711529605275e+00 0.000000000000000000e+00
7.141865947453204910e+00 1.735994334521709703e+00 -1.924108175985639002e-05 -1.000000000000000000e+00 -3.170200668871571870e-05 -5.558283090728584778e-06 2.116765370151725278e+00 1.075313284392749980e+00 1.034015501155357564e+00 1.117664324891338268e+00 0.000000000000000000e+00
7.147821622585176726e+00 1.734547877288545648e+00 -1.732739350577748472e-05 -1.000000000000000000e+00 -3.021656714410826767e-05 -3.221714445607750155e-06 1.650047184474374262e+00 1.079297954602735032e+00 1.037418642912754319e+00 1.122255046277218948e+00 0.000000000000000000e+00
7.153782264215615250e+00 1.733102625265839913e+00 -1.311687964432678785e-05 -1.000000000000000000e+00 -2.646394993938528479e-05 1.438749939179871979e-06 9.147701592713275431e-01 1.074198855321988777e+00 1.032580304640439373e+00 1.116886325803119639e+00 0.000000000000000000e+00
7.159747876486134643e+00 1.731658577449392222e+00 -7.080669535370782692e-06 -1.000000000000000000e+00 -2.083441562010832733e-05 7.877338890814878085e-06 2.624247476289554015e-01 1.066650313329735367e+00 1.024704681078263846e+00 1.109686241184885347e+00 0.000000000000000000e+00
7.165718463541802308e+00 1.730215732835839626e+00 -1.833396359762218552e-07 -1.000000000000000000e+00 -1.422297342036866406e-05 1.505962616771038233e-05 1.757200783742973726e-04 1.060807463610124346e+00 1.019227048371342814e+00 1.103465035638748759e+00 0.000000000000000000e+00
7.171694029531142434e+00 1.728774090422655174e+00 5.648805693862997219e-06 1.000000000000000000e+00 -8.639188431308242360e-06 2.113150701099178564e-05 1.668220716678590065e-01 1.066745621297109370e+00 1.024644242592826160e+00 1.109947422879424384e+00 0.000000000000000000e+00
7.177674578606138667e+00 1.727333649208146804e+00 1.074560545365218939e-05 1.000000000000000000e+00 -3.778561139551937128e-06 2.644834937739008786e-05 6.013141150663159351e-01 1.076107842107084211e+00 1.033648463507176984e+00 1.119678246069552241e+00 0.000000000000000000e+00
7.183660114922237661e+00 1.725894408191456675e+00 1.659679366433905792e-05 1.000000000000000000e+00 1.808914926493721838e-06 3.255327264654237190e-05 1.426642700462423363e+00 1.071440779315479208e+00 1.029324185169633088e+00 1.114656333840913449e+00 0.000000000000000000e+00
7.189650642638349964e+00 1.724456366372562499e+00 2.203076649323374927e-05 1.000000000000000000e+00 6.923404132629394419e-06 3.830406845747114173e-05 2.485620289783327053e+00 1.061036282005878739e+00 1.018642778079455580e+00 1.104552914770357219e+00 0.000000000000000000e+00
7.195646165916856241e+00 1.723019522752273547e+00 2.522514276663645762e-05 1.000000000000000000e+00 9.834661780048611961e-06 4.178597956823829898e-05 3.188229738705295802e+00 1.060703759908770749e+00 1.018524180727238493e+00 1.103994630682920253e+00 0.000000000000000000e+00
7.201646688923606376e+00 1.721583876332232421e+00 2.794477702879318514e-05 1.000000000000000000e+00 1.224635785458376915e-05 4.481724193293410303e-05 3.823069848699198303e+00 1.055781581298214533e+00 1.013179010305083505e+00 1.099521227042503213e+00 0.000000000000000000e+00
7.207652215827925701e+00 1.720149426114913060e+00 2.962814784281859619e-05 1.000000000000000000e+00 1.367462790971777639e-05 4.676139868826581373e-05 4.201576831115815480e+00 1.053048630403158104e+00 1.010223411428195384e+00 1.097023816248986927e+00 0.000000000000000000e+00
7.213662750802614987e+00 1.718716171103621404e+00 3.060567052369380872e-05 1.000000000000000000e+00 1.446353608598808089e-05 4.793739463556630974e-05 4.401029183264085987e+00 1.052157970011842636e+00 1.009308907502769470e+00 1.096157451468867228e+00 0.000000000000000000e+00
7.219678298023954888e+00 1.717284110302493172e+00 3.222794523780267033e-05 1.000000000000000000e+00 1.592501097999128362e-05 4.973183181762374166e-05 4.830988269576195648e+00 1.044686575846643928e+00 1.001730215139539970e+00 1.088804980440901682e+00 0.000000000000000000e+00
7.225698861671710382e+00 1.715853242716494531e+00 3.308788407544868221e-05 1.000000000000000000e+00 1.670098162898534804e-05 5.068445283315842665e-05 5.059613541151826155e+00 1.043936265622417814e+00 1.000994436342439675e+00 1.088039436105625812e+00 0.000000000000000000e+00
7.231724445929129885e+00 1.714423567351419875e+00 3.399752575209347898e-05 1.000000000000000000e+00 1.755991263637257072e-05 5.164657188827803940e-05 5.331910893162564946e+00 1.043921554153670161e+00 1.000782015639785749e+00 1.088234012111211957e+00 0.000000000000000000e+00
7.237755054982951464e+00 1.712995083213891823e+00 3.477909005473157574e-05 1.000000000000000000e+00 1.831332880627561875e-05 5.245277077045651176e-05 5.586097690836062668e+00 1.045256158881276987e+00 1.001635427547413748e+00 1.090075877828395434e+00 0.000000000000000000e+00
7.243790693023404614e+00 1.711567789311361887e+00 3.604477706651116286e-05 1.000000000000000000e+00 1.959354728828972350e-05 5.370328373496109452e-05 6.032890408581408792e+00 1.040951017367109266e+00 9.977165575602302550e-01 1.085369670948717946e+00 0.000000000000000000e+00
7.249831364244212040e+00 1.710141684652107807e+00 3.552777389679952956e-05 1.000000000000000000e+00 1.912785813890357985e-05 5.313554390305070283e-05 5.881011277288521910e+00 1.047125249076175546e+00 1.003582890099254943e+00 1.091863036724640912e+00 0.000000000000000000e+00
7.255877072842594977e+00 1.708716768245233997e+00 3.415066596334597582e-05 1.000000000000000000e+00 1.783293482729726557e-05 5.167610532226100159e-05 5.457901969802691156e+00 1.053889216075006408e+00 1.009760501852496439e+00 1.099239457525980512e+00 0.000000000000000000e+00
7.261927823019274086e+00 1.707293039100669763e+00 3.224360381502624096e-05 1.000000000000000000e+00 1.607415987577551331e-05 4.962166650722643580e-05 4.898060196083449114e+00 1.056385060841361190e+00 1.012516056030584366e+00 1.101460609913142541e+00 0.000000000000000000e+00
7.267983618978473004e+00 1.705870496229170197e+00 2.835109706047147997e-05 1.000000000000000000e+00 1.236016294101874397e-05 4.555340122318827492e-05 3.803478630749161482e+00 1.065708975726047170e+00 1.021186412919414144e+00 1.111464299571524705e+00 0.000000000000000000e+00
7.274044464927921894e+00 1.704449138642313732e+00 2.287154236928576283e-05 1.000000000000000000e+00 7.134508367595635697e-06 3.983606797666303150e-05 2.481043685182790171e+00 1.078511032698322936e+00 1.034028852255565400e+00 1.124209830762554319e+00 0.000000000000000000e+00
7.280110365078859225e+00 1.703028965352503699e+00 1.663820895504292401e-05 1.000000000000000000e+00 1.142156320045249979e-06 3.338816787751538247e-05 1.313495565729851933e+00 1.088905336613874564e+00 1.043714120679011703e+00 1.135337725613521087e+00 0.000000000000000000e+00
7.286181323646034436e+00 1.701609975372965211e+00 1.028811840099579867e-05 1.000000000000000000e+00 -4.958178697686006409e-06 2.682306941413635886e-05 5.002371581320730343e-01 1.094104568161052393e+00 1.049071461194836630e+00 1.140362171501222877e+00 0.000000000000000000e+00
7.292257344847713263e+00 1.700192167717745617e+00 2.246933888045113543e-06 1.000000000000000000e+00 -1.280281214909171374e-05 1.860595445141112044e-05 2.346429254777149254e-02 1.111693725397618682e+00 1.065761703762837076e+00 1.158877716216374809e+00 0.000000000000000000e+00
7.298338432905678630e+00 1.698775541401714717e+00 -3.441463534100065999e-06 -1.000000000000000000e+00 -1.841079120447598831e-05 1.283694593120613366e-05 5.411176404733453182e-02 1.111744900546494330e+00 1.065496765954158320e+00 1.159262691394249867e+00 0.000000000000000000e+00
7.304424592045234199e+00 1.697360095440562322e+00 -8.545088810697935242e-06 -1.000000000000000000e+00 -2.338593302784304983e-05 7.607150141378222303e-06 3.299906241326979739e-01 1.116976032524357620e+00 1.070610642669508783e+00 1.164612307952990644e+00 0.000000000000000000e+00
7.310515826495206149e+00 1.695945828850798032e+00 -1.127724409482797075e-05 -1.000000000000000000e+00 -2.587235454434724211e-05 4.653328953849019536e-06 5.815955224276123658e-01 1.119295777067029762e+00 1.072672338166805073e+00 1.167200820123171168e+00 0.000000000000000000e+00
7.316612140487947613e+00 1.694532740649751679e+00 -1.167849366090977729e-05 -1.000000000000000000e+00 -2.596717903334114149e-05 3.966032305609094188e-06 6.417314462072951642e-01 1.119650757867677315e+00 1.073137721485192264e+00 1.167439791257233628e+00 0.000000000000000000e+00
7.322713538259342236e+00 1.693120829855571774e+00 -1.047543687218284946e-05 -1.000000000000000000e+00 -2.458577925984806504e-05 4.992936115017065083e-06 5.298788328757524368e-01 1.117926583415712383e+00 1.071278864592519309e+00 1.165861978144719258e+00 0.000000000000000000e+00
7.328820024048804171e+00 1.691710095487224841e+00 -1.036178673968859534e-05 -1.000000000000000000e+00 -2.444100989881991135e-05 5.065423267210621139e-06 5.204119060134715369e-01 1.131665265604611115e+00 1.084525457128683312e+00 1.180106967165205134e+00 0.000000000000000000e+00
7.334931602099284298e+00 1.690300536564494527e+00 -8.406044291940002766e-06 -1.000000000000000000e+00 -2.266273974116859676e-05 7.186823106553722504e-06 3.390166091488850952e-01 1.129583236406033642e+00 1.082491175995845989e+00 1.177979092015715157e+00 0.000000000000000000e+00
7.341048276657271110e+00 1.688892152107981603e+00 -8.159677490518885045e-06 -1.000000000000000000e+00 -2.266654064088849244e-05 7.674465136119046791e-06 3.107559802896773249e-01 1.143474273244808215e+00 1.095793561401432470e+00 1.192476224644791527e+00 0.000000000000000000e+00
7.347170051972794269e+00 1.687484941139102412e+00 -6.031550966839401384e-06 -1.000000000000000000e+00 -2.082851786741501168e-05 1.010277129815568543e-05 1.657354277099472029e-01 1.141222518408739894e+00 1.093556096472688921e+00 1.190210988368125999e+00 0.000000000000000000e+00
7.353296932299427269e+00 1.686078902680089531e+00 -4.251453058051516171e-06 -1.000000000000000000e+00 -1.931425096792862721e-05 1.216463459594454147e-05 8.048400593644089440e-02 1.144829636174090171e+00 1.096784526566273232e+00 1.194212402605961065e+00 0.000000000000000000e+00
7.359428921894291875e+00 1.684674035753989330e+00 -3.181930850784463019e-07 -1.000000000000000000e+00 -1.567471925719175885e-05 1.639500383638974748e-05 4.453563220252476640e-04 1.132643611472765821e+00 1.084280127663510562e+00 1.182377271874172076e+00 0.000000000000000000e+00
7.365566025018059015e+00 1.683270339384662417e+00 2.032106826229025404e-06 1.000000000000000000e+00 -1.349252760788806055e-05 1.890342605343298682e-05 1.797585290397307745e-02 1.136879345105098027e+00 1.088743407367196880e+00 1.186370205945541212e+00 0.000000000000000000e+00
7.371708245934952330e+00 1.681867812596783196e+00 3.906238553874954921e-06 1.000000000000000000e+00 -1.173059677460061700e-05 2.087569464938767284e-05 6.622103778146737341e-02 1.144692546643174325e+00 1.095870403017231709e+00 1.194901651416130806e+00 0.000000000000000000e+00
7.377855588912752616e+00 1.680466454415837863e+00 7.373751292383691894e-06 1.000000000000000000e+00 -8.295801102874261057e-06 2.437988048538394857e-05 2.384103284922929333e-01 1.132961984504751163e+00 1.084735853391845417e+00 1.182556677433094894e+00 0.000000000000000000e+00
7.384008058222798709e+00 1.679066263868125519e+00 8.416033655661723506e-06 1.000000000000000000e+00 -7.252798976893107231e-06 2.543251402000745606e-05 3.122282470096493512e-01 1.134013862440154119e+00 1.085252955575302103e+00 1.184172953186370947e+00 0.000000000000000000e+00
7.390165658139991045e+00 1.677667239980756175e+00 9.072463011193798314e-06 1.000000000000000000e+00 -6.611908484120041540e-06 2.611876340817849266e-05 3.633152790022720069e-01 1.126860397769787303e+00 1.077979135135782141e+00 1.177154925708790767e+00 0.000000000000000000e+00
7.396328392942796093e+00 1.676269381781650081e+00 7.432739496968711898e-06 1.000000000000000000e+00 -8.269291572471534869e-06 2.450776214670196830e-05 2.409990097010137333e-01 1.128641757463756390e+00 1.079723986243193989e+00 1.178972967800034466e+00 0.000000000000000000e+00
7.402496266913247247e+00 1.674872688299538392e+00 5.950608268346217269e-06 1.000000000000000000e+00 -9.824476616068729529e-06 2.311105190101814727e-05 1.522127830608894783e-01 1.117955575895419607e+00 1.068935111191434029e+00 1.168408952782137522e+00 0.000000000000000000e+00
7.408669284336948380e+00 1.673477158563960288e+00 1.996437636415581260e-06 1.000000000000000000e+00 -1.377703343646232258e-05 1.918072808501121570e-05 1.677352349883420857e-02 1.122125107301876534e+00 1.072979812499959440e+00 1.172703413903460445e+00 0.000000000000000000e+00
7.414847449503079169e+00 1.672082791605264962e+00 -3.081852054560316548e-06 -1.000000000000000000e+00 -1.877949073171030392e-05 1.407119418107809900e-05 3.920122934697189976e-02 1.134207420867731964e+00 1.084477109717149945e+00 1.185384965283822645e+00 0.000000000000000000e+00
7.421030766704393322e+00 1.670689586454608300e+00 -6.234867945554342712e-06 -1.000000000000000000e+00 -2.186379833989225837e-05 1.090452815122996574e-05 1.585786707391392270e-01 1.134131148521453580e+00 1.084080560922261238e+00 1.185642040403472652e+00 0.000000000000000000e+00
7.427219240237226572e+00 1.669297542143953983e+00 -8.426628307407397659e-06 -1.000000000000000000e+00 -2.405397927625415076e-05 8.748077227672402514e-06 2.853487065343927043e-01 1.136367802235641822e+00 1.086266321599596241e+00 1.187927279989907881e+00 0.000000000000000000e+00
7.433412874401496673e+00 1.667906657706072160e+00 -7.700201781326089883e-06 -1.000000000000000000e+00 -2.352137030743522224e-05 9.666114367587371400e-06 2.345175598010058593e-01 1.128337257400831684e+00 1.078084207890609658e+00 1.180068924548081100e+00 0.000000000000000000e+00
7.439611673500706956e+00 1.666516932174539223e+00 -5.639568474101217007e-06 -1.000000000000000000e+00 -2.167288032688749957e-05 1.191860657976011969e-05 1.242582971823722460e-01 1.126134068485260764e+00 1.075945154784602398e+00 1.177804945498239553e+00 0.000000000000000000e+00
7.445815641841948995e+00 1.665128364583736253e+00 -5.961409179474655191e-07 -1.000000000000000000e+00 -1.681698025790827168e-05 1.714106603196023827e-05 1.395218351042615268e-03 1.113280351749328601e+00 1.063133546848598732e+00 1.164926968052464762e+00 0.000000000000000000e+00
7.452024783735907043e+00 1.663740953968849468e+00 4.436707038658237486e-06 1.000000000000000000e+00 -1.187309771610698837e-05 2.226520318298579789e-05 7.823825494877922893e-02 1.108076335122809120e+00 1.058154708940261646e+00 1.159494040905677759e+00 0.000000000000000000e+00
7.458239103496859812e+00 1.662354699365868660e+00 1.012727360891737775e-05 1.000000000000000000e+00 -6.311802347124486324e-06 2.808830355362252490e-05 4.131918787564501372e-01 1.096567222178051360e+00 1.046709932209956007e+00 1.147935225628231137e+00 0.000000000000000000e+00
7.464458605442683137e+00 1.660969599811586539e+00 1.400413345111151337e-05 1.000000000000000000e+00 -2.619013501645732595e-06 3.215068308893652535e-05 7.895526510185675306e-01 1.095214619797690636e+00 1.044870274768050944e+00 1.147102424869657522e+00 0.000000000000000000e+00
7.470683293894854415e+00 1.659585654343599170e+00 1.717826604328026805e-05 1.000000000000000000e+00 3.050865893361020403e-07 3.557685345161979990e-05 1.170747025425519894e+00 1.091442535360318322e+00 1.041475239225477800e+00 1.142936134224654676e+00 0.000000000000000000e+00
7.476913173178454386e+00 1.658202862000304201e+00 1.799216262715504211e-05 1.000000000000000000e+00 8.014329321337779405e-07 3.670124513470525895e-05 1.245764416844934885e+00 1.099189132059325891e+00 1.048427466808378172e+00 1.151515335886107883e+00 0.000000000000000000e+00
7.483148247622170679e+00 1.656821221820899526e+00 1.900305831010154991e-05 1.000000000000000000e+00 1.515259281804890216e-06 3.800447166663856419e-05 1.349609083012133226e+00 1.095700434199785578e+00 1.045240416621823432e+00 1.147711719182986423e+00 0.000000000000000000e+00
7.489388521558299594e+00 1.655440732845385288e+00 1.810982657735523628e-05 1.000000000000000000e+00 4.216865544291880535e-07 3.731226419839257872e-05 1.196657846225271271e+00 1.100697170913697676e+00 1.049492259625866231e+00 1.153491741067958598e+00 0.000000000000000000e+00
7.495633999322752317e+00 1.654061394114560324e+00 1.709779810938718875e-05 1.000000000000000000e+00 -6.085900357261680624e-07 3.633809450629734968e-05 1.060338544089830748e+00 1.100784247063957944e+00 1.049268445470980415e+00 1.153906820407279099e+00 0.000000000000000000e+00
7.501884685255054031e+00 1.652683204670022832e+00 1.549165618834949781e-05 1.000000000000000000e+00 -2.042254528753822187e-06 3.458960178160516903e-05 8.788842844635311735e-01 1.102515388485440173e+00 1.051005134577019717e+00 1.155627843621921835e+00 0.000000000000000000e+00
7.508140583698349246e+00 1.651306163554170148e+00 1.324902318739198996e-05 1.000000000000000000e+00 -4.027575588992212012e-06 3.210994952088983933e-05 6.535893495727762570e-01 1.107913148204825227e+00 1.056040661413227832e+00 1.161401845023342094e+00 0.000000000000000000e+00
7.514401698999403578e+00 1.649930269810196748e+00 1.119715515861353507e-05 1.000000000000000000e+00 -5.832951906975862127e-06 2.981898761971398139e-05 4.741801188536740597e-01 1.110094742989792937e+00 1.058228544517281433e+00 1.163574834904333333e+00 0.000000000000000000e+00
7.520668035508609073e+00 1.648555522482095359e+00 9.023093024491340259e-06 1.000000000000000000e+00 -7.845719575864309534e-06 2.748497434974195118e-05 3.102878854110926454e-01 1.111213501192631403e+00 1.059042408483863440e+00 1.165017397042372060e+00 0.000000000000000000e+00
7.526939597579984209e+00 1.647181920614653627e+00 5.843739872602987781e-06 1.000000000000000000e+00 -1.089226406227116083e-05 2.417783691269123061e-05 1.296950281241535663e-01 1.119109311997271705e+00 1.067038715064995147e+00 1.172795302340677637e+00 0.000000000000000000e+00
7.533216389571179228e+00 1.645809463253457006e+00 1.841854953948078750e-06 1.000000000000000000e+00 -1.482103995247037279e-05 2.010423377174813713e-05 1.275042092736811128e-02 1.133183150291006802e+00 1.080170206949726541e+00 1.187848920361199045e+00 0.000000000000000000e+00
7.539498415843477019e+00 1.644438149444884756e+00 -1.457321371488843810e-06 -1.000000000000000000e+00 -1.804762639069393092e-05 1.673386662892152574e-05 7.920106133894933009e-03 1.142265885254602154e+00 1.088711236348745004e+00 1.197493952972334741e+00 0.000000000000000000e+00
7.545785680761798453e+00 1.643067978236111282e+00 -3.498449281621579646e-06 -1.000000000000000000e+00 -1.997859998914786346e-05 1.459730521873760906e-05 4.564078943480609496e-02 1.144476049975315934e+00 1.090885003877094750e+00 1.199738725955191931e+00 0.000000000000000000e+00
7.552078188694705041e+00 1.641698948675104575e+00 -4.282022294079223436e-06 -1.000000000000000000e+00 -2.065436572270321262e-05 1.373642751845965299e-05 6.877533690897763563e-02 1.141795356714214948e+00 1.087974624303837290e+00 1.197303098691166356e+00 0.000000000000000000e+00
7.558375944014398939e+00 1.640331059810627101e+00 -4.657873915169201865e-06 -1.000000000000000000e+00 -2.096774536896980047e-05 1.332372416216478962e-05 8.150613985836230313e-02 1.142182310532987577e+00 1.088391652384265162e+00 1.197655840387107595e+00 0.000000000000000000e+00
7.564678951096730941e+00 1.638964310692231585e+00 -5.220755549733298087e-06 -1.000000000000000000e+00 -2.160734794337449248e-05 1.285427283587423852e-05 1.013282853776047432e-01 1.150741738483599397e+00 1.095816577109506751e+00 1.206810285718658449e+00 0.000000000000000000e+00
7.570987214321198699e+00 1.637598700370265004e+00 -3.979145010659581330e-06 -1.000000000000000000e+00 -2.057451686176250941e-05 1.428241332713367493e-05 5.800895166855468688e-02 1.149328517345545864e+00 1.094431689739334912e+00 1.205403490324243876e+00 0.000000000000000000e+00
7.577300738070952946e+00 1.636234227895864146e+00 -1.173192655378793539e-06 -1.000000000000000000e+00 -1.803443284697448388e-05 1.732862633469824527e-05 4.989012526777969470e-03 1.140124433454544617e+00 1.085096550076009470e+00 1.196531395808409171e+00 0.000000000000000000e+00
7.583619526732800153e+00 1.634870892320956948e+00 2.609124493489865781e-06 1.000000000000000000e+00 -1.446852937223420024e-05 2.132671734642861171e-05 2.463003743626757114e-02 1.126774143213693513e+00 1.071420988566136323e+00 1.183747007730831413e+00 0.000000000000000000e+00
7.589943584697204315e+00 1.633508692698261822e+00 6.224696650317319941e-06 1.000000000000000000e+00 -1.094663910604234966e-05 2.504651185680192214e-05 1.408207858259729051e-01 1.115913444980365599e+00 1.061216609777804409e+00 1.172328287144831727e+00 0.000000000000000000e+00
7.596272916358290495e+00 1.632147628081284996e+00 7.962840806692351414e-06 1.000000000000000000e+00 -9.267107956503326698e-06 2.684859728045779694e-05 2.309984786918235500e-01 1.119059613352345384e+00 1.063696637379706322e+00 1.176145946956696609e+00 0.000000000000000000e+00
7.602607526113848380e+00 1.630787697524322288e+00 1.102003731969437888e-05 1.000000000000000000e+00 -6.276722477081248761e-06 2.999218261670637403e-05 4.447841477820304590e-01 1.104030190279955859e+00 1.049415875366177975e+00 1.160445243478964494e+00 0.000000000000000000e+00
7.608947418365335835e+00 1.629428900082457776e+00 1.328572309008132726e-05 1.000000000000000000e+00 -4.176177562532699505e-06 3.244613784506039943e-05 6.437763688930715489e-01 1.088714179802931392e+00 1.033808149633513640e+00 1.145473280302804930e+00 0.000000000000000000e+00
7.615292597517878903e+00 1.628071234811562906e+00 1.361418141675617718e-05 1.000000000000000000e+00 -4.028787484769543188e-06 3.297759476349319569e-05 6.625976021696544649e-01 1.084253076155174300e+00 1.029746007629117832e+00 1.140590477136504299e+00 0.000000000000000000e+00
7.621643067980279795e+00 1.626714700768294497e+00 1.260350907662572611e-05 1.000000000000000000e+00 -5.313691654406026992e-06 3.224754644705931901e-05 5.501736087949922194e-01 1.087106901934521419e+00 1.031776470796082146e+00 1.144317177603533242e+00 0.000000000000000000e+00
7.627998834165015118e+00 1.625359297010096737e+00 1.441896533676174602e-05 1.000000000000000000e+00 -3.847234622627321711e-06 3.441620652360767428e-05 7.031579925066182568e-01 1.064620175960132142e+00 1.009393502367800455e+00 1.121752601036782204e+00 0.000000000000000000e+00
7.634359900488242090e+00 1.624005022595198744e+00 1.385715123937120024e-05 1.000000000000000000e+00 -4.590053080600382405e-06 3.404985761983051113e-05 6.351862041525890845e-01 1.065364878512599089e+00 1.010084288177846457e+00 1.122552228094614302e+00 0.000000000000000000e+00
7.640726271369800315e+00 1.622651876582614117e+00 1.558198211250340901e-05 1.000000000000000000e+00 -2.975990952934206370e-06 3.591253227991354996e-05 8.014320188719779026e-01 1.052574472820839047e+00 9.972591738944053263e-01 1.109817301214112373e+00 0.000000000000000000e+00
7.647097951233216229e+00 1.621299858032140939e+00 1.662831325374944480e-05 1.000000000000000000e+00 -1.889499670656211822e-06 3.694409167832143941e-05 9.186741631671964115e-01 1.051526372818585298e+00 9.963242223812719400e-01 1.108650246920233284e+00 0.000000000000000000e+00
7.653474944505703093e+00 1.619948966004359558e+00 2.018181016694680355e-05 1.000000000000000000e+00 1.649826691197580822e-06 4.052021496790327189e-05 1.376412990855783391e+00 1.033876300493981493e+00 9.788528327454553146e-01 1.090842941433624036e+00 0.000000000000000000e+00
7.659857255618167216e+00 1.618599199560634805e+00 2.204115774599063501e-05 1.000000000000000000e+00 3.537501632674120068e-06 4.234473729082988309e-05 1.658307755408671369e+00 1.031950964798116432e+00 9.770845478787656413e-01 1.088758886920894176e+00 0.000000000000000000e+00
7.666244889005210617e+00 1.617250557763112662e+00 2.236849308252951196e-05 1.000000000000000000e+00 3.881601176471992441e-06 4.263843019736039480e-05 1.711077168770032131e+00 1.041433695479109911e+00 9.860511066504406008e-01 1.098782947383157627e+00 0.000000000000000000e+00
7.672637849105131913e+00 1.615903039674720043e+00 2.532671305167038690e-05 1.000000000000000000e+00 6.776336618152047796e-06 4.564325672472827793e-05 2.217851946578292655e+00 1.021615898990280158e+00 9.660995110485969262e-01 1.079147816958222261e+00 0.000000000000000000e+00
7.679036140359931650e+00 1.614556644359165460e+00 2.559281996714657831e-05 1.000000000000000000e+00 7.134114686656930094e-06 4.581134286662540329e-05 2.282973529863824069e+00 1.015498931385154791e+00 9.605469739486605096e-01 1.072424654929613475e+00 0.000000000000000000e+00
7.685439767215314077e+00 1.613211370880937023e+00 2.184494315888367466e-05 1.000000000000000000e+00 3.596552812372156563e-06 4.185708334211628512e-05 1.667826640425900564e+00 1.032676197341451108e+00 9.766653815447022824e-01 1.090727782073805052e+00 0.000000000000000000e+00
7.691848734120691589e+00 1.611867218305303329e+00 1.765167789436573737e-05 1.000000000000000000e+00 -2.603909026542985483e-07 3.735994097144320578e-05 1.099959320946084063e+00 1.039787804003853067e+00 9.840202638823992709e-01 1.097564140704603064e+00 0.000000000000000000e+00
7.698263045529186499e+00 1.610524185698310351e+00 1.137878501793352811e-05 1.000000000000000000e+00 -6.154860703246627619e-06 3.075720512588389318e-05 4.598739066988741797e-01 1.052145140740200713e+00 9.953998632285768755e-01 1.110943538892111171e+00 0.000000000000000000e+00
7.704682705897634598e+00 1.609182272126782998e+00 4.266256719275540179e-06 1.000000000000000000e+00 -1.286463523189555527e-05 2.329758547893308004e-05 6.456442416036622944e-02 1.059586594714249985e+00 1.003014977581579092e+00 1.118177476978460927e+00 0.000000000000000000e+00
7.711107719686588702e+00 1.607841476658323998e+00 -4.516138896559701066e-06 -1.000000000000000000e+00 -2.226890871623000439e-05 1.426027600443874471e-05 7.098155645107340206e-02 1.071830750832162504e+00 1.014161176893806582e+00 1.131572375209863646e+00 0.000000000000000000e+00
7.717538091360320429e+00 1.606501798361312572e+00 -1.304298899338564191e-05 -1.000000000000000000e+00 -3.385394986165810130e-05 5.578373838173785745e-06 5.737514364076474749e-01 1.074605002760295358e+00 1.016356160878139292e+00 1.134962245420122473e+00 0.000000000000000000e+00
7.723973825386825531e+00 1.605163236304904206e+00 -2.392156409781677387e-05 -1.000000000000000000e+00 -4.361070282074817103e-05 -3.963985135623798733e-06 1.649811660413789127e+00 1.087453661743984057e+00 1.029090778045297583e+00 1.147903512630945144e+00 0.000000000000000000e+00
7.730414926237823892e+00 1.603825789559029547e+00 -2.973312189613574783e-05 -1.000000000000000000e+00 -4.687423534764963157e-05 -1.119176907825435383e-05 2.804251819720235517e+00 1.099825430704554741e+00 1.040534191486708115e+00 1.161260202049321899e+00 0.000000000000000000e+00
7.736861398388765743e+00 1.602489457194395728e+00 -3.125661769622371295e-05 -1.000000000000000000e+00 -4.631887911263579574e-05 -1.419169704608164178e-05 3.430695195162869027e+00 1.104290866450073461e+00 1.045547481060070671e+00 1.165112083612634297e+00 0.000000000000000000e+00
7.743313246318833443e+00 1.601154238282482378e+00 -3.080288444493033969e-05 -1.000000000000000000e+00 -4.512009337505024727e-05 -1.443539122210724752e-05 3.563248249871818985e+00 1.103232014706346353e+00 1.044042521743824059e+00 1.164546592213718146e+00 0.000000000000000000e+00
7.749770474510944140e+00 1.599820131895543396e+00 -3.058776472554128399e-05 -1.000000000000000000e+00 -4.473583327310113851e-05 -1.466157432000965826e-05 3.660652490479634480e+00 1.105074807161152473e+00 1.046381290894569993e+00 1.165859010882092539e+00 0.000000000000000000e+00
7.756233087451753327e+00 1.598487137106606282e+00 -3.123957720782362168e-05 -1.000000000000000000e+00 -4.564021632384169635e-05 -1.542739781015443971e-05 3.849707686841142618e+00 1.104965966886209516e+00 1.045592134252692151e+00 1.166482740916119809e+00 0.000000000000000000e+00
7.762701089631657503e+00 1.597155252989470364e+00 -3.315410451267436124e-05 -1.000000000000000000e+00 -4.749315439464436161e-05 -1.727282701137070129e-05 4.244639153133661580e+00 1.103406788543024541e+00 1.044409301414849445e+00 1.164533757512276502e+00 0.000000000000000000e+00
7.769174485544799502e+00 1.595824478618706577e+00 -3.686169399251940147e-05 -1.000000000000000000e+00 -5.094931096456199851e-05 -2.077224321165752974e-05 5.028439898331257041e+00 1.109302289509539019e+00 1.049303889669371159e+00 1.171454982935476341e+00 0.000000000000000000e+00
7.775653279689067610e+00 1.594494813069657235e+00 -3.862242473755611778e-05 -1.000000000000000000e+00 -5.292227282256596339e-05 -2.225290253242171259e-05 5.339462722218677015e+00 1.094966819232622957e+00 1.034874948890198931e+00 1.157294870580730661e+00 0.000000000000000000e+00
7.782137476566102663e+00 1.593166255418435151e+00 -4.053083609154827649e-05 -1.000000000000000000e+00 -5.477319592666703336e-05 -2.413667646576555530e-05 5.773908599522911800e+00 1.096675126609630624e+00 1.036538088139697722e+00 1.159044654882151137e+00 0.000000000000000000e+00
7.788627080681298942e+00 1.591838804741922297e+00 -4.051521135016060627e-05 -1.000000000000000000e+00 -5.464069446921963088e-05 -2.420682470297516625e-05 5.808775920863183728e+00 1.100818982949687497e+00 1.039492972200276588e+00 1.164451808314140635e+00 0.000000000000000000e+00
7.795122096543806833e+00 1.590512460117771143e+00 -3.823378638905472281e-05 -1.000000000000000000e+00 -5.227434408190685504e-05 -2.204080779873578244e-05 5.286511654680097649e+00 1.097829833201620975e+00 1.036729207281978926e+00 1.161240042067458011e+00 0.000000000000000000e+00
7.801622528666539047e+00 1.589187220624400876e+00 -3.528092067364058430e-05 -1.000000000000000000e+00 -4.932362834883942637e-05 -1.912895054912765064e-05 4.601210279408292081e+00 1.092251587645284960e+00 1.031015311376212384e+00 1.155826910142174535e+00 0.000000000000000000e+00
7.808128381566169729e+00 1.587863085341000069e+00 -3.311109993892008367e-05 -1.000000000000000000e+00 -4.716486914962990992e-05 -1.699807420533442498e-05 4.097026497628107222e+00 1.089433782001780315e+00 1.028386585781164042e+00 1.152814757336445561e+00 0.000000000000000000e+00
7.814639659763139790e+00 1.586540053347523793e+00 -3.354992006514842458e-05 -1.000000000000000000e+00 -4.795692846116838051e-05 -1.735218805877245524e-05 4.147147519077691413e+00 1.102994438597625804e+00 1.041180783525515130e+00 1.167163567266120250e+00 0.000000000000000000e+00
7.821156367781661345e+00 1.585218123724693617e+00 -3.415679253153649435e-05 -1.000000000000000000e+00 -4.871049687612149148e-05 -1.766302968218856479e-05 4.156257769522014200e+00 1.103846596551655956e+00 1.041158489250336938e+00 1.168950202017134732e+00 0.000000000000000000e+00
7.827678510149716828e+00 1.583897295553998275e+00 -3.550094291525125197e-05 -1.000000000000000000e+00 -5.024213656835354745e-05 -1.844648886561549910e-05 4.228551603829572514e+00 1.101769554230760173e+00 1.039399216508808177e+00 1.166532811749745768e+00 0.000000000000000000e+00
7.834206091399066985e+00 1.582577567917689887e+00 -3.858355600671836108e-05 -1.000000000000000000e+00 -5.406851777212591276e-05 -2.077514315788237551e-05 4.599098462640384355e+00 1.118330592892977426e+00 1.054462500589792517e+00 1.184625242447987947e+00 0.000000000000000000e+00
7.840739116065250869e+00 1.581258939898786631e+00 -3.748262851015187337e-05 -1.000000000000000000e+00 -5.393437447783540773e-05 -1.906087685443632362e-05 4.121797833458472837e+00 1.117048044741827173e+00 1.053523801662839432e+00 1.183011561305409964e+00 0.000000000000000000e+00
7.847277588687588512e+00 1.579941410581070071e+00 -3.189713496980643216e-05 -1.000000000000000000e+00 -4.883657927285108631e-05 -1.314038614458008981e-05 2.981167252307528770e+00 1.107097273232763746e+00 1.043136466821238173e+00 1.173551188618996877e+00 0.000000000000000000e+00
7.853821513809187138e+00 1.578624979049085830e+00 -2.583846675014965115e-05 -1.000000000000000000e+00 -4.245149949296766855e-05 -6.783033295754465242e-06 1.965929964881240721e+00 1.110887461592847680e+00 1.047430305705464360e+00 1.176794195823177347e+00 0.000000000000000000e+00
7.860370895976941163e+00 1.577309644388141585e+00 -1.722820234447546299e-05 -1.000000000000000000e+00 -3.443082466940537592e-05 2.304033820296776369e-06 8.757448904360671804e-01 1.093866541590477359e+00 1.030223949176424014e+00 1.160017574989885558e+00 0.000000000000000000e+00
7.866925739741537527e+00 1.575995405684307737e+00 -9.895217142528265085e-06 -1.000000000000000000e+00 -2.765372142114971786e-05 1.022301155019661410e-05 2.839459815708949009e-01 1.086916528881190613e+00 1.024039022861858328e+00 1.152257512140886231e+00 0.000000000000000000e+00
7.873486049657457464e+00 1.574682262024415857e+00 -1.446611075492827793e-06 -1.000000000000000000e+00 -1.993417069021246536e-05 1.953720069591563879e-05 5.880474634892607355e-03 1.062780988303397622e+00 9.997837257669884847e-01 1.128154808221428107e+00 0.000000000000000000e+00
7.880051830282980951e+00 1.573370212496058462e+00 4.979756285632646243e-06 1.000000000000000000e+00 -1.448463815209889501e-05 2.707435593091588353e-05 6.514923130922056771e-02 1.054761619418045582e+00 9.924411590958931439e-01 1.119328619075985243e+00 0.000000000000000000e+00
7.886623086180188480e+00 1.572059256187587906e+00 1.075875034347869494e-05 1.000000000000000000e+00 -1.003304723475086712e-05 3.346500811485657073e-05 2.744425762720084094e-01 1.051823278373053672e+00 9.888695491499294166e-01 1.117025427730225839e+00 0.000000000000000000e+00
7.893199821914964609e+00 1.570749392188117488e+00 1.610989021135060290e-05 1.000000000000000000e+00 -5.497138546502797191e-06 3.861410435859749459e-05 6.035064240942915603e-01 1.043298723111463211e+00 9.801427789626540044e-01 1.108569596589295880e+00 0.000000000000000000e+00
7.899782042057002407e+00 1.569440619587517682e+00 1.836406085183084661e-05 1.000000000000000000e+00 -2.978387604843269230e-06 4.073686918124200609e-05 8.241682935007190736e-01 1.040923333657361560e+00 9.779091601269656042e-01 1.106003041280937627e+00 0.000000000000000000e+00
7.906369751179806116e+00 1.568132937476418354e+00 1.897340141969091002e-05 1.000000000000000000e+00 -2.086487761721657905e-06 4.110511483499298935e-05 9.054036266002185585e-01 1.032464682243048548e+00 9.692169002743534767e-01 1.097606821479669037e+00 0.000000000000000000e+00
7.912962953860692039e+00 1.566826344946206540e+00 1.596098353485732687e-05 1.000000000000000000e+00 -5.518795428002863326e-06 3.763698489685283859e-05 6.364639320537435196e-01 1.035812662155378705e+00 9.726747770407668803e-01 1.100912807437556484e+00 0.000000000000000000e+00
7.919561654680794760e+00 1.565520841089027337e+00 9.958885497345833248e-06 1.000000000000000000e+00 -1.396949354969104340e-05 3.100015288879620195e-05 2.025071082361336039e-01 1.045129093313396984e+00 9.815173570486318555e-01 1.110909657195488398e+00 0.000000000000000000e+00
7.926165858225068916e+00 1.564216424997781019e+00 -3.758844005709224687e-06 -1.000000000000000000e+00 -2.676111619167820008e-05 2.102193616028617362e-05 2.385045743176306132e-02 1.055720534892690798e+00 9.918312652467886625e-01 1.121944274492701732e+00 0.000000000000000000e+00
7.932775569082291867e+00 1.562913095766124583e+00 -1.824739309540219668e-05 -1.000000000000000000e+00 -3.795912622773277501e-05 5.436094133981690148e-06 6.700866548101060971e-01 1.055603278119270572e+00 9.912880244328934332e-01 1.122278538994047947e+00 0.000000000000000000e+00
7.939390791845069018e+00 1.561610852488469980e+00 -3.220591976396750396e-05 -1.000000000000000000e+00 -5.143148382148840948e-05 -1.154011951850968061e-05 2.418946792640383592e+00 1.068821922022723525e+00 1.004171137620222920e+00 1.136006378273240358e+00 0.000000000000000000e+00
7.946011531109834714e+00 1.560309694259983226e+00 -4.510542432229570014e-05 -1.000000000000000000e+00 -6.271912198933736709e-05 -2.638984401907929823e-05 5.157582464439940395e+00 1.086383289397167884e+00 1.020568494502280377e+00 1.154897655158102943e+00 0.000000000000000000e+00
7.952637791476856677e+00 1.559009620176584621e+00 -5.475491327240437494e-05 -1.000000000000000000e+00 -6.974059174848603378e-05 -3.709868760162434337e-05 7.996956519376674066e+00 1.096085705445198677e+00 1.028770409819925069e+00 1.166213056650408753e+00 0.000000000000000000e+00
7.959269577550237784e+00 1.557710629334948083e+00 -5.780431822649005142e-05 -1.000000000000000000e+00 -7.121170824208113181e-05 -4.148226759927515692e-05 9.699323336585472077e+00 1.100063531019519480e+00 1.033094879198390936e+00 1.169775043204900777e+00 0.000000000000000000e+00
7.965906893937922284e+00 1.556412720832499597e+00 -5.598078522117787005e-05 -1.000000000000000000e+00 -6.862282604867697851e-05 -4.040135380116843800e-05 9.790144227105372465e+00 1.097169466280971895e+00 1.028971600353481231e+00 1.167710776346905233e+00 0.000000000000000000e+00
7.972549745251694908e+00 1.555115893767417656e+00 -5.412748393530158650e-05 -1.000000000000000000e+00 -6.720932053752757770e-05 -3.819008626628378781e-05 9.100315775652177308e+00 1.101858123745184104e+00 1.033543327230253883e+00 1.172865067925622506e+00 0.000000000000000000e+00
7.979198136107187977e+00 1.553820147238631932e+00 -5.080013613985695758e-05 -1.000000000000000000e+00 -6.494726006095366110e-05 -3.384896411499254461e-05 7.621353946625120557e+00 1.106301981061397877e+00 1.036874200142342550e+00 1.178721671925615722e+00 0.000000000000000000e+00
7.985852071123881402e+00 1.552525480345822828e+00 -4.359214948764770261e-05 -1.000000000000000000e+00 -5.877362483459913531e-05 -2.550264354896528170e-05 5.316078470823242696e+00 1.094765365751612762e+00 1.026312223365989595e+00 1.166160500868426153e+00 0.000000000000000000e+00
7.992511554925108008e+00 1.551231892189421036e+00 -3.427657148455183527e-05 -1.000000000000000000e+00 -5.068553006273332333e-05 -1.473111801664032599e-05 3.051962868712266186e+00 1.075051501028198908e+00 1.006372436492511291e+00 1.146631175477887288e+00 0.000000000000000000e+00
7.999176592138056208e+00 1.549939381870606869e+00 -2.491117649519221253e-05 -1.000000000000000000e+00 -4.310343261776146287e-05 -3.153870732766771195e-06 1.433534538258882662e+00 1.059393901977801589e+00 9.916280917630669878e-01 1.129809977592502790e+00 0.000000000000000000e+00
