# OBJ_NAME=4U 1820-30
#         GRID_START=6.00
#         GRID_END=8.00
#         GRID_STEP_FRACTION=0.50
#         XSPEC_FITSTAT=cstat
#         XSPEC_CONTINUUM_MODEL=tbabs*(bbodyrad + pow)*constant
#         XSPEC_LINE_MODEL=gauss
#         LINE_VELOCITY_WIDTH=500
#         INPUT_FILE=/home/simon/Downloads/tgcat/obs_22276_tgid_5574/pm_heg_abs1.pha
#         SEARCH_MODE=Sliding window
#         FIT_REGION_WIDTH=30.00
#         RUNTIME=209
#         COLUMN_NAMES=ENERGY,WAVELENGTH,NORM,NORM_SIGN,NORM_ERR_LO,NORM_ERR_HI,DELTA_FITSTAT,CONSTANT_FACTOR,CONSTANT_FACTOR_ERR_LO,CONSTANT_FACTOR_ERR_HI,FIT_ERR
6.000000000000000000e+00 2.066373137115381287e+00 7.747282580769305398e-05 1.000000000000000000e+00 -4.039893081522713026e-05 1.981413359963347443e-04 4.784724189089502033e-01 9.314544659253451986e-01 9.211037044542490504e-01 9.419178885394127176e-01 0.000000000000000000e+00
6.005003461427972589e+00 2.064651403172383937e+00 8.593621597336604785e-05 1.000000000000000000e+00 -3.230126476913465093e-05 2.069760291385529987e-04 5.868089333106070171e-01 9.328213248904467791e-01 9.223843195119825200e-01 9.433726706363410042e-01 0.000000000000000000e+00
6.010011095293655181e+00 2.062931103804642063e+00 9.992602728095342107e-05 1.000000000000000000e+00 -1.859886511811256456e-05 2.212515877487309236e-04 7.906448152942573415e-01 9.332228322386204589e-01 9.228467593274806147e-01 9.437119208903214096e-01 0.000000000000000000e+00
6.015022905076486737e+00 2.061212237816845594e+00 1.150196281718656301e-04 1.000000000000000000e+00 -3.794468331072732440e-06 2.366226670368832467e-04 1.045645897938157987e+00 9.331291605433060798e-01 9.227368115272749360e-01 9.436350232456628406e-01 0.000000000000000000e+00
6.020038894258807005e+00 2.059494804014679215e+00 1.229617020444127471e-04 1.000000000000000000e+00 4.110994291363055946e-06 2.445952862027208231e-04 1.197195201497294192e+00 9.336379262057536987e-01 9.231659731669630276e-01 9.442250309965026789e-01 0.000000000000000000e+00
6.025059066325860080e+00 2.057778801204824592e+00 1.256037950240218321e-04 1.000000000000000000e+00 7.077403552584619136e-06 2.469238905915197685e-04 1.255987103111806391e+00 9.329276298546459456e-01 9.224459458172827864e-01 9.435247951974115033e-01 0.000000000000000000e+00
6.030083424765796174e+00 2.056064228194956822e+00 1.106869545708565403e-04 1.000000000000000000e+00 -7.283295303731355998e-06 2.314659377424457950e-04 9.795580585053471623e-01 9.333317567229210132e-01 9.229145296096180617e-01 9.438630376315171322e-01 0.000000000000000000e+00
6.035111973069674285e+00 2.054351083793744426e+00 8.387234924826497803e-05 1.000000000000000000e+00 -3.377640691579405238e-05 2.043306261799864335e-04 5.630859542875441548e-01 9.327590381151055210e-01 9.222658122106229817e-01 9.433680689992128832e-01 0.000000000000000000e+00
6.040144714731465747e+00 2.052639366810848021e+00 3.994990449682692390e-05 1.000000000000000000e+00 -7.728803710140271584e-05 1.599984268322230578e-04 1.275312148422926839e-01 9.328623710971272187e-01 9.223491717563732095e-01 9.434918171409198973e-01 0.000000000000000000e+00
6.045181653248054232e+00 2.050929076056921652e+00 -2.375733294326238637e-05 -1.000000000000000000e+00 -1.402403718036523451e-04 9.555554436568795937e-05 4.501129255081082192e-02 9.354788658303094806e-01 9.250138011597576204e-01 9.460588258023640007e-01 0.000000000000000000e+00
6.050222792119239301e+00 2.049220210343609683e+00 -8.705715101079474698e-05 -1.000000000000000000e+00 -2.027375902404976254e-04 3.148315995018804655e-05 6.051101435502914683e-01 9.368646446242880899e-01 9.263120946643527143e-01 9.475337526200426908e-01 0.000000000000000000e+00
6.055268134847740846e+00 2.047512768483544576e+00 -1.422539153636425042e-04 -1.000000000000000000e+00 -2.570853777341125935e-04 -2.453503857618984454e-05 1.619155500540927051e+00 9.369903940105056561e-01 9.264194194483331701e-01 9.476781833793359588e-01 0.000000000000000000e+00
6.060317684939197314e+00 2.045806749290351334e+00 -1.828275363004474002e-04 -1.000000000000000000e+00 -2.971319294846778763e-04 -6.561953398134316132e-05 2.674935354912264529e+00 9.359484291283164392e-01 9.253639569228434558e-01 9.466500978378619147e-01 0.000000000000000000e+00
6.065371445902172809e+00 2.044102151578641724e+00 -2.136674664716706022e-04 -1.000000000000000000e+00 -3.277657926801827676e-04 -9.665620401836224002e-05 3.641354201085107434e+00 9.368247221449050866e-01 9.262353908322330520e-01 9.475312352745897115e-01 0.000000000000000000e+00
6.070429421248155322e+00 2.042398974164015168e+00 -2.230647160756317915e-04 -1.000000000000000000e+00 -3.372832646055256580e-04 -1.059289419559949813e-04 3.953739218390524002e+00 9.377070374048810386e-01 9.270930372790956442e-01 9.484387680010173405e-01 0.000000000000000000e+00
6.075491614491562942e+00 2.040697215863058300e+00 -1.929470198207816883e-04 -1.000000000000000000e+00 -3.075671083562224505e-04 -7.540975021142954141e-05 2.957842716927586935e+00 9.339863538864496828e-01 9.233741377609983036e-01 9.447166355284942751e-01 0.000000000000000000e+00
6.080558029149742971e+00 2.038996875493343186e+00 -1.526389537583783165e-04 -1.000000000000000000e+00 -2.676800512002334639e-04 -3.468534405178488910e-05 1.852745391669373021e+00 9.328134992241486900e-01 9.222118458760073523e-01 9.435332714570952017e-01 0.000000000000000000e+00
6.085628668742976366e+00 2.037297951873428659e+00 -9.431223330257955395e-05 -1.000000000000000000e+00 -2.099497769157894793e-04 2.422900272325028326e-05 7.088625560878654142e-01 9.297959564286535361e-01 9.191950468526529638e-01 9.405153846973987042e-01 0.000000000000000000e+00
6.090703536794479511e+00 2.035600443822857208e+00 -4.607327602800403326e-05 -1.000000000000000000e+00 -1.623386516138923368e-04 7.308516797111745244e-05 1.690704229172865780e-01 9.301288029869585472e-01 9.195096201363516242e-01 9.408669241803785388e-01 0.000000000000000000e+00
6.095782636830406886e+00 2.033904350162153651e+00 1.436180639186949358e-06 1.000000000000000000e+00 -1.156308354397049131e-04 1.213871124466928212e-04 1.639245667206523649e-04 9.288118462142850307e-01 9.181186360915455369e-01 9.396258494748600532e-01 0.000000000000000000e+00
6.100865972379854618e+00 2.032209669712826461e+00 3.574522007754449000e-05 1.000000000000000000e+00 -8.194052590378557194e-05 1.563180124063872408e-04 1.010799199666791992e-01 9.277445665339374425e-01 9.171213069774707405e-01 9.384872548456087982e-01 0.000000000000000000e+00
6.105953546974859592e+00 2.030516401297367324e+00 5.086029330526504897e-05 1.000000000000000000e+00 -6.751719726898951180e-05 1.721314301780554586e-04 2.032479154966608803e-01 9.279755793262584040e-01 9.172662848227268739e-01 9.388061033817808321e-01 0.000000000000000000e+00
6.111045364150406556e+00 2.028824543739246700e+00 3.934594860662492228e-05 1.000000000000000000e+00 -7.944507885496915388e-05 1.610415079341481976e-04 1.205567432475334044e-01 9.318362371348339890e-01 9.210829904823695236e-01 9.427112026269711675e-01 0.000000000000000000e+00
6.116141427444425460e+00 2.027134095862917373e+00 2.228243115901085256e-05 1.000000000000000000e+00 -9.665598424733084278e-05 1.441382319274578784e-04 3.838602687881120801e-02 9.342947211782675065e-01 9.235903838898811280e-01 9.451193356065304974e-01 0.000000000000000000e+00
6.121241740397799447e+00 2.025445056493809570e+00 7.250506535266812800e-06 1.000000000000000000e+00 -1.118146470591607116e-04 1.292445221282636776e-04 4.049179363107668905e-03 9.344234289658910342e-01 9.236335917282788577e-01 9.453354084957539261e-01 0.000000000000000000e+00
6.126346306554362187e+00 2.023757424458334508e+00 -1.284386032336954706e-05 -1.000000000000000000e+00 -1.317421025850588965e-04 1.090021121737410373e-04 1.268706299907762514e-02 9.353268471880659130e-01 9.245122111127141995e-01 9.462640510206006272e-01 0.000000000000000000e+00
6.131455129460903208e+00 2.022071198583879958e+00 -3.713190639012286284e-05 -1.000000000000000000e+00 -1.557814736691896372e-04 8.448211236192238740e-05 1.059056826381095107e-01 9.376075350892876248e-01 9.267608849117905390e-01 9.485771331703612974e-01 0.000000000000000000e+00
6.136568212667169675e+00 2.020386377698810687e+00 -5.223513923588428035e-05 -1.000000000000000000e+00 -1.707448479729400926e-04 6.924719755880320220e-05 2.093043408837331754e-01 9.380452328904810289e-01 9.271981159152188345e-01 9.490152131331827112e-01 0.000000000000000000e+00
6.141685559725869936e+00 2.018702960632467569e+00 -5.984753054146882824e-05 -1.000000000000000000e+00 -1.783626281208340158e-04 6.164356328364409949e-05 2.743222133242113614e-01 9.373560130904162735e-01 9.264925151659069158e-01 9.483429071703189939e-01 0.000000000000000000e+00
6.146807174192673529e+00 2.017020946215167587e+00 -6.326690509552978798e-05 -1.000000000000000000e+00 -1.817655717425266870e-04 5.821036241498501237e-05 3.064218086969106025e-01 9.364253546693355190e-01 9.255474832394918749e-01 9.474270825154610387e-01 0.000000000000000000e+00
6.151933059626216505e+00 2.015340333278202056e+00 -6.879467026318023665e-05 -1.000000000000000000e+00 -1.870818403119572991e-04 5.247367041406457867e-05 3.628570268890598527e-01 9.365815244426356490e-01 9.257069394506753923e-01 9.475799330254914832e-01 0.000000000000000000e+00
6.157063219588101433e+00 2.013661120653835290e+00 -7.295694991700310008e-05 -1.000000000000000000e+00 -1.909342362100350371e-04 4.800924426695160304e-05 4.095638022321850258e-01 9.361236193977519049e-01 9.252347747788308707e-01 9.471367414142477514e-01 0.000000000000000000e+00
6.162197657642900950e+00 2.011983307175305935e+00 -8.841123394953493352e-05 -1.000000000000000000e+00 -2.060639204896165316e-04 3.224871902579989891e-05 6.022691624231697460e-01 9.379467067061408869e-01 9.270298171748888594e-01 9.489881655643651603e-01 0.000000000000000000e+00
6.167336377358160426e+00 2.010306891676824304e+00 -1.120364507801255440e-04 -1.000000000000000000e+00 -2.297056870081178991e-04 8.658604574707839453e-06 9.630237158762326999e-01 9.410212944247556832e-01 9.300002428445954816e-01 9.521688930772035375e-01 0.000000000000000000e+00
6.172479382304400630e+00 2.008631872993570600e+00 -1.259617580275401065e-04 -1.000000000000000000e+00 -2.439476344915988558e-04 -4.936496288875035182e-06 1.206275565582274112e+00 9.409999741932594253e-01 9.300422445202090049e-01 9.520827724060219044e-01 0.000000000000000000e+00
6.177626676055119503e+00 2.006958249961698471e+00 -1.285760170267777574e-04 -1.000000000000000000e+00 -2.473169071827628043e-04 -6.794498790202896550e-06 1.243876717529616371e+00 9.390308364048091105e-01 9.279917410150798629e-01 9.501971281668354363e-01 0.000000000000000000e+00
6.182778262186794827e+00 2.005286021418328790e+00 -1.336253593170234368e-04 -1.000000000000000000e+00 -2.527904782610526386e-04 -1.141401824951277758e-05 1.333386922241601269e+00 9.405802947389877433e-01 9.295088941106037783e-01 9.517793616792048494e-01 0.000000000000000000e+00
6.187934144278887771e+00 2.003615186201552323e+00 -1.175522040615170486e-04 -1.000000000000000000e+00 -2.367439895328223335e-04 4.702081524840816306e-06 1.032523415733038519e+00 9.396558012293918516e-01 9.286604127680233578e-01 9.507772663812311675e-01 0.000000000000000000e+00
6.193094325913842901e+00 2.001945743150427948e+00 -9.912159356364151760e-05 -1.000000000000000000e+00 -2.183635339583380581e-04 2.319754485554154544e-05 7.364707324929327115e-01 9.406266113704125909e-01 9.295435653336230342e-01 9.518376092330261828e-01 0.000000000000000000e+00
6.198258810677093500e+00 2.000277691104981770e+00 -7.897324310887065819e-05 -1.000000000000000000e+00 -1.984569077959919816e-04 4.359787689269326028e-05 4.673413002955157936e-01 9.420784690798055250e-01 9.309686201760001278e-01 9.533166733451251540e-01 0.000000000000000000e+00
6.203427602157062459e+00 1.998611028906206677e+00 -5.448879071275090842e-05 -1.000000000000000000e+00 -1.745900189247531699e-04 6.869585495868757831e-05 2.211204145997669457e-01 9.419296726682504506e-01 9.308873290063385264e-01 9.530989662420192854e-01 0.000000000000000000e+00
6.208600703945164057e+00 1.996945755396060118e+00 -2.826129183263547965e-05 -1.000000000000000000e+00 -1.493735398050421992e-04 9.591612267459890780e-05 5.897281618831584638e-02 9.402861443060555047e-01 9.291613322247030959e-01 9.515400562511657778e-01 0.000000000000000000e+00
6.213778119635809283e+00 1.995281869417466547e+00 -1.667231821477932772e-05 -1.000000000000000000e+00 -1.383965889965760613e-04 1.081174115098946500e-04 2.037925035278931318e-02 9.415719626447800472e-01 9.304154346112343266e-01 9.528581845782899684e-01 0.000000000000000000e+00
6.218959852826404955e+00 1.993619369814312314e+00 -1.223462842296989138e-05 -1.000000000000000000e+00 -1.341437991137123557e-04 1.127636105664211297e-04 1.094851016395637089e-02 9.435781090242383318e-01 9.323883754679672675e-01 9.548978679735078412e-01 0.000000000000000000e+00
6.224145907117359044e+00 1.991958255431448777e+00 -5.245439980672111722e-06 -1.000000000000000000e+00 -1.271681289977056239e-04 1.197873106567232430e-04 2.013274813180032652e-03 9.433715752538827104e-01 9.321867217820545282e-01 9.546864608852464462e-01 0.000000000000000000e+00
6.229336286112081567e+00 1.990298525114688521e+00 -5.710025080163262945e-06 -1.000000000000000000e+00 -1.277212313459032014e-04 1.194105542897451217e-04 2.382224815818290153e-03 9.435146628620391107e-01 9.323065973391162498e-01 9.548532104388776087e-01 0.000000000000000000e+00
6.234530993416986355e+00 1.988640177710806478e+00 -1.128619825533996743e-05 -1.000000000000000000e+00 -1.335358112331836301e-04 1.140689307197271379e-04 9.275274420900814221e-03 9.432941251994316767e-01 9.319951915895224870e-01 9.547257429331532652e-01 0.000000000000000000e+00
6.239730032641496393e+00 1.986983212067538140e+00 -2.598171602245616418e-05 -1.000000000000000000e+00 -1.482326436732162218e-04 9.939908291237274272e-05 4.892625072071155046e-02 9.442561685232315760e-01 9.330201815841332458e-01 9.556232006385446676e-01 0.000000000000000000e+00
6.244933407398043812e+00 1.985327627033580011e+00 -5.424258476522066840e-05 -1.000000000000000000e+00 -1.765789880414904639e-04 7.125761251357309086e-05 2.116946685924858684e-01 9.486375682000361964e-01 9.373512288776819634e-01 9.600554588022672808e-01 0.000000000000000000e+00
6.250141121302072555e+00 1.983673421458586272e+00 -6.414006446968175562e-05 -1.000000000000000000e+00 -1.869836004284665442e-04 6.188505940170287069e-05 2.935603377059976538e-01 9.489043642061554262e-01 9.375206520694163714e-01 9.604216865475891929e-01 0.000000000000000000e+00
6.255353177972041934e+00 1.982020594193170782e+00 -7.173049059276075774e-05 -1.000000000000000000e+00 -1.950814831761543580e-04 5.480740552814249839e-05 3.632750068885286510e-01 9.511533878335900472e-01 9.398230709087801449e-01 9.626158419252763832e-01 0.000000000000000000e+00
6.260569581029430175e+00 1.980369144088905076e+00 -6.272464238849698810e-05 -1.000000000000000000e+00 -1.867204097440130258e-04 6.446069336743757842e-05 2.756059855669548142e-01 9.525516120375602247e-01 9.411872474242231057e-01 9.640486843791473692e-01 0.000000000000000000e+00
6.265790334098732650e+00 1.978719069998317037e+00 -2.297184965373715883e-05 -1.000000000000000000e+00 -1.476153884111094028e-04 1.048639438092519184e-04 3.693756037588968866e-02 9.492004681962168400e-01 9.377639865525005947e-01 9.607718019530350206e-01 0.000000000000000000e+00
6.271015440807469865e+00 1.977070370774890451e+00 3.745082303961807405e-06 1.000000000000000000e+00 -1.211246083226586454e-04 1.318045262392026728e-04 9.828313098978469498e-04 9.517939298474012988e-01 9.403231415962399753e-01 9.634000781727586338e-01 0.000000000000000000e+00
6.276244904786186574e+00 1.975423045273065226e+00 4.407227748749464609e-05 1.000000000000000000e+00 -8.101542594710343080e-05 1.723474635239640525e-04 1.366044305853222340e-01 9.505945796001863402e-01 9.391380281178755007e-01 9.621864702501788935e-01 0.000000000000000000e+00
6.281478729668454442e+00 1.973777092348234952e+00 6.716562724584254445e-05 1.000000000000000000e+00 -5.819002750507477981e-05 1.957074855151826791e-04 3.172716183432839898e-01 9.519509364477037883e-01 9.404653767176366364e-01 9.635723011495821444e-01 0.000000000000000000e+00
6.286716919090875599e+00 1.972132510856748011e+00 8.471319418149334056e-05 1.000000000000000000e+00 -4.110682156227382807e-05 2.137254293267079781e-04 5.029305627956546232e-01 9.511070381684938457e-01 9.396013941458533081e-01 9.627490943388001821e-01 0.000000000000000000e+00
6.291959476693084419e+00 1.970489299655904469e+00 8.490563791701292919e-05 1.000000000000000000e+00 -4.143269240823612668e-05 2.144463945883923152e-04 5.012371557975825453e-01 9.511077531471818780e-01 9.396001613438877964e-01 9.627517526008912974e-01 0.000000000000000000e+00
6.297206406117751065e+00 1.968847457603957185e+00 7.725085599241106142e-05 1.000000000000000000e+00 -4.963023337993385179e-05 2.073493320430197170e-04 4.111949561790311236e-01 9.501330718925569130e-01 9.386008878548709466e-01 9.618023821980347110e-01 0.000000000000000000e+00
6.302457711010582386e+00 1.967206983560110700e+00 5.062416536668426254e-05 1.000000000000000000e+00 -7.652231087879271683e-05 1.810046975730499595e-04 1.750316029096268267e-01 9.528801204223210641e-01 9.413023896615064778e-01 9.645955652054345464e-01 0.000000000000000000e+00
6.307713395020327241e+00 1.965567876384518575e+00 3.216403828945573184e-05 1.000000000000000000e+00 -9.496596899025440516e-05 1.625433399628769063e-04 7.039632086670621902e-02 9.534337439342343012e-01 9.418531585237162052e-01 9.651519818562492858e-01 0.000000000000000000e+00
6.312973461798775610e+00 1.963930134938285832e+00 1.995778326764568826e-05 1.000000000000000000e+00 -1.069102476300238857e-04 1.500859365941868066e-04 2.714155218913560930e-02 9.533576311340946630e-01 9.417543891184150251e-01 9.650991748872221887e-01 0.000000000000000000e+00
6.318237915000763039e+00 1.962293758083465844e+00 1.072936691722244216e-05 1.000000000000000000e+00 -1.157949162847982626e-04 1.405216676543301021e-04 7.876771925282355369e-03 9.536139711795171836e-01 9.419171973424661504e-01 9.654511868042391365e-01 0.000000000000000000e+00
6.323506758284172413e+00 1.960658744683059451e+00 3.545790716587079163e-06 1.000000000000000000e+00 -1.224953682147136825e-04 1.328705281291862916e-04 8.633025489075407677e-04 9.537909002575635231e-01 9.421703688122129439e-01 9.655500472959300806e-01 0.000000000000000000e+00
6.328779995309938400e+00 1.959025093601015399e+00 -6.328687058105598250e-06 -1.000000000000000000e+00 -1.322445015728143723e-04 1.228828928014211381e-04 2.749387113283319195e-03 9.544183508558056195e-01 9.427705832006632036e-01 9.662053308655708106e-01 0.000000000000000000e+00
6.334057629742047446e+00 1.957392803702229900e+00 -1.744415236327110633e-05 -1.000000000000000000e+00 -1.436056750745912981e-04 1.120164225267819335e-04 2.079294615487015108e-02 9.546480990672924216e-01 9.429011636548417785e-01 9.665365506750233093e-01 0.000000000000000000e+00
6.339339665247542221e+00 1.955761873852543076e+00 -2.908241079749661595e-05 -1.000000000000000000e+00 -1.553964597843062237e-04 1.005359251805246245e-04 5.744178288929902010e-02 9.544102168137696962e-01 9.427358855899178325e-01 9.662244874833376684e-01 0.000000000000000000e+00
6.344626105496522506e+00 1.954132302918741848e+00 -4.566377142022126011e-05 -1.000000000000000000e+00 -1.720807398319010566e-04 8.407328317247341832e-05 1.409164934584339335e-01 9.555149777140005130e-01 9.438076486479948235e-01 9.673628914163348025e-01 0.000000000000000000e+00
6.349916954162148741e+00 1.952504089768555939e+00 -4.598257314986781819e-05 -1.000000000000000000e+00 -1.725428096989865183e-04 8.393141482868573156e-05 1.427171393669368626e-01 9.527148110131120617e-01 9.409274345799215622e-01 9.646448564608726128e-01 0.000000000000000000e+00
6.355212214920644698e+00 1.950877233270659206e+00 -4.419162747026119238e-05 -1.000000000000000000e+00 -1.709299549543958090e-04 8.593196985516080954e-05 1.314846716997237763e-01 9.506021465468341702e-01 9.388013930315609601e-01 9.625461613428001328e-01 0.000000000000000000e+00
6.360511891451300137e+00 1.949251732294668749e+00 -4.279981619395019599e-05 -1.000000000000000000e+00 -1.700095785792075660e-04 8.780665149777386672e-05 1.224581274049967305e-01 9.505554747204163490e-01 9.387551542253886883e-01 9.624990523689005428e-01 0.000000000000000000e+00
6.365815987436472589e+00 1.947627585711142251e+00 -3.549596277288414692e-05 -1.000000000000000000e+00 -1.635285524442835127e-04 9.593744782107464265e-05 8.335843136956100352e-02 9.515757443135005600e-01 9.397388663476444748e-01 9.635565797628644624e-01 0.000000000000000000e+00
6.371124506561590906e+00 1.946004792391578420e+00 -6.032237826357117797e-06 -1.000000000000000000e+00 -1.350870238998361195e-04 1.264335418194566653e-04 2.386303452368565559e-03 9.498246247990882463e-01 9.379677654095756045e-01 9.618261334097288895e-01 0.000000000000000000e+00
6.376437452515156146e+00 1.944383351208418098e+00 3.374198036267787322e-05 1.000000000000000000e+00 -9.621607803292125862e-05 1.671152714246958583e-04 7.422453806839257595e-02 9.486306926494486591e-01 9.367822258941096436e-01 9.606238946577027038e-01 0.000000000000000000e+00
6.381754828988746020e+00 1.942763261035039601e+00 7.088385860594055598e-05 1.000000000000000000e+00 -5.973040729043777107e-05 2.049028003461101028e-04 3.266676558349104198e-01 9.505273658015065408e-01 9.386427729523018071e-01 9.625574113071755367e-01 0.000000000000000000e+00
6.387076639677015777e+00 1.941144520745761159e+00 1.153016258265523233e-04 1.000000000000000000e+00 -1.576450711724800859e-05 2.497634791418834100e-04 8.656128849966364669e-01 9.507790905895444622e-01 9.388701950574626087e-01 9.628340434009738935e-01 0.000000000000000000e+00
6.392402888277703532e+00 1.939527129215838475e+00 1.582244552724814660e-04 1.000000000000000000e+00 2.683293443633502119e-05 2.930172380242500123e-04 1.634351539661224706e+00 9.494996971171234534e-01 9.376054012059861220e-01 9.615399310990953019e-01 0.000000000000000000e+00
6.397733578491629380e+00 1.937911085321463833e+00 1.787344775523019836e-04 1.000000000000000000e+00 4.697066885636769066e-05 3.139100686610003148e-04 2.081962903741271020e+00 9.507894049478100573e-01 9.388610327020637802e-01 9.628643558731114771e-01 0.000000000000000000e+00
6.403068714022700725e+00 1.936296387939767438e+00 1.838807705789162494e-04 1.000000000000000000e+00 5.147612855830414544e-05 3.197016464926069872e-04 2.188362094082634712e+00 9.519532312437003485e-01 9.399135774447556768e-01 9.641419630648996320e-01 0.000000000000000000e+00
6.408408298577912277e+00 1.934683035948813856e+00 1.751783016492659047e-04 1.000000000000000000e+00 4.224328938522397669e-05 3.115374905803706745e-04 1.965198990282857494e+00 9.528884500213654629e-01 9.409118575401318463e-01 9.650124086366266285e-01 0.000000000000000000e+00
6.413752335867351384e+00 1.933071028227602239e+00 1.540603573103401685e-04 1.000000000000000000e+00 2.064724096586536498e-05 2.909095065172242166e-04 1.504319356967840804e+00 9.543699543000890850e-01 9.423485163571058143e-01 9.665395826392759737e-01 0.000000000000000000e+00
6.419100829604198033e+00 1.931460363656067436e+00 1.327913920919370394e-04 1.000000000000000000e+00 -8.288772681732249452e-07 2.698664118755310848e-04 1.111708667201099843e+00 9.546455545533042431e-01 9.425163636288265145e-01 9.669254698022138328e-01 0.000000000000000000e+00
6.424453783504729287e+00 1.929851041115075327e+00 1.140196892272901972e-04 1.000000000000000000e+00 -1.920829255707700331e-05 2.507289836465373531e-04 8.198815386440969633e-01 9.544715578451477000e-01 9.424188686566057349e-01 9.666730256648679021e-01 0.000000000000000000e+00
6.429811201288321953e+00 1.928243059486426159e+00 9.700045589504689226e-05 1.000000000000000000e+00 -3.586133970786036711e-05 2.333609725927490968e-04 5.951944177055565888e-01 9.548381484530232832e-01 9.426835278151072250e-01 9.671439624529900581e-01 0.000000000000000000e+00
6.435173086677453469e+00 1.926636417652850763e+00 8.977777036812284060e-05 1.000000000000000000e+00 -4.276924194160468663e-05 2.258352579177196745e-04 5.114305083056365220e-01 9.535175993031932418e-01 9.413427420737342510e-01 9.658444124494782734e-01 0.000000000000000000e+00
6.440539443397706343e+00 1.925031114498011453e+00 7.978420868972970251e-05 1.000000000000000000e+00 -5.250595289801173067e-05 2.155897610927573927e-04 4.038952177675412258e-01 9.535928202209440485e-01 9.414926129702244628e-01 9.658431293647058435e-01 0.000000000000000000e+00
6.445910275177769044e+00 1.923427148906499795e+00 6.632156551313369414e-05 1.000000000000000000e+00 -6.604864291161981736e-05 2.022049981726654986e-04 2.784111788944301225e-01 9.548435994056191367e-01 9.426319703193672961e-01 9.672079865241738350e-01 0.000000000000000000e+00
6.451285585749439555e+00 1.921824519763838390e+00 5.422498351526912574e-05 1.000000000000000000e+00 -7.815542356839966026e-05 1.901261952726158012e-04 1.856710261655223348e-01 9.557158945276111872e-01 9.434660081994044045e-01 9.681193078384852102e-01 0.000000000000000000e+00
6.456665378847628034e+00 1.920223225956476210e+00 4.422955896434920523e-05 1.000000000000000000e+00 -8.805583551915353445e-05 1.800499025139772860e-04 1.233911089569232900e-01 9.560258896504856274e-01 9.437766876766130464e-01 9.684285618282963970e-01 0.000000000000000000e+00
6.462049658210359482e+00 1.918623266371792813e+00 3.455498264036304854e-05 1.000000000000000000e+00 -9.764747661089034371e-05 1.703072862244430126e-04 7.526325321839522076e-02 9.564175061795940902e-01 9.441337914566654277e-01 9.688554908703320701e-01 0.000000000000000000e+00
6.467438427578775517e+00 1.917024639898092353e+00 2.064780095779040529e-05 1.000000000000000000e+00 -1.115186544396452151e-04 1.563791288639814717e-04 2.681153579621309291e-02 9.583619299593446605e-01 9.460333314507132219e-01 9.708455442870346230e-01 0.000000000000000000e+00
6.472831690697137930e+00 1.915427345424606687e+00 1.532500619969104924e-05 1.000000000000000000e+00 -1.169786433934004639e-04 1.512055125609304258e-04 1.471887116122161387e-02 9.585269726130342116e-01 9.461986986598385219e-01 9.710102215264718728e-01 0.000000000000000000e+00
6.478229451312831344e+00 1.913831381841492263e+00 1.576005317923345560e-05 1.000000000000000000e+00 -1.168940955611174866e-04 1.519978561549757061e-04 1.549492689053977301e-02 9.580362682086897008e-01 9.456759805934044083e-01 9.705524567532783919e-01 0.000000000000000000e+00
6.483631713176364109e+00 1.912236748039830792e+00 7.840096097874403165e-07 1.000000000000000000e+00 -1.321507613041992201e-04 1.373130989775383148e-04 3.806240164294649730e-05 9.631841565303898012e-01 9.507571795826607053e-01 9.757678576362864842e-01 0.000000000000000000e+00
6.489038480041373624e+00 1.910643442911627687e+00 1.108732923851831057e-05 1.000000000000000000e+00 -1.222716085980503147e-04 1.480598251005676763e-04 7.579882202406906799e-03 9.628676011679700997e-01 9.504441012538883404e-01 9.754477801986474184e-01 0.000000000000000000e+00
6.494449755664626345e+00 1.909051465349812737e+00 3.207452659121356466e-05 1.000000000000000000e+00 -1.018845439760545382e-04 1.696611150410653654e-04 6.316651210744339551e-02 9.613144373150656063e-01 9.488658949784125607e-01 9.739204499515883295e-01 0.000000000000000000e+00
6.499865543806021329e+00 1.907460814248235881e+00 5.355282069653355078e-05 1.000000000000000000e+00 -8.120108399680005902e-05 1.919386137351954819e-04 1.750935512326350363e-01 9.613566590181419347e-01 9.487979793527715477e-01 9.740755440355352013e-01 0.000000000000000000e+00
6.505285848228594681e+00 1.905871488501671207e+00 7.647072183017242133e-05 1.000000000000000000e+00 -5.897964419090121662e-05 2.155649090704354768e-04 3.544509800111939057e-01 9.626597480335767898e-01 9.501685077754857822e-01 9.753093621920950751e-01 0.000000000000000000e+00
6.510710672698518664e+00 1.904283487005811404e+00 1.069309537627983477e-04 1.000000000000000000e+00 -2.952286946675829508e-05 2.470399918888430916e-04 6.874840950634961700e-01 9.634197445245830105e-01 9.508870107911124858e-01 9.761117350045984686e-01 0.000000000000000000e+00
6.516140020985107917e+00 1.902696808657271088e+00 1.428005136609060205e-04 1.000000000000000000e+00 5.131061347036244922e-06 2.841259802850578070e-04 1.215465900815644318e+00 9.641048569791947909e-01 9.514550713773664015e-01 9.769164825215761461e-01 0.000000000000000000e+00
6.521573896860818564e+00 1.901111452353583031e+00 1.833215509792305989e-04 1.000000000000000000e+00 4.467636512905833997e-05 3.256184124275661234e-04 1.987719249407916777e+00 9.645326080204805752e-01 9.519559309696291605e-01 9.772692457503279195e-01 0.000000000000000000e+00
6.527012304101254436e+00 1.899527416993199491e+00 2.297291939654286480e-04 1.000000000000000000e+00 9.004447752361619678e-05 3.730585978559354987e-04 3.107421089072943232e+00 9.635094927458278669e-01 9.508292028084269765e-01 9.763528394957102785e-01 0.000000000000000000e+00
6.532455246485166178e+00 1.897944701475490215e+00 2.724403896214324891e-04 1.000000000000000000e+00 1.320713188575972977e-04 4.164587368830310237e-04 4.363041960756163462e+00 9.624739305970451131e-01 9.497673990394299715e-01 9.753443807719772707e-01 0.000000000000000000e+00
6.537902727794456581e+00 1.896363304700741548e+00 3.031262033985373497e-04 1.000000000000000000e+00 1.624223829914790641e-04 4.474935075279435877e-04 5.396057464862650477e+00 9.624504357328279580e-01 9.498251668500976574e-01 9.752376458813089011e-01 0.000000000000000000e+00
6.543354751814182357e+00 1.894783225570156437e+00 3.137981285273065885e-04 1.000000000000000000e+00 1.726672028867778182e-04 4.585967604231061274e-04 5.765839327904870970e+00 9.646538203900526520e-01 9.519053799105402502e-01 9.775669739982497664e-01 0.000000000000000000e+00
6.548811322332555918e+00 1.893204462985853986e+00 3.175108517945996042e-04 1.000000000000000000e+00 1.760384341036166033e-04 4.626530853949265259e-04 5.879897903990922714e+00 9.648204729480732711e-01 9.520350573527515126e-01 9.777714568157294117e-01 0.000000000000000000e+00
6.554272443140948923e+00 1.891627015850867455e+00 3.053541074254698096e-04 1.000000000000000000e+00 1.637286845848054579e-04 4.506569885213488865e-04 5.412608780708353606e+00 9.652301097001166896e-01 9.524428792796977294e-01 9.781829692720703795e-01 0.000000000000000000e+00
6.559738118033894949e+00 1.890050883069143817e+00 2.792166359914579482e-04 1.000000000000000000e+00 1.376495015000292715e-04 4.244796381665316221e-04 4.509196826565641913e+00 9.657128513407617909e-01 9.528854066226988273e-01 9.787068475264171230e-01 0.000000000000000000e+00
6.565208350809092153e+00 1.888476063545543981e+00 2.393063755194583045e-04 1.000000000000000000e+00 9.810856933108042508e-05 3.842236656901860774e-04 3.305716799846862841e+00 9.670754456353751749e-01 9.542030123409008802e-01 9.801150491702443901e-01 0.000000000000000000e+00
6.570683145267405045e+00 1.886902556185840796e+00 1.928543767401071356e-04 1.000000000000000000e+00 5.227433699924065509e-05 3.371848851142433758e-04 2.145443141071268656e+00 9.685520549920925149e-01 9.556733191133518490e-01 9.815978826007764058e-01 0.000000000000000000e+00
6.576162505212867160e+00 1.885330359896719488e+00 1.539310913893042465e-04 1.000000000000000000e+00 1.391025480762314234e-05 2.977247885323143928e-04 1.367670992393044571e+00 9.674142778309128277e-01 9.545074507474946568e-01 9.804890559718837384e-01 0.000000000000000000e+00
6.581646434452685490e+00 1.883759473585775446e+00 1.083640340087730329e-04 1.000000000000000000e+00 -3.113286435178406163e-05 2.516432734475817601e-04 6.777369997315645378e-01 9.685791821090090625e-01 9.555506297707400121e-01 9.817786720427380542e-01 0.000000000000000000e+00
6.587134936797241380e+00 1.882189896161514886e+00 6.304838997247948988e-05 1.000000000000000000e+00 -7.562666069727856850e-05 2.055197742209701394e-04 2.295380760160128375e-01 9.708252555906096148e-01 9.578666185535900102e-01 9.839527955957768635e-01 0.000000000000000000e+00
6.592628016060094076e+00 1.880621626533353297e+00 1.825544557889696099e-05 1.000000000000000000e+00 -1.196649188658739172e-04 1.599920233639222562e-04 1.926821880846318891e-02 9.744902701108092424e-01 9.614755618817438787e-01 9.876747010487544332e-01 0.000000000000000000e+00
6.598125676057981615e+00 1.879054663611614329e+00 -1.149309874900522760e-05 -1.000000000000000000e+00 -1.488793827554237459e-04 1.297292819481868885e-04 7.656121142730398788e-03 9.755829442778827243e-01 9.624489469366475092e-01 9.888896249263123828e-01 0.000000000000000000e+00
6.603627920610826152e+00 1.877489006307530905e+00 -4.419005391416189438e-05 -1.000000000000000000e+00 -1.809036944252153008e-04 9.636569359572081848e-05 1.132409607089073234e-01 9.788807031020990701e-01 9.658114108801595377e-01 9.921204791377264964e-01 0.000000000000000000e+00
6.609134753541735741e+00 1.875924653533241671e+00 -6.897993511443807711e-05 -1.000000000000000000e+00 -2.053874414707037611e-04 7.125457297457225381e-05 2.760872127649633967e-01 9.807652158926032371e-01 9.675700103081867898e-01 9.941340869401716906e-01 0.000000000000000000e+00
6.614646178677005217e+00 1.874361604201792542e+00 -8.568508825576373069e-05 -1.000000000000000000e+00 -2.216346986125004902e-04 5.409341432344169707e-05 4.271974926069788125e-01 9.805304864663897391e-01 9.673034698667030140e-01 9.939321716365470127e-01 0.000000000000000000e+00
6.620162199846120643e+00 1.872799857227134490e+00 -1.042793871573803962e-04 -1.000000000000000000e+00 -2.394633771629975914e-04 3.475823204326284092e-05 6.354741850566085759e-01 9.803109458723794356e-01 9.671731690432499029e-01 9.936210995217966691e-01 0.000000000000000000e+00
6.625682820881761970e+00 1.871239411524124430e+00 -1.284214030978630407e-04 -1.000000000000000000e+00 -2.630815336989564724e-04 1.011801821043930107e-05 9.667733010076062783e-01 9.806237846067376029e-01 9.673705320845795708e-01 9.940524292705439358e-01 0.000000000000000000e+00
6.631208045619805702e+00 1.869680266008521441e+00 -1.546339032978969797e-04 -1.000000000000000000e+00 -2.889388887426877646e-04 -1.643305797439283404e-05 1.401096420244044793e+00 9.803568264182017655e-01 9.670681798203131230e-01 9.938218307259958362e-01 0.000000000000000000e+00
6.636737877899325788e+00 1.868122419596990769e+00 -1.871020829696690840e-04 -1.000000000000000000e+00 -3.212768947095700003e-04 -4.901101245845552730e-05 2.040531523184341722e+00 9.813735338419627974e-01 9.680781966903638791e-01 9.948451610131067158e-01 0.000000000000000000e+00
6.642272321562598059e+00 1.866565871207098271e+00 -2.132067605344166851e-04 -1.000000000000000000e+00 -3.475538207312732107e-04 -7.492031922104431347e-05 2.630578949175628622e+00 9.814288935039574557e-01 9.680902159961152220e-01 9.949449444084214056e-01 0.000000000000000000e+00
6.647811380455102892e+00 1.865010619757312416e+00 -2.313614797010185684e-04 -1.000000000000000000e+00 -3.659681209495249622e-04 -9.279776056109716046e-05 3.076549523014818988e+00 9.818917507375672926e-01 9.685072891149142382e-01 9.954546880891242955e-01 0.000000000000000000e+00
6.653355058425526991e+00 1.863456664167002952e+00 -2.336634817548660637e-04 -1.000000000000000000e+00 -3.684592009684565747e-04 -9.489598958089428453e-05 3.126584361114936428e+00 9.819428885167426069e-01 9.685600310255849665e-01 9.955041309885850342e-01 0.000000000000000000e+00
6.658903359325766047e+00 1.861904003356439352e+00 -2.117190194639038741e-04 -1.000000000000000000e+00 -3.467634458606139863e-04 -7.269520115946856626e-05 2.569194464791110022e+00 9.794947001973749456e-01 9.660913399422131898e-01 9.930775073942921249e-01 0.000000000000000000e+00
6.664456287010930069e+00 1.860352636246791480e+00 -1.810167681014597583e-04 -1.000000000000000000e+00 -3.163951664024741250e-04 -4.166777169100174165e-05 1.883192517528684107e+00 9.779920492247017316e-01 9.644814585666857676e-01 9.916851964430575261e-01 0.000000000000000000e+00
6.670013845339340719e+00 1.858802561760127592e+00 -1.418149143677916682e-04 -1.000000000000000000e+00 -2.773814774348835584e-04 -2.277549276847765872e-06 1.159281079568074802e+00 9.756526063208456057e-01 9.622484121444335736e-01 9.892371540933593277e-01 0.000000000000000000e+00
6.675576038172540194e+00 1.857253778819414780e+00 -1.086158453691432070e-04 -1.000000000000000000e+00 -2.447703821245273358e-04 3.151393792068558366e-05 6.797930996850141128e-01 9.747662182638081596e-01 9.612493688981558204e-01 9.884665888837788073e-01 0.000000000000000000e+00
6.681142869375288562e+00 1.855706286348516532e+00 -8.692863953661202796e-05 -1.000000000000000000e+00 -2.238079170495184834e-04 5.392783505171211834e-05 4.330282961704625677e-01 9.755642427319896060e-01 9.620018568441698337e-01 9.893111027501420018e-01 0.000000000000000000e+00
6.686714342815570866e+00 1.854160083272192949e+00 -7.274685188248024509e-05 -1.000000000000000000e+00 -2.103725550217071531e-04 6.886008152684120116e-05 3.005227520438893407e-01 9.762765770149707256e-01 9.627918254857068536e-01 9.899437300591682476e-01 0.000000000000000000e+00
6.692290462364595349e+00 1.852615168516101862e+00 -5.651085234521280082e-05 -1.000000000000000000e+00 -1.950853062834560965e-04 8.604596657927388894e-05 1.799007129390162163e-01 9.740760969364887778e-01 9.604809697539482549e-01 9.878570428946529258e-01 0.000000000000000000e+00
6.697871231896799671e+00 1.851071541006794829e+00 -7.389215073353336510e-05 -1.000000000000000000e+00 -2.127770908056465164e-04 6.900008033608034117e-05 3.050294850538222136e-01 9.794909333990264866e-01 9.658193577535162389e-01 9.933494005621009704e-01 0.000000000000000000e+00
6.703456655289853572e+00 1.849529199671717139e+00 -7.994848184884054609e-05 -1.000000000000000000e+00 -2.188990867579419146e-04 6.305856050186042479e-05 3.557157061171807300e-01 9.796698312992496716e-01 9.660047862899817650e-01 9.935215009387459162e-01 0.000000000000000000e+00
6.709046736424657986e+00 1.847988143439209141e+00 -1.056636886140523439e-04 -1.000000000000000000e+00 -2.446215347143027713e-04 3.740087284874880533e-05 6.172622263064937442e-01 9.837541392908650817e-01 9.700240446136835226e-01 9.976718366828966067e-01 0.000000000000000000e+00
6.714641479185352146e+00 1.846448371238503361e+00 -1.310747039649332881e-04 -1.000000000000000000e+00 -2.703614465552871011e-04 1.236193393651209625e-05 9.399877303588652921e-01 9.862175189884330173e-01 9.724291414938365241e-01 1.000194649754943432e+00 0.000000000000000000e+00
6.720240887459313583e+00 1.844909881999724721e+00 -1.530191054231443148e-04 -1.000000000000000000e+00 -2.929536256592299220e-04 -8.886163968125612754e-06 1.262858880996660105e+00 9.868783251748204366e-01 9.730870969870702991e-01 1.000858293423672718e+00 0.000000000000000000e+00
6.725844965137160791e+00 1.843372674653889876e+00 -1.724590271007658013e-04 -1.000000000000000000e+00 -3.132573272518568517e-04 -2.742088319561853272e-05 1.579255322986270471e+00 9.873340744469240038e-01 9.734921510969640757e-01 1.001365893598104462e+00 0.000000000000000000e+00
6.731453716112758556e+00 1.841836748132905655e+00 -1.843625389589896688e-04 -1.000000000000000000e+00 -3.258568430302062635e-04 -3.857990527986242344e-05 1.781668188539256903e+00 9.876638496143651524e-01 9.738222529888000967e-01 1.001695297149466146e+00 0.000000000000000000e+00
6.737067144283217068e+00 1.840302101369569288e+00 -1.757364036166566299e-04 -1.000000000000000000e+00 -3.178488058826732261e-04 -2.928979768519808405e-05 1.607349358171958897e+00 9.852226767235696681e-01 9.713540200569427130e-01 9.992823177924476941e-01 0.000000000000000000e+00
6.742685253548897251e+00 1.838768733297566405e+00 -1.489926284573600177e-04 -1.000000000000000000e+00 -2.916730357559326088e-04 -1.942991125164283484e-06 1.152228313797280634e+00 9.808690244136792913e-01 9.669871077167347950e-01 9.949430791189527445e-01 0.000000000000000000e+00
6.748308047813412536e+00 1.837236642851472368e+00 -1.252513589998887060e-04 -1.000000000000000000e+00 -2.684527898221623953e-04 2.233432889030579770e-05 8.116265188962046295e-01 9.801032329428090994e-01 9.662335933609960126e-01 9.941647724138371611e-01 0.000000000000000000e+00
6.753935530983630642e+00 1.835705828966748943e+00 -9.325814732533133089e-05 -1.000000000000000000e+00 -2.373377267936534261e-04 5.522439345262303311e-05 4.476611962808476619e-01 9.790125586178403116e-01 9.651029127983559164e-01 9.931154531883127357e-01 0.000000000000000000e+00
6.759567706969678902e+00 1.834176290579746293e+00 -5.376077628492634855e-05 -1.000000000000000000e+00 -1.991997297809585928e-04 9.609052540998546722e-05 1.475763968953174299e-01 9.773979428569641303e-01 9.633663302603205913e-01 9.916263508373889257e-01 0.000000000000000000e+00
6.765204579684944264e+00 1.832648026627699211e+00 -9.207585942981436517e-06 -1.000000000000000000e+00 -1.559843495338133948e-04 1.419830740175847172e-04 4.286926222533793407e-03 9.758343796477711996e-01 9.618916797841264854e-01 9.899718309428404694e-01 0.000000000000000000e+00
6.770846153046076843e+00 1.831121036048729556e+00 3.525021012126400559e-05 1.000000000000000000e+00 -1.130061445674305045e-04 1.879022593766575670e-04 6.230590057197105125e-02 9.755816083147306195e-01 9.615059113830008997e-01 9.898558300673453436e-01 0.000000000000000000e+00
6.776492430972993475e+00 1.829595317781842700e+00 9.044729705889902787e-05 1.000000000000000000e+00 -5.891868797266656803e-05 2.442047910854446913e-04 4.089001357559425287e-01 9.729060707599971325e-01 9.587971589251794713e-01 9.872149296342359603e-01 0.000000000000000000e+00
6.782143417388880380e+00 1.828070870766929312e+00 1.389445554612496990e-04 1.000000000000000000e+00 -1.101937755182259382e-05 2.933199658568270279e-04 9.645762213309723165e-01 9.715627363255148197e-01 9.575489010017323999e-01 9.857740763207116785e-01 0.000000000000000000e+00
6.787799116220194051e+00 1.826547693944761797e+00 1.753731069858403694e-04 1.000000000000000000e+00 2.465000202223725247e-05 3.305225104317232872e-04 1.534237010867755657e+00 9.719284956960854149e-01 9.577828129266605650e-01 9.862752511984528292e-01 0.000000000000000000e+00
6.793459531396665696e+00 1.825025786256996740e+00 2.150011793687570810e-04 1.000000000000000000e+00 6.331441437228366186e-05 3.711237351224131419e-04 2.296195356672299681e+00 9.689418104308349378e-01 9.547623399974582981e-01 9.833238674831211723e-01 0.000000000000000000e+00
6.799124666851304788e+00 1.823505146646170916e+00 2.375986542050517823e-04 1.000000000000000000e+00 8.481060192447553671e-05 3.948319365831078369e-04 2.776459456565476103e+00 9.682445603689173730e-01 9.540679589708764841e-01 9.826238457776351742e-01 0.000000000000000000e+00
6.804794526520399067e+00 1.821985774055703944e+00 2.315528162141714951e-04 1.000000000000000000e+00 7.764559680107269201e-05 3.899162163217339888e-04 2.598002775895295713e+00 9.734859205143651106e-01 9.592097980636369314e-01 9.879664018829390493e-01 0.000000000000000000e+00
6.810469114343518982e+00 1.820467667429894965e+00 2.412439031646549693e-04 1.000000000000000000e+00 8.643452381958843279e-05 4.005253270262795285e-04 2.789749915579221806e+00 9.728300398303216800e-01 9.586342781110158695e-01 9.872280336581574778e-01 0.000000000000000000e+00
6.816148434263521239e+00 1.818950825713921748e+00 2.505574800245852869e-04 1.000000000000000000e+00 9.507799883173568938e-05 4.105148102591265106e-04 2.994647236405825197e+00 9.714658116228952478e-01 9.571418778929985383e-01 9.859958317644725856e-01 0.000000000000000000e+00
6.821832490226549695e+00 1.817435247853842917e+00 2.493172648677773810e-04 1.000000000000000000e+00 9.392502816418134759e-05 4.092014773594893811e-04 2.967895830793494838e+00 9.723326979679958182e-01 9.579493603585895745e-01 9.869237207919467902e-01 0.000000000000000000e+00
6.827521286182038907e+00 1.815920932796593723e+00 2.467232168940569842e-04 1.000000000000000000e+00 9.189461565325363567e-05 4.060658394499302992e-04 2.922896416261565378e+00 9.724371347558040668e-01 9.580632317152099064e-01 9.870184680504862085e-01 0.000000000000000000e+00
6.833214826082717686e+00 1.814407879489987385e+00 2.387740833441674248e-04 1.000000000000000000e+00 8.457032964527739539e-05 3.975031629938909593e-04 2.755205797214415497e+00 9.719865004833898592e-01 9.575650274846637666e-01 9.866168926277997242e-01 0.000000000000000000e+00
6.838913113884609984e+00 1.812896086882713975e+00 2.171731522488857559e-04 1.000000000000000000e+00 6.350792890897569978e-05 3.753558569130585913e-04 2.288543584182832547e+00 9.722988094928419756e-01 9.577389429323380776e-01 9.870716039307096956e-01 0.000000000000000000e+00
6.844616153547039339e+00 1.811385553924339531e+00 1.865252434356551455e-04 1.000000000000000000e+00 3.366594989551548655e-05 3.439014204757620367e-04 1.692733277777151102e+00 9.712195678828242640e-01 9.567546588668254248e-01 9.858951629835530639e-01 0.000000000000000000e+00
6.850323949032630644e+00 1.809876279565305390e+00 1.284514208316657870e-04 1.000000000000000000e+00 -2.350159816757226841e-05 2.849393140094506069e-04 8.033082502138171321e-01 9.738828931627413477e-01 9.593409638988331656e-01 9.886371209915931768e-01 0.000000000000000000e+00
6.856036504307313706e+00 1.808368262756926637e+00 6.505088589302737484e-05 1.000000000000000000e+00 -8.597104553495100716e-05 2.206573604504111078e-04 2.062614751005327207e-01 9.748385612976308012e-01 9.601469092129734095e-01 9.897463808794628726e-01 0.000000000000000000e+00
6.861753823340325908e+00 1.806861502451392543e+00 -1.937285247609601587e-06 -1.000000000000000000e+00 -1.518427841574809334e-04 1.526232765261244055e-04 1.827692099283240168e-04 9.754027949084432825e-01 9.607913029287100670e-01 9.902278421579765455e-01 0.000000000000000000e+00
6.867475910104213099e+00 1.805355997601766127e+00 -7.044049932660191300e-05 -1.000000000000000000e+00 -2.198953631306677418e-04 8.370549463492077641e-05 2.402372987279619565e-01 9.774531974787286082e-01 9.626770713880672403e-01 9.924470096341908576e-01 0.000000000000000000e+00
6.873202768574835808e+00 1.803851747161981711e+00 -1.235574134736723160e-04 -1.000000000000000000e+00 -2.728213508781332660e-04 3.040514506858285615e-05 7.324553668719744337e-01 9.789640847735002760e-01 9.642558727877988956e-01 9.938877028440911143e-01 0.000000000000000000e+00
6.878934402731368358e+00 1.802348750086846252e+00 -1.502774364086157180e-04 -1.000000000000000000e+00 -2.998567646872540935e-04 4.009187021131242583e-06 1.075994774445959479e+00 9.795988011233840442e-01 9.647352130800227465e-01 9.946823479494194542e-01 0.000000000000000000e+00
6.884670816556305084e+00 1.800847005332036233e+00 -1.269098281056133795e-04 -1.000000000000000000e+00 -2.767472761506717047e-04 2.765694260728268150e-05 7.687212226312993835e-01 9.742539363951520093e-01 9.593697646527490352e-01 9.893597366060891130e-01 0.000000000000000000e+00
6.890412014035459443e+00 1.799346511854099884e+00 -9.153855139696828996e-05 -1.000000000000000000e+00 -2.412290010191228326e-04 6.288300629304205674e-05 4.023798932230846503e-01 9.728004648516425101e-01 9.580248357660159364e-01 9.877948578054964734e-01 0.000000000000000000e+00
6.896157999157970231e+00 1.797847268610453630e+00 -2.816261958423700685e-05 -1.000000000000000000e+00 -1.781479768279384431e-04 1.265174173672124953e-04 3.846936095307285086e-02 9.676980298790145429e-01 9.528258233655899634e-01 9.827932777328196590e-01 0.000000000000000000e+00
6.901908775916301586e+00 1.796349274559382980e+00 1.545559092918460015e-05 1.000000000000000000e+00 -1.345640442484330370e-04 1.701237177052905948e-04 1.167500425854939294e-02 9.686514399073333781e-01 9.537235128603834822e-01 9.838042543103651116e-01 0.000000000000000000e+00
6.907664348306248314e+00 1.794852528660041413e+00 5.489808616475132735e-05 1.000000000000000000e+00 -9.510385432165966747e-05 2.095327821598799267e-04 1.482894666043961251e-01 9.673323885734219640e-01 9.524281636463634015e-01 9.824613374118397191e-01 0.000000000000000000e+00
6.913424720326936779e+00 1.793357029872449937e+00 8.126408583295302254e-05 1.000000000000000000e+00 -6.885832921800727697e-05 2.360301235706387763e-04 3.262003201157881449e-01 9.634832959685349918e-01 9.485507643189036164e-01 9.786423012805632871e-01 0.000000000000000000e+00
6.919189895980827565e+00 1.791862777157495312e+00 6.700934266605771447e-05 1.000000000000000000e+00 -8.309081977685458642e-05 2.217741644993906120e-04 2.211022098836679106e-01 9.639700112691615974e-01 9.490363847783932494e-01 9.791299808723532561e-01 0.000000000000000000e+00
6.924959879273719920e+00 1.790369769476931161e+00 3.675934817240305002e-05 1.000000000000000000e+00 -1.134794619622172613e-04 1.916845597933102203e-04 6.609222725425922818e-02 9.617508854596874546e-01 9.467643412952926329e-01 9.769657643079564524e-01 0.000000000000000000e+00
6.930734674214753532e+00 1.788878005793375303e+00 -1.852612558895481241e-05 -1.000000000000000000e+00 -1.687055884330143966e-04 1.363776292243051456e-04 1.663457200972118244e-02 9.611562903988940532e-01 9.461016215706087307e-01 9.764416572042941000e-01 0.000000000000000000e+00
6.936514284816411191e+00 1.787387485070310644e+00 -9.500102607238204017e-05 -1.000000000000000000e+00 -2.445660846010253931e-04 5.934598501771236995e-05 4.338894910831356810e-01 9.637327887258055892e-01 9.486552598697761685e-01 9.790409288229410256e-01 0.000000000000000000e+00
6.942298715094520567e+00 1.785898206272082511e+00 -1.821989015476534592e-04 -1.000000000000000000e+00 -3.306804738936652745e-04 -2.887342796152809251e-05 1.588787356505505954e+00 9.696900045123063583e-01 9.545020692433898724e-01 9.851102663030366635e-01 0.000000000000000000e+00
6.948087969068260428e+00 1.784410168363900873e+00 -2.345793221613691199e-04 -1.000000000000000000e+00 -3.820873537158163782e-04 -8.217482070682418597e-05 2.639625205198029789e+00 9.687784003013582002e-01 9.534452741333466763e-01 9.842700236266679337e-01 0.000000000000000000e+00
6.953882050760158862e+00 1.782923370311836564e+00 -2.751377803577555788e-04 -1.000000000000000000e+00 -4.215223837012928190e-04 -1.238038944078893519e-04 3.639646280889834884e+00 9.694486689184224071e-01 9.542089281217369656e-01 9.849221719303636879e-01 0.000000000000000000e+00
6.959680964196100383e+00 1.781437811082822398e+00 -3.030663377766885653e-04 -1.000000000000000000e+00 -4.491984307236922182e-04 -1.519535671626342404e-04 4.407576041712772508e+00 9.723490144577416894e-01 9.569344063985767423e-01 9.879230704056366497e-01 0.000000000000000000e+00
6.965484713405325046e+00 1.779953489644652054e+00 -3.051495052907217008e-04 -1.000000000000000000e+00 -4.518510797911214310e-04 -1.534456952024330478e-04 4.435879868608722632e+00 9.741256309418689918e-01 9.586292018861224395e-01 9.897829730556729766e-01 0.000000000000000000e+00
6.971293302420433768e+00 1.778470404965979412e+00 -2.731823935559616516e-04 -1.000000000000000000e+00 -4.213406897407665375e-04 -1.200058199826595316e-04 3.514558664224196605e+00 9.729818938574794629e-01 9.574922492643364036e-01 9.886324213311997733e-01 0.000000000000000000e+00
6.977106735277391003e+00 1.776988556016316556e+00 -2.003753332573877553e-04 -1.000000000000000000e+00 -3.508690553814059138e-04 -4.485985981330116294e-05 1.867784693204768587e+00 9.675455449605477876e-01 9.520228503247240015e-01 9.832306567842764577e-01 0.000000000000000000e+00
6.982925016015525621e+00 1.775507941766035547e+00 -1.100629700259096852e-04 -1.000000000000000000e+00 -2.628833345204338655e-04 4.776547633647128493e-05 5.570336068592212087e-01 9.642604639862827343e-01 9.488546600005062226e-01 9.798270500180633613e-01 0.000000000000000000e+00
6.988748148677535355e+00 1.774028561186365982e+00 -4.498794955152786573e-06 -1.000000000000000000e+00 -1.597843009582650370e-04 1.557599339460751236e-04 9.237362361460554894e-04 9.617979190724417204e-01 9.462560082902069514e-01 9.775038813503457158e-01 0.000000000000000000e+00
6.994576137309488573e+00 1.772550413249394330e+00 1.101523007716567786e-04 1.000000000000000000e+00 -4.714780195714233678e-05 2.724074117911627559e-04 5.523280363615015176e-01 9.584218105223684114e-01 9.428484483642252112e-01 9.741606599979295567e-01 0.000000000000000000e+00
7.000408985960828723e+00 1.771073496928063928e+00 2.173851177382419056e-04 1.000000000000000000e+00 5.844336295484899241e-05 3.812858028991711725e-04 2.148532263931500097e+00 9.547803072078410169e-01 9.392538214911837491e-01 9.704720945698550594e-01 0.000000000000000000e+00
7.006246698684376106e+00 1.769597811196173431e+00 2.851110609395986380e-04 1.000000000000000000e+00 1.247126260176379233e-04 4.504852244633146150e-04 3.673854728096969779e+00 9.566834886001793770e-01 9.410858160830152253e-01 9.724477960809807531e-01 0.000000000000000000e+00
7.012089279536330544e+00 1.768123355028376364e+00 3.360995187313298854e-04 1.000000000000000000e+00 1.742575552059908643e-04 5.029513007324019425e-04 5.057836099609289704e+00 9.550429626321034204e-01 9.394693240309588411e-01 9.707831091027834258e-01 0.000000000000000000e+00
7.017936732576273151e+00 1.766650127400181791e+00 3.510695662771492727e-04 1.000000000000000000e+00 1.877621120972848329e-04 5.194346634842540158e-04 5.436611274657025206e+00 9.542686586176313268e-01 9.386311679476562198e-01 9.700741341129681672e-01 0.000000000000000000e+00
7.023789061867172556e+00 1.765178127287950538e+00 3.269535570422022397e-04 1.000000000000000000e+00 1.624045591125056686e-04 4.966247713248682144e-04 4.625783429550125447e+00 9.552774993678413429e-01 9.395554424384641168e-01 9.711691303440154188e-01 0.000000000000000000e+00
7.029646271475383124e+00 1.763707353668898525e+00 2.712290677090107628e-04 1.000000000000000000e+00 1.059424833789353044e-04 4.417210850198142764e-04 3.120548516276372197e+00 9.572496375512679068e-01 9.415082906725567025e-01 9.731603403526378759e-01 0.000000000000000000e+00
7.035508365470652059e+00 1.762237805521092104e+00 2.140609539599684131e-04 1.000000000000000000e+00 4.836375248178919760e-05 3.850605910097074308e-04 1.914981417484995063e+00 9.542310247304922610e-01 9.384349283732623670e-01 9.701980272254414617e-01 0.000000000000000000e+00
7.041375347926120298e+00 1.760769481823449834e+00 1.267383097430696993e-04 1.000000000000000000e+00 -3.870029976193483019e-05 2.975851166571872783e-04 6.628931906381723138e-01 9.579022378502285440e-01 9.419084528445639259e-01 9.740702786600613505e-01 0.000000000000000000e+00
7.047247222918324283e+00 1.759302381555740702e+00 5.110985364087729954e-05 1.000000000000000000e+00 -1.134173853403024881e-04 2.211650530750478027e-04 1.070141354044125137e-01 9.600621003971515632e-01 9.441541912933764102e-01 9.761418904033292154e-01 0.000000000000000000e+00
7.053123994527200402e+00 1.757836503698584130e+00 -1.090540742472274659e-05 -1.000000000000000000e+00 -1.748790429373945428e-04 1.586755579114257114e-04 4.845131811435976488e-03 9.630073308380762143e-01 9.469149051921524896e-01 9.792748735168517182e-01 0.000000000000000000e+00
7.059005666836087656e+00 1.756371847233449524e+00 -3.943773364980363667e-05 -1.000000000000000000e+00 -2.030262511657816989e-04 1.298163581928403433e-04 6.307106082010704995e-02 9.626682789416020070e-01 9.466855313251126836e-01 9.788241143633376051e-01 0.000000000000000000e+00
7.064892243931729432e+00 1.754908411142653613e+00 -4.324951074195851748e-05 -1.000000000000000000e+00 -2.072430292597395908e-04 1.264275790449119821e-04 7.548818530297296547e-02 9.618118324932566354e-01 9.456762021950244623e-01 9.781242150003491842e-01 0.000000000000000000e+00
7.070783729904277948e+00 1.753446194409361780e+00 -3.387595025887208175e-05 -1.000000000000000000e+00 -1.983694428838391648e-04 1.363174573477006751e-04 4.608672165440452773e-02 9.629970468995125987e-01 9.467885080844331558e-01 9.793836450981322495e-01 0.000000000000000000e+00
7.076680128847296025e+00 1.751985196017586288e+00 -5.890273973360167397e-06 -1.000000000000000000e+00 -1.709218864256468453e-04 1.648892413179905059e-04 1.387463064389748979e-03 9.632121084023005375e-01 9.471123639697692775e-01 9.794877382646495212e-01 0.000000000000000000e+00
7.082581444857760644e+00 1.750525414952186498e+00 3.087108764751096300e-05 1.000000000000000000e+00 -1.353868723206084687e-04 2.029216603074922548e-04 3.786194823719313263e-02 9.635120926613037762e-01 9.472520038173758428e-01 9.799515441460119325e-01 0.000000000000000000e+00
7.088487682036063831e+00 1.749066850198867318e+00 6.550356297956819607e-05 1.000000000000000000e+00 -1.022921248866587155e-04 2.391242188037016479e-04 1.685282046648808318e-01 9.654930159925811939e-01 9.491482134024638029e-01 9.820186991820637479e-01 0.000000000000000000e+00
7.094398844486017985e+00 1.747609500744178535e+00 1.112694898921107319e-04 1.000000000000000000e+00 -5.834466642375405376e-05 2.867107179971028780e-04 4.801328575876624427e-01 9.640186350410283600e-01 9.476920179353022222e-01 9.805262338813347522e-01 0.000000000000000000e+00
7.100314936314857661e+00 1.746153365575515037e+00 1.543188499143517559e-04 1.000000000000000000e+00 -1.691928755609114002e-05 3.313632598544476301e-04 9.143825780478778142e-01 9.617376503823390488e-01 9.453576901988307579e-01 9.783004833575346115e-01 0.000000000000000000e+00
7.106235961633242226e+00 1.744698443681114597e+00 1.814090629247982361e-04 1.000000000000000000e+00 9.542655334100459902e-06 3.590896767157050013e-04 1.259376064869371703e+00 9.608944146733665592e-01 9.445336786105118509e-01 9.774378650951333070e-01 0.000000000000000000e+00
7.112161924555259418e+00 1.743244734050058975e+00 1.910029469562356870e-04 1.000000000000000000e+00 1.937686658748079618e-05 3.684956491664788066e-04 1.401570744319641904e+00 9.604127235869966972e-01 9.439931153888592164e-01 9.770163818821974155e-01 0.000000000000000000e+00
7.118092829198427118e+00 1.741792235672271039e+00 1.794959869855883663e-04 1.000000000000000000e+00 8.606982964266899619e-06 3.563168878270813519e-04 1.246112257807496349e+00 9.603338976461850418e-01 9.437555318100149249e-01 9.770997678514727891e-01 0.000000000000000000e+00
7.124028679683696907e+00 1.740340947538516092e+00 1.272704642151156133e-04 1.000000000000000000e+00 -4.229231116825547679e-05 3.028146859573258172e-04 6.275316965818547033e-01 9.661384452318957372e-01 9.496196934233880338e-01 9.828424558792510091e-01 0.000000000000000000e+00
7.129969480135457616e+00 1.738890868640399878e+00 7.929904338010280128e-05 1.000000000000000000e+00 -8.954088896781842491e-05 2.541386786144083721e-04 2.434054621136567675e-01 9.647281604515239861e-01 9.481424940421715464e-01 9.815008064155622547e-01 0.000000000000000000e+00
7.135915234681537100e+00 1.737441997970369245e+00 2.226472288793102405e-06 1.000000000000000000e+00 -1.657845987704738061e-04 1.762693232572532431e-04 1.906301762915063591e-04 9.672438555737506993e-01 9.506346475271345575e-01 9.840401367725518655e-01 0.000000000000000000e+00
7.141865947453204910e+00 1.735994334521709703e+00 -8.315870877950656836e-05 -1.000000000000000000e+00 -2.502134368513077300e-04 8.999206773508537812e-05 2.643395089356772587e-01 9.698593375653218329e-01 9.531424605998209953e-01 9.867649981361994449e-01 0.000000000000000000e+00
7.147821622585176726e+00 1.734547877288545648e+00 -1.451229751332931749e-04 -1.000000000000000000e+00 -3.111315836565581696e-04 2.706965918840111072e-05 8.054457014156355399e-01 9.665451063469797655e-01 9.496750836181356847e-01 9.836079015269464376e-01 0.000000000000000000e+00
7.153782264215615250e+00 1.733102625265839913e+00 -2.112981964212624561e-04 -1.000000000000000000e+00 -3.755106782219213473e-04 -4.084919350082991682e-05 1.713541635309283606e+00 9.683752806893030085e-01 9.515948805978886593e-01 9.853460662251284363e-01 0.000000000000000000e+00
7.159747876486134643e+00 1.731658577449392222e+00 -2.580166621584232167e-04 -1.000000000000000000e+00 -4.207803974556591437e-04 -8.900152666374810517e-05 2.573303684066814867e+00 9.702167311066848265e-01 9.532501219346279919e-01 9.873776602176276285e-01 0.000000000000000000e+00
7.165718463541802308e+00 1.730215732835839626e+00 -2.944046846456867782e-04 -1.000000000000000000e+00 -4.555754931426537211e-04 -1.269542222354562791e-04 3.372458067932129211e+00 9.750271110496555593e-01 9.581333399472130585e-01 9.921128025041705545e-01 0.000000000000000000e+00
7.171694029531142434e+00 1.728774090422655174e+00 -2.855228149926428388e-04 -1.000000000000000000e+00 -4.463751998036126684e-04 -1.183766789700395946e-04 3.192767052739810651e+00 9.712606248976406453e-01 9.542260918675709025e-01 9.884910012368336441e-01 0.000000000000000000e+00
7.177674578606138667e+00 1.727333649208146804e+00 -2.960894197230977258e-04 -1.000000000000000000e+00 -4.570481390964536940e-04 -1.288398099085929680e-04 3.421297622009106476e+00 9.771465676251792631e-01 9.599832655177925611e-01 9.945075001464669384e-01 0.000000000000000000e+00
7.183660114922237661e+00 1.725894408191456675e+00 -2.770184272298169769e-04 -1.000000000000000000e+00 -4.388707841529835446e-04 -1.088615956603602292e-04 2.972078052400689785e+00 9.770232525653969047e-01 9.599622256300777146e-01 9.942797597833178402e-01 0.000000000000000000e+00
7.189650642638349964e+00 1.724456366372562499e+00 -2.349103906893785392e-04 -1.000000000000000000e+00 -3.986748513623356764e-04 -6.483358558749194311e-05 2.116477342880187962e+00 9.727242102484292552e-01 9.555092063448031858e-01 9.901388816879437282e-01 0.000000000000000000e+00
7.195646165916856241e+00 1.723019522752273547e+00 -1.981922724341439316e-04 -1.000000000000000000e+00 -3.635081754660483919e-04 -2.657965000182459930e-05 1.490704561107179416e+00 9.727000400489569376e-01 9.555839358251393412e-01 9.900136940080987991e-01 0.000000000000000000e+00
7.201646688923606376e+00 1.721583876332232421e+00 -1.384633605375561551e-04 -1.000000000000000000e+00 -3.053404274058009373e-04 3.464616629301101145e-05 7.260895298379921314e-01 9.676165363604388725e-01 9.503588027381507652e-01 9.850763762479837204e-01 0.000000000000000000e+00
7.207652215827925701e+00 1.720149426114913060e+00 -8.514089292775651671e-05 -1.000000000000000000e+00 -2.524420782466206287e-04 8.835455061840117642e-05 2.763564301772447607e-01 9.642176764481810158e-01 9.469133867204279076e-01 9.817260348782487211e-01 0.000000000000000000e+00
7.213662750802614987e+00 1.718716171103621404e+00 -4.895877882100751035e-05 -1.000000000000000000e+00 -2.157684408195549835e-04 1.240628563528211258e-04 9.241064494595718770e-02 9.629827352961797260e-01 9.457086104179398545e-01 9.804603778281225646e-01 0.000000000000000000e+00
7.219678298023954888e+00 1.717284110302493172e+00 -3.863281029937751482e-05 -1.000000000000000000e+00 -2.049669721618048901e-04 1.339769912111768370e-04 5.792566109425933973e-02 9.643838942041877971e-01 9.470222160844998793e-01 9.819509004917245099e-01 0.000000000000000000e+00
7.225698861671710382e+00 1.715853242716494531e+00 -4.486191920978121805e-05 -1.000000000000000000e+00 -2.113850717481583548e-04 1.279951322376299955e-04 7.777433008683942717e-02 9.645912616501497450e-01 9.472302690003286951e-01 9.821573085489821997e-01 0.000000000000000000e+00
7.231724445929129885e+00 1.714423567351419875e+00 -5.549849930270525660e-05 -1.000000000000000000e+00 -2.234177919186562265e-04 1.187876455629427019e-04 1.171377121357011220e-01 9.605090263175675158e-01 9.430784296795036159e-01 9.781471077579788620e-01 0.000000000000000000e+00
7.237755054982951464e+00 1.712995083213891823e+00 -1.079762726552626229e-04 -1.000000000000000000e+00 -2.776456639412947674e-04 6.805713126880249815e-05 4.317561781192580384e-01 9.657640022926968770e-01 9.480669078241453773e-01 9.836736498883551505e-01 0.000000000000000000e+00
7.243790693023404614e+00 1.711567789311361887e+00 -1.552897994065127437e-04 -1.000000000000000000e+00 -3.259041396263128061e-04 2.173254313577816172e-05 8.746111162419367702e-01 9.697216773759360642e-01 9.520805812219236275e-01 9.875732217775553545e-01 0.000000000000000000e+00
7.249831364244212040e+00 1.710141684652107807e+00 -2.106144934725981248e-04 -1.000000000000000000e+00 -3.809518965316272899e-04 -3.378712931054140764e-05 1.594539960764251418e+00 9.801805917811923230e-01 9.623540115524490401e-01 9.982195229300980799e-01 0.000000000000000000e+00
7.255877072842594977e+00 1.708716768245233997e+00 -2.045459744666828161e-04 -1.000000000000000000e+00 -3.741965797297655289e-04 -2.833406600553681448e-05 1.517258693068200159e+00 9.786260267037422134e-01 9.606246986239316277e-01 9.968440586375825196e-01 0.000000000000000000e+00
7.261927823019274086e+00 1.707293039100669763e+00 -1.857284254533674093e-04 -1.000000000000000000e+00 -3.542955262920197525e-04 -1.058078354728515715e-05 1.265976297459104671e+00 9.781019179229206717e-01 9.602353423493528162e-01 9.961821949522806641e-01 0.000000000000000000e+00
7.267983618978473004e+00 1.705870496229170197e+00 -1.648778117431902847e-04 -1.000000000000000000e+00 -3.333241325085335737e-04 1.010163221237209770e-05 1.004586379750264769e+00 9.791402878400151666e-01 9.610762393229672629e-01 9.974228689976245565e-01 0.000000000000000000e+00
7.274044464927921894e+00 1.704449138642313732e+00 -1.367518906440043814e-04 -1.000000000000000000e+00 -3.054691283167396110e-04 3.847732396813877847e-05 6.916302068224808863e-01 9.775240902650216279e-01 9.595926149781145442e-01 9.956716434078212163e-01 0.000000000000000000e+00
7.280110365078859225e+00 1.703028965352503699e+00 -1.027330883145987646e-04 -1.000000000000000000e+00 -2.726870402699385610e-04 7.373539040361018102e-05 3.887368433585294270e-01 9.719672527825803376e-01 9.538805102805127945e-01 9.902747745797921830e-01 0.000000000000000000e+00
7.286181323646034436e+00 1.701609975372965211e+00 -8.532426179867411403e-05 -1.000000000000000000e+00 -2.563578807012435127e-04 9.228340343427028159e-05 2.654959866986956740e-01 9.688366289752762262e-01 9.508834764435853959e-01 9.870079636344337715e-01 0.000000000000000000e+00
7.292257344847713263e+00 1.700192167717745617e+00 -7.659865442331431379e-05 -1.000000000000000000e+00 -2.492070665572817005e-04 1.026139423849803286e-04 2.112618755845403484e-01 9.662689945489245646e-01 9.481244554302816763e-01 9.846368147869526410e-01 0.000000000000000000e+00
7.298338432905678630e+00 1.698775541401714717e+00 -9.089020971709754824e-05 -1.000000000000000000e+00 -2.645760781551326842e-04 8.941529308983026158e-05 2.933916709162929237e-01 9.696112268455372440e-01 9.513295288195768862e-01 9.881188669735612162e-01 0.000000000000000000e+00
7.304424592045234199e+00 1.697360095440562322e+00 -9.443655828489542017e-05 -1.000000000000000000e+00 -2.686018263408163965e-04 8.638194795175935107e-05 3.145708105170115232e-01 9.697188960844670413e-01 9.514408081560457031e-01 9.882228233730744327e-01 0.000000000000000000e+00
7.310515826495206149e+00 1.695945828850798032e+00 -1.020954920224925229e-04 -1.000000000000000000e+00 -2.760981575733718971e-04 7.860182499885516236e-05 3.675385267506783293e-01 9.713468348128552199e-01 9.529605139784950163e-01 9.899613083613982845e-01 0.000000000000000000e+00
7.316612140487947613e+00 1.694532740649751679e+00 -1.060426975546905086e-04 -1.000000000000000000e+00 -2.792981166212488804e-04 7.394733313129348094e-05 3.984948283706728489e-01 9.714665597810822062e-01 9.530979669446717484e-01 9.900630072129690262e-01 0.000000000000000000e+00
7.322713538259342236e+00 1.693120829855571774e+00 -1.263506385740340997e-04 -1.000000000000000000e+00 -2.987512532268470295e-04 5.281157069605987397e-05 5.679920552698547453e-01 9.748363029001725355e-01 9.563475821844501512e-01 9.935551226728578378e-01 0.000000000000000000e+00
7.328820024048804171e+00 1.691710095487224841e+00 -1.588996099569415339e-04 -1.000000000000000000e+00 -3.305979813425963428e-04 1.961986207786210203e-05 8.980626883838880303e-01 9.790218632293130607e-01 9.603986878932339044e-01 9.978776932036546032e-01 0.000000000000000000e+00
7.334931602099284298e+00 1.690300536564494527e+00 -1.932159533390701207e-04 -1.000000000000000000e+00 -3.645963664038767119e-04 -1.494403745862929521e-05 1.320627810248325318e+00 9.802035882999518002e-01 9.615751289741472085e-01 9.990644656909954957e-01 0.000000000000000000e+00
7.341048276657271110e+00 1.688892152107981603e+00 -2.519298119328204763e-04 -1.000000000000000000e+00 -4.234484254177953806e-04 -7.344274182458622132e-05 2.214156731479448581e+00 9.860237978419497118e-01 9.672277045562107656e-01 1.005054872875014604e+00 0.000000000000000000e+00
7.347170051972794269e+00 1.687484941139102412e+00 -2.995742651931729110e-04 -1.000000000000000000e+00 -4.716555999794611021e-04 -1.204336671747977254e-04 3.078581734371510947e+00 9.876545284743021291e-01 9.688356179543302638e-01 1.006708421133412745e+00 0.000000000000000000e+00
7.353296932299427269e+00 1.686078902680089531e+00 -3.462041298001575142e-04 -1.000000000000000000e+00 -5.191343284347319734e-04 -1.661310356679751099e-04 4.037530745135228472e+00 9.914946931427279786e-01 9.725187180420387101e-01 1.010708375612419108e+00 0.000000000000000000e+00
7.359428921894291875e+00 1.684674035753989330e+00 -3.724602078405246522e-04 -1.000000000000000000e+00 -5.464111738207522899e-04 -1.912908499876996027e-04 4.605559972729878382e+00 9.952567448714700893e-01 9.760141334000852487e-01 1.014742567802547679e+00 0.000000000000000000e+00
7.365566025018059015e+00 1.683270339384662417e+00 -3.447127951591598730e-04 -1.000000000000000000e+00 -5.195830271284860918e-04 -1.625413094813658692e-04 3.918565519692791099e+00 9.912649393177441759e-01 9.721793687440701826e-01 1.010590705009193124e+00 0.000000000000000000e+00
7.371708245934952330e+00 1.681867812596783196e+00 -2.879915714125284875e-04 -1.000000000000000000e+00 -4.644845283244873830e-04 -1.041822739295928486e-04 2.726303089488624209e+00 9.871301202597089208e-01 9.678636721671051157e-01 1.006642272378431180e+00 0.000000000000000000e+00
7.377855588912752616e+00 1.680466454415837863e+00 -2.029115364526313495e-04 -1.000000000000000000e+00 -3.809656433896434647e-04 -1.757263837833745643e-05 1.352642931371676127e+00 9.810101223733503906e-01 9.619301235011719076e-01 1.000333073871500167e+00 0.000000000000000000e+00
7.384008058222798709e+00 1.679066263868125519e+00 -9.567723452803693666e-05 -1.000000000000000000e+00 -2.758910157714340229e-04 9.175347246047274986e-05 3.013754241208772555e-01 9.715137922060697040e-01 9.523115846281269281e-01 9.909645815982018879e-01 0.000000000000000000e+00
7.390165658139991045e+00 1.677667239980756175e+00 9.435994829889089548e-06 1.000000000000000000e+00 -1.726656503325449919e-04 1.987589393036445187e-04 2.937612150674340228e-03 9.621267759602347702e-01 9.429172274737894766e-01 9.815877303237023899e-01 0.000000000000000000e+00
7.396328392942796093e+00 1.676269381781650081e+00 7.987183068989410397e-05 1.000000000000000000e+00 -1.038096807965815661e-04 2.708140820454682106e-04 2.097075117592908100e-01 9.596060823997097922e-01 9.404376508671883350e-01 9.790255702326480236e-01 0.000000000000000000e+00
7.402496266913247247e+00 1.674872688299538392e+00 1.389721397126831919e-04 1.000000000000000000e+00 -4.678000349143875570e-05 3.320456157300240383e-04 6.291499308166947912e-01 9.550445560898188635e-01 9.358130117776530810e-01 9.745301109630671865e-01 0.000000000000000000e+00
7.408669284336948380e+00 1.673477158563960288e+00 1.663750920922555255e-04 1.000000000000000000e+00 -2.159337792081674661e-05 3.617461749467170817e-04 8.855608196866171511e-01 9.541104915564555533e-01 9.348874331616923161e-01 9.735873822555912716e-01 0.000000000000000000e+00
7.414847449503079169e+00 1.672082791605264962e+00 1.636475655394476836e-04 1.000000000000000000e+00 -2.682852257769862423e-05 3.616040298906613056e-04 8.352809513214225490e-01 9.568098359908968620e-01 9.374363448864220238e-01 9.764400484158221039e-01 0.000000000000000000e+00
7.421030766704393322e+00 1.670689586454608300e+00 1.479408577948835147e-04 1.000000000000000000e+00 -4.486950479588673862e-05 3.482986590902024775e-04 6.652737826694448131e-01 9.591917244375849361e-01 9.396690496423497629e-01 9.789743534405197511e-01 0.000000000000000000e+00
7.427219240237226572e+00 1.669297542143953983e+00 1.291525883947196654e-04 1.000000000000000000e+00 -6.503451308094410598e-05 3.309508981730165870e-04 4.978280652777442583e-01 9.599053015356862062e-01 9.403749940845771427e-01 9.796955996789417087e-01 0.000000000000000000e+00
7.433412874401496673e+00 1.667906657706072160e+00 9.250133493568599846e-05 1.000000000000000000e+00 -1.017326750335482180e-04 2.944413776972568206e-04 2.532262410219345838e-01 9.647295883886202184e-01 9.450476193374427458e-01 9.846741714253431921e-01 0.000000000000000000e+00
7.439611673500706956e+00 1.666516932174539223e+00 6.911139306017556301e-05 1.000000000000000000e+00 -1.241259978664564247e-04 2.702268623217989659e-04 1.416877089499450904e-01 9.655786151881989854e-01 9.459116612967335413e-01 9.855073752336411808e-01 0.000000000000000000e+00
7.445815641841948995e+00 1.665128364583736253e+00 2.519912510486198675e-05 1.000000000000000000e+00 -1.669796748820354170e-04 2.254403381894097276e-04 1.882956600483964849e-02 9.727834756135345096e-01 9.529489017638861359e-01 9.928820113098001388e-01 0.000000000000000000e+00
7.452024783735907043e+00 1.663740953968849468e+00 5.185285637655918201e-06 1.000000000000000000e+00 -1.873340471395783659e-04 2.058932278477659523e-04 7.902605911738191935e-04 9.734916355514664499e-01 9.536541930782275189e-01 9.935926979872163889e-01 0.000000000000000000e+00
7.458239103496859812e+00 1.662354699365868660e+00 -1.786796359930599325e-06 -1.000000000000000000e+00 -1.966885567892766426e-04 2.013177716587258607e-04 9.175714471609808243e-05 9.721143072483053871e-01 9.521534469260957145e-01 9.923423809599645207e-01 0.000000000000000000e+00
7.464458605442683137e+00 1.660969599811586539e+00 1.123291273891728067e-05 1.000000000000000000e+00 -1.873907759621733747e-04 2.180118666001293001e-04 3.525698067420535153e-03 9.693361922467106373e-01 9.491376401456479428e-01 9.898088928805689468e-01 0.000000000000000000e+00
7.470683293894854415e+00 1.659585654343599170e+00 4.783334315975630162e-05 1.000000000000000000e+00 -1.536697005608232962e-04 2.574859941993414025e-04 6.264021289204890763e-02 9.671027492822902305e-01 9.470237121824190973e-01 9.874533677733217107e-01 0.000000000000000000e+00
7.476913173178454386e+00 1.658202862000304201e+00 1.165585203755574277e-04 1.000000000000000000e+00 -8.689837077289781081e-05 3.281707861742613492e-04 3.708549835189387522e-01 9.641497648407690857e-01 9.438689138570163228e-01 9.847083519928938600e-01 0.000000000000000000e+00
7.483148247622170679e+00 1.656821221820899526e+00 2.039314118335352338e-04 1.000000000000000000e+00 3.227624406853494155e-07 4.156957731701916041e-04 1.148820773149523689e+00 9.621774657516452001e-01 9.420617388444393336e-01 9.825673344135201770e-01 0.000000000000000000e+00
7.489388521558299594e+00 1.655440732845385288e+00 2.987760895252224136e-04 1.000000000000000000e+00 9.501334406420859483e-05 5.106472473440613891e-04 2.509129432827691630e+00 9.601633336008633668e-01 9.398694402308347406e-01 9.807369563267464008e-01 0.000000000000000000e+00
7.495633999322752317e+00 1.654061394114560324e+00 4.272756258311478277e-04 1.000000000000000000e+00 2.226694461100989133e-04 6.399748655618092610e-04 5.221481369576679299e+00 9.460454311206694111e-01 9.258036601245500652e-01 9.665700985155617486e-01 0.000000000000000000e+00
7.501884685255054031e+00 1.652683204670022832e+00 4.974910873405468748e-04 1.000000000000000000e+00 2.918741456525573074e-04 7.111691361936295017e-04 7.097931204034040320e+00 9.435324153350128640e-01 9.233322979788596285e-01 9.640153621639624415e-01 0.000000000000000000e+00
7.508140583698349246e+00 1.651306163554170148e+00 5.429430725091856629e-04 1.000000000000000000e+00 3.355012958353271947e-04 7.584210547247390716e-04 8.387168649529769482e+00 9.410239222965397499e-01 9.207278044225942759e-01 9.616063533293065513e-01 0.000000000000000000e+00
7.514401698999403578e+00 1.649930269810196748e+00 5.534891322058804655e-04 1.000000000000000000e+00 3.441718264521679269e-04 7.708488872459578860e-04 8.577551569150912769e+00 9.407076240860016147e-01 9.204017743408876573e-01 9.613000921995776826e-01 0.000000000000000000e+00
7.520668035508609073e+00 1.648555522482095359e+00 5.303557508638523637e-04 1.000000000000000000e+00 3.193339132496333466e-04 7.494677204110342930e-04 7.728890207566806225e+00 9.425991214004529883e-01 9.221333638981088487e-01 9.633551705769922702e-01 0.000000000000000000e+00
7.526939597579984209e+00 1.647181920614653627e+00 4.981752345737266606e-04 1.000000000000000000e+00 2.862813250492388193e-04 7.182744021147612762e-04 6.720104456020067119e+00 9.414475586478594504e-01 9.210950729718488939e-01 9.620869777500762332e-01 0.000000000000000000e+00
7.533216389571179228e+00 1.645809463253457006e+00 4.383863093045471172e-04 1.000000000000000000e+00 2.261233491450918289e-04 6.589893711342273159e-04 5.142873247165070438e+00 9.455329307486142199e-01 9.248911595403932484e-01 9.664679513211491546e-01 0.000000000000000000e+00
7.539498415843477019e+00 1.644438149444884756e+00 3.699662708719984438e-04 1.000000000000000000e+00 1.580329140970035829e-04 5.903746011915163381e-04 3.629258475371273107e+00 9.527136795909727507e-01 9.318730607398185706e-01 9.738504332409779751e-01 0.000000000000000000e+00
7.545785680761798453e+00 1.643067978236111282e+00 3.339864608434811978e-04 1.000000000000000000e+00 1.222127137616957045e-04 5.543321605261593591e-04 2.939516766193989383e+00 9.541148019220503373e-01 9.332656153335741056e-01 9.752598182312082198e-01 0.000000000000000000e+00
7.552078188694705041e+00 1.641698948675104575e+00 3.198292473735765283e-04 1.000000000000000000e+00 1.076814368350140314e-04 5.405679665993840194e-04 2.680609806774384651e+00 9.540874019424818719e-01 9.331174877737142825e-01 9.753566614689420655e-01 0.000000000000000000e+00
7.558375944014398939e+00 1.640331059810627101e+00 3.224057025924318256e-04 1.000000000000000000e+00 1.100360442815011698e-04 5.433228861395789783e-04 2.715871704485294913e+00 9.540556586264714589e-01 9.330999639243747756e-01 9.753110102966787709e-01 0.000000000000000000e+00
7.564678951096730941e+00 1.638964310692231585e+00 3.313556305889004067e-04 1.000000000000000000e+00 1.191741672304339492e-04 5.520276193810558490e-04 2.876874028063184596e+00 9.555385383239076713e-01 9.344621764349513304e-01 9.769181255622745308e-01 0.000000000000000000e+00
7.570987214321198699e+00 1.637598700370265004e+00 3.511769839785260734e-04 1.000000000000000000e+00 1.399864974739816435e-04 5.708674849633703190e-04 3.265761179476697862e+00 9.548713320065296273e-01 9.338368651820539990e-01 9.762085090850395330e-01 0.000000000000000000e+00
7.577300738070952946e+00 1.636234227895864146e+00 3.683018025644030878e-04 1.000000000000000000e+00 1.582733431172233347e-04 5.868934306261083464e-04 3.640733951814880243e+00 9.530997504059572911e-01 9.319916108217001227e-01 9.745134128964456632e-01 0.000000000000000000e+00
7.583619526732800153e+00 1.634870892320956948e+00 3.521639383568077384e-04 1.000000000000000000e+00 1.431163823934926741e-04 5.698409134560543463e-04 3.350614665149052485e+00 9.569967778061458930e-01 9.356211652765874520e-01 9.786843916580122427e-01 0.000000000000000000e+00
7.589943584697204315e+00 1.633508692698261822e+00 3.188419006001668083e-04 1.000000000000000000e+00 1.104559579395867838e-04 5.359217170415190093e-04 2.737320826595350809e+00 9.604648907934132396e-01 9.391939715168280411e-01 9.820439515461680813e-01 0.000000000000000000e+00
7.596272916358290495e+00 1.632147628081284996e+00 2.689968340341641851e-04 1.000000000000000000e+00 5.994902785219494764e-05 4.867619082938783666e-04 1.921932802275350127e+00 9.627058499392162627e-01 9.411472293518299281e-01 9.845799629040401513e-01 0.000000000000000000e+00
7.602607526113848380e+00 1.630787697524322288e+00 2.081355634085177821e-04 1.000000000000000000e+00 -1.572119965319502578e-06 4.266445668834920827e-04 1.128644059801729327e+00 9.629392108196924704e-01 9.414910055860166160e-01 9.846995229427304430e-01 0.000000000000000000e+00
7.608947418365335835e+00 1.629428900082457776e+00 1.569687730829209273e-04 1.000000000000000000e+00 -5.382816973227265715e-05 3.766663285513687843e-04 6.315991492132582152e-01 9.577817249216362683e-01 9.361074309209495015e-01 9.797757477381960900e-01 0.000000000000000000e+00
7.615292597517878903e+00 1.628071234811562906e+00 9.649040190817237124e-05 1.000000000000000000e+00 -1.138321038280065668e-04 3.158470368648912531e-04 2.364035797328938315e-01 9.563382200732013505e-01 9.348079214031110862e-01 9.781843033451891323e-01 0.000000000000000000e+00
7.621643067980279795e+00 1.626714700768294497e+00 3.385435433954468991e-05 1.000000000000000000e+00 -1.752645655131159711e-04 2.521232732204542210e-04 2.908236188429214053e-02 9.599627880163028593e-01 9.381445214225923035e-01 9.821039507462285822e-01 0.000000000000000000e+00
7.627998834165015118e+00 1.625359297010096737e+00 -2.357938918929719293e-05 -1.000000000000000000e+00 -2.306140846319640596e-04 1.927200832223671331e-04 1.417935626793109805e-02 9.683810605068979838e-01 9.463684501182321185e-01 9.907196376775263547e-01 0.000000000000000000e+00
7.634359900488242090e+00 1.624005022595198744e+00 -3.329471561483161694e-05 -1.000000000000000000e+00 -2.388714884450971506e-04 1.816306011325733599e-04 2.849638321883674053e-02 9.687373458469529242e-01 9.467566932535694813e-01 9.910431522937214188e-01 0.000000000000000000e+00
7.640726271369800315e+00 1.622651876582614117e+00 -3.876821836816833405e-05 -1.000000000000000000e+00 -2.440026211053228258e-04 1.758067924307657036e-04 3.867354566781955327e-02 9.717068175649675732e-01 9.495831487213025612e-01 9.941594463759990674e-01 0.000000000000000000e+00
7.647097951233216229e+00 1.621299858032140939e+00 -2.706712399036694780e-05 -1.000000000000000000e+00 -2.328509271559030995e-04 1.880059540017587347e-04 1.877513750207526755e-02 9.712605510904347428e-01 9.491606887524489666e-01 9.936895408216900316e-01 0.000000000000000000e+00
7.653474944505703093e+00 1.619948966004359558e+00 -1.604221996976386302e-05 -1.000000000000000000e+00 -2.227464156633912509e-04 1.999204657482661228e-04 6.555762900333661491e-03 9.709012395998997125e-01 9.486809848618360519e-01 9.934549161102507187e-01 0.000000000000000000e+00
7.659857255618167216e+00 1.618599199560634805e+00 -1.118810092593614372e-05 -1.000000000000000000e+00 -2.181502040068506278e-04 2.050826353297930196e-04 3.177909839152448512e-03 9.707170053184661640e-01 9.485181095363000026e-01 9.932489345821962079e-01 0.000000000000000000e+00
7.666244889005210617e+00 1.617250557763112662e+00 -2.437563837013933870e-05 -1.000000000000000000e+00 -2.309963857523774375e-04 1.916441044613258031e-04 1.507295143007070237e-02 9.730162166070944751e-01 9.506743919885394245e-01 9.956946783185079974e-01 0.000000000000000000e+00
7.672637849105131913e+00 1.615903039674720043e+00 -3.534593003145382843e-05 -1.000000000000000000e+00 -2.415530855269758378e-04 1.803489260521778004e-04 3.176154133126374290e-02 9.706017234170953856e-01 9.480270822782015383e-01 9.935207375288679366e-01 0.000000000000000000e+00
7.679036140359931650e+00 1.614556644359165460e+00 -6.886733468858304420e-05 -1.000000000000000000e+00 -2.740358806314136583e-04 1.458955425354465795e-04 1.204151358973462038e-01 9.704161187227180463e-01 9.480020013941412582e-01 9.931699842122256872e-01 0.000000000000000000e+00
7.685439767215314077e+00 1.613211370880937023e+00 -1.392586311907705087e-04 -1.000000000000000000e+00 -3.438574553902653576e-04 7.503957822853108035e-05 4.879377023729745133e-01 9.770158538771875900e-01 9.542539799352680596e-01 1.000125541701047505e+00 0.000000000000000000e+00
7.691848734120691589e+00 1.611867218305303329e+00 -2.249958804945292260e-04 -1.000000000000000000e+00 -4.288003394130452100e-04 -1.127012340845982125e-05 1.254209809622707894e+00 9.848137191396874046e-01 9.621083499336787748e-01 1.007862338656506207e+00 0.000000000000000000e+00
7.698263045529186499e+00 1.610524185698310351e+00 -3.013752866116609390e-04 -1.000000000000000000e+00 -5.056132207816885302e-04 -8.702736303622547655e-05 2.207934904968126943e+00 9.883928618748323291e-01 9.653519676109795222e-01 1.011785329932751942e+00 0.000000000000000000e+00
7.704682705897634598e+00 1.609182272126782998e+00 -3.639093493687033890e-04 -1.000000000000000000e+00 -5.686901849554146498e-04 -1.488365222248014708e-04 3.152215301919284229e+00 9.901152579773480067e-01 9.671887730707845465e-01 1.013388909411655714e+00 0.000000000000000000e+00
7.711107719686588702e+00 1.607841476658323998e+00 -4.052710412388971879e-04 -1.000000000000000000e+00 -6.114448606090777585e-04 -1.886778772970272024e-04 3.835542395047639275e+00 9.922472714992374154e-01 9.689991001895932321e-01 1.015851193472488756e+00 0.000000000000000000e+00
7.717538091360320429e+00 1.606501798361312572e+00 -4.060840068613386154e-04 -1.000000000000000000e+00 -6.135885784845267546e-04 -1.880440379136211941e-04 3.804403145721025226e+00 9.927662879448555522e-01 9.693695571286355950e-01 1.016522981069686526e+00 0.000000000000000000e+00
7.723973825386825531e+00 1.605163236304904206e+00 -3.554362110438881927e-04 -1.000000000000000000e+00 -5.642238442665773119e-04 -1.360221280354400989e-04 2.901473107779580118e+00 9.895306415479929729e-01 9.663372982646026843e-01 1.013079065463847961e+00 0.000000000000000000e+00
7.730414926237823892e+00 1.603825789559029547e+00 -2.770995821109949295e-04 -1.000000000000000000e+00 -4.882334471964957893e-04 -5.533260219497206133e-05 1.758500976007098870e+00 9.877558357088104257e-01 9.643133802928272047e-01 1.011561912232097349e+00 0.000000000000000000e+00
7.736861398388765743e+00 1.602489457194395728e+00 -1.551655720508951476e-04 -1.000000000000000000e+00 -3.692583201162188185e-04 6.951363501255658625e-05 5.500424794852563082e-01 9.792109196911162883e-01 9.560362077771830114e-01 1.002744638282137446e+00 0.000000000000000000e+00
7.743313246318833443e+00 1.601154238282482378e+00 -5.407677895333139797e-05 -1.000000000000000000e+00 -2.718681417039785003e-04 1.742516159366116872e-04 6.617483578709482117e-02 9.797230093748341417e-01 9.562684586383809471e-01 1.003545632725638237e+00 0.000000000000000000e+00
7.749770474510944140e+00 1.599820131895543396e+00 6.818726063804969280e-05 1.000000000000000000e+00 -1.533565557169281766e-04 3.002392753703235994e-04 1.041885591041875614e-01 9.734158189178421239e-01 9.501963243175016727e-01 9.969990192983773092e-01 0.000000000000000000e+00
7.756233087451753327e+00 1.598487137106606282e+00 1.506135916291933522e-04 1.000000000000000000e+00 -7.466558946839159687e-05 3.863635680214297786e-04 5.011318379530820266e-01 9.759021335981313827e-01 9.523740301864889179e-01 9.998030958133954371e-01 0.000000000000000000e+00
7.762701089631657503e+00 1.597155252989470364e+00 2.331335676839599855e-04 1.000000000000000000e+00 4.933348498238799987e-06 4.718344316933281886e-04 1.187008296252457740e+00 9.727700810305318635e-01 9.494404012453659947e-01 9.964678852457560243e-01 0.000000000000000000e+00
7.769174485544799502e+00 1.595824478618706577e+00 2.826164048699209203e-04 1.000000000000000000e+00 5.179877119923474303e-05 5.239923084574569850e-04 1.724609315045796620e+00 9.722428227736646944e-01 9.486392126379427081e-01 9.962233877528723358e-01 0.000000000000000000e+00
7.775653279689067610e+00 1.594494813069657235e+00 2.956844465047616549e-04 1.000000000000000000e+00 6.316122839135999696e-05 5.389013481853653555e-04 1.864606679802662370e+00 9.742984587349325931e-01 9.505348343011073009e-01 9.984433283054934272e-01 0.000000000000000000e+00
7.782137476566102663e+00 1.593166255418435151e+00 2.855252756573211487e-04 1.000000000000000000e+00 5.179384927221102508e-05 5.301608665464880004e-04 1.714731714141848329e+00 9.747844905748536126e-01 9.510279649309409944e-01 9.989215720597364179e-01 0.000000000000000000e+00
7.788627080681298942e+00 1.591838804741922297e+00 2.566490816883047364e-04 1.000000000000000000e+00 2.154952826688693321e-05 5.028794376535903644e-04 1.362234395746312998e+00 9.730329487211839545e-01 9.491478297022406529e-01 9.973029355111430183e-01 0.000000000000000000e+00
7.795122096543806833e+00 1.590512460117771143e+00 1.922742293290771135e-04 1.000000000000000000e+00 -4.372895419911903658e-05 4.396025767517534356e-04 7.482339354937863618e-01 9.754268094621360019e-01 9.515125776926363077e-01 9.997257530524047420e-01 0.000000000000000000e+00
7.801622528666539047e+00 1.589187220624400876e+00 1.112776483615551305e-04 1.000000000000000000e+00 -1.253680387049814363e-04 3.593835892311868577e-04 2.454217610926576754e-01 9.784501226886734848e-01 9.543435842835474858e-01 1.002946467067632241e+00 0.000000000000000000e+00
7.808128381566169729e+00 1.587863085341000069e+00 2.504343788088169437e-05 1.000000000000000000e+00 -2.109774133060523019e-04 2.726912851710338497e-04 1.226006284829850301e-02 9.815238882189359915e-01 9.573883330105869005e-01 1.006048969089305967e+00 0.000000000000000000e+00
7.814639659763139790e+00 1.586540053347523793e+00 -3.626766517494845089e-05 -1.000000000000000000e+00 -2.706457995809566429e-04 2.099888757474041828e-04 2.570254329525312187e-02 9.788122460531196722e-01 9.545767154289049872e-01 1.003441142304274170e+00 0.000000000000000000e+00
7.821156367781661345e+00 1.585218123724693617e+00 -1.176650585847554745e-04 -1.000000000000000000e+00 -3.491941048607888256e-04 1.259888906280753592e-04 2.717754688068083624e-01 9.853938534556074824e-01 9.608077836571060626e-01 1.010381740238700310e+00 0.000000000000000000e+00
7.827678510149716828e+00 1.583897295553998275e+00 -1.678684924939490236e-04 -1.000000000000000000e+00 -3.965733980584274735e-04 7.311931343855624017e-05 5.569704759875264699e-01 9.863595823074956526e-01 9.619534429035861978e-01 1.011161691469644408e+00 0.000000000000000000e+00
7.834206091399066985e+00 1.582577567917689887e+00 -2.160622069500065488e-04 -1.000000000000000000e+00 -4.434938992814988672e-04 2.369477542598131289e-05 9.229212368519625898e-01 9.893923961738315676e-01 9.646655490069827588e-01 1.014524974674720470e+00 0.000000000000000000e+00
7.840739116065250869e+00 1.581258939898786631e+00 -2.556392810737552501e-04 -1.000000000000000000e+00 -4.822910450067603976e-04 -1.666639431394689752e-05 1.285554930495493409e+00 9.916815809973634765e-01 9.670979151949011809e-01 1.016666108727625639e+00 0.000000000000000000e+00
7.847277588687588512e+00 1.579941410581070071e+00 -2.544370683875539648e-04 -1.000000000000000000e+00 -4.815964577497574119e-04 -1.490021113879588278e-05 1.271017011062845370e+00 9.832802551140806813e-01 9.584975581801047362e-01 1.008473745499698149e+00 0.000000000000000000e+00
7.853821513809187138e+00 1.578624979049085830e+00 -2.958745245913250847e-04 -1.000000000000000000e+00 -5.220509570117951460e-04 -5.715416854532216436e-05 1.709261769568300338e+00 9.897179794760962990e-01 9.650294316631402580e-01 1.014811705853152279e+00 0.000000000000000000e+00
7.860370895976941163e+00 1.577309644388141585e+00 -3.403652777709249388e-04 -1.000000000000000000e+00 -5.659918617191267822e-04 -1.020645320046177044e-04 2.249680520141581042e+00 9.990095964875238543e-01 9.739125254687244215e-01 1.024521341349355019e+00 0.000000000000000000e+00
7.866925739741537527e+00 1.575995405684307737e+00 -3.556211537609344614e-04 -1.000000000000000000e+00 -5.810048120176190345e-04 -1.175110652100025117e-04 2.445157765611448042e+00 1.001172442483762692e+00 9.762186657251804567e-01 1.026535692049050930e+00 0.000000000000000000e+00
7.873486049657457464e+00 1.574682262024415857e+00 -3.727753764115738339e-04 -1.000000000000000000e+00 -5.988021417892691860e-04 -1.341004854699150888e-04 2.670061254503892201e+00 1.005657817806891341e+00 9.803413201901967078e-01 1.031394047429314398e+00 0.000000000000000000e+00
7.880051830282980951e+00 1.573370212496058462e+00 -3.529151307799740676e-04 -1.000000000000000000e+00 -5.792401608598227126e-04 -1.139184428143768168e-04 2.392302685145423879e+00 1.000439467910950730e+00 9.753555907177783313e-01 1.025938021813463497e+00 0.000000000000000000e+00
7.886623086180188480e+00 1.572059256187587906e+00 -3.503739593424732061e-04 -1.000000000000000000e+00 -5.768383241352703639e-04 -1.111408393263775204e-04 2.358071752958807110e+00 1.001804211705036973e+00 9.763993702812927555e-01 1.027633641335285564e+00 0.000000000000000000e+00
7.893199821914964609e+00 1.570749392188117488e+00 -3.114414060084762172e-04 -1.000000000000000000e+00 -5.384977118817540435e-04 -7.150038227699573334e-05 1.870089221648235878e+00 9.920645271120651643e-01 9.666269523390949026e-01 1.017931449994375015e+00 0.000000000000000000e+00
7.899782042057002407e+00 1.569440619587517682e+00 -3.049606286856447837e-04 -1.000000000000000000e+00 -5.325948010120193582e-04 -6.441616744942300823e-05 1.786184893063037293e+00 9.917947402735479701e-01 9.663660812658764199e-01 1.017652695553161069e+00 0.000000000000000000e+00
7.906369751179806116e+00 1.568132937476418354e+00 -2.630551788744531672e-04 -1.000000000000000000e+00 -4.925589255372657882e-04 -2.068255382503826861e-05 1.325102460721339526e+00 9.799475246600649614e-01 9.544950912851262181e-01 1.005835163627576190e+00 0.000000000000000000e+00
7.912962953860692039e+00 1.566826344946206540e+00 -2.595800561879329192e-04 -1.000000000000000000e+00 -4.900587596921440747e-04 -1.629007164487565520e-05 1.282102655368795752e+00 9.797985266954009065e-01 9.543459283839783591e-01 1.005686862276484073e+00 0.000000000000000000e+00
7.919561654680794760e+00 1.565520841089027337e+00 -2.498930274009604079e-04 -1.000000000000000000e+00 -4.807477938343772037e-04 -6.255155921637675556e-06 1.188784560511223276e+00 9.778259079444956425e-01 9.522351521454246459e-01 1.003857996971264877e+00 0.000000000000000000e+00
7.926165858225068916e+00 1.564216424997781019e+00 -2.474752381750884144e-04 -1.000000000000000000e+00 -4.772823341646471678e-04 -4.815334736647472079e-06 1.174070356954580063e+00 9.777245454175451655e-01 9.521524123917112226e-01 1.003737509633871428e+00 0.000000000000000000e+00
7.932775569082291867e+00 1.562913095766124583e+00 -2.352977023353163769e-04 -1.000000000000000000e+00 -4.639938861429003785e-04 6.403714069144755697e-06 1.072864962367290786e+00 9.731255623139920541e-01 9.474593757329113908e-01 9.992373987036947680e-01 0.000000000000000000e+00
7.939390791845069018e+00 1.561610852488469980e+00 -2.468199231611476873e-04 -1.000000000000000000e+00 -4.746805105032554477e-04 -5.789844414320362677e-06 1.183163533242449716e+00 9.735366035747228253e-01 9.478722903189514826e-01 9.996458032257726778e-01 0.000000000000000000e+00
7.946011531109834714e+00 1.560309694259983226e+00 -2.569820403333788355e-04 -1.000000000000000000e+00 -4.860061762511840933e-04 -1.472130290547317530e-05 1.270727553070102545e+00 9.714120820679722490e-01 9.455870413588699508e-01 9.976879789653625430e-01 0.000000000000000000e+00
7.952637791476856677e+00 1.559009620176584621e+00 -2.639480312510907598e-04 -1.000000000000000000e+00 -4.960892039768039939e-04 -1.862532768406941885e-05 1.314260521437660145e+00 9.683486444379786340e-01 9.421827562005226087e-01 9.949782677134109132e-01 0.000000000000000000e+00
7.959269577550237784e+00 1.557710629334948083e+00 -2.725809954560340321e-04 -1.000000000000000000e+00 -5.075064314988123916e-04 -2.452677463807029787e-05 1.370703662134751255e+00 9.693136322070413646e-01 9.432719815671767316e-01 9.958143287883133299e-01 0.000000000000000000e+00
7.965906893937922284e+00 1.556412720832499597e+00 -2.680396545098552488e-04 -1.000000000000000000e+00 -5.052819492640033428e-04 -1.766852439404314329e-05 1.308226154133258490e+00 9.731319916562427563e-01 9.466789031885420869e-01 1.000056421384252436e+00 0.000000000000000000e+00
7.972549745251694908e+00 1.555115893767417656e+00 -2.447090427568649612e-04 -1.000000000000000000e+00 -4.820763067821720507e-04 5.903322803807800612e-06 1.089917223248072276e+00 9.792622162912573147e-01 9.529238578153650385e-01 1.006064963209998053e+00 0.000000000000000000e+00
7.979198136107187977e+00 1.553820147238631932e+00 -1.535545345461977794e-04 -1.000000000000000000e+00 -3.920646133082337538e-04 9.824432505327332301e-05 4.341906331061267110e-01 9.707844102659350938e-01 9.442348584781563581e-01 9.978096947698716912e-01 0.000000000000000000e+00
7.985852071123881402e+00 1.552525480345822828e+00 -7.004712307136160270e-05 -1.000000000000000000e+00 -3.094771457611646993e-04 1.826328243065585672e-04 9.103115199567923810e-02 9.665960029860590774e-01 9.403056742639079868e-01 9.933551942183340699e-01 0.000000000000000000e+00
7.992511554925108008e+00 1.551231892189421036e+00 4.235072653110319560e-05 1.000000000000000000e+00 -2.001850671440620611e-04 2.980912413513365426e-04 3.337279763576361802e-02 9.527741331853168960e-01 9.263270403785860418e-01 9.797023183255370027e-01 0.000000000000000000e+00
7.999176592138056208e+00 1.549939381870606869e+00 1.170692676979247270e-04 1.000000000000000000e+00 -1.285197027384249674e-04 3.758546518707001701e-04 2.525543348654153419e-01 9.479577311179190335e-01 9.217481122885369249e-01 9.746431171290813600e-01 0.000000000000000000e+00
