# OBJ_NAME=4U 1702-429
#         GRID_START=6.00
#         GRID_END=8.00
#         GRID_STEP_FRACTION=0.50
#         XSPEC_FITSTAT=cstat
#         XSPEC_CONTINUUM_MODEL=tbabs*(bbodyrad + pow)*constant
#         XSPEC_LINE_MODEL=gauss
#         LINE_VELOCITY_WIDTH=500
#         INPUT_FILE=/home/simon/Downloads/tgcat/obs_11045_tgid_4257/pm_heg_abs1.pha
#         SEARCH_MODE=Sliding window
#         FIT_REGION_WIDTH=30.00
#         RUNTIME=69
#         COLUMN_NAMES=ENERGY,WAVELENGTH,NORM,NORM_SIGN,NORM_ERR_LO,NORM_ERR_HI,DELTA_FITSTAT,CONSTANT_FACTOR,CONSTANT_FACTOR_ERR_LO,CONSTANT_FACTOR_ERR_HI,FIT_ERR
6.000000000000000000e+00 2.066373137115381287e+00 1.517336304006694020e-05 1.000000000000000000e+00 -6.043954976548422716e-06 3.705164212181734877e-05 5.651267090409390903e-01 1.039997534537933976e+00 1.024626490168708770e+00 1.055591067565954777e+00 0.000000000000000000e+00
6.005003461427972589e+00 2.064651403172383937e+00 1.647420985285176904e-05 1.000000000000000000e+00 -4.706150841668798386e-06 3.831526742611406479e-05 6.700372685288016328e-01 1.039187630166197085e+00 1.023721311158280578e+00 1.054879672583880268e+00 0.000000000000000000e+00
6.010011095293655181e+00 2.062931103804642063e+00 1.765081538739185827e-05 1.000000000000000000e+00 -3.486344305625633009e-06 3.944866992617299985e-05 7.722155795111405041e-01 1.036060720234296406e+00 1.020716456700018426e+00 1.051627898088765889e+00 0.000000000000000000e+00
6.015022905076486737e+00 2.061212237816845594e+00 1.584807665251745110e-05 1.000000000000000000e+00 -5.267061929476008169e-06 3.762529265305397793e-05 6.220614601079432759e-01 1.036009214558329505e+00 1.020650945063935611e+00 1.051590862590892961e+00 0.000000000000000000e+00
6.020038894258807005e+00 2.059494804014679215e+00 1.119539842734541739e-05 1.000000000000000000e+00 -9.905636730661210556e-06 3.296198274726762248e-05 3.090624990647086179e-01 1.038718878623072772e+00 1.023230709682023232e+00 1.054433430035303765e+00 0.000000000000000000e+00
6.025059066325860080e+00 2.057778801204824592e+00 7.994535635168992449e-06 1.000000000000000000e+00 -1.309411556869037702e-05 2.975268010895143147e-05 1.570915505680403612e-01 1.035492380268024482e+00 1.020009415371689876e+00 1.051202231926995134e+00 0.000000000000000000e+00
6.030083424765796174e+00 2.056064228194956822e+00 3.005572581385946782e-06 1.000000000000000000e+00 -1.803310670650124843e-05 2.471616962340751541e-05 2.211469726361769972e-02 1.035693584752329865e+00 1.020302841049067100e+00 1.051308256357865956e+00 0.000000000000000000e+00
6.035111973069674285e+00 2.054351083793744426e+00 -1.508321054587110678e-06 -1.000000000000000000e+00 -2.250719347137816970e-05 2.016538494553160127e-05 5.558603543789786272e-03 1.036199574231551068e+00 1.020695922102825781e+00 1.051930078441748906e+00 0.000000000000000000e+00
6.040144714731465747e+00 2.052639366810848021e+00 -7.874094956563983805e-06 -1.000000000000000000e+00 -2.878549501271295870e-05 1.371619803838811636e-05 1.511281628336860194e-01 1.043822431726150857e+00 1.028252653093744140e+00 1.059619641785802813e+00 0.000000000000000000e+00
6.045181653248054232e+00 2.050929076056921652e+00 -9.460102629005258772e-06 -1.000000000000000000e+00 -3.030754898652354468e-05 1.206825532066162152e-05 2.184709110978104718e-01 1.043963503687161065e+00 1.028494167493731126e+00 1.059657527452583903e+00 0.000000000000000000e+00
6.050222792119239301e+00 2.049220210343609683e+00 -8.744940886386092221e-06 -1.000000000000000000e+00 -2.958073782759784482e-05 1.276904199430698055e-05 1.872801906205125988e-01 1.041654170731647788e+00 1.026096294641532625e+00 1.057439932909974400e+00 0.000000000000000000e+00
6.055268134847740846e+00 2.047512768483544576e+00 -7.144927932396623262e-06 -1.000000000000000000e+00 -2.794168326385065870e-05 1.432792432455840838e-05 1.257110849175120393e-01 1.038689667825399621e+00 1.023146046753956595e+00 1.054461268919871131e+00 0.000000000000000000e+00
6.060317684939197314e+00 2.045806749290351334e+00 -6.403871705612486943e-06 -1.000000000000000000e+00 -2.713382423596376517e-05 1.500539903912483566e-05 1.016240519208793103e-01 1.037236897096041499e+00 1.021697624085428302e+00 1.053004271715048512e+00 0.000000000000000000e+00
6.065371445902172809e+00 2.044102151578641724e+00 -7.190580554104870092e-06 -1.000000000000000000e+00 -2.787340173731014500e-05 1.417739218214616549e-05 1.283900076919337607e-01 1.037416042719417897e+00 1.021881452774125565e+00 1.053178477548325054e+00 0.000000000000000000e+00
6.070429421248155322e+00 2.042398974164015168e+00 -7.434198893295974506e-06 -1.000000000000000000e+00 -2.817417810174085952e-05 1.399468660896251122e-05 1.364940887579564333e-01 1.034286226933753161e+00 1.018756046202740295e+00 1.050044777990740474e+00 0.000000000000000000e+00
6.075491614491562942e+00 2.040697215863058300e+00 -8.839615257152818090e-06 -1.000000000000000000e+00 -2.973693856346258679e-05 1.275069054123782149e-05 1.899831847041042465e-01 1.033667192233476362e+00 1.018114846127855300e+00 1.049448505732683223e+00 0.000000000000000000e+00
6.080558029149742971e+00 2.038996875493343186e+00 -9.088776049386104679e-06 -1.000000000000000000e+00 -3.021444313561771425e-05 1.273521306146267767e-05 1.968392972419792386e-01 1.033719508110459318e+00 1.018153697462263141e+00 1.049514385162111152e+00 0.000000000000000000e+00
6.085628668742976366e+00 2.037297951873428659e+00 -5.227832400493536405e-06 -1.000000000000000000e+00 -2.660269066553552618e-05 1.684531614868344719e-05 6.412304623447084850e-02 1.031596486754638775e+00 1.016019466089727263e+00 1.047403485106826793e+00 0.000000000000000000e+00
6.090703536794479511e+00 2.035600443822857208e+00 1.653448824698725943e-06 1.000000000000000000e+00 -1.988637715766461246e-05 2.388752651610445148e-05 6.384830801991370208e-03 1.031273125959004666e+00 1.015682504412334541e+00 1.047094306644326789e+00 0.000000000000000000e+00
6.095782636830406886e+00 2.033904350162153651e+00 1.192812831530831289e-05 1.000000000000000000e+00 -9.684056517393305224e-06 3.423113595848998838e-05 3.351619258786655564e-01 1.029269473595510132e+00 1.013590958746742210e+00 1.045181849170008448e+00 0.000000000000000000e+00
6.100865972379854618e+00 2.032209669712826461e+00 2.253437285015927709e-05 1.000000000000000000e+00 9.487448954213275611e-07 4.480937143718195326e-05 1.213999988957766618e+00 1.026609920578629875e+00 1.011068657202084831e+00 1.042382120946222068e+00 0.000000000000000000e+00
6.105953546974859592e+00 2.030516401297367324e+00 3.137894025643623794e-05 1.000000000000000000e+00 9.795418146942334132e-06 5.364719174914206001e-05 2.385655991035633861e+00 1.021871744575350904e+00 1.006263648646418041e+00 1.037713977911611130e+00 0.000000000000000000e+00
6.111045364150406556e+00 2.028824543739246700e+00 3.381178027083225158e-05 1.000000000000000000e+00 1.223701034462289548e-05 5.607028051019143349e-05 2.780522843813614031e+00 1.021551056569076188e+00 1.005931268376650811e+00 1.037405562079687371e+00 0.000000000000000000e+00
6.116141427444425460e+00 2.027134095862917373e+00 3.111189593150598696e-05 1.000000000000000000e+00 9.527043625641794082e-06 5.338594837256876785e-05 2.340171961695418190e+00 1.021070272251208833e+00 1.005548254876019287e+00 1.036824138053181521e+00 0.000000000000000000e+00
6.121241740397799447e+00 2.025445056493809570e+00 2.301154946682178746e-05 1.000000000000000000e+00 1.364854013461130872e-06 4.535526378623633216e-05 1.260701708448081604e+00 1.022360110058345484e+00 1.006697425877998819e+00 1.038258232054622754e+00 0.000000000000000000e+00
6.126346306554362187e+00 2.023757424458334508e+00 9.926298641849776261e-06 1.000000000000000000e+00 -1.175627936247309489e-05 3.231252111993496964e-05 2.296483085967224724e-01 1.028454736068336262e+00 1.012706968897337134e+00 1.044438593616809019e+00 0.000000000000000000e+00
6.131455129460903208e+00 2.022071198583879958e+00 -3.033927369291303043e-06 -1.000000000000000000e+00 -2.470321044928223156e-05 1.934622221487810112e-05 2.109189411768852551e-02 1.033973486703550382e+00 1.018148832653319236e+00 1.050035118502613551e+00 0.000000000000000000e+00
6.136568212667169675e+00 2.020386377698810687e+00 -1.144346027959617928e-05 -1.000000000000000000e+00 -3.301181947439583856e-05 1.084404579249330685e-05 2.988665107771453222e-01 1.035925546092275384e+00 1.020085835065973390e+00 1.052001873576640323e+00 0.000000000000000000e+00
6.141685559725869936e+00 2.018702960632467569e+00 -1.390587811011834038e-05 -1.000000000000000000e+00 -3.532411410121813440e-05 8.239621505497999720e-06 4.449008688911391118e-01 1.035316226025393194e+00 1.019468086882207247e+00 1.051401342809491490e+00 0.000000000000000000e+00
6.146807174192673529e+00 2.017020946215167587e+00 -1.340791849837966300e-05 -1.000000000000000000e+00 -3.471548476535455573e-05 8.629569902807810044e-06 4.172774170167485863e-01 1.038429928929158308e+00 1.022549357389898272e+00 1.054547831363763732e+00 0.000000000000000000e+00
6.151933059626216505e+00 2.015340333278202056e+00 -7.770136697517236404e-06 -1.000000000000000000e+00 -2.911503146857982553e-05 1.429902930569354604e-05 1.407658026630400627e-01 1.037114990131455583e+00 1.021254640236627154e+00 1.053212723686859142e+00 0.000000000000000000e+00
6.157063219588101433e+00 2.013661120653835290e+00 -2.408309226265619469e-07 -1.000000000000000000e+00 -2.173361448135278083e-05 2.196798383067668063e-05 1.350259915255946908e-04 1.035086960425932956e+00 1.019221911336255726e+00 1.051190306834002941e+00 0.000000000000000000e+00
6.162197657642900950e+00 2.011983307175305935e+00 6.793580335407920036e-06 1.000000000000000000e+00 -1.487264390631481286e-05 2.917221375354683960e-05 1.068915622254564823e-01 1.034681213528623855e+00 1.018796586267431081e+00 1.050804917014354523e+00 0.000000000000000000e+00
6.167336377358160426e+00 2.010306891676824304e+00 1.480382038390149841e-05 1.000000000000000000e+00 -7.047366899541951117e-06 3.736859293802674038e-05 5.058247439129530676e-01 1.030014554773434288e+00 1.014042395194566959e+00 1.046229734662350142e+00 0.000000000000000000e+00
6.172479382304400630e+00 2.008631872993570600e+00 2.086906541158338612e-05 1.000000000000000000e+00 -1.101656683390220102e-06 4.355505885934148546e-05 1.001933114250121548e+00 1.026061364828984024e+00 1.010220898523633615e+00 1.042141915039604960e+00 0.000000000000000000e+00
6.177626676055119503e+00 2.006958249961698471e+00 2.242936291151507370e-05 1.000000000000000000e+00 3.645489863536388955e-07 4.521007973900826584e-05 1.151455143268051984e+00 1.027672227782960857e+00 1.011697120146098250e+00 1.043891116130708285e+00 0.000000000000000000e+00
6.182778262186794827e+00 2.005286021418328790e+00 2.092513508734863590e-05 1.000000000000000000e+00 -1.173547651974148054e-06 4.374235964840159779e-05 9.966734715199550010e-01 1.031138282133415185e+00 1.015113476211845001e+00 1.047407683184970795e+00 0.000000000000000000e+00
6.187934144278887771e+00 2.003615186201552323e+00 1.839313173874373883e-05 1.000000000000000000e+00 -3.690128908875656605e-06 4.119892267652022397e-05 7.669822273535515933e-01 1.031957053803210567e+00 1.016027530608992091e+00 1.048127914549624062e+00 0.000000000000000000e+00
6.193094325913842901e+00 2.001945743150427948e+00 1.363933215837639517e-05 1.000000000000000000e+00 -8.414315347196361651e-06 3.641761522069017498e-05 4.203766674109061796e-01 1.033517307707543686e+00 1.017451994578681962e+00 1.049827857433806688e+00 0.000000000000000000e+00
6.198258810677093500e+00 2.000277691104981770e+00 8.269282078699233496e-06 1.000000000000000000e+00 -1.369596479578283305e-05 3.096123921824724541e-05 1.544909158970000362e-01 1.033083148469905899e+00 1.016996617211742837e+00 1.049415347509347063e+00 0.000000000000000000e+00
6.203427602157062459e+00 1.998611028906206677e+00 3.230356805658519022e-07 1.000000000000000000e+00 -2.146636426972425878e-05 2.284523330840919521e-05 2.360822892484293334e-04 1.036266506557490530e+00 1.020261233049555294e+00 1.052514271943784330e+00 0.000000000000000000e+00
6.208600703945164057e+00 1.996945755396060118e+00 -9.265211368405414089e-06 -1.000000000000000000e+00 -3.087018062786353123e-05 1.307917382607962342e-05 1.945898373040506613e-01 1.042085168262018469e+00 1.025916593624483841e+00 1.058500038017215816e+00 0.000000000000000000e+00
6.213778119635809283e+00 1.995281869417466547e+00 -1.698170107466854940e-05 -1.000000000000000000e+00 -3.842401773218518302e-05 5.207233298137657433e-06 6.547648459499129103e-01 1.043490256586213638e+00 1.027289701998469029e+00 1.059937591361463260e+00 0.000000000000000000e+00
6.218959852826404955e+00 1.993619369814312314e+00 -2.374017998331402567e-05 -1.000000000000000000e+00 -4.509232727629003390e-05 -1.635518039023489657e-06 1.275910417847484268e+00 1.043854006994626493e+00 1.027623940998289687e+00 1.060331700677540123e+00 0.000000000000000000e+00
6.224145907117359044e+00 1.991958255431448777e+00 -2.961971857376558296e-05 -1.000000000000000000e+00 -5.095223452068036449e-05 -7.530023275692592318e-06 1.970730158007043542e+00 1.045184216468025395e+00 1.028943191736240825e+00 1.061672795090091492e+00 0.000000000000000000e+00
6.229336286112081567e+00 1.990298525114688521e+00 -3.219206258740708529e-05 -1.000000000000000000e+00 -5.356428641176285452e-05 -1.005758064110760498e-05 2.310364639563545097e+00 1.044083468417283722e+00 1.027822814642767923e+00 1.060592599913110501e+00 0.000000000000000000e+00
6.234530993416986355e+00 1.988640177710806478e+00 -3.387994539181538170e-05 -1.000000000000000000e+00 -5.530098571476185115e-05 -1.169416881924751516e-05 2.543399174501914217e+00 1.047732846533401041e+00 1.031317742970043527e+00 1.064400240080981774e+00 0.000000000000000000e+00
6.239730032641496393e+00 1.986983212067538140e+00 -3.074617703061062983e-05 -1.000000000000000000e+00 -5.219115509113886765e-05 -8.536721278659446745e-06 2.095767858672516581e+00 1.046874889919968021e+00 1.030577124555669188e+00 1.063421731274649895e+00 0.000000000000000000e+00
6.244933407398043812e+00 1.985327627033580011e+00 -2.545845264305926067e-05 -1.000000000000000000e+00 -4.693491490398655000e-05 -3.218336615031840506e-06 1.443386157783862700e+00 1.045337783144005162e+00 1.029034508530702663e+00 1.061890837860202996e+00 0.000000000000000000e+00
6.250141121302072555e+00 1.983673421458586272e+00 -1.843954335291357664e-05 -1.000000000000000000e+00 -3.998344627313817431e-05 3.867525055590909420e-06 7.613795709168016401e-01 1.040527497082959441e+00 1.024139922329030838e+00 1.057084507534642892e+00 0.000000000000000000e+00
6.255353177972041934e+00 1.982020594193170782e+00 -1.378853849925816738e-05 -1.000000000000000000e+00 -3.538958812355839478e-05 8.575420004662210593e-06 4.258655938660353968e-01 1.038813322265713213e+00 1.022546928736585370e+00 1.055329798140858033e+00 0.000000000000000000e+00
6.260569581029430175e+00 1.980369144088905076e+00 -1.149090236623028779e-05 -1.000000000000000000e+00 -3.318606535067934634e-05 1.096699591716238776e-05 2.944162683931779156e-01 1.038212181644925902e+00 1.021922800232185846e+00 1.054752624569058161e+00 0.000000000000000000e+00
6.265790334098732650e+00 1.978719069998317037e+00 -1.227961019593624495e-05 -1.000000000000000000e+00 -3.407075950554441172e-05 1.027691242702871537e-05 3.334845886545423355e-01 1.039974782548577448e+00 1.023538378630711509e+00 1.056581931476664904e+00 0.000000000000000000e+00
6.271015440807469865e+00 1.977070370774890451e+00 -1.401218161777468022e-05 -1.000000000000000000e+00 -3.587275752237813637e-05 8.620268959774264372e-06 4.305916806781340256e-01 1.040015772303794384e+00 1.023544700454649625e+00 1.056658134985680508e+00 0.000000000000000000e+00
6.276244904786186574e+00 1.975423045273065226e+00 -1.679751542902132116e-05 -1.000000000000000000e+00 -3.871069911881969388e-05 5.894738828690520210e-06 6.133480706195086896e-01 1.040652388258430205e+00 1.024171055788875240e+00 1.057305195402507447e+00 0.000000000000000000e+00
6.281478729668454442e+00 1.973777092348234952e+00 -1.984835837105721905e-05 -1.000000000000000000e+00 -4.181450204416611697e-05 2.900559085796833054e-06 8.490458377684291236e-01 1.042650688129869607e+00 1.026117429291885319e+00 1.059356012956935489e+00 0.000000000000000000e+00
6.286716919090875599e+00 1.972132510856748011e+00 -2.032121936453418459e-05 -1.000000000000000000e+00 -4.234386355671334483e-05 2.484336407423485676e-06 8.858489615536626616e-01 1.041996901391022634e+00 1.025433446888115441e+00 1.058733195392803861e+00 0.000000000000000000e+00
6.291959476693084419e+00 1.970489299655904469e+00 -1.878004332322532718e-05 -1.000000000000000000e+00 -4.083429997526614633e-05 4.058234685136434024e-06 7.564176373426505506e-01 1.041644523970129521e+00 1.025081933246814625e+00 1.058379996970369774e+00 0.000000000000000000e+00
6.297206406117751065e+00 1.968847457603957185e+00 -1.359077820189380651e-05 -1.000000000000000000e+00 -3.569377629345151664e-05 9.294677273168003228e-06 3.979065339816685309e-01 1.037946232743600872e+00 1.021380175736202434e+00 1.054685517562641062e+00 0.000000000000000000e+00
6.302457711010582386e+00 1.967206983560110700e+00 -9.491997193799019106e-06 -1.000000000000000000e+00 -3.162480181300084928e-05 1.341130606066699121e-05 1.949907330101581238e-01 1.040255621347660142e+00 1.023641834262417838e+00 1.057043646741967491e+00 0.000000000000000000e+00
6.307713395020327241e+00 1.965567876384518575e+00 -3.480379818301050772e-06 -1.000000000000000000e+00 -2.559508312370528435e-05 1.938838499882703000e-05 2.650811384896201162e-02 1.038845546996244762e+00 1.022248231795775508e+00 1.055617067949264687e+00 0.000000000000000000e+00
6.312973461798775610e+00 1.963930134938285832e+00 1.015299339938004580e-06 1.000000000000000000e+00 -2.097899225535954069e-05 2.375528863177485151e-05 2.294701645425334391e-03 1.037747403357317300e+00 1.021138692086434041e+00 1.054530904373282230e+00 0.000000000000000000e+00
6.318237915000763039e+00 1.962293758083465844e+00 2.435183922321758500e-06 1.000000000000000000e+00 -1.939650882807898409e-05 2.501376317869148652e-05 1.342870593208544960e-02 1.037048283291194695e+00 1.020319911437907123e+00 1.053954147414751574e+00 0.000000000000000000e+00
6.323506758284172413e+00 1.960658744683059451e+00 3.115301540584714392e-07 1.000000000000000000e+00 -2.137501664873421128e-05 2.274973702229491474e-05 2.215320553773381107e-04 1.035975932157651824e+00 1.019363472439719587e+00 1.052763452928472176e+00 0.000000000000000000e+00
6.328779995309938400e+00 1.959025093601015399e+00 -4.335621919590531930e-06 -1.000000000000000000e+00 -2.601809328511456128e-05 1.810026662159356351e-05 4.268163131021651679e-02 1.032485031411398912e+00 1.015858228776087557e+00 1.049287745230081947e+00 0.000000000000000000e+00
6.334057629742047446e+00 1.957392803702229900e+00 -1.396447181625494688e-05 -1.000000000000000000e+00 -3.572394684091006908e-05 8.550263469076858550e-06 4.348183828451226418e-01 1.035220722118968428e+00 1.018415942492696180e+00 1.052204472979738181e+00 0.000000000000000000e+00
6.339339665247542221e+00 1.955761873852543076e+00 -2.362660924599256724e-05 -1.000000000000000000e+00 -4.541488226119921986e-05 -1.073971080118936477e-06 1.223108967453043761e+00 1.037733982236383801e+00 1.020998201698305241e+00 1.054646825182878001e+00 0.000000000000000000e+00
6.344626105496522506e+00 1.954132302918741848e+00 -2.880718703783869176e-05 -1.000000000000000000e+00 -5.058197096851923299e-05 -6.257046175921425181e-06 1.806277937082128915e+00 1.036002973597260013e+00 1.019242445112051643e+00 1.052940872894575275e+00 0.000000000000000000e+00
6.349916954162148741e+00 1.952504089768555939e+00 -3.134825062743557222e-05 -1.000000000000000000e+00 -5.306872008489645586e-05 -8.847544987872774515e-06 2.141547606378722435e+00 1.038227764269222586e+00 1.021317362645563165e+00 1.055318271966219079e+00 0.000000000000000000e+00
6.355212214920644698e+00 1.950877233270659206e+00 -2.770253380550013485e-05 -1.000000000000000000e+00 -4.939825713002659799e-05 -5.227430039926289331e-06 1.683971848654451264e+00 1.036321951065304114e+00 1.019405903909283762e+00 1.053418676529378484e+00 0.000000000000000000e+00
6.360511891451300137e+00 1.949251732294668749e+00 -2.116091259174921987e-05 -1.000000000000000000e+00 -4.288903647726680665e-05 1.342555596962312370e-06 9.887359686046863771e-01 1.034711403699250853e+00 1.017820885523577523e+00 1.051782757872538276e+00 0.000000000000000000e+00
6.365815987436472589e+00 1.947627585711142251e+00 -1.338913085549787164e-05 -1.000000000000000000e+00 -3.521143480138163158e-05 9.203656833271132786e-06 3.972090855741896576e-01 1.033052719736290648e+00 1.016152903643425587e+00 1.050133868932104253e+00 0.000000000000000000e+00
6.371124506561590906e+00 1.946004792391578420e+00 -4.659867112005696484e-06 -1.000000000000000000e+00 -2.662365264994499847e-05 1.807252302387513787e-05 4.816394941538248986e-02 1.028126156131899949e+00 1.011238816887532144e+00 1.045195594315618814e+00 0.000000000000000000e+00
6.376437452515156146e+00 1.944383351208418098e+00 1.055540367354221021e-06 1.000000000000000000e+00 -2.106255861452421149e-05 2.394414809809059758e-05 2.459099797178510016e-03 1.026731655416206257e+00 1.009857261784919746e+00 1.043788191049048297e+00 0.000000000000000000e+00
6.381754828988746020e+00 1.942763261035039601e+00 3.231310198539367100e-06 1.000000000000000000e+00 -1.906666201538827893e-05 2.630312030142179747e-05 2.277059357065525091e-02 1.029340220134279393e+00 1.012406639431792765e+00 1.046456507887211895e+00 0.000000000000000000e+00
6.387076639677015777e+00 1.941144520745761159e+00 8.449804833592280200e-06 1.000000000000000000e+00 -1.409663971962616618e-05 3.177409890148696659e-05 1.538338473860676459e-01 1.021633125667914976e+00 1.004716289765229531e+00 1.038733698666424843e+00 0.000000000000000000e+00
6.392402888277703532e+00 1.939527129215838475e+00 1.004377392462887807e-05 1.000000000000000000e+00 -1.273000408581388810e-05 3.359925416857091640e-05 2.138272099638385271e-01 1.021250399525935881e+00 1.004325441452597945e+00 1.038359001840065687e+00 0.000000000000000000e+00
6.397733578491629380e+00 1.937911085321463833e+00 9.948294147633700236e-06 1.000000000000000000e+00 -1.301328009830562728e-05 3.369454544229955506e-05 2.065675362955090577e-01 1.026072547773333232e+00 1.009067418550185335e+00 1.043262040875508001e+00 0.000000000000000000e+00
6.403068714022700725e+00 1.936296387939767438e+00 1.482017997039166293e-05 1.000000000000000000e+00 -8.325351032669070668e-06 3.875243500325356290e-05 4.554701193303145601e-01 1.022988638379229487e+00 1.005863546260594710e+00 1.040301252316547798e+00 0.000000000000000000e+00
6.408408298577912277e+00 1.934683035948813856e+00 1.871481651510815153e-05 1.000000000000000000e+00 -4.507527950033143974e-06 4.272645400422859764e-05 7.241943216070012568e-01 1.025665218873089035e+00 1.008631801846117559e+00 1.042883827878465564e+00 0.000000000000000000e+00
6.413752335867351384e+00 1.933071028227602239e+00 2.166412981307709129e-05 1.000000000000000000e+00 -1.614259797051322264e-06 4.573284165187604369e-05 9.689615595145539828e-01 1.032756762177459375e+00 1.015640476509672263e+00 1.050058868489745612e+00 0.000000000000000000e+00
6.419100829604198033e+00 1.931460363656067436e+00 2.865841180853157964e-05 1.000000000000000000e+00 5.284096601689550676e-06 5.281802991080672275e-05 1.700560363540617459e+00 1.030461739139882926e+00 1.013230785805583345e+00 1.047881585027152340e+00 0.000000000000000000e+00
6.424453783504729287e+00 1.929851041115075327e+00 3.314778080843425889e-05 1.000000000000000000e+00 9.750050535931745421e-06 5.732714357773309894e-05 2.279907256396313642e+00 1.030550930451960667e+00 1.013437860304499560e+00 1.047850433649496926e+00 0.000000000000000000e+00
6.429811201288321953e+00 1.928243059486426159e+00 3.705151824262553888e-05 1.000000000000000000e+00 1.361717346267235222e-05 6.126716007145229003e-05 2.858969902767483973e+00 1.025972156749372033e+00 1.008760357616344638e+00 1.043373404601383614e+00 0.000000000000000000e+00
6.435173086677453469e+00 1.926636417652850763e+00 3.617815174689832967e-05 1.000000000000000000e+00 1.276504848858288349e-05 6.037674276479875596e-05 2.727132769697917070e+00 1.024819706001632635e+00 1.007586917379669655e+00 1.042242609551994104e+00 0.000000000000000000e+00
6.440539443397706343e+00 1.925031114498011453e+00 2.962950918060049181e-05 1.000000000000000000e+00 6.288662185510331392e-06 5.376183484249788254e-05 1.819835231542086262e+00 1.029123839310145616e+00 1.011965537064325460e+00 1.046469911900713701e+00 0.000000000000000000e+00
6.445910275177769044e+00 1.923427148906499795e+00 2.357093301154047682e-05 1.000000000000000000e+00 2.381783362935577751e-07 4.770040234063408326e-05 1.144785481048700149e+00 1.026048041184881354e+00 1.008765080555768856e+00 1.043521951745295162e+00 0.000000000000000000e+00
6.451285585749439555e+00 1.921824519763838390e+00 1.340273235904781563e-05 1.000000000000000000e+00 -9.879972493865150470e-06 3.748736473650112882e-05 3.664952147301647756e-01 1.028779615287486848e+00 1.011431509124266048e+00 1.046319312097942378e+00 0.000000000000000000e+00
6.456665378847628034e+00 1.920223225956476210e+00 3.319332810523748358e-06 1.000000000000000000e+00 -1.987236142400013926e-05 2.732028555554378264e-05 2.231633328133852956e-02 1.031263848343760836e+00 1.013891373674763230e+00 1.048827915406265854e+00 0.000000000000000000e+00
6.462049658210359482e+00 1.918623266371792813e+00 -5.102545607046961849e-06 -1.000000000000000000e+00 -2.815923705339383744e-05 1.876942749795829362e-05 5.265860182008452739e-02 1.033567172313803795e+00 1.016142118232291169e+00 1.051184546102875705e+00 0.000000000000000000e+00
6.467438427578775517e+00 1.917024639898092353e+00 -1.210393898360814331e-05 -1.000000000000000000e+00 -3.498145124235325969e-05 1.159597732884657337e-05 2.972695968008167711e-01 1.038680238526103583e+00 1.021186701303073097e+00 1.056366624654608843e+00 0.000000000000000000e+00
6.472831690697137930e+00 1.915427345424606687e+00 -1.422805126813075735e-05 -1.000000000000000000e+00 -3.697037316353832530e-05 9.342229290409397542e-06 4.133807611035535956e-01 1.039191956224656987e+00 1.021706639432963470e+00 1.056869966955847007e+00 0.000000000000000000e+00
6.478229451312831344e+00 1.913831381841492263e+00 -1.231858303523769827e-05 -1.000000000000000000e+00 -3.503993308002809298e-05 1.122908243360914194e-05 3.112252581892960279e-01 1.035728279888859626e+00 1.018242780273720616e+00 1.053407301006130670e+00 0.000000000000000000e+00
6.483631713176364109e+00 1.912236748039830792e+00 -1.009374416747514423e-05 -1.000000000000000000e+00 -3.286806004154504350e-05 1.350155982984705445e-05 2.087665450484621488e-01 1.035120909917846443e+00 1.017608492078816429e+00 1.052827498637155745e+00 0.000000000000000000e+00
6.489038480041373624e+00 1.910643442911627687e+00 -6.915405819728331374e-06 -1.000000000000000000e+00 -2.977529932901011418e-05 1.676424752661732033e-05 9.771956234870060598e-02 1.034335638297111615e+00 1.016834025531720531e+00 1.052031417859234264e+00 0.000000000000000000e+00
6.494449755664626345e+00 1.909051465349812737e+00 -2.258866044934094964e-06 -1.000000000000000000e+00 -2.522964508792957164e-05 2.153431056052767357e-05 1.040245726174759966e-02 1.030827690056989043e+00 1.013321575306130873e+00 1.048528697698477785e+00 0.000000000000000000e+00
6.499865543806021329e+00 1.907460814248235881e+00 1.752552494983094815e-06 1.000000000000000000e+00 -2.134986170891267540e-05 2.567846362451961834e-05 6.239994853913799489e-03 1.028515919991010774e+00 1.010882831801372284e+00 1.046347173394067465e+00 0.000000000000000000e+00
6.505285848228594681e+00 1.905871488501671207e+00 3.397652576943909814e-06 1.000000000000000000e+00 -1.978641201881506525e-05 2.740611277169725541e-05 2.331129336005233199e-02 1.030748999010824951e+00 1.013210273041837972e+00 1.048483643451213254e+00 0.000000000000000000e+00
6.510710672698518664e+00 1.904283487005811404e+00 6.906647490504248219e-06 1.000000000000000000e+00 -1.639116956910340400e-05 3.102979191383096937e-05 9.595156923566605656e-02 1.027418940767094391e+00 1.009870397392505614e+00 1.045164066840719830e+00 0.000000000000000000e+00
6.516140020985107917e+00 1.902696808657271088e+00 9.690586148249561487e-06 1.000000000000000000e+00 -1.370858744396849472e-05 3.391602118964644441e-05 1.883874130278684333e-01 1.024239980037405573e+00 1.006572009501167653e+00 1.042107758552757391e+00 0.000000000000000000e+00
6.521573896860818564e+00 1.901111452353583031e+00 1.046017096802660611e-05 1.000000000000000000e+00 -1.295315229064740450e-05 3.470227939622912833e-05 2.190886574149430999e-01 1.023915434821488724e+00 1.006364765338014999e+00 1.041663663738235490e+00 0.000000000000000000e+00
6.527012304101254436e+00 1.899527416993199491e+00 1.007895827310052515e-05 1.000000000000000000e+00 -1.334951327008894599e-05 3.433923681739440718e-05 2.032619629138423534e-01 1.024294051630966873e+00 1.006596315905548655e+00 1.042192283979165968e+00 0.000000000000000000e+00
6.532455246485166178e+00 1.897944701475490215e+00 8.950918331535383940e-06 1.000000000000000000e+00 -1.447099641351490332e-05 3.321128599135332506e-05 1.600861565104736428e-01 1.024540132647168367e+00 1.006807100244844433e+00 1.042474450145932208e+00 0.000000000000000000e+00
6.537902727794456581e+00 1.896363304700741548e+00 7.054095864624130477e-06 1.000000000000000000e+00 -1.637358370668343891e-05 3.132799213797006650e-05 9.892432258122596522e-02 1.025267174628839539e+00 1.007638941735807370e+00 1.043094206180874117e+00 0.000000000000000000e+00
6.543354751814182357e+00 1.894783225570156437e+00 4.994526481044235472e-06 1.000000000000000000e+00 -1.853381391936305663e-05 2.937203261661020074e-05 4.912194151265225628e-02 1.026200579442355876e+00 1.008411027912607727e+00 1.044192255286034543e+00 0.000000000000000000e+00
6.548811322332555918e+00 1.893204462985853986e+00 5.131563405550908797e-06 1.000000000000000000e+00 -1.852646313534897862e-05 2.963903908166068326e-05 5.136646063981231691e-02 1.023502602070220258e+00 1.005691370217765002e+00 1.041516950054198531e+00 0.000000000000000000e+00
6.554272443140948923e+00 1.891627015850867455e+00 5.314459008759077957e-06 1.000000000000000000e+00 -1.842620865462861547e-05 2.990553280274640670e-05 5.473202940007126927e-02 1.023461207315840893e+00 1.005649493935459660e+00 1.041475953574781510e+00 0.000000000000000000e+00
6.559738118033894949e+00 1.890050883069143817e+00 5.393277823896630341e-06 1.000000000000000000e+00 -1.835868715670106681e-05 2.999935644362645111e-05 5.628883100655457383e-02 1.026896005996027705e+00 1.009024256506886541e+00 1.044971488411079008e+00 0.000000000000000000e+00
6.565208350809092153e+00 1.888476063545543981e+00 8.241062024286739348e-06 1.000000000000000000e+00 -1.550653484225320575e-05 3.284720281421577210e-05 1.319251551983597892e-01 1.026593312274933334e+00 1.008697490429153909e+00 1.044693448623722043e+00 0.000000000000000000e+00
6.570683145267405045e+00 1.886902556185840796e+00 1.172746387328980266e-05 1.000000000000000000e+00 -1.204001241506794788e-05 3.635453490446046511e-05 2.678594928656821139e-01 1.025739547166147903e+00 1.007860816657877967e+00 1.043822500013473320e+00 0.000000000000000000e+00
6.576162505212867160e+00 1.885330359896719488e+00 1.230398255877914654e-05 1.000000000000000000e+00 -1.151089432777505764e-05 3.697448230458366328e-05 2.938451656765010966e-01 1.030659845775139472e+00 1.012707008557726107e+00 1.048817753361396488e+00 0.000000000000000000e+00
6.581646434452685490e+00 1.883759473585775446e+00 1.500708192395033246e-05 1.000000000000000000e+00 -8.901488125315176980e-06 3.976591157774918777e-05 4.362310650292471337e-01 1.028084361216572429e+00 1.010005189227240807e+00 1.046372138958380882e+00 0.000000000000000000e+00
6.587134936797241380e+00 1.882189896161514886e+00 1.553289482103731829e-05 1.000000000000000000e+00 -8.366797132408869007e-06 4.028331453703985364e-05 4.671750099655582744e-01 1.026599894358145804e+00 1.008652045431065458e+00 1.044753835265121333e+00 0.000000000000000000e+00
6.592628016060094076e+00 1.880621626533353297e+00 1.202193443459739139e-05 1.000000000000000000e+00 -1.179324807961406208e-05 3.669353946868988281e-05 2.801484480060167925e-01 1.029770861723854125e+00 1.011765048963738867e+00 1.047983373752749303e+00 0.000000000000000000e+00
6.598125676057981615e+00 1.879054663611614329e+00 7.687600677961966541e-06 1.000000000000000000e+00 -1.602433386974113348e-05 3.226436713293319355e-05 1.148683272772785813e-01 1.030151395474802278e+00 1.011996653255724743e+00 1.048515989180083041e+00 0.000000000000000000e+00
6.603627920610826152e+00 1.877489006307530905e+00 3.588957665828686344e-07 1.000000000000000000e+00 -2.321673890969825881e-05 2.480819105790468284e-05 2.498272524888989210e-04 1.033483983187534871e+00 1.015416344772462454e+00 1.051758783463673019e+00 0.000000000000000000e+00
6.609134753541735741e+00 1.875924653533241671e+00 -8.011588684732022509e-06 -1.000000000000000000e+00 -3.153794525441443468e-05 1.639296711617976764e-05 1.236084864567743580e-01 1.036641135294354532e+00 1.018390476395697464e+00 1.055102535134552655e+00 0.000000000000000000e+00
6.614646178677005217e+00 1.874361604201792542e+00 -1.621426141520045143e-05 -1.000000000000000000e+00 -3.970085031836601485e-05 8.154001340163657328e-06 5.019426139700442491e-01 1.039059825556934102e+00 1.020742679181672496e+00 1.057588767954511511e+00 0.000000000000000000e+00
6.620162199846120643e+00 1.872799857227134490e+00 -2.303138612758297510e-05 -1.000000000000000000e+00 -4.642082834996614073e-05 1.244439857584326051e-06 1.008383316375670802e+00 1.040662173325739071e+00 1.022445538572815948e+00 1.059087970829435843e+00 0.000000000000000000e+00
6.625682820881761970e+00 1.871239411524124430e+00 -2.971532425188012981e-05 -1.000000000000000000e+00 -5.296165752317423721e-05 -5.577853094883493363e-06 1.681040919940244294e+00 1.046387833285723268e+00 1.027976391002635603e+00 1.065011771478308056e+00 0.000000000000000000e+00
6.631208045619805702e+00 1.869680266008521441e+00 -2.954722567911577613e-05 -1.000000000000000000e+00 -5.264797451780519667e-05 -5.550706296021068285e-06 1.679896163400741216e+00 1.040847292918620548e+00 1.022454531729422023e+00 1.059453041362941272e+00 0.000000000000000000e+00
6.636737877899325788e+00 1.868122419596990769e+00 -3.055695099710880377e-05 -1.000000000000000000e+00 -5.352588888986227624e-05 -6.690264922973107603e-06 1.809840793537901504e+00 1.041072839786756576e+00 1.022692947128304830e+00 1.059665510489797846e+00 0.000000000000000000e+00
6.642272321562598059e+00 1.866565871207098271e+00 -3.110982716271168039e-05 -1.000000000000000000e+00 -5.404078603913873050e-05 -7.281991603066219386e-06 1.879316366263552140e+00 1.041383472618559791e+00 1.022964637569921509e+00 1.060016261262765047e+00 0.000000000000000000e+00
6.647811380455102892e+00 1.865010619757312416e+00 -3.370980344284109858e-05 -1.000000000000000000e+00 -5.666147782009018101e-05 -9.859470572112599246e-06 2.193444914833541759e+00 1.046570397482530446e+00 1.028064288624196410e+00 1.065291607198427970e+00 0.000000000000000000e+00
6.653355058425526991e+00 1.863456664167002952e+00 -3.413237567249237961e-05 -1.000000000000000000e+00 -5.717087121419171412e-05 -1.018907266979812723e-05 2.230598524834611851e+00 1.046646730303107731e+00 1.028138438879331762e+00 1.065369868011252219e+00 0.000000000000000000e+00
6.658903359325766047e+00 1.861904003356439352e+00 -3.016183307564819749e-05 -1.000000000000000000e+00 -5.337985566969307826e-05 -6.031903246343361670e-06 1.728819400882542823e+00 1.037630554935726090e+00 1.019147136946540133e+00 1.056329911351258977e+00 0.000000000000000000e+00
6.664456287010930069e+00 1.860352636246791480e+00 -2.861585269915583495e-05 -1.000000000000000000e+00 -5.205187356925594774e-05 -4.262776978424000343e-06 1.536064909124519318e+00 1.037436229341173188e+00 1.018782116964605855e+00 1.056310129718969204e+00 0.000000000000000000e+00
6.670013845339340719e+00 1.858802561760127592e+00 -2.392355157784236829e-05 -1.000000000000000000e+00 -4.760180789787789020e-05 6.786531901268709076e-07 1.059498498286998824e+00 1.035088067669803547e+00 1.016565024684890961e+00 1.053828203041133449e+00 0.000000000000000000e+00
6.675576038172540194e+00 1.857253778819414780e+00 -1.826952976702817596e-05 -1.000000000000000000e+00 -4.227550009781522113e-05 6.665122231904913887e-06 6.084837633992776773e-01 1.037179871594399172e+00 1.018466328793639741e+00 1.056114332407360523e+00 0.000000000000000000e+00
6.681142869375288562e+00 1.855706286348516532e+00 -8.747375643593902384e-06 -1.000000000000000000e+00 -3.312854194305737114e-05 1.656140951300361222e-05 1.375172028322708684e-01 1.037543143838258741e+00 1.018772083297180053e+00 1.056536399074888610e+00 0.000000000000000000e+00
6.686714342815570866e+00 1.854160083272192949e+00 6.085342587869967637e-06 1.000000000000000000e+00 -1.867695504511159357e-05 3.176818002080313306e-05 6.596296194467754503e-02 1.031912166147308074e+00 1.013308033116581131e+00 1.050735928921198159e+00 0.000000000000000000e+00
6.692290462364595349e+00 1.852615168516101862e+00 2.022726356409468372e-05 1.000000000000000000e+00 -4.876494502173311821e-06 4.624541283883783124e-05 7.251420567466624334e-01 1.030925980630728489e+00 1.012171463463635401e+00 1.049904281593830424e+00 0.000000000000000000e+00
6.697871231896799671e+00 1.851071541006794829e+00 3.621100556362426433e-05 1.000000000000000000e+00 1.083492399434370291e-05 6.249993783014343109e-05 2.327033226686950229e+00 1.024735191390512945e+00 1.005995773470741650e+00 1.043699649226347725e+00 0.000000000000000000e+00
6.703456655289853572e+00 1.849529199671717139e+00 4.869134320950070102e-05 1.000000000000000000e+00 2.310099936532758884e-05 7.519558028026725172e-05 4.207892116480820732e+00 1.021647014297907718e+00 1.002947005117763135e+00 1.040571696971987814e+00 0.000000000000000000e+00
6.709046736424657986e+00 1.847988143439209141e+00 5.781111325547997866e-05 1.000000000000000000e+00 3.200707874116547763e-05 8.452910044121214063e-05 5.909702115879476025e+00 1.018751343600025949e+00 1.000030268786241239e+00 1.037698426512025929e+00 0.000000000000000000e+00
6.714641479185352146e+00 1.846448371238503361e+00 6.287250488734802498e-05 1.000000000000000000e+00 3.686990090958597549e-05 8.978765213540795711e-05 6.934362794743314851e+00 1.016171605277689682e+00 9.974182013550162429e-01 1.035152270552044618e+00 0.000000000000000000e+00
6.720240887459313583e+00 1.844909881999724721e+00 6.252965374648328234e-05 1.000000000000000000e+00 3.640739460198052531e-05 8.956406253332595496e-05 6.791530375742148351e+00 1.016305262561783440e+00 9.975463845642186245e-01 1.035291678274544047e+00 0.000000000000000000e+00
6.725844965137160791e+00 1.843372674653889876e+00 5.870519257856069762e-05 1.000000000000000000e+00 3.256989360751964526e-05 8.575679320675030643e-05 5.953285209848509396e+00 1.015030483520892091e+00 9.962253294400074122e-01 1.034064275660005805e+00 0.000000000000000000e+00
6.731453716112758556e+00 1.841836748132905655e+00 4.985520794446314492e-05 1.000000000000000000e+00 2.387133322466229577e-05 7.676668924552617560e-05 4.290423686482405685e+00 1.017285179788773197e+00 9.984623857480611209e-01 1.036336566308915685e+00 0.000000000000000000e+00
6.737067144283217068e+00 1.840302101369569288e+00 3.889869044462116696e-05 1.000000000000000000e+00 1.316304033666661980e-05 6.557713325277235439e-05 2.621994856054527645e+00 1.018899759512000847e+00 1.000015059719937760e+00 1.038014056068817581e+00 0.000000000000000000e+00
6.742685253548897251e+00 1.838768733297566405e+00 2.629431553707358080e-05 1.000000000000000000e+00 8.367988952229146044e-07 5.270714582057340524e-05 1.201895460990144215e+00 1.021435903334015682e+00 1.002478242438720191e+00 1.040624067980554512e+00 0.000000000000000000e+00
6.748308047813412536e+00 1.837236642851472368e+00 1.307698626949963971e-05 1.000000000000000000e+00 -1.213256306955040229e-05 3.924557785036129838e-05 2.970425096545312726e-01 1.024765074883281724e+00 1.005779968248905032e+00 1.043980576750614730e+00 0.000000000000000000e+00
6.753935530983630642e+00 1.835705828966748943e+00 2.372714630269144119e-07 1.000000000000000000e+00 -2.476687255945352693e-05 2.620149506540581007e-05 9.750430709232205118e-05 1.028651216038817262e+00 1.009575004654999386e+00 1.047959368864342045e+00 0.000000000000000000e+00
6.759567706969678902e+00 1.834176290579746293e+00 -9.242128959834865012e-06 -1.000000000000000000e+00 -3.405687156939669229e-05 1.653695736708124682e-05 1.481777837189355296e-01 1.028540283763454521e+00 1.009292232018346835e+00 1.048024399555072650e+00 0.000000000000000000e+00
6.765204579684944264e+00 1.832648026627699211e+00 -1.863751895138927484e-05 -1.000000000000000000e+00 -4.315438569654477126e-05 6.856822089940203308e-06 6.055743625746998759e-01 1.033762447526820560e+00 1.014601092044540520e+00 1.053156294205116694e+00 0.000000000000000000e+00
6.770846153046076843e+00 1.831121036048729556e+00 -2.347873959897827398e-05 -1.000000000000000000e+00 -4.780640429754170979e-05 1.836738303021038875e-06 9.676358410856806813e-01 1.034738132642861741e+00 1.015404436914866038e+00 1.054308069115369451e+00 0.000000000000000000e+00
6.776492430972993475e+00 1.829595317781842700e+00 -2.388938145212711887e-05 -1.000000000000000000e+00 -4.817673899682819609e-05 1.387370720850107815e-06 1.004076620037423595e+00 1.031065665300990641e+00 1.011715018032694147e+00 1.050654048522750905e+00 0.000000000000000000e+00
6.782143417388880380e+00 1.828070870766929312e+00 -2.289541275977249787e-05 -1.000000000000000000e+00 -4.724914655356799516e-05 2.441509816832968254e-06 9.179954163361117025e-01 1.029046769215743451e+00 1.009835878453179792e+00 1.048492940468654933e+00 0.000000000000000000e+00
6.787799116220194051e+00 1.826547693944761797e+00 -2.091057883977390792e-05 -1.000000000000000000e+00 -4.540289806583629293e-05 4.556455347044184026e-06 7.616171100931126148e-01 1.029094868902659554e+00 1.009707505215171608e+00 1.048721907649531326e+00 0.000000000000000000e+00
6.793459531396665696e+00 1.825025786256996740e+00 -1.748943289243348276e-05 -1.000000000000000000e+00 -4.204193798300796890e-05 8.038203751433188870e-06 5.328882869833222458e-01 1.029057525456664068e+00 1.009619719792456349e+00 1.048736204256211613e+00 0.000000000000000000e+00
6.799124666851304788e+00 1.823505146646170916e+00 -1.307892220009510433e-05 -1.000000000000000000e+00 -3.763531261354564699e-05 1.246108702316512912e-05 2.993529586518235419e-01 1.027924427942621843e+00 1.008512302397239324e+00 1.047577207748265682e+00 0.000000000000000000e+00
6.804794526520399067e+00 1.821985774055703944e+00 -1.265397316499361788e-05 -1.000000000000000000e+00 -3.722368874311801141e-05 1.290559071845997123e-05 2.797733725035413954e-01 1.035178157162164547e+00 1.015650890389107719e+00 1.054947291530402120e+00 0.000000000000000000e+00
6.810469114343518982e+00 1.820467667429894965e+00 -8.778346868981659154e-06 -1.000000000000000000e+00 -3.346803435161475892e-05 1.690120112872331524e-05 1.340149729288810931e-01 1.031850959544743596e+00 1.012473285808414003e+00 1.051467641865073466e+00 0.000000000000000000e+00
6.816148434263521239e+00 1.818950825713921748e+00 -7.415497212243608403e-06 -1.000000000000000000e+00 -3.230438864547637771e-05 1.845726368254212613e-05 9.461695649729051638e-02 1.031585552237617387e+00 1.012025047673101641e+00 1.051389628395898335e+00 0.000000000000000000e+00
6.821832490226549695e+00 1.817435247853842917e+00 -6.948931178482117488e-06 -1.000000000000000000e+00 -3.197662149544071666e-05 1.906352303873727741e-05 8.233359333607381814e-02 1.030968452876738883e+00 1.011345927430705061e+00 1.050836279535976692e+00 0.000000000000000000e+00
6.827521286182038907e+00 1.815920932796593723e+00 -7.534665733724957861e-06 -1.000000000000000000e+00 -3.259275301586608804e-05 1.851878048675208922e-05 9.639774625972563626e-02 1.031110499149906046e+00 1.011490101669199504e+00 1.050976130926042140e+00 0.000000000000000000e+00
6.833214826082717686e+00 1.814407879489987385e+00 -8.682560906311625914e-06 -1.000000000000000000e+00 -3.372617113459703501e-05 1.736908906911445905e-05 1.278385534047714600e-01 1.031612574640852431e+00 1.011928345494700787e+00 1.051543218525747170e+00 0.000000000000000000e+00
6.838913113884609984e+00 1.812896086882713975e+00 -8.838397943026869369e-06 -1.000000000000000000e+00 -3.393168798572865992e-05 1.727042329905347889e-05 1.321128147201307002e-01 1.029540006761301862e+00 1.009692471760010868e+00 1.049638374791287854e+00 0.000000000000000000e+00
6.844616153547039339e+00 1.811385553924339531e+00 -8.604936176664214779e-06 -1.000000000000000000e+00 -3.378839483124491060e-05 1.759731216274225066e-05 1.242566171657628615e-01 1.027154112938997610e+00 1.007446891230437735e+00 1.047109296892383190e+00 0.000000000000000000e+00
6.850323949032630644e+00 1.809876279565305390e+00 -9.725955214707419143e-06 -1.000000000000000000e+00 -3.506579764645168022e-05 1.663179217478381584e-05 1.567720432580728129e-01 1.029638080965708635e+00 1.009834236981479449e+00 1.049691647857531329e+00 0.000000000000000000e+00
6.856036504307313706e+00 1.808368262756926637e+00 -7.740053740405707740e-06 -1.000000000000000000e+00 -3.326429536199209893e-05 1.880352406065193593e-05 9.842991672419998395e-02 1.027883695364878003e+00 1.007906081851202007e+00 1.048115821618806232e+00 0.000000000000000000e+00
6.861753823340325908e+00 1.806861502451392543e+00 -6.333003683282633815e-06 -1.000000000000000000e+00 -3.192647254316620316e-05 2.028699272210058725e-05 6.553421154747240962e-02 1.030901515517731681e+00 1.011022675194309661e+00 1.051031850665233858e+00 0.000000000000000000e+00
6.867475910104213099e+00 1.805355997601766127e+00 -1.741635408449720591e-06 -1.000000000000000000e+00 -2.744952455288741488e-05 2.499798233945694186e-05 4.952908437616088122e-03 1.029674270267425307e+00 1.009626069285192385e+00 1.049978497595506877e+00 0.000000000000000000e+00
6.873202768574835808e+00 1.803851747161981711e+00 4.289417524974233158e-06 1.000000000000000000e+00 -2.152729064784403464e-05 3.114225433844780528e-05 3.000469241996484016e-02 1.027071795773643270e+00 1.007177356726774331e+00 1.047218977712823129e+00 0.000000000000000000e+00
6.878934402731368358e+00 1.802348750086846252e+00 1.024683392145085827e-05 1.000000000000000000e+00 -1.578792082306279554e-05 3.731642039218881310e-05 1.702633456591513550e-01 1.025357312769799245e+00 1.005292382732082324e+00 1.045679907703428002e+00 0.000000000000000000e+00
6.884670816556305084e+00 1.800847005332036233e+00 1.756642845776814650e-05 1.000000000000000000e+00 -8.724609677190704098e-06 4.488778714053233930e-05 4.967583835951359106e-01 1.020139214487211676e+00 1.000053060583907971e+00 1.040484867174874095e+00 0.000000000000000000e+00
6.890412014035459443e+00 1.799346511854099884e+00 2.283373258079564392e-05 1.000000000000000000e+00 -3.638460831918836653e-06 5.033225006023961010e-05 8.332606322825029110e-01 1.018063722757190037e+00 9.981204098385124679e-01 1.038263592210903141e+00 0.000000000000000000e+00
6.896157999157970231e+00 1.797847268610453630e+00 2.595694316405321899e-05 1.000000000000000000e+00 -6.295040431550366958e-07 5.357118180799549012e-05 1.073736227164353352e+00 1.017882580937754966e+00 9.977573084943645032e-01 1.038269460464389393e+00 0.000000000000000000e+00
6.901908775916301586e+00 1.796349274559382980e+00 2.713118214278864630e-05 1.000000000000000000e+00 5.659580743721586641e-07 5.472875014261196943e-05 1.176420316983126213e+00 1.017667711441850864e+00 9.974845909241278896e-01 1.038114003399167151e+00 0.000000000000000000e+00
6.907664348306248314e+00 1.794852528660041413e+00 2.557089760793151574e-05 1.000000000000000000e+00 -8.776756537837237615e-07 5.305832746481072611e-05 1.050250056357725725e+00 1.018095023823619050e+00 9.979230609041068734e-01 1.038529633697480081e+00 0.000000000000000000e+00
6.913424720326936779e+00 1.793357029872449937e+00 2.201122593592724105e-05 1.000000000000000000e+00 -4.324082109049260080e-06 4.939012970225617786e-05 7.806930792446564737e-01 1.017014884129034291e+00 9.967898715322761616e-01 1.037504183317228934e+00 0.000000000000000000e+00
6.919189895980827565e+00 1.791862777157495312e+00 1.476982752436554207e-05 1.000000000000000000e+00 -1.146719442967060964e-05 4.206252706311985819e-05 3.500510972277339761e-01 1.018894389137709133e+00 9.986524524628734856e-01 1.039400476552638120e+00 0.000000000000000000e+00
6.924959879273719920e+00 1.790369769476931161e+00 7.679485220054481243e-06 1.000000000000000000e+00 -1.855630838079999807e-05 3.498633875600213147e-05 9.373083018981276382e-02 1.016572669899868497e+00 9.962697271893403705e-01 1.037141547309792244e+00 0.000000000000000000e+00
6.930734674214753532e+00 1.788878005793375303e+00 -2.464942314401671360e-06 -1.000000000000000000e+00 -2.872848031094506964e-05 2.488103309473339953e-05 9.501677712393075126e-03 1.020411382456077654e+00 9.999811937284093233e-01 1.041109628759921524e+00 0.000000000000000000e+00
6.936514284816411191e+00 1.787387485070310644e+00 -1.058293581478412004e-05 -1.000000000000000000e+00 -3.686318307204188336e-05 1.678192906551970138e-05 1.729074413560596213e-01 1.022497388416539810e+00 1.002037433866897143e+00 1.043225675595255142e+00 0.000000000000000000e+00
6.942298715094520567e+00 1.785898206272082511e+00 -1.386072461337462610e-05 -1.000000000000000000e+00 -4.007980186701665484e-05 1.344152850511676808e-05 2.965980330425850298e-01 1.019900059358252786e+00 9.993945373097984364e-01 1.040675926842519639e+00 0.000000000000000000e+00
6.948087969068260428e+00 1.784410168363900873e+00 -1.386617875898602315e-05 -1.000000000000000000e+00 -3.989062008237008006e-05 1.324724573981917995e-05 3.009612051526886489e-01 1.016995899858281538e+00 9.963417078652834213e-01 1.037925018634442420e+00 0.000000000000000000e+00
6.953882050760158862e+00 1.782923370311836564e+00 -1.248034094540383603e-05 -1.000000000000000000e+00 -3.820997134372855421e-05 1.435030208858907458e-05 2.484174148575846175e-01 1.015693606888783407e+00 9.952110674631149401e-01 1.036447143582291730e+00 0.000000000000000000e+00
6.959680964196100383e+00 1.781437811082822398e+00 -1.081199085490160564e-05 -1.000000000000000000e+00 -3.641278917642724709e-05 1.589103046248228589e-05 1.886962397024660731e-01 1.014769835113626284e+00 9.941186107543154016e-01 1.035696713054222062e+00 0.000000000000000000e+00
6.965484713405325046e+00 1.779953489644652054e+00 -1.236963547841594004e-05 -1.000000000000000000e+00 -3.796961239230902459e-05 1.432271681888322997e-05 2.464457275508920020e-01 1.019365003527943347e+00 9.985978939601445337e-01 1.040410164096269963e+00 0.000000000000000000e+00
6.971293302420433768e+00 1.778470404965979412e+00 -1.371977188051370767e-05 -1.000000000000000000e+00 -3.941474393780067758e-05 1.305833505509013763e-05 3.005989305911072051e-01 1.019705394861529779e+00 9.989330228688834135e-01 1.040756100222127500e+00 0.000000000000000000e+00
6.977106735277391003e+00 1.776988556016316556e+00 -1.962756170978219663e-05 -1.000000000000000000e+00 -4.535817718876163714e-05 7.189469075626155655e-06 6.082705193273625355e-01 1.027105738230491339e+00 1.006177409675120149e+00 1.048314603400583245e+00 0.000000000000000000e+00
6.982925016015525621e+00 1.775507941766035547e+00 -2.226579041538928277e-05 -1.000000000000000000e+00 -4.793703711633828785e-05 4.511190000845353537e-06 7.808030898938085329e-01 1.024324506331961038e+00 1.003551358123305981e+00 1.045374590085495825e+00 0.000000000000000000e+00
6.988748148677535355e+00 1.774028561186365982e+00 -2.673662778624481598e-05 -1.000000000000000000e+00 -5.234274917362871345e-05 -8.338306855373075078e-09 1.123715384582141041e+00 1.024971248708017590e+00 1.003991915070725272e+00 1.046232446169131913e+00 0.000000000000000000e+00
6.994576137309488573e+00 1.772550413249394330e+00 -3.071438750995528091e-05 -1.000000000000000000e+00 -5.629328086507061942e-05 -4.006706198294295604e-06 1.476670676177221253e+00 1.024970253657653929e+00 1.003909923424595396e+00 1.046314395124301244e+00 0.000000000000000000e+00
7.000408985960828723e+00 1.771073496928063928e+00 -3.427252178844230783e-05 -1.000000000000000000e+00 -5.987745833532490309e-05 -7.539880885683610245e-06 1.824898488560378951e+00 1.025866786824851218e+00 1.004797302858028374e+00 1.047220266969682845e+00 0.000000000000000000e+00
7.006246698684376106e+00 1.769597811196173431e+00 -3.582065727930821631e-05 -1.000000000000000000e+00 -6.147266807704986850e-05 -9.042033394101763180e-06 1.983312136989027863e+00 1.025199478917142359e+00 1.004054186303803942e+00 1.046631058874307962e+00 0.000000000000000000e+00
7.012089279536330544e+00 1.768123355028376364e+00 -3.612184345415856942e-05 -1.000000000000000000e+00 -6.174042014297698362e-05 -9.371934099745119775e-06 2.017589139608105597e+00 1.025236446680988456e+00 1.004102788701399351e+00 1.046656231923658531e+00 0.000000000000000000e+00
7.017936732576273151e+00 1.766650127400181791e+00 -3.541405060125909398e-05 -1.000000000000000000e+00 -6.096471447613905368e-05 -8.723338673492961293e-06 1.947880172473162474e+00 1.025664248921551058e+00 1.004459922959833218e+00 1.047156274448769686e+00 0.000000000000000000e+00
7.023789061867172556e+00 1.765178127287950538e+00 -3.437826393642066074e-05 -1.000000000000000000e+00 -5.990642380630847982e-05 -7.700102599064729392e-06 1.838989816026867175e+00 1.026429457354278707e+00 1.005147545490822081e+00 1.048001013142720428e+00 0.000000000000000000e+00
7.029646271475383124e+00 1.763707353668898525e+00 -3.283726161130757251e-05 -1.000000000000000000e+00 -5.847782734882558768e-05 -6.038801510466763721e-06 1.666719423647720077e+00 1.025985340561493819e+00 1.004712046236049927e+00 1.047548245773661124e+00 0.000000000000000000e+00
7.035508365470652059e+00 1.762237805521092104e+00 -2.974872143516102120e-05 -1.000000000000000000e+00 -5.569990158710150848e-05 -2.634572052644625946e-06 1.346431932183364211e+00 1.022337753352643430e+00 1.001005461039854216e+00 1.043962036857582376e+00 0.000000000000000000e+00
7.041375347926120298e+00 1.760769481823449834e+00 -2.797841536607542968e-05 -1.000000000000000000e+00 -5.435374570281294767e-05 -4.340711356043747463e-07 1.162573230558436421e+00 1.024336286142924601e+00 1.002749474909739202e+00 1.046221172130086696e+00 0.000000000000000000e+00
7.047247222918324283e+00 1.759302381555740702e+00 -2.498200648618404912e-05 -1.000000000000000000e+00 -5.175178701647327890e-05 2.966392597585421130e-06 9.048616336060462118e-01 1.028589405167171789e+00 1.007074546537379822e+00 1.050399038082077130e+00 0.000000000000000000e+00
7.053123994527200402e+00 1.757836503698584130e+00 -1.506113376828056800e-05 -1.000000000000000000e+00 -4.228337602463580090e-05 1.333984782874768362e-05 3.244333414995281828e-01 1.023856639617648279e+00 1.002163838329451773e+00 1.045850297733132761e+00 0.000000000000000000e+00
7.059005666836087656e+00 1.756371847233449524e+00 -1.520783226725292759e-06 -1.000000000000000000e+00 -2.904794267405303926e-05 2.718184171424497449e-05 3.298337580275756409e-03 1.017025968848909612e+00 9.955435066298924385e-01 1.038805955572997375e+00 0.000000000000000000e+00
7.064892243931729432e+00 1.754908411142653613e+00 1.480458533030673142e-05 1.000000000000000000e+00 -1.300116172114888773e-05 4.378241694295005007e-05 3.144760877355281536e-01 1.006715132867726625e+00 9.851409987340774554e-01 1.028592571024419033e+00 0.000000000000000000e+00
7.070783729904277948e+00 1.753446194409361780e+00 3.221716269065579453e-05 1.000000000000000000e+00 4.154370283556679659e-06 6.145385305200538623e-05 1.501259423765745282e+00 9.927556593370536753e-01 9.712581488284531828e-01 1.014558549949879485e+00 0.000000000000000000e+00
7.076680128847296025e+00 1.751985196017586288e+00 4.161853036760736950e-05 1.000000000000000000e+00 1.333578346276027116e-05 7.108358941384310137e-05 2.494719058475581619e+00 9.933148320559780364e-01 9.719525230923823367e-01 1.014978572049641148e+00 0.000000000000000000e+00
7.082581444857760644e+00 1.750525414952186498e+00 5.118376512607651098e-05 1.000000000000000000e+00 2.251135889787309237e-05 8.103876356419158981e-05 3.732186740413112602e+00 9.882389407443126217e-01 9.667082910612702085e-01 1.010077336128350600e+00 0.000000000000000000e+00
7.088487682036063831e+00 1.749066850198867318e+00 5.616850497819177103e-05 1.000000000000000000e+00 2.712031152630882977e-05 8.639454415503861485e-05 4.414387331611010268e+00 9.878161324324532533e-01 9.661869113537567832e-01 1.009756158723159603e+00 0.000000000000000000e+00
7.094398844486017985e+00 1.747609500744178535e+00 5.848545461162147989e-05 1.000000000000000000e+00 2.917456420884168385e-05 8.896961004130664937e-05 4.714672758616217152e+00 9.872706282320792281e-01 9.656401883393358476e-01 1.009212399653422798e+00 0.000000000000000000e+00
7.100314936314857661e+00 1.746153365575515037e+00 5.946652570422922220e-05 1.000000000000000000e+00 3.007380672817499002e-05 9.003663557567037103e-05 4.856864959366802736e+00 9.835483262880823085e-01 9.618654510602884233e-01 1.005545049967931481e+00 0.000000000000000000e+00
7.106235961633242226e+00 1.744698443681114597e+00 5.570821013320149126e-05 1.000000000000000000e+00 2.649239129107357804e-05 8.611832185013845048e-05 4.287024702091997597e+00 9.846138998024279720e-01 9.629391267904173768e-01 1.006601701764208379e+00 0.000000000000000000e+00
7.112161924555259418e+00 1.743244734050058975e+00 4.709797194669604597e-05 1.000000000000000000e+00 1.820706098067177594e-05 7.720358726427640561e-05 3.091965854088869037e+00 9.916334842690683882e-01 9.698142628633164009e-01 1.013767507684259161e+00 0.000000000000000000e+00
7.118092829198427118e+00 1.741792235672271039e+00 3.717244698458247430e-05 1.000000000000000000e+00 8.582990180844154922e-06 6.698971925367302386e-05 1.938802088832460413e+00 9.973588384152636266e-01 9.752706378595772385e-01 1.019767622541690288e+00 0.000000000000000000e+00
7.124028679683696907e+00 1.740340947538516092e+00 2.700987034339081088e-05 1.000000000000000000e+00 -1.339479711400734925e-06 5.659192070665761663e-05 1.022748009750657161e+00 9.997916842340860422e-01 9.778194776765827267e-01 1.022080576770209914e+00 0.000000000000000000e+00
7.129969480135457616e+00 1.738890868640399878e+00 1.449209680345925710e-05 1.000000000000000000e+00 -1.373349730904084496e-05 4.395977100130101498e-05 2.914916026981444475e-01 1.005037362803607115e+00 9.829067927938902605e-01 1.027487529162354640e+00 0.000000000000000000e+00
7.135915234681537100e+00 1.737441997970369245e+00 2.920069863802234911e-06 1.000000000000000000e+00 -2.521569721644762292e-05 3.231928332893233040e-05 1.169387738445948344e-02 1.008115417855705909e+00 9.859439888052082823e-01 1.030606210610804929e+00 0.000000000000000000e+00
7.141865947453204910e+00 1.735994334521709703e+00 -8.203911418832716444e-06 -1.000000000000000000e+00 -3.624600677100669327e-05 2.112716696139366770e-05 9.129333137038031509e-02 1.014237126929622201e+00 9.918948693770056613e-01 1.036901048604358166e+00 0.000000000000000000e+00
7.147821622585176726e+00 1.734547877288545648e+00 -1.543205864175051378e-05 -1.000000000000000000e+00 -4.342811700508367320e-05 1.386321722552708553e-05 3.208190923407130413e-01 1.019399739886577505e+00 9.967699193325725293e-01 1.042357453815925039e+00 0.000000000000000000e+00
7.153782264215615250e+00 1.733102625265839913e+00 -1.665624975919371861e-05 -1.000000000000000000e+00 -4.459342258243484956e-05 1.257353581477739719e-05 3.736409016615596101e-01 1.020842020920990523e+00 9.983468665165531331e-01 1.043661527267032429e+00 0.000000000000000000e+00
7.159747876486134643e+00 1.731658577449392222e+00 -1.329594529810931282e-05 -1.000000000000000000e+00 -4.119694860482312030e-05 1.588358888849475468e-05 2.401126966999811430e-01 1.020880610020307167e+00 9.981736576185923360e-01 1.043918519093301134e+00 0.000000000000000000e+00
7.165718463541802308e+00 1.730215732835839626e+00 -7.330905820813282835e-06 -1.000000000000000000e+00 -3.506921610098066253e-05 2.168199504104099577e-05 7.417764565840911928e-02 1.020089183717362014e+00 9.975655789223215608e-01 1.042939566976321508e+00 0.000000000000000000e+00
7.171694029531142434e+00 1.728774090422655174e+00 1.046779392660784244e-06 1.000000000000000000e+00 -2.660383643168398149e-05 2.997302769086128795e-05 1.541245303798177702e-03 1.013207186595455500e+00 9.905578558077654527e-01 1.036189354085791825e+00 0.000000000000000000e+00
7.177674578606138667e+00 1.727333649208146804e+00 3.570278964050180209e-06 1.000000000000000000e+00 -2.401391243385026889e-05 3.243236793456086081e-05 1.806081821924010455e-02 1.015492665525467020e+00 9.927409232837787201e-01 1.038579716985332579e+00 0.000000000000000000e+00
7.183660114922237661e+00 1.725894408191456675e+00 5.418208138140921445e-06 1.000000000000000000e+00 -2.221403421654438032e-05 3.433042024243844156e-05 4.149950841019744985e-02 1.011568281576729289e+00 9.890013258973132659e-01 1.034466664562295746e+00 0.000000000000000000e+00
7.189650642638349964e+00 1.724456366372562499e+00 1.751042519002440322e-06 1.000000000000000000e+00 -2.603948884215343522e-05 3.082072071745725129e-05 4.272653422674466128e-03 1.012563071072019039e+00 9.897386920410673472e-01 1.035726422929041046e+00 0.000000000000000000e+00
7.195646165916856241e+00 1.723019522752273547e+00 -4.451251771185462645e-06 -1.000000000000000000e+00 -3.233211816852860684e-05 2.471863321132675593e-05 2.714697268166332833e-02 1.012270859300063108e+00 9.895705223375328430e-01 1.035306350794913177e+00 0.000000000000000000e+00
7.201646688923606376e+00 1.721583876332232421e+00 -1.311554643465441906e-05 -1.000000000000000000e+00 -4.101267902404617143e-05 1.609021289827727169e-05 2.326527341395490112e-01 1.013496227599577804e+00 9.905306105259679139e-01 1.036803802532452190e+00 0.000000000000000000e+00
7.207652215827925701e+00 1.720149426114913060e+00 -2.191265566278795469e-05 -1.000000000000000000e+00 -4.966701204279786786e-05 7.176356843300182398e-06 6.461145395965672833e-01 1.014564058031258265e+00 9.914775293421720370e-01 1.037995378120279311e+00 0.000000000000000000e+00
7.213662750802614987e+00 1.718716171103621404e+00 -2.994210449161475142e-05 -1.000000000000000000e+00 -5.747781900853042049e-05 -1.053724683457446531e-06 1.205791624081342661e+00 1.016685313259173551e+00 9.935866761058488317e-01 1.040128067751418417e+00 0.000000000000000000e+00
7.219678298023954888e+00 1.717284110302493172e+00 -3.633716439866797253e-05 -1.000000000000000000e+00 -6.370971635808825523e-05 -7.603495218467847997e-06 1.775330493031432866e+00 1.019692056935886049e+00 9.964624867591156399e-01 1.043268850943996240e+00 0.000000000000000000e+00
7.225698861671710382e+00 1.715853242716494531e+00 -3.952774958868501679e-05 -1.000000000000000000e+00 -6.681381393670147062e-05 -1.088068933351494946e-05 2.099673696927240485e+00 1.020497350672507020e+00 9.972708724347567610e-01 1.044070866076172610e+00 0.000000000000000000e+00
7.231724445929129885e+00 1.714423567351419875e+00 -3.989203930147621418e-05 -1.000000000000000000e+00 -6.716561648148745248e-05 -1.125739014777072622e-05 2.138967615701233171e+00 1.019839471873917436e+00 9.965186308789223402e-01 1.043510679398287122e+00 0.000000000000000000e+00
7.237755054982951464e+00 1.712995083213891823e+00 -3.849541770255376216e-05 -1.000000000000000000e+00 -6.580037089360028335e-05 -9.827361250744039633e-06 1.993979684834741306e+00 1.019407109625018126e+00 9.958512651622112299e-01 1.043320701187260946e+00 0.000000000000000000e+00
7.243790693023404614e+00 1.711567789311361887e+00 -3.512773431444534084e-05 -1.000000000000000000e+00 -6.245111621302507239e-05 -6.429937599349236517e-06 1.661891496372732036e+00 1.017266044249171442e+00 9.938888090836771605e-01 1.040996440303054715e+00 0.000000000000000000e+00
7.249831364244212040e+00 1.710141684652107807e+00 -2.878691414044569146e-05 -1.000000000000000000e+00 -5.629658276534541146e-05 1.079476296017560673e-07 1.113837402258738507e+00 1.009598887219004926e+00 9.862006071726658885e-01 1.033353392813499694e+00 0.000000000000000000e+00
7.255877072842594977e+00 1.708716768245233997e+00 -2.556467402745365403e-05 -1.000000000000000000e+00 -5.338514758338986320e-05 3.647787640874167745e-06 8.667138001467691311e-01 1.010717467617091581e+00 9.870468960290910143e-01 1.034751916197602428e+00 0.000000000000000000e+00
7.261927823019274086e+00 1.707293039100669763e+00 -1.963457411830796037e-05 -1.000000000000000000e+00 -4.784530743437555793e-05 9.963672133390119259e-06 5.028741217313665857e-01 1.006811197718876061e+00 9.833153625477976112e-01 1.030667325969238934e+00 0.000000000000000000e+00
7.267983618978473004e+00 1.705870496229170197e+00 -1.192765210647027764e-05 -1.000000000000000000e+00 -4.055261145709033083e-05 1.807115337789787658e-05 1.834424047188321083e-01 1.000583278826098432e+00 9.768966783074199967e-01 1.024638720647857770e+00 0.000000000000000000e+00
7.274044464927921894e+00 1.704449138642313732e+00 -6.489703412220215841e-06 -1.000000000000000000e+00 -3.523949169317231502e-05 2.363146630797810928e-05 5.417829857454137255e-02 1.000538436849447432e+00 9.770096529145837483e-01 1.024431732128622041e+00 0.000000000000000000e+00
7.280110365078859225e+00 1.703028965352503699e+00 2.317191052569868537e-07 1.000000000000000000e+00 -2.851341086270908881e-05 3.035465270265084978e-05 6.982393517773743952e-05 9.954011633347564780e-01 9.717058014693135126e-01 1.019468210666601760e+00 0.000000000000000000e+00
7.286181323646034436e+00 1.701609975372965211e+00 2.620450350290257268e-06 1.000000000000000000e+00 -2.594955854466071628e-05 3.258335940552999153e-05 9.029340268398300395e-03 9.953862863005459305e-01 9.718652363159985264e-01 1.019273733977664520e+00 0.000000000000000000e+00
7.292257344847713263e+00 1.700192167717745617e+00 2.718607050770789456e-06 1.000000000000000000e+00 -2.579601485376102819e-05 3.263831636649565826e-05 9.760074766973048099e-03 9.931929417307485686e-01 9.694577843534529782e-01 1.017301772704957363e+00 0.000000000000000000e+00
7.298338432905678630e+00 1.698775541401714717e+00 -1.181839796389594076e-06 -1.000000000000000000e+00 -2.975049274859941511e-05 2.880172898030745134e-05 1.827203837819979526e-03 9.921763317773985014e-01 9.683286505599388860e-01 1.016401465227809719e+00 0.000000000000000000e+00
7.304424592045234199e+00 1.697360095440562322e+00 -9.564066058021013992e-06 -1.000000000000000000e+00 -3.826887858371574917e-05 2.056332441251983021e-05 1.170546587876941658e-01 9.944456561042787079e-01 9.705525356124498071e-01 1.018716799851885568e+00 0.000000000000000000e+00
7.310515826495206149e+00 1.695945828850798032e+00 -2.281665338084198748e-05 -1.000000000000000000e+00 -5.164174883942899887e-05 7.441221951563839883e-06 6.482434860738095495e-01 1.003786476933350880e+00 9.796348301954590498e-01 1.028320495512708987e+00 0.000000000000000000e+00
7.316612140487947613e+00 1.694532740649751679e+00 -3.307014012080558362e-05 -1.000000000000000000e+00 -6.187568957434673379e-05 -2.802989004704336293e-06 1.339856621140398829e+00 1.006523443383892324e+00 9.823286183348549638e-01 1.031100436826888789e+00 0.000000000000000000e+00
7.322713538259342236e+00 1.693120829855571774e+00 -4.156495799227362745e-05 -1.000000000000000000e+00 -7.018614574103525629e-05 -1.145400500080941396e-05 2.108584857761371723e+00 1.011065069936177396e+00 9.867002456189366555e-01 1.035815255909135812e+00 0.000000000000000000e+00
7.328820024048804171e+00 1.691710095487224841e+00 -4.112787022522312077e-05 -1.000000000000000000e+00 -6.958668160966247757e-05 -1.115913276252394204e-05 2.083476903438750583e+00 1.003052742651358464e+00 9.786731884121324665e-01 1.027820786235609685e+00 0.000000000000000000e+00
7.334931602099284298e+00 1.690300536564494527e+00 -4.063188079609861828e-05 -1.000000000000000000e+00 -6.896798567193809109e-05 -1.077116717089050227e-05 2.044801066368776787e+00 1.002859961823328483e+00 9.785075646476540934e-01 1.027600223517324718e+00 0.000000000000000000e+00
7.341048276657271110e+00 1.688892152107981603e+00 -3.882883727170155692e-05 -1.000000000000000000e+00 -6.725080246111386946e-05 -8.879408905611601481e-06 1.862078048157997046e+00 1.005683398854662736e+00 9.811816317014221411e-01 1.030577028815514051e+00 0.000000000000000000e+00
7.347170051972794269e+00 1.687484941139102412e+00 -3.342418973475462453e-05 -1.000000000000000000e+00 -6.211435793407191685e-05 -3.220931077760870128e-06 1.369379548683156145e+00 1.004164929473041035e+00 9.796864578629860265e-01 1.029035742138088017e+00 0.000000000000000000e+00
7.353296932299427269e+00 1.686078902680089531e+00 -2.700580032228372550e-05 -1.000000000000000000e+00 -5.599192901176335067e-05 3.468239473287169190e-06 8.883769441296749392e-01 1.002951975334008150e+00 9.783617540151777758e-01 1.027939309498032028e+00 0.000000000000000000e+00
7.359428921894291875e+00 1.684674035753989330e+00 -1.939152211243746660e-05 -1.000000000000000000e+00 -4.855889042935682630e-05 1.126479597118889938e-05 4.588419303341595423e-01 9.993332252650525271e-01 9.745252714820140660e-01 1.024546916527455886e+00 0.000000000000000000e+00
7.365566025018059015e+00 1.683270339384662417e+00 -1.149356958774646330e-05 -1.000000000000000000e+00 -4.071402602652017598e-05 1.924865496816088645e-05 1.620126720255257169e-01 9.927024734457209343e-01 9.681435065727277411e-01 1.017661252955353035e+00 0.000000000000000000e+00
7.371708245934952330e+00 1.681867812596783196e+00 -8.650675453523281528e-06 -1.000000000000000000e+00 -3.807560560151970091e-05 2.233030600672622262e-05 9.101851385001680228e-02 9.945979497426395977e-01 9.697435517765714552e-01 1.019860144268900815e+00 0.000000000000000000e+00
7.377855588912752616e+00 1.680466454415837863e+00 -7.357425442375949461e-06 -1.000000000000000000e+00 -3.721622762186563516e-05 2.407584398785532408e-05 6.411267857265556813e-02 9.971232650882185800e-01 9.723650221745815392e-01 1.022284723979716814e+00 0.000000000000000000e+00
7.384008058222798709e+00 1.679066263868125519e+00 -6.337805422615831163e-06 -1.000000000000000000e+00 -3.696065599743166702e-05 2.584874507806322571e-05 4.568191961419643121e-02 1.000008049864391735e+00 9.748852741648528220e-01 1.025544689491973305e+00 0.000000000000000000e+00
7.390165658139991045e+00 1.677667239980756175e+00 -8.662355799635700728e-09 -1.000000000000000000e+00 -3.143173512517826438e-05 3.296532578325531284e-05 8.241603666192531819e-08 9.946716588964085171e-01 9.694288221922481297e-01 1.020334655914619360e+00 0.000000000000000000e+00
7.396328392942796093e+00 1.676269381781650081e+00 8.138933949289874501e-06 1.000000000000000000e+00 -2.376907275941376454e-05 4.161164490777751547e-05 7.150373964796585824e-02 9.924316738368670343e-01 9.672105171878752072e-01 1.018072873966649361e+00 0.000000000000000000e+00
7.402496266913247247e+00 1.674872688299538392e+00 2.204398167858190826e-05 1.000000000000000000e+00 -1.013556146098374444e-05 5.581648225528559377e-05 5.264828243280419429e-01 9.838643413927417036e-01 9.586312866202344463e-01 1.009520618741271081e+00 0.000000000000000000e+00
7.408669284336948380e+00 1.673477158563960288e+00 3.528554681177978027e-05 1.000000000000000000e+00 2.946227656578452570e-06 6.923194248218013771e-05 1.359702126814212875e+00 9.802711832028991878e-01 9.551230843787811287e-01 1.005841294477694658e+00 0.000000000000000000e+00
7.414847449503079169e+00 1.672082791605264962e+00 4.561357243979244537e-05 1.000000000000000000e+00 1.303935271969131965e-05 7.979319511906294226e-05 2.271971972941173590e+00 9.836084551108648100e-01 9.583082166599719010e-01 1.009335094030783475e+00 0.000000000000000000e+00
7.421030766704393322e+00 1.670689586454608300e+00 5.612507253264022199e-05 1.000000000000000000e+00 2.315226395255704775e-05 9.069080332361621928e-05 3.409723423514861906e+00 9.839736359357520445e-01 9.585371531570101578e-01 1.009841593656429115e+00 0.000000000000000000e+00
7.427219240237226572e+00 1.669297542143953983e+00 6.593567511378849307e-05 1.000000000000000000e+00 3.247531569159645013e-05 1.009856898903715246e-04 4.632758336839728486e+00 9.813719758666359372e-01 9.559672317638673311e-01 1.007208666666584040e+00 0.000000000000000000e+00
7.433412874401496673e+00 1.667906657706072160e+00 7.260226328391689216e-05 1.000000000000000000e+00 3.862607039768218962e-05 1.081747152075529425e-04 5.505573496205414585e+00 9.805013526608692409e-01 9.549474932438573038e-01 1.006492376381532328e+00 0.000000000000000000e+00
7.439611673500706956e+00 1.666516932174539223e+00 7.697327604444402689e-05 1.000000000000000000e+00 4.257187483678176861e-05 1.129836399835646365e-04 6.073113988689669895e+00 9.794191057412146018e-01 9.538670730706867440e-01 1.005408536609050607e+00 0.000000000000000000e+00
7.445815641841948995e+00 1.665128364583736253e+00 8.037094901669712742e-05 1.000000000000000000e+00 4.564392092203717251e-05 1.167178769381015764e-04 6.536144655729358988e+00 9.758546699695194171e-01 9.501912422948184389e-01 1.001960722725274033e+00 0.000000000000000000e+00
7.452024783735907043e+00 1.663740953968849468e+00 8.039680894480408094e-05 1.000000000000000000e+00 4.555228310178118087e-05 1.168721165442292929e-04 6.491273155168300946e+00 9.759764186701220812e-01 9.503187483794230950e-01 1.002076347318499261e+00 0.000000000000000000e+00
7.458239103496859812e+00 1.662354699365868660e+00 8.263245169107399316e-05 1.000000000000000000e+00 4.775322352617660768e-05 1.191540951803699109e-04 6.872866206145374690e+00 9.677883429487892375e-01 9.420978283135279518e-01 9.939258692139807394e-01 0.000000000000000000e+00
7.464458605442683137e+00 1.660969599811586539e+00 8.187732924816791644e-05 1.000000000000000000e+00 4.707670876741291201e-05 1.183312435121348162e-04 6.785397403024731489e+00 9.628269347390662203e-01 9.369141341989681848e-01 9.891965294368634254e-01 0.000000000000000000e+00
7.470683293894854415e+00 1.659585654343599170e+00 7.720639899409792581e-05 1.000000000000000000e+00 4.266078444497052336e-05 1.134163365995765802e-04 6.066528963325112045e+00 9.627591895796536736e-01 9.370292154250939864e-01 9.889400483047535717e-01 0.000000000000000000e+00
7.476913173178454386e+00 1.658202862000304201e+00 6.853031830655247156e-05 1.000000000000000000e+00 3.424179997920297083e-05 1.044878997051320148e-04 4.795787867958125616e+00 9.672388490070229494e-01 9.411687927017529098e-01 9.937698953806128888e-01 0.000000000000000000e+00
7.483148247622170679e+00 1.656821221820899526e+00 5.804356846336039544e-05 1.000000000000000000e+00 2.411105629138218657e-05 9.365696092726966636e-05 3.449700995258965008e+00 9.706783622835449821e-01 9.447404790517416329e-01 9.970716122627871769e-01 0.000000000000000000e+00
7.489388521558299594e+00 1.655440732845385288e+00 4.819773377286262035e-05 1.000000000000000000e+00 1.456014338919833139e-05 8.353549943071822284e-05 2.389893514478529823e+00 9.672804667202503648e-01 9.410949567994914000e-01 9.939315632718408455e-01 0.000000000000000000e+00
7.495633999322752317e+00 1.654061394114560324e+00 3.742408849884625802e-05 1.000000000000000000e+00 4.124416097305106462e-06 7.245092857515640920e-05 1.447643556778885454e+00 9.615193152989374159e-01 9.352625663923394006e-01 9.882459989952457891e-01 0.000000000000000000e+00
7.501884685255054031e+00 1.652683204670022832e+00 2.099147039164838208e-05 1.000000000000000000e+00 -1.187340952461438088e-05 5.561845350295898998e-05 4.546958600088544244e-01 9.661603930966389253e-01 9.398529879016689348e-01 9.929371508797329993e-01 0.000000000000000000e+00
7.508140583698349246e+00 1.651306163554170148e+00 6.413807098314811255e-07 1.000000000000000000e+00 -3.180073658203751787e-05 3.486970819469968895e-05 4.209925124740721003e-04 9.795691817670296730e-01 9.529348357765418109e-01 1.006678032556227675e+00 0.000000000000000000e+00
7.514401698999403578e+00 1.649930269810196748e+00 -1.472172014723411942e-05 -1.000000000000000000e+00 -4.683742206667699707e-05 1.919403802156195227e-05 2.202945680487005120e-01 9.838443163785893786e-01 9.571584221359146216e-01 1.011004614870051999e+00 0.000000000000000000e+00
7.520668035508609073e+00 1.648555522482095359e+00 -2.733886381874339416e-05 -1.000000000000000000e+00 -5.916509692596296313e-05 6.302780265082998128e-06 7.566044226612973489e-01 9.873606455998134024e-01 9.604803767978219442e-01 1.014720752833136563e+00 0.000000000000000000e+00
7.526939597579984209e+00 1.647181920614653627e+00 -3.779974642573645462e-05 -1.000000000000000000e+00 -6.922436228308371359e-05 -4.539823356618993627e-06 1.448169254139571649e+00 9.941050430315551134e-01 9.673201934632653654e-01 1.021363282922747473e+00 0.000000000000000000e+00
7.533216389571179228e+00 1.645809463253457006e+00 -4.373166226288212615e-05 -1.000000000000000000e+00 -7.484095291744159121e-05 -1.077504830858614645e-05 1.952282371730916566e+00 9.990933179159579014e-01 9.719673293460537877e-01 1.026702633327698067e+00 0.000000000000000000e+00
7.539498415843477019e+00 1.644438149444884756e+00 -4.630496709928487312e-05 -1.000000000000000000e+00 -7.718674884752996799e-05 -1.357787016697928659e-05 2.204596992447818593e+00 1.003127769644375888e+00 9.758258299325315299e-01 1.030917912766699418e+00 0.000000000000000000e+00
7.545785680761798453e+00 1.643067978236111282e+00 -4.539070251622059535e-05 -1.000000000000000000e+00 -7.619027748602443385e-05 -1.275612012604697231e-05 2.128359576902482786e+00 1.002786383787863667e+00 9.755199678406305530e-01 1.030540927361737413e+00 0.000000000000000000e+00
7.552078188694705041e+00 1.641698948675104575e+00 -4.142716326742763497e-05 -1.000000000000000000e+00 -7.229356370209857007e-05 -8.731995083122965099e-06 1.778550415920022942e+00 9.963404454105868613e-01 9.690176391055276284e-01 1.024157131505814444e+00 0.000000000000000000e+00
7.558375944014398939e+00 1.640331059810627101e+00 -4.009874510690221146e-05 -1.000000000000000000e+00 -7.100415012307824793e-05 -7.355116572523200049e-06 1.663172341868460080e+00 9.959059127646930909e-01 9.686059001109651456e-01 1.023699527891618333e+00 0.000000000000000000e+00
7.564678951096730941e+00 1.638964310692231585e+00 -3.722598737986242514e-05 -1.000000000000000000e+00 -6.826131292899756354e-05 -4.331153884269987658e-06 1.428899310092830888e+00 9.901847594123440732e-01 9.628042980760871394e-01 1.018064202360152715e+00 0.000000000000000000e+00
7.570987214321198699e+00 1.637598700370265004e+00 -3.724971859563368985e-05 -1.000000000000000000e+00 -6.844257211792780058e-05 -4.173057137847325767e-06 1.415333713022135953e+00 9.901340087118195576e-01 9.627552296488887107e-01 1.018011458529984647e+00 0.000000000000000000e+00
7.577300738070952946e+00 1.636234227895864146e+00 -3.737258577089634816e-05 -1.000000000000000000e+00 -6.886529243360109637e-05 -3.977961398355375018e-06 1.401099817878971976e+00 9.899998081884185952e-01 9.624476190431634492e-01 1.018056590831455388e+00 0.000000000000000000e+00
7.583619526732800153e+00 1.634870892320956948e+00 -3.755233029907670001e-05 -1.000000000000000000e+00 -6.944302018854012226e-05 -3.750758959728990052e-06 1.386425170432232790e+00 9.917382338851994383e-01 9.638161800919379241e-01 1.020177214074189820e+00 0.000000000000000000e+00
7.589943584697204315e+00 1.633508692698261822e+00 -3.312321851838466262e-05 -1.000000000000000000e+00 -6.536070424871491123e-05 1.033318373405216716e-06 1.064006602785156019e+00 9.863500585579106916e-01 9.586602985079261119e-01 1.014551181023377380e+00 0.000000000000000000e+00
7.596272916358290495e+00 1.632147628081284996e+00 -2.874241617588603055e-05 -1.000000000000000000e+00 -6.125369823377334875e-05 5.691776773115373296e-06 7.957978658148192608e-01 9.858518876923247909e-01 9.578463372270769050e-01 1.014380696047592512e+00 0.000000000000000000e+00
7.602607526113848380e+00 1.630787697524322288e+00 -2.051273965735671807e-05 -1.000000000000000000e+00 -5.313135879466078764e-05 1.403936800828699318e-05 4.069050219376464383e-01 9.795770144373602273e-01 9.518514563912370274e-01 1.007818870454922022e+00 0.000000000000000000e+00
7.608947418365335835e+00 1.629428900082457776e+00 -1.519963882676586955e-05 -1.000000000000000000e+00 -4.792171358465977676e-05 1.947149002545365599e-05 2.239875887574527269e-01 9.809227918575199601e-01 9.528796871058424767e-01 1.009493432379241051e+00 0.000000000000000000e+00
7.615292597517878903e+00 1.628071234811562906e+00 -1.097349980458728921e-05 -1.000000000000000000e+00 -4.381389285947408132e-05 2.382880412422344873e-05 1.163648096035387880e-01 9.829515611016034216e-01 9.550662951805387602e-01 1.011357739843608661e+00 0.000000000000000000e+00
7.621643067980279795e+00 1.626714700768294497e+00 -7.804670114757154926e-06 -1.000000000000000000e+00 -4.097440068635199511e-05 2.732659968066553996e-05 5.819369901217896768e-02 9.839670804950207961e-01 9.557361768126466650e-01 1.012731389800115345e+00 0.000000000000000000e+00
7.627998834165015118e+00 1.625359297010096737e+00 -4.580568112915835926e-06 -1.000000000000000000e+00 -3.815157373675800084e-05 3.095165387411955851e-05 1.973286904713233980e-02 9.809218876827371369e-01 9.525488663545107482e-01 1.009835582525279385e+00 0.000000000000000000e+00
7.634359900488242090e+00 1.624005022595198744e+00 -3.893278630955123079e-06 -1.000000000000000000e+00 -3.778108320172810972e-05 3.196507289597890877e-05 1.401691939685179022e-02 9.807205351626755441e-01 9.523447380159344444e-01 1.009637263200700907e+00 0.000000000000000000e+00
7.640726271369800315e+00 1.622651876582614117e+00 -1.498816305747392346e-06 -1.000000000000000000e+00 -3.563472021383077827e-05 3.462959696337559274e-05 2.058372529390339878e-03 9.741803039680588805e-01 9.457181130806732172e-01 1.003189721958687608e+00 0.000000000000000000e+00
7.647097951233216229e+00 1.621299858032140939e+00 -2.568318319190612591e-06 -1.000000000000000000e+00 -3.674447075280415538e-05 3.362996972562032550e-05 6.007825686936030252e-03 9.744762567838478606e-01 9.460240222040386948e-01 1.003474920601115539e+00 0.000000000000000000e+00
7.653474944505703093e+00 1.619948966004359558e+00 -6.559680627176385490e-06 -1.000000000000000000e+00 -4.068646311162531161e-05 2.960950924638055908e-05 3.900268615309698816e-02 9.807561147149298497e-01 9.520539418582962821e-01 1.010010790221270938e+00 0.000000000000000000e+00
7.659857255618167216e+00 1.618599199560634805e+00 -8.574921081193497452e-06 -1.000000000000000000e+00 -4.264067614925594080e-05 2.754225985187528898e-05 6.653085618420107039e-02 9.813054757270583961e-01 9.526170431923870474e-01 1.010545945458307004e+00 0.000000000000000000e+00
7.666244889005210617e+00 1.617250557763112662e+00 -1.013022714309122619e-05 -1.000000000000000000e+00 -4.416532935478450161e-05 2.595915451362922017e-05 9.278158937506475468e-02 9.793180265822195585e-01 9.504924147885400743e-01 1.008702470339301938e+00 0.000000000000000000e+00
7.672637849105131913e+00 1.615903039674720043e+00 -1.126666202347028290e-05 -1.000000000000000000e+00 -4.527970791531260380e-05 2.481364875025654672e-05 1.148306744777016775e-01 9.745160377397834583e-01 9.454227723118149296e-01 1.004181410185676748e+00 0.000000000000000000e+00
7.679036140359931650e+00 1.614556644359165460e+00 -1.558481661101805923e-05 -1.000000000000000000e+00 -4.944338470832450338e-05 2.037280854651730026e-05 2.191262039602008826e-01 9.754215218766199014e-01 9.465075561424636241e-01 1.004900017724932093e+00 0.000000000000000000e+00
7.685439767215314077e+00 1.613211370880937023e+00 -1.749157955178160515e-05 -1.000000000000000000e+00 -5.137478758162705803e-05 1.851703598712433778e-05 2.751277993992999882e-01 9.687785879423124191e-01 9.396104322931467800e-01 9.985242002171610398e-01 0.000000000000000000e+00
7.691848734120691589e+00 1.611867218305303329e+00 -2.606493528607824000e-05 -1.000000000000000000e+00 -5.987288045460428966e-05 9.889149725438454498e-06 6.026098265671464560e-01 9.772893650310702229e-01 9.481780844439716693e-01 1.006971634258536419e+00 0.000000000000000000e+00
7.698263045529186499e+00 1.610524185698310351e+00 -3.443434203330374800e-05 -1.000000000000000000e+00 -6.829378993353997138e-05 1.567281029660575495e-06 1.036658726956261489e+00 9.857259654160676066e-01 9.561307666994398602e-01 1.015906689338385904e+00 0.000000000000000000e+00
7.704682705897634598e+00 1.609182272126782998e+00 -3.647893166761199447e-05 -1.000000000000000000e+00 -7.028970525998623888e-05 -4.992761394736629200e-07 1.158512488954855257e+00 9.813254681233345433e-01 9.519807113162518375e-01 1.011248494860372604e+00 0.000000000000000000e+00
7.711107719686588702e+00 1.607841476658323998e+00 -4.051357854490958763e-05 -1.000000000000000000e+00 -7.420886970089238992e-05 -4.589018838570426253e-06 1.424788705642299647e+00 9.853339674855563501e-01 9.555886127059320945e-01 1.015670094675399593e+00 0.000000000000000000e+00
7.717538091360320429e+00 1.606501798361312572e+00 -4.460514141322441655e-05 -1.000000000000000000e+00 -7.827051514354183177e-05 -8.653104784473266732e-06 1.711965836256510443e+00 9.933908015448512652e-01 9.633542782507499291e-01 1.024023908838925134e+00 0.000000000000000000e+00
7.723973825386825531e+00 1.605163236304904206e+00 -4.348131771735025798e-05 -1.000000000000000000e+00 -7.749547706549225615e-05 -7.178079195205180982e-06 1.598512518439022756e+00 9.930034934364577737e-01 9.631435638837110291e-01 1.023453680555507006e+00 0.000000000000000000e+00
7.730414926237823892e+00 1.603825789559029547e+00 -3.892810379350347271e-05 -1.000000000000000000e+00 -7.363192983833195533e-05 -1.981171543288451548e-06 1.253614376411874787e+00 9.902698715828934795e-01 9.600556686423686870e-01 1.021091033800902492e+00 0.000000000000000000e+00
7.736861398388765743e+00 1.602489457194395728e+00 -3.240121072915061110e-05 -1.000000000000000000e+00 -6.754222879110926571e-05 4.963888134418926795e-06 8.572793877824551600e-01 9.900687776140674190e-01 9.600408715550260430e-01 1.020697463818641459e+00 0.000000000000000000e+00
7.743313246318833443e+00 1.601154238282482378e+00 -2.478356828754562562e-05 -1.000000000000000000e+00 -6.013253238134807154e-05 1.279715020355246956e-05 5.022893931428029646e-01 9.927747869141348991e-01 9.623662218760817844e-01 1.023797618652735331e+00 0.000000000000000000e+00
7.749770474510944140e+00 1.599820131895543396e+00 -1.257958167907092540e-05 -1.000000000000000000e+00 -4.795855435442716001e-05 2.506645052777348788e-05 1.310627097174119626e-01 9.854643363616870655e-01 9.553963150207009924e-01 1.016137501226557216e+00 0.000000000000000000e+00
7.756233087451753327e+00 1.598487137106606282e+00 -5.227917021754641317e-06 -1.000000000000000000e+00 -4.075352123689023238e-05 3.257994617359508816e-05 2.273115591803787083e-02 9.863188559071698336e-01 9.558998099887859867e-01 1.017356882677291186e+00 0.000000000000000000e+00
7.762701089631657503e+00 1.597155252989470364e+00 2.568128476621718023e-09 1.000000000000000000e+00 -3.578299177294311240e-05 3.807443684468721592e-05 5.473921760312805418e-09 9.861588399925905746e-01 9.559389242569233947e-01 1.016990448026531935e+00 0.000000000000000000e+00
7.769174485544799502e+00 1.595824478618706577e+00 7.948868215953938494e-06 1.000000000000000000e+00 -2.840562709629647044e-05 4.658229728922306715e-05 5.148190282635312087e-02 9.722935929185375636e-01 9.418924646601116724e-01 1.003322605424084246e+00 0.000000000000000000e+00
7.775653279689067610e+00 1.594494813069657235e+00 3.558983269176589763e-06 1.000000000000000000e+00 -3.319668754696925353e-05 4.259519095871014952e-05 1.004950264045589847e-02 9.818553628092188124e-01 9.510910182107852329e-01 1.013256753136046129e+00 0.000000000000000000e+00
7.782137476566102663e+00 1.593166255418435151e+00 6.963179050900625265e-07 1.000000000000000000e+00 -3.633285735155160042e-05 4.004366720617413540e-05 3.773347185784814428e-04 9.826666255985225806e-01 9.518775693680904260e-01 1.014092440471453971e+00 0.000000000000000000e+00
7.788627080681298942e+00 1.591838804741922297e+00 -9.073985260927681671e-06 -1.000000000000000000e+00 -4.613326466985481268e-05 3.036404340744115060e-05 6.289535186485295526e-02 9.972811058519340799e-01 9.660655927231887041e-01 1.029140200982444631e+00 0.000000000000000000e+00
7.795122096543806833e+00 1.590512460117771143e+00 -1.311062672206146457e-05 -1.000000000000000000e+00 -5.019951853399638562e-05 2.641372136500468954e-05 1.299276808817211304e-01 9.983939476801794166e-01 9.671675734613127684e-01 1.030262535503608579e+00 0.000000000000000000e+00
7.801622528666539047e+00 1.589187220624400876e+00 -1.116351716008738450e-05 -1.000000000000000000e+00 -4.850814680643465449e-05 2.864409126935095571e-05 9.339865318001727701e-02 9.878202832987343918e-01 9.565436507189541970e-01 1.019747339953552823e+00 0.000000000000000000e+00
7.808128381566169729e+00 1.587863085341000069e+00 -1.193178192340421388e-05 -1.000000000000000000e+00 -4.954807017262431051e-05 2.816035521465321502e-05 1.050778232550868552e-01 9.880127420141164851e-01 9.567306775252306661e-01 1.019945454888458780e+00 0.000000000000000000e+00
7.814639659763139790e+00 1.586540053347523793e+00 -6.789409644288515937e-06 -1.000000000000000000e+00 -4.484973315291853290e-05 3.376333088845339829e-05 3.360257580189340842e-02 9.806757214859835869e-01 9.492937821027529477e-01 1.012717135842263305e+00 0.000000000000000000e+00
7.821156367781661345e+00 1.585218123724693617e+00 7.190931387712386558e-07 1.000000000000000000e+00 -3.784201313309428372e-05 4.178775277781696080e-05 3.730264497221469355e-04 9.749193286042228124e-01 9.432294851064793040e-01 1.007285180653845869e+00 0.000000000000000000e+00
7.827678510149716828e+00 1.583897295553998275e+00 9.968300579106369134e-06 1.000000000000000000e+00 -2.899553551018969208e-05 5.144500741779428366e-05 7.111282683067088328e-02 9.716443240850552998e-01 9.402171372888903367e-01 1.003739254005958870e+00 0.000000000000000000e+00
7.834206091399066985e+00 1.582577567917689887e+00 2.513270642322923512e-05 1.000000000000000000e+00 -1.438484120994278811e-05 6.714956099145706788e-05 4.515614753105765544e-01 9.594273435576290421e-01 9.278121904547977916e-01 9.917271854098522743e-01 0.000000000000000000e+00
7.840739116065250869e+00 1.581258939898786631e+00 3.625700422929171676e-05 1.000000000000000000e+00 -3.588994318323125916e-06 7.859449948365032244e-05 9.375106589133039847e-01 9.579160089221806507e-01 9.265572761028646465e-01 9.899507601253362266e-01 0.000000000000000000e+00
7.847277588687588512e+00 1.579941410581070071e+00 4.743511432521175511e-05 1.000000000000000000e+00 7.193841047613135792e-06 9.015956921638111740e-05 1.603094058169475034e+00 9.545657458927093719e-01 9.228886481176002965e-01 9.869354564828324294e-01 0.000000000000000000e+00
7.853821513809187138e+00 1.578624979049085830e+00 5.575500633381878844e-05 1.000000000000000000e+00 1.527492796408890825e-05 9.872850264860823612e-05 2.208457800572254826e+00 9.531461175517916828e-01 9.217210544968417185e-01 9.852555459588351328e-01 0.000000000000000000e+00
7.860370895976941163e+00 1.577309644388141585e+00 6.496561412132823888e-05 1.000000000000000000e+00 2.413803098054211136e-05 1.082898621653134865e-04 2.995608519252442647e+00 9.425870077125270141e-01 9.109495922704367032e-01 9.749262240214580100e-01 0.000000000000000000e+00
7.866925739741537527e+00 1.575995405684307737e+00 6.652907483418556004e-05 1.000000000000000000e+00 2.555682613942359852e-05 1.100173624333616840e-04 3.118926833333127036e+00 9.414472295148018643e-01 9.100380761878512637e-01 9.735493451479578786e-01 0.000000000000000000e+00
7.873486049657457464e+00 1.574682262024415857e+00 6.663200227082904112e-05 1.000000000000000000e+00 2.544055852680094049e-05 1.103668252415032321e-04 3.104764488761780683e+00 9.351091423704270822e-01 9.034052444403560811e-01 9.675234109771043700e-01 0.000000000000000000e+00
7.880051830282980951e+00 1.573370212496058462e+00 5.869095523118313622e-05 1.000000000000000000e+00 1.750499572233023829e-05 1.024545099357897937e-04 2.375538856478371486e+00 9.396437663742850388e-01 9.080579086782223364e-01 9.719312243104777371e-01 0.000000000000000000e+00
7.886623086180188480e+00 1.572059256187587906e+00 5.092296128175570480e-05 1.000000000000000000e+00 9.707117296762885991e-06 9.473569689413859486e-05 1.769888199760224268e+00 9.375736769030045270e-01 9.056012434287852297e-01 9.702661050191455638e-01 0.000000000000000000e+00
7.893199821914964609e+00 1.570749392188117488e+00 4.099944403580265919e-05 1.000000000000000000e+00 -3.745392722461822086e-08 8.464624792924710828e-05 1.141060784749768686e+00 9.361585684469959645e-01 9.039926371223099277e-01 9.690545703152887436e-01 0.000000000000000000e+00
7.899782042057002407e+00 1.569440619587517682e+00 2.773711006408283308e-05 1.000000000000000000e+00 -1.278842293991489524e-05 7.090096605558745668e-05 5.233342275852947978e-01 9.399637428935245786e-01 9.077605032313800226e-01 9.728961488679391811e-01 0.000000000000000000e+00
7.906369751179806116e+00 1.568132937476418354e+00 1.686872614099814904e-05 1.000000000000000000e+00 -2.296039955632785351e-05 5.939193230577571983e-05 1.964637558492796643e-01 9.376133449034231848e-01 9.052723103586575171e-01 9.706908440014676565e-01 0.000000000000000000e+00
7.912962953860692039e+00 1.566826344946206540e+00 3.475171115040383702e-06 1.000000000000000000e+00 -3.546905057788969076e-05 4.518223329918234310e-05 8.472830152022936545e-03 9.414117488175449688e-01 9.090631777784046186e-01 9.744935332906401459e-01 0.000000000000000000e+00
7.919561654680794760e+00 1.565520841089027337e+00 -1.413054527596525638e-05 -1.000000000000000000e+00 -5.230062594784168616e-05 2.683640114312877003e-05 1.407759328487614425e-01 9.557665213554223937e-01 9.229969528775319176e-01 9.892762254017188894e-01 0.000000000000000000e+00
7.926165858225068916e+00 1.564216424997781019e+00 -2.717992722580778693e-05 -1.000000000000000000e+00 -6.494807505144146358e-05 1.341455689013785246e-05 5.179721824485028492e-01 9.594063596176798381e-01 9.265880043222392004e-01 9.929656277316410984e-01 0.000000000000000000e+00
7.932775569082291867e+00 1.562913095766124583e+00 -4.092634576767107405e-05 -1.000000000000000000e+00 -7.862879916247623264e-05 -3.997647491831428129e-07 1.152782207355286914e+00 9.657919851761715968e-01 9.326282048647185352e-01 9.997079989769346309e-01 0.000000000000000000e+00
7.939390791845069018e+00 1.561610852488469980e+00 -5.132290149365393797e-05 -1.000000000000000000e+00 -8.902011873756789887e-05 -1.080244231851217593e-05 1.782528031667197865e+00 9.686234474581990606e-01 9.354008247204925741e-01 1.002599413831605890e+00 0.000000000000000000e+00
7.946011531109834714e+00 1.560309694259983226e+00 -5.646774339432937074e-05 -1.000000000000000000e+00 -9.399183877692370579e-05 -1.611209751044611271e-05 2.155873530781811098e+00 9.676206911771545460e-01 9.342157629141145669e-01 1.001788739690186780e+00 0.000000000000000000e+00
7.952637791476856677e+00 1.559009620176584621e+00 -5.955069637627801669e-05 -1.000000000000000000e+00 -9.658127136238475437e-05 -1.965745057716938458e-05 2.433291089437787491e+00 9.713560372627909612e-01 9.375158155264965432e-01 1.005976583870882735e+00 0.000000000000000000e+00
7.959269577550237784e+00 1.557710629334948083e+00 -5.768319896418609938e-05 -1.000000000000000000e+00 -9.412555483118805724e-05 -1.832220245647732181e-05 2.333239871187593906e+00 9.692317225276060322e-01 9.357187251341806400e-01 1.003511741417383973e+00 0.000000000000000000e+00
7.965906893937922284e+00 1.556412720832499597e+00 -5.590624493053810763e-05 -1.000000000000000000e+00 -9.221438635303780057e-05 -1.665824782523960717e-05 2.210444761958584081e+00 9.681926084001785116e-01 9.343048231772496104e-01 1.002865640649558410e+00 0.000000000000000000e+00
7.972549745251694908e+00 1.555115893767417656e+00 -5.552503594002125103e-05 -1.000000000000000000e+00 -9.208628688361602372e-05 -1.604237366189650897e-05 2.154460273195205389e+00 9.687676150706883149e-01 9.350861284856655242e-01 1.003225788309652700e+00 0.000000000000000000e+00
7.979198136107187977e+00 1.553820147238631932e+00 -5.603302567838659910e-05 -1.000000000000000000e+00 -9.323206231486217787e-05 -1.594801070385641807e-05 2.140548841672639924e+00 9.702729153005444918e-01 9.360970286394866280e-01 1.005248322004403505e+00 0.000000000000000000e+00
7.985852071123881402e+00 1.552525480345822828e+00 -5.360558996475697145e-05 -1.000000000000000000e+00 -9.130252814046975387e-05 -1.299099443740938103e-05 1.918983762516411673e+00 9.660783863830439966e-01 9.321689942130148010e-01 1.000778057998048753e+00 0.000000000000000000e+00
7.992511554925108008e+00 1.551231892189421036e+00 -5.299350856998499273e-05 -1.000000000000000000e+00 -9.103593822998270384e-05 -1.195557931758425005e-05 1.845486477375175127e+00 9.701188435265147847e-01 9.356911858100531720e-01 1.005355593204456444e+00 0.000000000000000000e+00
7.999176592138056208e+00 1.549939381870606869e+00 -4.816946144329222655e-05 -1.000000000000000000e+00 -8.651221997735137194e-05 -6.751162157474178884e-06 1.507770660884091285e+00 9.686071374086331343e-01 9.344317020896099057e-01 1.003579567893585045e+00 0.000000000000000000e+00
