# OBJ_NAME=4U 1626-67
#         GRID_START=6.00
#         GRID_END=8.00
#         GRID_STEP_FRACTION=0.50
#         XSPEC_FITSTAT=cstat
#         XSPEC_CONTINUUM_MODEL=tbabs*(bbodyrad + pow)*constant
#         XSPEC_LINE_MODEL=gauss
#         LINE_VELOCITY_WIDTH=500
#         INPUT_FILE=/home/simon/Downloads/tgcat/obs_26250_tgid_6490/pm_heg_abs1.pha
#         SEARCH_MODE=Sliding window
#         FIT_REGION_WIDTH=30.00
#         RUNTIME=69
#         COLUMN_NAMES=ENERGY,WAVELENGTH,NORM,NORM_SIGN,NORM_ERR_LO,NORM_ERR_HI,DELTA_FITSTAT,CONSTANT_FACTOR,CONSTANT_FACTOR_ERR_LO,CONSTANT_FACTOR_ERR_HI,FIT_ERR
6.000000000000000000e+00 2.066373137115381287e+00 -3.070153470861291389e-05 -1.000000000000000000e+00 -5.303427742071733315e-05 -5.864568941955054663e-06 1.649783623113776798e+00 9.852191896747489741e-01 9.412140754439010104e-01 1.030549860600217915e+00 0.000000000000000000e+00
6.005003461427972589e+00 2.064651403172383937e+00 -3.815522841683486102e-05 -1.000000000000000000e+00 -5.966527873795886728e-05 -1.407070228450210339e-05 2.609587827048301278e+00 9.975922543392313768e-01 9.530424733005385951e-01 1.043451730858015125e+00 0.000000000000000000e+00
6.010011095293655181e+00 2.062931103804642063e+00 -4.086247432607927120e-05 -1.000000000000000000e+00 -6.170033429987229856e-05 -1.743046960513766147e-05 3.092527412866800773e+00 9.969016459870170266e-01 9.527102840119756610e-01 1.042389755020217690e+00 0.000000000000000000e+00
6.015022905076486737e+00 2.061212237816845594e+00 -4.369725227842661571e-05 -1.000000000000000000e+00 -6.423725466322507982e-05 -2.060732902555475129e-05 3.582758312554759073e+00 1.004603310014810180e+00 9.602172391497586501e-01 1.050231586164223518e+00 0.000000000000000000e+00
6.020038894258807005e+00 2.059494804014679215e+00 -4.306633870195510436e-05 -1.000000000000000000e+00 -6.362057388771797750e-05 -1.998451280213014948e-05 3.499011574416726944e+00 9.959929167711302211e-01 9.514611451322015911e-01 1.041848752707526637e+00 0.000000000000000000e+00
6.025059066325860080e+00 2.057778801204824592e+00 -4.138677004873048257e-05 -1.000000000000000000e+00 -6.203182518602258369e-05 -1.822149273270277079e-05 3.237397541416584090e+00 9.848350511936908580e-01 9.404924807407029075e-01 1.030527818471768109e+00 0.000000000000000000e+00
6.030083424765796174e+00 2.056064228194956822e+00 -4.228588334511209669e-05 -1.000000000000000000e+00 -6.292560587414375436e-05 -1.914652666402839057e-05 3.368637187946589506e+00 9.925742355853927057e-01 9.483438628147462524e-01 1.038131977125405170e+00 0.000000000000000000e+00
6.035111973069674285e+00 2.054351083793744426e+00 -4.177344702547847063e-05 -1.000000000000000000e+00 -6.342200095720664833e-05 -1.867013701613546661e-05 3.301638820421374021e+00 9.951352623007270193e-01 9.505433018741411555e-01 1.041062468272497821e+00 0.000000000000000000e+00
6.040144714731465747e+00 2.052639366810848021e+00 -3.903766808423928984e-05 -1.000000000000000000e+00 -6.424249173734235914e-05 -1.584963156730216259e-05 2.883837551618697148e+00 9.849131288053345479e-01 9.404942364252895093e-01 1.030684146558073166e+00 0.000000000000000000e+00
6.045181653248054232e+00 2.050929076056921652e+00 -3.792017185638400523e-05 -1.000000000000000000e+00 -6.560165908178181059e-05 -1.413812058715198104e-05 2.622243569394541396e+00 9.840274231332323263e-01 9.398307574745110582e-01 1.029558450989937812e+00 0.000000000000000000e+00
6.050222792119239301e+00 2.049220210343609683e+00 -3.731226453353193856e-05 -1.000000000000000000e+00 -6.224714956724558090e-05 -1.241104373146863853e-05 2.375808734540029832e+00 9.937018750577654158e-01 9.488213338026387778e-01 1.039934177979883856e+00 0.000000000000000000e+00
6.055268134847740846e+00 2.047512768483544576e+00 -2.965786601300523858e-05 -1.000000000000000000e+00 -5.289359854253000926e-05 -3.908264560409519786e-06 1.453011207826790496e+00 9.863597546699218732e-01 9.415119177733340949e-01 1.032583530215411605e+00 0.000000000000000000e+00
6.060317684939197314e+00 2.045806749290351334e+00 -1.797842150071089713e-05 -1.000000000000000000e+00 -4.153656245014300931e-05 8.137696577508656627e-06 5.418648686664937486e-01 9.767667122835893556e-01 9.321355116165647159e-01 1.022770581612803653e+00 0.000000000000000000e+00
6.065371445902172809e+00 2.044102151578641724e+00 -6.337440449453569378e-06 -1.000000000000000000e+00 -3.015684135305090268e-05 2.006844140047036188e-05 6.875503383663783552e-02 9.702506755468486288e-01 9.258500994433046527e-01 1.016015872734736591e+00 0.000000000000000000e+00
6.070429421248155322e+00 2.042398974164015168e+00 3.504831022054177047e-06 1.000000000000000000e+00 -2.086051814383478386e-05 3.045117526897730026e-05 2.095237293161744674e-02 9.673657923378754520e-01 9.229899997911367171e-01 1.013108799765717327e+00 0.000000000000000000e+00
6.075491614491562942e+00 2.040697215863058300e+00 1.209422727455963871e-05 1.000000000000000000e+00 -1.311398313156154562e-05 3.983485518121829174e-05 2.424936488195186257e-01 9.633113311932290923e-01 9.189214647998021901e-01 1.009075923239176609e+00 0.000000000000000000e+00
6.080558029149742971e+00 2.038996875493343186e+00 1.912706504617091500e-05 1.000000000000000000e+00 -6.938325764410859252e-06 4.767040846243148340e-05 5.850258908857881579e-01 9.594110062922659443e-01 9.150459012581703133e-01 1.005156210042469800e+00 0.000000000000000000e+00
6.085628668742976366e+00 2.037297951873428659e+00 2.441642499174288627e-05 1.000000000000000000e+00 -2.228177252983713752e-06 5.352728258868254751e-05 9.316299000963255139e-01 9.553166173901009861e-01 9.109367524425633356e-01 1.001082656434681528e+00 0.000000000000000000e+00
6.090703536794479511e+00 2.035600443822857208e+00 2.593246221679506626e-05 1.000000000000000000e+00 -8.872301719486938641e-07 5.526209092863719236e-05 1.042323896612728618e+00 9.609552936349873287e-01 9.163801668914635101e-01 1.006918620185916158e+00 0.000000000000000000e+00
6.095782636830406886e+00 2.033904350162153651e+00 2.660060881982546899e-05 1.000000000000000000e+00 -2.354940199369684906e-07 5.600565945642059940e-05 1.098698955793011578e+00 9.627392636548366411e-01 9.177881011118315113e-01 1.009095965968769715e+00 0.000000000000000000e+00
6.100865972379854618e+00 2.032209669712826461e+00 2.772387024275768628e-05 1.000000000000000000e+00 8.176333806108945367e-07 5.725152707565782259e-05 1.189144746378929085e+00 9.569605797371741884e-01 9.124119437529902843e-01 1.002896145848705123e+00 0.000000000000000000e+00
6.105953546974859592e+00 2.030516401297367324e+00 2.719449504440707945e-05 1.000000000000000000e+00 -8.374364855559567663e-09 5.698643342603586541e-05 1.121703504545592978e+00 9.574056713671421637e-01 9.124531510233935272e-01 1.003768995988425727e+00 0.000000000000000000e+00
6.111045364150406556e+00 2.028824543739246700e+00 2.667581126647345461e-05 1.000000000000000000e+00 -8.009476542441925002e-07 5.669773841947511840e-05 1.057776915092645709e+00 9.565439565763717011e-01 9.114981654638728559e-01 1.003010477215630525e+00 0.000000000000000000e+00
6.116141427444425460e+00 2.027134095862917373e+00 2.373450947503377554e-05 1.000000000000000000e+00 -3.658574521032535606e-06 5.365932227411284155e-05 8.322107445460460440e-01 9.666054171418153595e-01 9.216245844226336192e-01 1.012992080686611951e+00 0.000000000000000000e+00
6.121241740397799447e+00 2.025445056493809570e+00 2.135200559504894151e-05 1.000000000000000000e+00 -5.630128349145065321e-06 5.090367990917077715e-05 6.874011937261172989e-01 9.720814149437021490e-01 9.266923566477570651e-01 1.018894047620234167e+00 0.000000000000000000e+00
6.126346306554362187e+00 2.023757424458334508e+00 1.909312757874839604e-05 1.000000000000000000e+00 -7.315314687453765389e-06 4.812148180649408389e-05 5.668712573785086306e-01 9.739159284898882829e-01 9.284964840736502634e-01 1.020757024410367197e+00 0.000000000000000000e+00
6.131455129460903208e+00 2.022071198583879958e+00 1.690774416802812578e-05 1.000000000000000000e+00 -9.109812089501283971e-06 4.556150910730013344e-05 4.533192940512691393e-01 9.701416762660363124e-01 9.247893471636174922e-01 1.016916853284618893e+00 0.000000000000000000e+00
6.136568212667169675e+00 2.020386377698810687e+00 1.224979040239545991e-05 1.000000000000000000e+00 -1.365439913158535525e-05 4.075376103990539859e-05 2.363227307160542523e-01 9.727866321750998635e-01 9.273654765004561984e-01 1.019633272423651205e+00 0.000000000000000000e+00
6.141685559725869936e+00 2.018702960632467569e+00 8.811517264437126798e-06 1.000000000000000000e+00 -1.721263661001076387e-05 3.739115601125888563e-05 1.203262857844151767e-01 9.618277721884449516e-01 9.165280121856383966e-01 1.008559615503783480e+00 0.000000000000000000e+00
6.146807174192673529e+00 2.017020946215167587e+00 -3.061596167711406678e-07 -1.000000000000000000e+00 -2.612767179103802628e-05 2.813432761998327868e-05 1.421907878267347769e-04 9.770919362016995402e-01 9.313130725141238742e-01 1.024311769641870873e+00 0.000000000000000000e+00
6.151933059626216505e+00 2.015340333278202056e+00 -6.731576574156949272e-06 -1.000000000000000000e+00 -3.210693861831873016e-05 2.130397942094665754e-05 6.917249866997110530e-02 9.806877960873559008e-01 9.348494818226956715e-01 1.027965137583149557e+00 0.000000000000000000e+00
6.157063219588101433e+00 2.013661120653835290e+00 -1.215888906354753861e-05 -1.000000000000000000e+00 -3.684940211295889632e-05 1.524778100311887828e-05 2.311125192031227016e-01 9.866180390632790509e-01 9.406457013805840095e-01 1.034028836292380182e+00 0.000000000000000000e+00
6.162197657642900950e+00 2.011983307175305935e+00 -1.721228526935005348e-05 -1.000000000000000000e+00 -4.132472472899713736e-05 9.658169859621429273e-06 4.712478815095124673e-01 9.983405759728098960e-01 9.520941648462584173e-01 1.045981919882688738e+00 0.000000000000000000e+00
6.167336377358160426e+00 2.010306891676824304e+00 -1.908898173178575733e-05 -1.000000000000000000e+00 -4.312592372888135429e-05 7.730445048817066262e-06 5.783210810700012416e-01 9.978389419680115946e-01 9.512351048329055203e-01 1.045863290936774215e+00 0.000000000000000000e+00
6.172479382304400630e+00 2.008631872993570600e+00 -2.014797746104439504e-05 -1.000000000000000000e+00 -4.451011522624324592e-05 6.978651611948613061e-06 6.281076613944520659e-01 9.989721911355804451e-01 9.525801980321331186e-01 1.046766124173629908e+00 0.000000000000000000e+00
6.177626676055119503e+00 2.006958249961698471e+00 -1.932386940012627031e-05 -1.000000000000000000e+00 -4.419131782845737045e-05 8.295006995156072868e-06 5.617704727133059350e-01 1.000951859257684040e+00 9.540867042282581423e-01 1.049226316376854928e+00 0.000000000000000000e+00
6.182778262186794827e+00 2.005286021418328790e+00 -1.468421691640296820e-05 -1.000000000000000000e+00 -3.996335209260197822e-05 1.332434103660742495e-05 3.212316037232199051e-01 9.973184089231644789e-01 9.504504289023290031e-01 1.045628449854271613e+00 0.000000000000000000e+00
6.187934144278887771e+00 2.003615186201552323e+00 -7.965752936114256684e-06 -1.000000000000000000e+00 -3.343502763673588437e-05 2.022861460699722672e-05 9.527501229901247370e-02 9.942431767171607815e-01 9.477881433380392906e-01 1.042139156674787959e+00 0.000000000000000000e+00
6.193094325913842901e+00 2.001945743150427948e+00 -4.399197491990320174e-07 -1.000000000000000000e+00 -2.608429874062801601e-05 2.791104797562866548e-05 2.949523945119381096e-04 9.902948131400838294e-01 9.436275675027354648e-01 1.038436462489372270e+00 0.000000000000000000e+00
6.198258810677093500e+00 2.000277691104981770e+00 6.281095236487587706e-06 1.000000000000000000e+00 -1.955188767538566027e-05 3.479877938064331706e-05 6.075440049072255988e-02 9.860338265473134189e-01 9.390930470172031974e-01 1.034093915583489620e+00 0.000000000000000000e+00
6.203427602157062459e+00 1.998611028906206677e+00 1.223988980108961023e-05 1.000000000000000000e+00 -1.382864906518730401e-05 4.100969677668426274e-05 2.314531162082573701e-01 9.756150870917674744e-01 9.290178650386398118e-01 1.023097510561427725e+00 0.000000000000000000e+00
6.208600703945164057e+00 1.996945755396060118e+00 1.294291940539282781e-05 1.000000000000000000e+00 -1.335441107835570486e-05 4.190909393908897159e-05 2.554277438832599501e-01 9.813629132438618230e-01 9.343883764736623521e-01 1.029362951751025657e+00 0.000000000000000000e+00
6.213778119635809283e+00 1.995281869417466547e+00 1.459975481469382518e-05 1.000000000000000000e+00 -1.195433979095587982e-05 4.384773467140034377e-05 3.214105841074115233e-01 9.691277690323547578e-01 9.222209907893719194e-01 1.017085738672318218e+00 0.000000000000000000e+00
6.218959852826404955e+00 1.993619369814312314e+00 1.282519458320903585e-05 1.000000000000000000e+00 -1.392400021374100458e-05 4.234399330367474281e-05 2.424710858716565554e-01 9.671302157601932015e-01 9.201910115668380241e-01 1.015165874775276755e+00 0.000000000000000000e+00
6.224145907117359044e+00 1.991958255431448777e+00 1.020230617325585644e-05 1.000000000000000000e+00 -1.686389621814192297e-05 4.018301651817492127e-05 1.476656398233018308e-01 9.687524457268489320e-01 9.217959927043323232e-01 1.016764022352594665e+00 0.000000000000000000e+00
6.229336286112081567e+00 1.990298525114688521e+00 1.024850577019737623e-05 1.000000000000000000e+00 -1.762514209799465783e-05 4.121096334663500074e-05 1.399539481021321308e-01 9.658334568213635674e-01 9.188970913748085723e-01 1.013888638419657484e+00 0.000000000000000000e+00
6.234530993416986355e+00 1.988640177710806478e+00 1.490589554093883036e-05 1.000000000000000000e+00 -1.457217355418407254e-05 4.716656000504633152e-05 2.683434006987823750e-01 9.613316732508464524e-01 9.141661794902451454e-01 1.009718255666764097e+00 0.000000000000000000e+00
6.239730032641496393e+00 1.986983212067538140e+00 2.575464289533439859e-05 1.000000000000000000e+00 -5.060733696308097158e-06 5.802928967812402027e-05 7.750829698846217752e-01 9.533073750778769950e-01 9.067104403702198612e-01 1.001238643036666875e+00 0.000000000000000000e+00
6.244933407398043812e+00 1.985327627033580011e+00 3.649721483981978250e-05 1.000000000000000000e+00 6.668328161412280736e-06 6.891632393380428892e-05 1.672164379866217132e+00 9.546137555212735881e-01 9.080218567300367694e-01 1.002524091069066703e+00 0.000000000000000000e+00
6.250141121302072555e+00 1.983673421458586272e+00 4.673756316296452781e-05 1.000000000000000000e+00 1.717761250891581851e-05 7.902786991665735933e-05 2.906169290954068174e+00 9.567451583040073038e-01 9.098984787377246697e-01 1.004889202539017701e+00 0.000000000000000000e+00
6.255353177972041934e+00 1.982020594193170782e+00 5.594923775238712978e-05 1.000000000000000000e+00 2.652046916573960405e-05 8.810180984861030757e-05 4.338961022688010871e+00 9.509375482192721218e-01 9.046585661828177027e-01 9.985824535906481225e-01 0.000000000000000000e+00
6.260569581029430175e+00 1.980369144088905076e+00 6.040756698563318672e-05 1.000000000000000000e+00 3.093590187970882794e-05 9.259555088583494532e-05 5.126820903781279526e+00 9.517075106995761535e-01 9.053887323227076678e-01 9.993845358813047142e-01 0.000000000000000000e+00
6.265790334098732650e+00 1.978719069998317037e+00 6.008474213750294350e-05 1.000000000000000000e+00 3.036708555041538714e-05 9.252008550591783200e-05 4.985859828282741546e+00 9.576856030489343530e-01 9.108184197671505000e-01 1.005836348344183229e+00 0.000000000000000000e+00
6.271015440807469865e+00 1.977070370774890451e+00 5.573088559497925686e-05 1.000000000000000000e+00 2.561730913176879984e-05 8.853327415424578771e-05 4.124705603450550484e+00 9.634765935870102105e-01 9.162826611209593519e-01 1.011852026156506490e+00 0.000000000000000000e+00
6.276244904786186574e+00 1.975423045273065226e+00 4.773610949029935302e-05 1.000000000000000000e+00 1.737816273115187250e-05 8.082968879298636018e-05 2.894329100764593932e+00 9.680827411520149806e-01 9.206452519130755574e-01 1.016602405930727038e+00 0.000000000000000000e+00
6.281478729668454442e+00 1.973777092348234952e+00 3.506499388819997979e-05 1.000000000000000000e+00 4.798845286089537166e-06 6.804239861221640564e-05 1.517060680775912829e+00 9.827064101233585758e-01 9.349126625554393666e-01 1.031565088533952235e+00 0.000000000000000000e+00
6.286716919090875599e+00 1.972132510856748011e+00 2.273697133659095408e-05 1.000000000000000000e+00 -6.960642459351084010e-06 5.511519078148785364e-05 6.368798178621517536e-01 9.949528399977383142e-01 9.467954558339944926e-01 1.044173708644098975e+00 0.000000000000000000e+00
6.291959476693084419e+00 1.970489299655904469e+00 1.393938509356969650e-05 1.000000000000000000e+00 -1.459962732800668560e-05 4.546877089356592063e-05 2.516336458255636899e-01 9.993520187094592222e-01 9.510429467300565154e-01 1.048921232026455819e+00 0.000000000000000000e+00
6.297206406117751065e+00 1.968847457603957185e+00 8.776118533378149308e-06 1.000000000000000000e+00 -1.889881820498849738e-05 3.938238826675545393e-05 1.041979162930459779e-01 9.990417688115054151e-01 9.506370276484725768e-01 1.048763975640839785e+00 0.000000000000000000e+00
6.302457711010582386e+00 1.967206983560110700e+00 6.482173441892953214e-06 1.000000000000000000e+00 -2.060607029154683332e-05 3.643772169962950489e-05 5.886712349126810295e-02 9.911867700119647573e-01 9.427844626207785295e-01 1.040845872445205877e+00 0.000000000000000000e+00
6.307713395020327241e+00 1.965567876384518575e+00 2.532696428624198988e-06 1.000000000000000000e+00 -2.403472905496295298e-05 3.195394839245785959e-05 9.183590347348058458e-03 9.933976570532816464e-01 9.450150702634079192e-01 1.043067102505032429e+00 0.000000000000000000e+00
6.312973461798775610e+00 1.963930134938285832e+00 -4.463058279223959376e-06 -1.000000000000000000e+00 -3.081360631806596300e-05 2.450299381318273229e-05 2.869682446208798865e-02 1.009494009032802175e+00 9.608647639820268038e-01 1.059452268905128669e+00 0.000000000000000000e+00
6.318237915000763039e+00 1.962293758083465844e+00 -1.118980504886715474e-05 -1.000000000000000000e+00 -3.789041312203192272e-05 1.755038110933304966e-05 1.791731115762189575e-01 1.019901102233335521e+00 9.706673823920628497e-01 1.070344794777856601e+00 0.000000000000000000e+00
6.323506758284172413e+00 1.960658744683059451e+00 -1.594689069712985457e-05 -1.000000000000000000e+00 -4.259749981216729299e-05 1.286218736192130976e-05 3.563929258593248051e-01 1.017207617685175425e+00 9.682731468464322866e-01 1.067387574277899542e+00 0.000000000000000000e+00
6.328779995309938400e+00 1.959025093601015399e+00 -2.258568912736739172e-05 -1.000000000000000000e+00 -4.875238767458874392e-05 6.442188572770524239e-06 6.899603248058809868e-01 1.028916386508877734e+00 9.795473797361421431e-01 1.079276250109093116e+00 0.000000000000000000e+00
6.334057629742047446e+00 1.957392803702229900e+00 -2.561141179858590872e-05 -1.000000000000000000e+00 -5.182863044607009042e-05 3.637820378607236379e-06 8.677740344368771730e-01 1.035224940528645998e+00 9.852514029968051368e-01 1.086034496901511881e+00 0.000000000000000000e+00
6.339339665247542221e+00 1.955761873852543076e+00 -2.443451809677300989e-05 -1.000000000000000000e+00 -5.060678085668680198e-05 4.726929009698222064e-06 7.943186644423860798e-01 1.039615364563466038e+00 9.900152758753780757e-01 1.090174950967246925e+00 0.000000000000000000e+00
6.344626105496522506e+00 1.954132302918741848e+00 -1.926653846321593197e-05 -1.000000000000000000e+00 -4.521930256581056979e-05 9.680553487566714648e-06 5.084887305332443930e-01 1.038259225979546896e+00 9.886702174251964514e-01 1.088782368144367574e+00 0.000000000000000000e+00
6.349916954162148741e+00 1.952504089768555939e+00 -1.403665772069877905e-05 -1.000000000000000000e+00 -3.984124877092797066e-05 1.472067631452469264e-05 2.777622028620214678e-01 1.039918567580225606e+00 9.900383507677625872e-01 1.090794335665665526e+00 0.000000000000000000e+00
6.355212214920644698e+00 1.950877233270659206e+00 -1.080168073416175878e-05 -1.000000000000000000e+00 -3.660448623753376787e-05 1.791830042573661902e-05 1.663526024315871155e-01 1.046167574179192039e+00 9.962633931992229686e-01 1.097226024384500898e+00 0.000000000000000000e+00
6.360511891451300137e+00 1.949251732294668749e+00 -8.257696868429437883e-06 -1.000000000000000000e+00 -3.431720974893542089e-05 2.073348615987959890e-05 9.636275085630074955e-02 1.044731157411927125e+00 9.948236799181567891e-01 1.095761531442843717e+00 0.000000000000000000e+00
6.365815987436472589e+00 1.947627585711142251e+00 -6.778306397412404446e-06 -1.000000000000000000e+00 -3.337574343305071435e-05 2.279868454600833945e-05 6.300880739654246554e-02 1.038657933224507612e+00 9.885538228617758438e-01 1.089733654053258727e+00 0.000000000000000000e+00
6.371124506561590906e+00 1.946004792391578420e+00 -9.017251960939205648e-06 -1.000000000000000000e+00 -3.626901207286464118e-05 2.123724490512957940e-05 1.060771952293180220e-01 1.048061837504746352e+00 9.977482122632195249e-01 1.099578020917407084e+00 0.000000000000000000e+00
6.376437452515156146e+00 1.944383351208418098e+00 -8.745177209230588152e-06 -1.000000000000000000e+00 -3.669042421097710565e-05 2.223813653160699335e-05 9.561025570754111413e-02 1.047895175275917579e+00 9.974704525632140939e-01 1.099519230367142830e+00 0.000000000000000000e+00
6.381754828988746020e+00 1.942763261035039601e+00 -7.211189351256252563e-06 -1.000000000000000000e+00 -3.559873436994208173e-05 2.419550107034324879e-05 6.363208453790036856e-02 1.053052091301298843e+00 1.002477205489211709e+00 1.104936904845536638e+00 0.000000000000000000e+00
6.387076639677015777e+00 1.941144520745761159e+00 -5.234448113185769156e-08 -1.000000000000000000e+00 -2.853410673096161507e-05 3.141567639589747270e-05 3.413005217112186074e-06 1.041648140077863660e+00 9.910508448917725310e-01 1.093306953092602951e+00 0.000000000000000000e+00
6.392402888277703532e+00 1.939527129215838475e+00 6.216958620118815186e-06 1.000000000000000000e+00 -2.200358472534849570e-05 3.743113349380551569e-05 4.982261362395945525e-02 1.038155264678487288e+00 9.876874888023404742e-01 1.089590741597976864e+00 0.000000000000000000e+00
6.397733578491629380e+00 1.937911085321463833e+00 1.188062853601441521e-05 1.000000000000000000e+00 -1.618457697049435396e-05 4.298470810076877603e-05 1.870151400446076195e-01 1.032169068527047040e+00 9.817059645448176219e-01 1.083487233115645765e+00 0.000000000000000000e+00
6.403068714022700725e+00 1.936296387939767438e+00 1.462301620413354356e-05 1.000000000000000000e+00 -1.367106232751582580e-05 4.598850271020756214e-05 2.817651671141732095e-01 1.032803814909576623e+00 9.819081457402565327e-01 1.084538624742756641e+00 0.000000000000000000e+00
6.408408298577912277e+00 1.934683035948813856e+00 1.687443895320131339e-05 1.000000000000000000e+00 -1.217734586365705224e-05 4.899718319711915534e-05 3.602149556963922805e-01 1.028537468453980530e+00 9.779601965986066681e-01 1.080080586395480324e+00 0.000000000000000000e+00
6.413752335867351384e+00 1.933071028227602239e+00 1.824354795042084450e-05 1.000000000000000000e+00 -1.195024231275896155e-05 5.147708573677811877e-05 3.947325384051083574e-01 1.027169472873592948e+00 9.763391133472028027e-01 1.079011549513428925e+00 0.000000000000000000e+00
6.419100829604198033e+00 1.931460363656067436e+00 2.235207342024646073e-05 1.000000000000000000e+00 -8.936756369353465311e-06 5.661371857509087720e-05 5.640604330841938463e-01 1.017532764964455660e+00 9.663320427477606334e-01 1.070007268492501273e+00 0.000000000000000000e+00
6.424453783504729287e+00 1.929851041115075327e+00 2.570190979549486163e-05 1.000000000000000000e+00 -5.866975017980281619e-06 6.025044687733571442e-05 7.383196691840510084e-01 1.020075702347787772e+00 9.691611673485941436e-01 1.072201558656660669e+00 0.000000000000000000e+00
6.429811201288321953e+00 1.928243059486426159e+00 3.202452188547160280e-05 1.000000000000000000e+00 7.259161395712664436e-07 6.634524915883030266e-05 1.186533706946306665e+00 1.013688104152802971e+00 9.626135857145100561e-01 1.066120603792343635e+00 0.000000000000000000e+00
6.435173086677453469e+00 1.926636417652850763e+00 3.703379572780962848e-05 1.000000000000000000e+00 6.225228308653262205e-06 7.088569289162437615e-05 1.657806986001077121e+00 1.012158604892336555e+00 9.611805980592010856e-01 1.064534033095193788e+00 0.000000000000000000e+00
6.440539443397706343e+00 1.925031114498011453e+00 3.884004721561086390e-05 1.000000000000000000e+00 8.387789863571530976e-06 7.231868238056696338e-05 1.869035306460972379e+00 1.019911565849358936e+00 9.691769249540864717e-01 1.071859950672222395e+00 0.000000000000000000e+00
6.445910275177769044e+00 1.923427148906499795e+00 3.811892129008350491e-05 1.000000000000000000e+00 7.684095166138342801e-06 7.158187548668804663e-05 1.795301711673445766e+00 1.029328587028104369e+00 9.779536494403642255e-01 1.081665814366097988e+00 0.000000000000000000e+00
6.451285585749439555e+00 1.921824519763838390e+00 3.931362940414053582e-05 1.000000000000000000e+00 8.506389774887167016e-06 7.312561770161631275e-05 1.879571510029052206e+00 1.013811304860182894e+00 9.626310911186636288e-01 1.066370697160090142e+00 0.000000000000000000e+00
6.456665378847628034e+00 1.920223225956476210e+00 3.444120825825792656e-05 1.000000000000000000e+00 3.337889757126814231e-06 6.857863635166589367e-05 1.396128700696678493e+00 1.016670909415047008e+00 9.653110604787966675e-01 1.069346929526311607e+00 0.000000000000000000e+00
6.462049658210359482e+00 1.918623266371792813e+00 2.739626777790106610e-05 1.000000000000000000e+00 -3.748347286305363821e-06 6.159811191624863663e-05 8.633748849333215958e-01 1.020167652760870292e+00 9.685240542306536859e-01 1.073045868931236768e+00 0.000000000000000000e+00
6.467438427578775517e+00 1.917024639898092353e+00 1.728089464896046174e-05 1.000000000000000000e+00 -1.332913305370654866e-05 5.097028899651793440e-05 3.434920620253478774e-01 1.034462231003903554e+00 9.823937137990645940e-01 1.087395278562561796e+00 0.000000000000000000e+00
6.472831690697137930e+00 1.915427345424606687e+00 9.265941308171000713e-06 1.000000000000000000e+00 -2.053974584085547733e-05 4.190489224447206955e-05 1.024719074743103420e-01 1.038996335228602463e+00 9.870688545186172558e-01 1.091939967961245816e+00 0.000000000000000000e+00
6.478229451312831344e+00 1.913831381841492263e+00 -1.210111801561008764e-06 -1.000000000000000000e+00 -3.154909000852575780e-05 3.001832816459427017e-05 1.838959414484975241e-03 1.058450584813820816e+00 1.006571062454953758e+00 1.111789771063741217e+00 0.000000000000000000e+00
6.483631713176364109e+00 1.912236748039830792e+00 -8.565762479266584304e-06 -1.000000000000000000e+00 -4.325670461056980157e-05 2.135018256589923084e-05 9.700698856927658653e-02 1.057741345150329249e+00 1.005899784184683066e+00 1.111028614970016815e+00 0.000000000000000000e+00
6.489038480041373624e+00 1.910643442911627687e+00 -2.748210920614696572e-05 -1.000000000000000000e+00 -6.307393737451444588e-05 8.661451641355835381e-06 5.917450235719599050e-01 1.065034869218567604e+00 1.012957033453431910e+00 1.118670938119653346e+00 0.000000000000000000e+00
6.494449755664626345e+00 1.909051465349812737e+00 -4.625032061223824137e-05 -1.000000000000000000e+00 -7.834571431289600631e-05 -8.560887824199221664e-06 1.655586500046339893e+00 1.057704356964925818e+00 1.005583384950056391e+00 1.111275532171454694e+00 0.000000000000000000e+00
6.499865543806021329e+00 1.907460814248235881e+00 -6.191820297425444143e-05 -1.000000000000000000e+00 -8.938262819672638723e-05 -2.915031167121367583e-05 3.511682719810224285e+00 1.072775800283779279e+00 1.020103612377372349e+00 1.127113296606693460e+00 0.000000000000000000e+00
6.505285848228594681e+00 1.905871488501671207e+00 -6.749051989323404663e-05 -1.000000000000000000e+00 -9.217834257377122760e-05 -3.815843558556336948e-05 4.906852730677542240e+00 1.074884191587781812e+00 1.022467080371086245e+00 1.128973456989130986e+00 0.000000000000000000e+00
6.510710672698518664e+00 1.904283487005811404e+00 -6.773587336665409060e-05 -1.000000000000000000e+00 -9.143173171156617407e-05 -3.994271509032186820e-05 5.478548601575596422e+00 1.072302964129737246e+00 1.019666249062111563e+00 1.126609088188754937e+00 0.000000000000000000e+00
6.516140020985107917e+00 1.902696808657271088e+00 -6.544343096327722104e-05 -1.000000000000000000e+00 -8.918751236714056170e-05 -3.800418320483125350e-05 5.394222952229497992e+00 1.078154344685949617e+00 1.024800394954653360e+00 1.133257306314865431e+00 0.000000000000000000e+00
6.521573896860818564e+00 1.901111452353583031e+00 -5.716711039011928343e-05 -1.000000000000000000e+00 -8.158970101526404723e-05 -2.966710288006468914e-05 4.228201851527003896e+00 1.071724108037408252e+00 1.019126765011340252e+00 1.125890165012743971e+00 0.000000000000000000e+00
6.527012304101254436e+00 1.899527416993199491e+00 -4.556520865030029967e-05 -1.000000000000000000e+00 -7.217542649906808351e-05 -1.769689823613323392e-05 2.745131085391605552e+00 1.062437972021621047e+00 1.009669588371448379e+00 1.116771767845507135e+00 0.000000000000000000e+00
6.532455246485166178e+00 1.897944701475490215e+00 -3.277183758936960206e-05 -1.000000000000000000e+00 -6.002435269969272770e-05 -4.380992810684655069e-06 1.442593001025045396e+00 1.047522546479234817e+00 9.947718912273020297e-01 1.101546770698132116e+00 0.000000000000000000e+00
6.537902727794456581e+00 1.896363304700741548e+00 -2.493774600059431147e-05 -1.000000000000000000e+00 -5.156995179350157141e-05 4.174175673105146375e-06 8.194428313801864761e-01 1.053109214125115711e+00 1.000682321211571635e+00 1.106922355472788944e+00 0.000000000000000000e+00
6.543354751814182357e+00 1.894783225570156437e+00 -1.564043809201185159e-05 -1.000000000000000000e+00 -4.272851488056127694e-05 1.474316973527689396e-05 3.090569584578588547e-01 1.042335302232642924e+00 9.893554468038631144e-01 1.096452625163326200e+00 0.000000000000000000e+00
6.548811322332555918e+00 1.893204462985853986e+00 -7.731552399961508210e-06 -1.000000000000000000e+00 -3.625086461005134694e-05 2.406275754567997166e-05 7.135974110529730297e-02 1.037610182370683143e+00 9.843272093545730739e-01 1.091893690291332319e+00 0.000000000000000000e+00
6.554272443140948923e+00 1.891627015850867455e+00 6.547686822322992783e-07 1.000000000000000000e+00 -2.904379427943381954e-05 3.359061312823160514e-05 4.915654861861185054e-04 1.032858306543517068e+00 9.794606786270497745e-01 1.087133434970577905e+00 0.000000000000000000e+00
6.559738118033894949e+00 1.890050883069143817e+00 9.863392346956588460e-06 1.000000000000000000e+00 -2.044648927696151653e-05 4.335778420335883760e-05 1.110086095217042157e-01 1.024748315323623427e+00 9.714214671157563874e-01 1.079221375308021535e+00 0.000000000000000000e+00
6.565208350809092153e+00 1.888476063545543981e+00 1.569950609539430482e-05 1.000000000000000000e+00 -1.458785141456896543e-05 4.924000939174607108e-05 2.856758883076366828e-01 1.028981483547267928e+00 9.755090044556951057e-01 1.083468941424352794e+00 0.000000000000000000e+00
6.570683145267405045e+00 1.886902556185840796e+00 2.100249234955745882e-05 1.000000000000000000e+00 -9.186786400818457100e-06 5.449088052652464057e-05 5.219730745138946304e-01 1.025902888846428107e+00 9.725972504749255121e-01 1.080319390374950839e+00 0.000000000000000000e+00
6.576162505212867160e+00 1.885330359896719488e+00 2.321486486413281973e-05 1.000000000000000000e+00 -7.048257756776312046e-06 5.679433723674030864e-05 6.389516696057739864e-01 1.027169756032169534e+00 9.737188422480380634e-01 1.081695013192734978e+00 0.000000000000000000e+00
6.581646434452685490e+00 1.883759473585775446e+00 2.312305929850737708e-05 1.000000000000000000e+00 -7.493989256952899089e-06 5.705036301556114443e-05 6.209501847856557788e-01 1.028524249930070411e+00 9.745070773482041870e-01 1.083581998698384119e+00 0.000000000000000000e+00
6.587134936797241380e+00 1.882189896161514886e+00 2.296472914857218089e-05 1.000000000000000000e+00 -8.183685898246036367e-06 5.738599572725225172e-05 5.940115317108762838e-01 1.019667107480255908e+00 9.660609531654900106e-01 1.074539542700502670e+00 0.000000000000000000e+00
6.592628016060094076e+00 1.880621626533353297e+00 2.067949541540502908e-05 1.000000000000000000e+00 -1.089796159234815437e-05 5.553577521122750229e-05 4.671804129793031279e-01 1.015853185789747481e+00 9.623442504022878818e-01 1.070971106673358264e+00 0.000000000000000000e+00
6.598125676057981615e+00 1.879054663611614329e+00 2.051098502985087383e-05 1.000000000000000000e+00 -1.128506642099821595e-05 5.567594622394241867e-05 4.543441259772578178e-01 1.001952654762021000e+00 9.479628479562492993e-01 1.057401192287118707e+00 0.000000000000000000e+00
6.603627920610826152e+00 1.877489006307530905e+00 1.877791464202631201e-05 1.000000000000000000e+00 -1.288239274680168052e-05 5.389047960944426895e-05 3.804238366587213704e-01 1.002232451014028580e+00 9.485996114343946406e-01 1.057315414164283540e+00 0.000000000000000000e+00
6.609134753541735741e+00 1.875924653533241671e+00 1.875935862922867102e-05 1.000000000000000000e+00 -1.278305219596750472e-05 5.373969978607318586e-05 3.826028447808340616e-01 1.002979460610419871e+00 9.489076207117904671e-01 1.058528773210814844e+00 0.000000000000000000e+00
6.614646178677005217e+00 1.874361604201792542e+00 1.810162368473480657e-05 1.000000000000000000e+00 -1.325793293589799752e-05 5.282423203833443002e-05 3.591393472392496733e-01 1.013875552980248340e+00 9.597073482635084529e-01 1.069668624881076946e+00 0.000000000000000000e+00
6.620162199846120643e+00 1.872799857227134490e+00 2.029269517943627882e-05 1.000000000000000000e+00 -1.087314604162277395e-05 5.478285165761102979e-05 4.586969640969300599e-01 1.011838941217034327e+00 9.581200659453191770e-01 1.067160982368868138e+00 0.000000000000000000e+00
6.625682820881761970e+00 1.871239411524124430e+00 2.061069800614600015e-05 1.000000000000000000e+00 -1.034349897273862144e-05 5.489705518840748682e-05 4.797178857783848116e-01 1.015090758385727376e+00 9.609317310158583814e-01 1.070882670107582424e+00 0.000000000000000000e+00
6.631208045619805702e+00 1.869680266008521441e+00 2.091942657732492368e-05 1.000000000000000000e+00 -9.862565364227576109e-06 5.504991976064910685e-05 4.996968103769887648e-01 1.009549568047965362e+00 9.553226151552570711e-01 1.065375237395610020e+00 0.000000000000000000e+00
6.636737877899325788e+00 1.868122419596990769e+00 1.776379962857642963e-05 1.000000000000000000e+00 -1.285623035379350484e-05 5.172467425862130211e-05 3.598895709863683123e-01 1.011436026167736868e+00 9.572148640229627414e-01 1.067275347072063063e+00 0.000000000000000000e+00
6.642272321562598059e+00 1.866565871207098271e+00 1.165324146981118234e-05 1.000000000000000000e+00 -1.879376930313073497e-05 4.544008831701189190e-05 1.534283949544885672e-01 1.017616118942791692e+00 9.631635164717411435e-01 1.073715321966008718e+00 0.000000000000000000e+00
6.647811380455102892e+00 1.865010619757312416e+00 5.814454445942151154e-06 1.000000000000000000e+00 -2.436499866456911709e-05 3.939876082338681317e-05 3.805910220788177867e-02 1.012880958451293001e+00 9.582873420127924202e-01 1.069112410749168518e+00 0.000000000000000000e+00
6.653355058425526991e+00 1.863456664167002952e+00 -2.737379153887270734e-06 -1.000000000000000000e+00 -3.239518659255473198e-05 3.043783046348077617e-05 8.425303542352935438e-03 1.017889570911405528e+00 9.632391877040125117e-01 1.074184686085667195e+00 0.000000000000000000e+00
6.658903359325766047e+00 1.861904003356439352e+00 -1.100803452968449632e-05 -1.000000000000000000e+00 -4.012791256595080180e-05 2.169594234406809505e-05 1.364687726843811788e-01 1.022629873856437888e+00 9.677551375456108218e-01 1.079128187033958630e+00 0.000000000000000000e+00
6.664456287010930069e+00 1.860352636246791480e+00 -1.821059108857712552e-05 -1.000000000000000000e+00 -4.696578786294501812e-05 1.412416805419509770e-05 3.730279452673244123e-01 1.027838145103524559e+00 9.723617448672164931e-01 1.084893683142887255e+00 0.000000000000000000e+00
6.670013845339340719e+00 1.858802561760127592e+00 -2.287071231980491651e-05 -1.000000000000000000e+00 -5.130494971801403872e-05 9.146511578026031734e-06 5.889440122665376975e-01 1.029773921882321863e+00 9.746115547582080429e-01 1.086468036531817338e+00 0.000000000000000000e+00
6.675576038172540194e+00 1.857253778819414780e+00 -2.745285590561228858e-05 -1.000000000000000000e+00 -5.546031685519301738e-05 4.231159683286484972e-06 8.511663553176447294e-01 1.044179081497020656e+00 9.882032895050638643e-01 1.101416632679262264e+00 0.000000000000000000e+00
6.681142869375288562e+00 1.855706286348516532e+00 -2.756594405888374859e-05 -1.000000000000000000e+00 -5.536682324738543474e-05 3.900640963532558432e-06 8.671577382019108882e-01 1.046865919788823263e+00 9.907858954520399886e-01 1.104278995606627012e+00 0.000000000000000000e+00
6.686714342815570866e+00 1.854160083272192949e+00 -2.519167915810038413e-05 -1.000000000000000000e+00 -5.301904691747584016e-05 6.263297549246981392e-06 7.294731273764796242e-01 1.044601118602706213e+00 9.889207000586074381e-01 1.101546869654282723e+00 0.000000000000000000e+00
6.692290462364595349e+00 1.852615168516101862e+00 -2.205099726968509679e-05 -1.000000000000000000e+00 -5.013888651061409709e-05 9.699563703761139149e-06 5.562761660208934700e-01 1.043519502668321053e+00 9.873548121092642349e-01 1.100948628446484001e+00 0.000000000000000000e+00
6.697871231896799671e+00 1.851071541006794829e+00 -1.665767309081440120e-05 -1.000000000000000000e+00 -4.538940659498606864e-05 1.575043813020095946e-05 3.118307535542186315e-01 1.034596563553078274e+00 9.784448881497337380e-01 1.092207945697663218e+00 0.000000000000000000e+00
6.703456655289853572e+00 1.849529199671717139e+00 -1.111393215182058081e-05 -1.000000000000000000e+00 -4.075053271568064426e-05 2.217475981326504813e-05 1.344959072537506017e-01 1.031272000235058828e+00 9.751356983470770290e-01 1.088947641785705800e+00 0.000000000000000000e+00
6.709046736424657986e+00 1.847988143439209141e+00 -4.329744243280883646e-06 -1.000000000000000000e+00 -3.492522821137997109e-05 2.987218193106795983e-05 1.980879433681081991e-02 1.029918361131999971e+00 9.735920575418476330e-01 1.087822364723860957e+00 0.000000000000000000e+00
6.714641479185352146e+00 1.846448371238503361e+00 4.131005735299266135e-06 1.000000000000000000e+00 -2.722592454520205893e-05 3.907176507464204607e-05 1.774946784068731631e-02 1.027590475037818418e+00 9.711493831637860730e-01 1.085658018775448763e+00 0.000000000000000000e+00
6.720240887459313583e+00 1.844909881999724721e+00 1.387369309026002891e-05 1.000000000000000000e+00 -1.802818466722292721e-05 4.934039776770996301e-05 1.999986761440055716e-01 1.021833674587173002e+00 9.655541560843179383e-01 1.079805128355651345e+00 0.000000000000000000e+00
6.725844965137160791e+00 1.843372674653889876e+00 2.126136335180658796e-05 1.000000000000000000e+00 -1.099651425158337849e-05 5.708482324087259789e-05 4.698015961889154823e-01 1.025905735098439298e+00 9.694584017307010804e-01 1.084008462705084552e+00 0.000000000000000000e+00
6.731453716112758556e+00 1.841836748132905655e+00 2.908602237468499630e-05 1.000000000000000000e+00 -3.605408677781869281e-06 6.533590214073795076e-05 8.777337118756349810e-01 1.021345378077505694e+00 9.650250808299041250e-01 1.079366482177057440e+00 0.000000000000000000e+00
6.737067144283217068e+00 1.840302101369569288e+00 3.712918723508999106e-05 1.000000000000000000e+00 3.814505008328647115e-06 7.401175276963443462e-05 1.415236417701649430e+00 1.007895585653514781e+00 9.515000886679423342e-01 1.065945665140012100e+00 0.000000000000000000e+00
6.742685253548897251e+00 1.838768733297566405e+00 4.551573227204693456e-05 1.000000000000000000e+00 1.142245513937519696e-05 8.317499694353975258e-05 2.090048137462503064e+00 9.854752821258282447e-01 9.285440418331067924e-01 1.043294362577637191e+00 0.000000000000000000e+00
6.748308047813412536e+00 1.837236642851472368e+00 4.812272064959918338e-05 1.000000000000000000e+00 1.350533473694406217e-05 8.626192491268374750e-05 2.283285957011528922e+00 9.840345665046742463e-01 9.270234128599430523e-01 1.041866007538821748e+00 0.000000000000000000e+00
6.753935530983630642e+00 1.835705828966748943e+00 4.729232631252740091e-05 1.000000000000000000e+00 1.263072562331365919e-05 8.541003443160278901e-05 2.192498704960243572e+00 9.876398849793617263e-01 9.308676602759240470e-01 1.045726047469071718e+00 0.000000000000000000e+00
6.759567706969678902e+00 1.834176290579746293e+00 4.187753152650108216e-05 1.000000000000000000e+00 7.821350819716259306e-06 7.938081962801240849e-05 1.751898660198733637e+00 9.991687762940039130e-01 9.418773164489250282e-01 1.057978307186169697e+00 0.000000000000000000e+00
6.765204579684944264e+00 1.832648026627699211e+00 3.535282474218379080e-05 1.000000000000000000e+00 2.475833960739494942e-06 7.174254559505048058e-05 1.307312139290417008e+00 1.000148931771988714e+00 9.433999598675704146e-01 1.058433906859678197e+00 0.000000000000000000e+00
6.770846153046076843e+00 1.831121036048729556e+00 2.373764719653476414e-05 1.000000000000000000e+00 -7.739560693930085388e-06 5.879866391653614302e-05 6.165763779569886083e-01 1.012603169998455677e+00 9.554620925369433637e-01 1.071495656689822606e+00 0.000000000000000000e+00
6.776492430972993475e+00 1.829595317781842700e+00 1.158994225942699510e-05 1.000000000000000000e+00 -1.864574631958926053e-05 4.545701377961088399e-05 1.519612909824843427e-01 1.010951921466936465e+00 9.537093854525842129e-01 1.069931269157995413e+00 0.000000000000000000e+00
6.782143417388880380e+00 1.828070870766929312e+00 -7.508966017345266183e-06 -1.000000000000000000e+00 -3.761001064505583501e-05 2.533737339976139584e-05 6.338427356106990374e-02 1.028527461164158385e+00 9.713642039710383980e-01 1.087351986973952744e+00 0.000000000000000000e+00
6.787799116220194051e+00 1.826547693944761797e+00 -2.886804456424324147e-05 -1.000000000000000000e+00 -6.690104741197411547e-05 3.425739397549374299e-06 9.064502546280692741e-01 1.035207318857416903e+00 9.771600207500222846e-01 1.094967136882276426e+00 0.000000000000000000e+00
6.793459531396665696e+00 1.825025786256996740e+00 -6.218869325560488098e-05 -1.000000000000000000e+00 -9.413912741910142128e-05 -2.423884188117938771e-05 3.078035413384327512e+00 1.038544047963640526e+00 9.799315987888524981e-01 1.098626903478678196e+00 0.000000000000000000e+00
6.799124666851304788e+00 1.823505146646170916e+00 -7.889410339335286020e-05 -1.000000000000000000e+00 -1.091479066419542382e-04 -4.684287429332455578e-05 5.830179619029237870e+00 1.049065666273359509e+00 9.902290475527614211e-01 1.109142377372916544e+00 0.000000000000000000e+00
6.804794526520399067e+00 1.821985774055703944e+00 -8.136788306933233437e-05 -1.000000000000000000e+00 -1.227067349206938140e-04 -5.347419067912079807e-05 7.425806462418506726e+00 1.053602205447303319e+00 9.941132361440974119e-01 1.114259397822590314e+00 0.000000000000000000e+00
6.810469114343518982e+00 1.820467667429894965e+00 -7.979090678048157378e-05 -1.000000000000000000e+00 -1.124761179703148847e-04 -5.331697895313730639e-05 7.598028942719878387e+00 1.049657393245676973e+00 9.910018808371494625e-01 1.109717347071884630e+00 0.000000000000000000e+00
6.816148434263521239e+00 1.818950825713921748e+00 -7.739519979432240323e-05 -1.000000000000000000e+00 -1.016375703604680187e-04 -5.035677315372908520e-05 6.958213787672448802e+00 1.052205365545568760e+00 9.931395432412764013e-01 1.112725424347250192e+00 0.000000000000000000e+00
6.821832490226549695e+00 1.817435247853842917e+00 -7.011523944935711358e-05 -1.000000000000000000e+00 -9.609539234670839297e-05 -4.167957967534969155e-05 5.364023292311273394e+00 1.042777688938701264e+00 9.839121962136175847e-01 1.103190181266562098e+00 0.000000000000000000e+00
6.827521286182038907e+00 1.815920932796593723e+00 -6.182839841519454467e-05 -1.000000000000000000e+00 -8.870421916199848218e-05 -3.078866437921860919e-05 3.690833688144124380e+00 1.035821158566214262e+00 9.773294400303201845e-01 1.096033348350962555e+00 0.000000000000000000e+00
6.833214826082717686e+00 1.814407879489987385e+00 -4.997697214906858586e-05 -1.000000000000000000e+00 -7.962816598568475495e-05 -1.399932611417798578e-05 1.980020362154846225e+00 1.015518953157208859e+00 9.574125560129453927e-01 1.075717793451848703e+00 0.000000000000000000e+00
6.838913113884609984e+00 1.812896086882713975e+00 -3.877215547350986059e-05 -1.000000000000000000e+00 -7.397170538095479149e-05 2.754303147049476591e-06 9.615659822708551019e-01 1.021241853568334301e+00 9.622938517630031940e-01 1.082246328910423827e+00 0.000000000000000000e+00
6.844616153547039339e+00 1.811385553924339531e+00 -2.212114147510923300e-05 -1.000000000000000000e+00 -6.162628017261146578e-05 1.757554928646615523e-05 2.909610622670157909e-01 1.021582580158484799e+00 9.629438641448739844e-01 1.082259512698375836e+00 0.000000000000000000e+00
6.850323949032630644e+00 1.809876279565305390e+00 -1.013938453009190674e-05 -1.000000000000000000e+00 -5.001986413999709067e-05 2.423474356684159170e-05 9.029361574148708769e-02 1.033262584390289174e+00 9.742506518482412226e-01 1.094131544200341644e+00 0.000000000000000000e+00
6.856036504307313706e+00 1.808368262756926637e+00 -6.417145198603895307e-06 -1.000000000000000000e+00 -4.195952950884099893e-05 2.775288158928900499e-05 4.319491966900557145e-02 1.040221764226882728e+00 9.805866384027482896e-01 1.101575126876059185e+00 0.000000000000000000e+00
6.861753823340325908e+00 1.806861502451392543e+00 -3.901683220821259391e-06 -1.000000000000000000e+00 -3.702636852554124067e-05 3.095815509574830762e-05 1.536859218641950520e-02 1.033323461772772678e+00 9.742953286993725204e-01 1.094294055224326989e+00 0.000000000000000000e+00
6.867475910104213099e+00 1.805355997601766127e+00 -5.861614803844395646e-06 -1.000000000000000000e+00 -3.808938945889272148e-05 2.973590607011664615e-05 3.281146652199140590e-02 1.043068765046987645e+00 9.832885806007709562e-01 1.104861325144649964e+00 0.000000000000000000e+00
6.873202768574835808e+00 1.803851747161981711e+00 -6.071005687971617905e-06 -1.000000000000000000e+00 -3.864941026287158315e-05 3.052703920429660937e-05 3.263201842534613206e-02 1.040838921683496787e+00 9.815936118378121300e-01 1.102300154688958145e+00 0.000000000000000000e+00
6.878934402731368358e+00 1.802348750086846252e+00 -6.505142500049869268e-06 -1.000000000000000000e+00 -4.104296976497001187e-05 3.140081126897725317e-05 3.320700680346533318e-02 1.046443363338815713e+00 9.865559870455840041e-01 1.108636719976755503e+00 0.000000000000000000e+00
6.884670816556305084e+00 1.800847005332036233e+00 -1.464306117849487183e-06 -1.000000000000000000e+00 -3.947460467600271837e-05 3.721991331158486580e-05 1.400514260339491557e-03 1.040893492071973458e+00 9.809475099034294931e-01 1.103146001184483138e+00 0.000000000000000000e+00
6.890412014035459443e+00 1.799346511854099884e+00 4.047258537660289319e-06 1.000000000000000000e+00 -3.606435451558796633e-05 4.267788989231702609e-05 1.404771032494522842e-02 1.048585830627474902e+00 9.887604984311723078e-01 1.110617977346694207e+00 0.000000000000000000e+00
6.896157999157970231e+00 1.797847268610453630e+00 1.281290600332054907e-05 1.000000000000000000e+00 -2.577060373319336418e-05 5.170575467244718809e-05 1.427718326966100904e-01 1.046216680694192380e+00 9.859946206878749120e-01 1.108658887908169133e+00 0.000000000000000000e+00
6.901908775916301586e+00 1.796349274559382980e+00 2.179583383854683166e-05 1.000000000000000000e+00 -1.424142869494092638e-05 6.066330466881523310e-05 4.223774309141958838e-01 1.041351932760367527e+00 9.811456757915898441e-01 1.103739777404334488e+00 0.000000000000000000e+00
6.907664348306248314e+00 1.794852528660041413e+00 2.874806138064641507e-05 1.000000000000000000e+00 -6.267111590854411879e-06 6.762299884086822187e-05 7.476533011522121797e-01 1.037393833606262916e+00 9.773692468063664984e-01 1.099554004917046024e+00 0.000000000000000000e+00
6.913424720326936779e+00 1.793357029872449937e+00 3.108437716098814632e-05 1.000000000000000000e+00 -3.742740406561703129e-06 6.995145137924368300e-05 8.782540841297645784e-01 1.042804478532946888e+00 9.825416761459915271e-01 1.105277860776646692e+00 0.000000000000000000e+00
6.919189895980827565e+00 1.791862777157495312e+00 3.085811773450284658e-05 1.000000000000000000e+00 -3.986962254721852263e-06 6.975190725368952331e-05 8.629633374763159281e-01 1.042981281523259751e+00 9.827244490588972203e-01 1.105450962581064678e+00 0.000000000000000000e+00
6.924959879273719920e+00 1.790369769476931161e+00 2.840910283442165760e-05 1.000000000000000000e+00 -6.476392747170506460e-06 6.733518708838592609e-05 7.267905674113279701e-01 1.035027539007975284e+00 9.746445248205526379e-01 1.097543564268222527e+00 0.000000000000000000e+00
6.930734674214753532e+00 1.788878005793375303e+00 2.226633944899195235e-05 1.000000000000000000e+00 -1.252846978177776848e-05 6.109121521043179323e-05 4.412733073925920735e-01 1.029140271370901916e+00 9.685446197498450704e-01 1.091789097072447534e+00 0.000000000000000000e+00
6.936514284816411191e+00 1.787387485070310644e+00 1.142838481389263762e-05 1.000000000000000000e+00 -2.301539231582320515e-05 4.991698439788951844e-05 1.146874716026502483e-01 1.035454708030716819e+00 9.745318518781138639e-01 1.098348574287894897e+00 0.000000000000000000e+00
6.942298715094520567e+00 1.785898206272082511e+00 -5.993516939264057880e-07 -1.000000000000000000e+00 -3.446496199025535917e-05 3.740902027511408730e-05 3.100914721301251120e-04 1.042819094438176997e+00 9.810761965611248803e-01 1.106224238671633886e+00 0.000000000000000000e+00
6.948087969068260428e+00 1.784410168363900873e+00 -1.280842869605146653e-05 -1.000000000000000000e+00 -4.576418434937595174e-05 2.457998739953505616e-05 1.427030954141628172e-01 1.055316888680345011e+00 9.926306296853009137e-01 1.119720139145113924e+00 0.000000000000000000e+00
6.953882050760158862e+00 1.782923370311836564e+00 -1.997304241210573865e-05 -1.000000000000000000e+00 -5.218613523080733768e-05 1.680285275921991001e-05 3.497090764016945741e-01 1.054591890052227310e+00 9.922367022320007779e-01 1.118540579207268904e+00 0.000000000000000000e+00
6.959680964196100383e+00 1.781437811082822398e+00 -2.261792547819956625e-05 -1.000000000000000000e+00 -5.443012071523630174e-05 1.385769592993268604e-05 4.528416052137345105e-01 1.048039960095328960e+00 9.850751518420737263e-01 1.112446490618695938e+00 0.000000000000000000e+00
6.965484713405325046e+00 1.779953489644652054e+00 -2.467885012221352712e-05 -1.000000000000000000e+00 -5.642176251753937218e-05 1.164713794584850228e-05 5.386586457974829045e-01 1.056697057214291080e+00 9.935676220143219162e-01 1.121539913944010536e+00 0.000000000000000000e+00
6.971293302420433768e+00 1.778470404965979412e+00 -2.151621841411930546e-05 -1.000000000000000000e+00 -5.351214534632064393e-05 1.492213090506279438e-05 4.106384651143031306e-01 1.054777137069872639e+00 9.917067929616950606e-01 1.119536029451184689e+00 0.000000000000000000e+00
6.977106735277391003e+00 1.776988556016316556e+00 -1.365914853117645410e-05 -1.000000000000000000e+00 -4.586137193675677063e-05 2.295297286615286480e-05 1.684868315261525140e-01 1.039831915023829323e+00 9.765982645709244681e-01 1.104491812824115682e+00 0.000000000000000000e+00
6.982925016015525621e+00 1.775507941766035547e+00 -9.174397975713611443e-06 -1.000000000000000000e+00 -4.128832538334291808e-05 2.736505519184761966e-05 7.711499085715445290e-02 1.046327574761022561e+00 9.835582939627546262e-01 1.110515936448779328e+00 0.000000000000000000e+00
6.988748148677535355e+00 1.774028561186365982e+00 -1.941056981294183065e-06 -1.000000000000000000e+00 -3.431149091101512357e-05 3.482203111130509403e-05 3.502426716949003094e-03 1.033741470526699846e+00 9.705439974790847080e-01 1.098410019263039494e+00 0.000000000000000000e+00
6.994576137309488573e+00 1.772550413249394330e+00 1.836194391417946570e-06 1.000000000000000000e+00 -3.086016370816171110e-05 3.888249495861976270e-05 3.125333275079356099e-03 1.031849210682799223e+00 9.684312790470478438e-01 1.096751804453986567e+00 0.000000000000000000e+00
7.000408985960828723e+00 1.771073496928063928e+00 3.684601893561852872e-06 1.000000000000000000e+00 -2.941185569848655902e-05 4.110588728925839049e-05 1.240486575125032687e-02 1.030716476697829398e+00 9.672783300038330090e-01 1.095645119482850927e+00 0.000000000000000000e+00
7.006246698684376106e+00 1.769597811196173431e+00 3.438236978218222426e-06 1.000000000000000000e+00 -3.001032020132766068e-05 4.122295957181193514e-05 1.059890049758394071e-02 1.031319294007748466e+00 9.675569849218070839e-01 1.096569102914612293e+00 0.000000000000000000e+00
7.012089279536330544e+00 1.768123355028376364e+00 1.574679075738245907e-06 1.000000000000000000e+00 -3.200373822054246027e-05 3.952342876926941888e-05 2.192444081885014384e-03 1.032472305623377329e+00 9.686605516080468714e-01 1.097761165212649326e+00 0.000000000000000000e+00
7.017936732576273151e+00 1.766650127400181791e+00 -4.320581565183500919e-06 -1.000000000000000000e+00 -3.769716946282307554e-05 3.346505024715472289e-05 1.634757200362457752e-02 1.049594600455509452e+00 9.846504631090366999e-01 1.116151044526100478e+00 0.000000000000000000e+00
7.023789061867172556e+00 1.765178127287950538e+00 -9.609955367742355645e-06 -1.000000000000000000e+00 -4.254175905662985918e-05 2.777191246184545007e-05 8.110470203389752442e-02 1.060734032446905006e+00 9.956237406319693450e-01 1.127854869379524283e+00 0.000000000000000000e+00
7.029646271475383124e+00 1.763707353668898525e+00 -1.340837219745168632e-05 -1.000000000000000000e+00 -4.600057465449913644e-05 2.367103490898224061e-05 1.591203439301835942e-01 1.063042085332921438e+00 9.979818199215855223e-01 1.130168198024667614e+00 0.000000000000000000e+00
7.035508365470652059e+00 1.762237805521092104e+00 -1.995987517483922166e-05 -1.000000000000000000e+00 -5.226846044059524636e-05 1.690830729426257085e-05 3.496493055270235573e-01 1.080897585670164585e+00 1.014587619396048357e+00 1.149595019609382263e+00 0.000000000000000000e+00
7.041375347926120298e+00 1.760769481823449834e+00 -2.450632940341621795e-05 -1.000000000000000000e+00 -5.682108855496920163e-05 1.247398393783360831e-05 5.153223910236448546e-01 1.089844887551372876e+00 1.022625315072019037e+00 1.159485335670001671e+00 0.000000000000000000e+00
7.047247222918324283e+00 1.759302381555740702e+00 -2.450294105807395543e-05 -1.000000000000000000e+00 -5.738724146348502821e-05 1.306271488733253984e-05 5.006673425238830077e-01 1.081195045823025058e+00 1.014439382171908433e+00 1.150359523288722707e+00 0.000000000000000000e+00
7.053123994527200402e+00 1.757836503698584130e+00 -2.286206437644857127e-05 -1.000000000000000000e+00 -5.647152906816049289e-05 1.541223296095578746e-05 4.245041327745155968e-01 1.078128046132968088e+00 1.010606933155335563e+00 1.148077408875098238e+00 0.000000000000000000e+00
7.059005666836087656e+00 1.756371847233449524e+00 -1.677423652248095164e-05 -1.000000000000000000e+00 -5.093415127201944407e-05 2.201832781664394902e-05 2.267274483452723643e-01 1.069641909407943903e+00 1.002660352008117428e+00 1.138916092928112800e+00 0.000000000000000000e+00
7.064892243931729432e+00 1.754908411142653613e+00 -9.874135146766244058e-06 -1.000000000000000000e+00 -4.439632445354972027e-05 2.935281834916851293e-05 7.860435956172295846e-02 1.070973275862580287e+00 1.003352934969375276e+00 1.140940787345377405e+00 0.000000000000000000e+00
7.070783729904277948e+00 1.753446194409361780e+00 -3.835395785247213351e-06 -1.000000000000000000e+00 -3.873489842137020932e-05 3.570217316101981599e-05 1.185015529573263393e-02 1.083574129538915409e+00 1.015619011255141979e+00 1.154014297496096075e+00 0.000000000000000000e+00
7.076680128847296025e+00 1.751985196017586288e+00 5.485207827349648563e-06 1.000000000000000000e+00 -2.986733147684205890e-05 4.530536274978589180e-05 2.443306172956738465e-02 1.076705175880210419e+00 1.009361328544692737e+00 1.146461049938442223e+00 0.000000000000000000e+00
7.082581444857760644e+00 1.750525414952186498e+00 1.367121521816343883e-05 1.000000000000000000e+00 -2.199709006391060691e-05 5.372232104290936407e-05 1.536632312572692172e-01 1.065222256448619342e+00 9.972546557583765736e-01 1.135364389120425477e+00 0.000000000000000000e+00
7.088487682036063831e+00 1.749066850198867318e+00 1.848025584198709082e-05 1.000000000000000000e+00 -1.726062504673335602e-05 5.869229449049139999e-05 2.831097568586358193e-01 1.055781963918003719e+00 9.874563529037599929e-01 1.125885920623464598e+00 0.000000000000000000e+00
7.094398844486017985e+00 1.747609500744178535e+00 1.828732486297634269e-05 1.000000000000000000e+00 -1.750614773128510580e-05 5.864689805651450958e-05 2.756593300023695292e-01 1.055951982795126698e+00 9.876354373530443764e-01 1.126051588300318151e+00 0.000000000000000000e+00
7.100314936314857661e+00 1.746153365575515037e+00 1.596953501358307039e-05 1.000000000000000000e+00 -2.005986766456341287e-05 5.662726839112099879e-05 2.066603431346294428e-01 1.051288318673690547e+00 9.824877734450387923e-01 1.121613252763536517e+00 0.000000000000000000e+00
7.106235961633242226e+00 1.744698443681114597e+00 9.792465690986821019e-06 1.000000000000000000e+00 -2.645516242121315027e-05 5.072895429917842274e-05 7.533794415159889013e-02 1.055230152028941992e+00 9.863870475704124008e-01 1.125817745321527008e+00 0.000000000000000000e+00
7.112161924555259418e+00 1.743244734050058975e+00 -3.956955559706200824e-07 -1.000000000000000000e+00 -3.674018614723634847e-05 4.074267470014741307e-05 1.184713437254458768e-04 1.074691180426930348e+00 1.005536630908425488e+00 1.146292644829036922e+00 0.000000000000000000e+00
7.118092829198427118e+00 1.741792235672271039e+00 -6.868687756286220941e-06 -1.000000000000000000e+00 -4.319587162598904559e-05 3.446740148630116193e-05 3.492711058352426789e-02 1.079979985467396153e+00 1.009894098497015280e+00 1.152608780357952556e+00 0.000000000000000000e+00
7.124028679683696907e+00 1.740340947538516092e+00 -1.046271638344315963e-05 -1.000000000000000000e+00 -4.679970464888631590e-05 3.097303786145517155e-05 8.017622162853399459e-02 1.086268086750968864e+00 1.016543115583123269e+00 1.158533760206270635e+00 0.000000000000000000e+00
7.129969480135457616e+00 1.738890868640399878e+00 -6.104110063996418544e-06 -1.000000000000000000e+00 -4.276535546247836199e-05 3.563581686285828640e-05 2.729864213630150971e-02 1.073355027962198172e+00 1.003449488843790816e+00 1.145685382257929152e+00 0.000000000000000000e+00
7.135915234681537100e+00 1.737441997970369245e+00 3.509807466530414811e-07 1.000000000000000000e+00 -3.651379028817133067e-05 4.223156102726384654e-05 9.069979314801912551e-05 1.069219442025979960e+00 9.993924261107602902e-01 1.141377561846024458e+00 0.000000000000000000e+00
7.141865947453204910e+00 1.735994334521709703e+00 1.382483490230853000e-05 1.000000000000000000e+00 -2.347497368404892501e-05 5.608890722398388018e-05 1.442873934024788696e-01 1.041046994405111281e+00 9.704057327366243380e-01 1.112651978556759680e+00 0.000000000000000000e+00
7.147821622585176726e+00 1.734547877288545648e+00 2.027550771959158712e-05 1.000000000000000000e+00 -1.699379480480484481e-05 6.241891560761663241e-05 3.164866962727472810e-01 1.049629708658973204e+00 9.790039067732113631e-01 1.122081894852446471e+00 0.000000000000000000e+00
7.153782264215615250e+00 1.733102625265839913e+00 2.762265878376325961e-05 1.000000000000000000e+00 -9.609382578483344071e-06 6.975211500254330135e-05 5.999746267386427689e-01 1.045691235799897756e+00 9.752964300926322272e-01 1.117362057472319092e+00 0.000000000000000000e+00
7.159747876486134643e+00 1.731658577449392222e+00 2.817315036368942503e-05 1.000000000000000000e+00 -9.138847270764147612e-06 7.034996339511413190e-05 6.220573342596082966e-01 1.066660573666329714e+00 9.959259952966110774e-01 1.139720875211240880e+00 0.000000000000000000e+00
7.165718463541802308e+00 1.730215732835839626e+00 3.192906749744418317e-05 1.000000000000000000e+00 -5.866982935599593808e-06 7.467051562018550671e-05 7.878299510415303075e-01 1.056621430622405766e+00 9.862008365443406532e-01 1.128977477126276829e+00 0.000000000000000000e+00
7.171694029531142434e+00 1.728774090422655174e+00 3.100470760394558815e-05 1.000000000000000000e+00 -7.630765501414935145e-06 7.461380932858583716e-05 7.123337607682600492e-01 1.061737421891757682e+00 9.903790264918762576e-01 1.135257910396073822e+00 0.000000000000000000e+00
7.177674578606138667e+00 1.727333649208146804e+00 2.549317803088789494e-05 1.000000000000000000e+00 -1.405189603860680880e-05 6.999890226611561099e-05 4.540552389314314041e-01 1.083740625582476413e+00 1.011773736597405549e+00 1.158364920819942245e+00 0.000000000000000000e+00
7.183660114922237661e+00 1.725894408191456675e+00 2.453495949016978007e-05 1.000000000000000000e+00 -1.581605789080495870e-05 6.981797513686368488e-05 4.041793872604628746e-01 1.080975283339030479e+00 1.009313827319395118e+00 1.155267986680507786e+00 0.000000000000000000e+00
7.189650642638349964e+00 1.724456366372562499e+00 2.277408929647734321e-05 1.000000000000000000e+00 -1.778811962536693756e-05 6.827860212315408359e-05 3.440514826610083787e-01 1.086921745776647352e+00 1.014345193968714032e+00 1.162177825834542322e+00 0.000000000000000000e+00
7.195646165916856241e+00 1.723019522752273547e+00 2.184810796007646098e-05 1.000000000000000000e+00 -1.804813744688602668e-05 6.684903685037925760e-05 3.228141071024381858e-01 1.096144044407756812e+00 1.023995900225855848e+00 1.170845470077759520e+00 0.000000000000000000e+00
7.201646688923606376e+00 1.721583876332232421e+00 2.112042194383933927e-05 1.000000000000000000e+00 -1.803259717032671040e-05 6.546000796212543874e-05 3.108473600851482388e-01 1.110389144909238679e+00 1.037313043918741018e+00 1.185661014631938848e+00 0.000000000000000000e+00
7.207652215827925701e+00 1.720149426114913060e+00 2.603017864729106887e-05 1.000000000000000000e+00 -1.284357877579680551e-05 7.008047103240599822e-05 4.859325762921216096e-01 1.095321502306659145e+00 1.022400106027043565e+00 1.170841048152727604e+00 0.000000000000000000e+00
7.213662750802614987e+00 1.718716171103621404e+00 2.735691358015348353e-05 1.000000000000000000e+00 -1.150392912931109845e-05 7.130186992238281393e-05 5.391017484078091115e-01 1.094529313698960893e+00 1.021711042306368444e+00 1.169963449796811439e+00 0.000000000000000000e+00
7.219678298023954888e+00 1.717284110302493172e+00 2.293206421403559168e-05 1.000000000000000000e+00 -1.599244552956584158e-05 6.684592447745838666e-05 3.722663063661784122e-01 1.115864921056973769e+00 1.042114480874349214e+00 1.191619909180419601e+00 0.000000000000000000e+00
7.225698861671710382e+00 1.715853242716494531e+00 1.962425092090800422e-05 1.000000000000000000e+00 -1.930593859852919287e-05 6.350715472466495176e-05 2.698588321053847494e-01 1.118112461358305776e+00 1.044285878481242991e+00 1.193850998666720731e+00 0.000000000000000000e+00
7.231724445929129885e+00 1.714423567351419875e+00 1.613982598370039117e-05 1.000000000000000000e+00 -2.243741077791588923e-05 5.977118287606635543e-05 1.836008640808088899e-01 1.108212879666623296e+00 1.034317095401113829e+00 1.184428686618564264e+00 0.000000000000000000e+00
7.237755054982951464e+00 1.712995083213891823e+00 6.092814130255652055e-06 1.000000000000000000e+00 -3.175385007706306862e-05 4.913711175850467972e-05 2.634587783587960530e-02 1.123936886794786094e+00 1.048795322516905548e+00 1.200727774043250040e+00 0.000000000000000000e+00
7.243790693023404614e+00 1.711567789311361887e+00 -2.780496029021063795e-06 -1.000000000000000000e+00 -3.966888867421904525e-05 3.943646929865735550e-05 5.548976721456710948e-03 1.126458425642242744e+00 1.051807523020674484e+00 1.202709678101384183e+00 0.000000000000000000e+00
7.249831364244212040e+00 1.710141684652107807e+00 -1.254027799882402589e-05 -1.000000000000000000e+00 -4.879738674660144646e-05 2.907081865017846739e-05 1.126229279639119341e-01 1.129448142696281021e+00 1.054394373787463257e+00 1.206120997576672904e+00 0.000000000000000000e+00
7.255877072842594977e+00 1.708716768245233997e+00 -2.692501394431866512e-05 -1.000000000000000000e+00 -6.264583718828438939e-05 1.417506549957797582e-05 5.069909660494928971e-01 1.156539598111212985e+00 1.080477396041467530e+00 1.234406902383786475e+00 0.000000000000000000e+00
7.261927823019274086e+00 1.707293039100669763e+00 -3.585734082660857984e-05 -1.000000000000000000e+00 -7.113054932853725312e-05 4.969886378361753352e-06 8.844775902293235958e-01 1.158896774959553344e+00 1.083222944841662816e+00 1.236418314082317726e+00 0.000000000000000000e+00
7.267983618978473004e+00 1.705870496229170197e+00 -3.844976246990848350e-05 -1.000000000000000000e+00 -7.353589614954875327e-05 2.403712978043748218e-06 1.012766886710117831e+00 1.142161096417330102e+00 1.065570703276752518e+00 1.220335810420321687e+00 0.000000000000000000e+00
7.274044464927921894e+00 1.704449138642313732e+00 -3.779955363127392431e-05 -1.000000000000000000e+00 -7.292861100125454569e-05 3.148860233591802113e-06 9.760367730398229469e-01 1.129389219674840072e+00 1.053454492479856341e+00 1.207135747606619791e+00 0.000000000000000000e+00
7.280110365078859225e+00 1.703028965352503699e+00 -3.565905380539281122e-05 -1.000000000000000000e+00 -7.115032349137360274e-05 5.577046359850445069e-06 8.633388969344792940e-01 1.131733282126540008e+00 1.054960061519837566e+00 1.210358247428965139e+00 0.000000000000000000e+00
7.286181323646034436e+00 1.701609975372965211e+00 -2.976317012034031322e-05 -1.000000000000000000e+00 -6.621411111136561874e-05 1.174387605860195634e-05 5.992745129228751466e-01 1.134340406413272273e+00 1.058106720209253782e+00 1.212452717809244573e+00 0.000000000000000000e+00
7.292257344847713263e+00 1.700192167717745617e+00 -1.660943029333427503e-05 -1.000000000000000000e+00 -5.518727425021356127e-05 2.562668757813545776e-05 1.878157918753586841e-01 1.110247223663340055e+00 1.034173540421620796e+00 1.189282923645653245e+00 0.000000000000000000e+00
7.298338432905678630e+00 1.698775541401714717e+00 -4.770374853381448835e-06 -1.000000000000000000e+00 -4.432417832583696423e-05 3.836860443763932653e-05 1.539618291720756815e-02 1.098470026073724348e+00 1.022667356352954249e+00 1.177551739343285941e+00 0.000000000000000000e+00
7.304424592045234199e+00 1.697360095440562322e+00 6.441997597604422355e-06 1.000000000000000000e+00 -3.333703930746430944e-05 5.089420631031472264e-05 2.708052815921035972e-02 1.091646578607163631e+00 1.016355950365456007e+00 1.170213263931022762e+00 0.000000000000000000e+00
7.310515826495206149e+00 1.695945828850798032e+00 1.885886463936911338e-05 1.000000000000000000e+00 -2.200151561341452856e-05 6.458370240731522885e-05 2.203269258549340748e-01 1.080544580480168326e+00 1.005596166042291628e+00 1.158822366702881634e+00 0.000000000000000000e+00
7.316612140487947613e+00 1.694532740649751679e+00 3.021870556057003611e-05 1.000000000000000000e+00 -1.209655714667336125e-05 7.742587816445212429e-05 5.570916828464476112e-01 1.073751508506009200e+00 9.992074230793778211e-01 1.151704814101990104e+00 0.000000000000000000e+00
7.322713538259342236e+00 1.693120829855571774e+00 3.724826324831608318e-05 1.000000000000000000e+00 -5.967494140429582458e-06 8.550859966753316787e-05 8.236072934128131351e-01 1.089103573865652264e+00 1.013836764506403698e+00 1.167349799040562353e+00 0.000000000000000000e+00
7.328820024048804171e+00 1.691710095487224841e+00 4.855352454444593184e-05 1.000000000000000000e+00 4.841472161363050456e-06 9.755165556533034821e-05 1.392907471845823864e+00 1.073404139710542715e+00 9.988555579325142375e-01 1.151431066728188624e+00 0.000000000000000000e+00
7.334931602099284298e+00 1.690300536564494527e+00 5.529325860515176558e-05 1.000000000000000000e+00 1.152559160886906033e-05 1.045776784430244553e-04 1.827662865576535012e+00 1.069292640760920010e+00 9.949780416195080912e-01 1.147065778720111506e+00 0.000000000000000000e+00
7.341048276657271110e+00 1.688892152107981603e+00 5.389153889532621351e-05 1.000000000000000000e+00 1.026676283220877707e-05 1.031050919611287446e-04 1.765861637194973355e+00 1.094057531635471925e+00 1.017785509260682897e+00 1.173925570799654539e+00 0.000000000000000000e+00
7.347170051972794269e+00 1.687484941139102412e+00 5.440434197307606005e-05 1.000000000000000000e+00 1.084056933206638636e-05 1.035718052060961505e-04 1.807342606711060284e+00 1.093927423596190218e+00 1.017745157080062413e+00 1.173698417310039543e+00 0.000000000000000000e+00
7.353296932299427269e+00 1.686078902680089531e+00 5.267387553249966512e-05 1.000000000000000000e+00 9.068861110036644619e-06 1.019991824020858776e-04 1.675653667124329615e+00 1.091135148295359514e+00 1.014627158624590075e+00 1.171267633074565051e+00 0.000000000000000000e+00
7.359428921894291875e+00 1.684674035753989330e+00 4.891774784835070975e-05 1.000000000000000000e+00 4.939590896275250248e-06 9.870120469719172163e-05 1.402925821480934587e+00 1.086365678339113794e+00 1.009019481321870915e+00 1.167420450619555350e+00 0.000000000000000000e+00
7.365566025018059015e+00 1.683270339384662417e+00 4.070818745297838230e-05 1.000000000000000000e+00 -4.281975297417806947e-06 9.088823437956099443e-05 9.343132720291862370e-01 1.095112667317808874e+00 1.017772592365617568e+00 1.176123114443232032e+00 0.000000000000000000e+00
7.371708245934952330e+00 1.681867812596783196e+00 3.153992986612895135e-05 1.000000000000000000e+00 -1.551505341702518040e-05 8.208456860737768971e-05 5.386218891514147344e-01 1.103936436343989635e+00 1.025230307896786375e+00 1.186411411387700232e+00 0.000000000000000000e+00
7.377855588912752616e+00 1.680466454415837863e+00 2.071673540581455241e-05 1.000000000000000000e+00 -2.764853999148453458e-05 7.140657769712460776e-05 2.284924334242859345e-01 1.123393445454762496e+00 1.043474132202730331e+00 1.206893705977595710e+00 0.000000000000000000e+00
7.384008058222798709e+00 1.679066263868125519e+00 1.573980891490681864e-05 1.000000000000000000e+00 -3.219560288473651759e-05 6.601724684198257895e-05 1.316948969923785739e-01 1.124751828329777492e+00 1.043570945258683214e+00 1.209204893651436796e+00 0.000000000000000000e+00
7.390165658139991045e+00 1.677667239980756175e+00 9.789399520579661687e-06 1.000000000000000000e+00 -3.651122070638075304e-05 5.925629745005203951e-05 5.322966639044324211e-02 1.145871949918805699e+00 1.063710271924622530e+00 1.230918063590238143e+00 0.000000000000000000e+00
7.396328392942796093e+00 1.676269381781650081e+00 1.083761497099132257e-05 1.000000000000000000e+00 -3.384972399819744730e-05 5.974340301112321920e-05 6.641130782247017805e-02 1.145221660466932745e+00 1.063030690616234342e+00 1.230054211829662236e+00 0.000000000000000000e+00
7.402496266913247247e+00 1.674872688299538392e+00 1.616843659967987307e-05 1.000000000000000000e+00 -2.780140934942125939e-05 6.554039732269808431e-05 1.456788603520280390e-01 1.132309287149417143e+00 1.049283295232377400e+00 1.217418599415437175e+00 0.000000000000000000e+00
7.408669284336948380e+00 1.673477158563960288e+00 2.122395596016589216e-05 1.000000000000000000e+00 -2.291415262201221105e-05 7.140185811373035826e-05 2.451258482993168286e-01 1.129025403759458035e+00 1.045486968325764598e+00 1.214060092355987885e+00 0.000000000000000000e+00
7.414847449503079169e+00 1.672082791605264962e+00 2.594151979867742282e-05 1.000000000000000000e+00 -1.897485696087761078e-05 7.688243910319614597e-05 3.595568243575613110e-01 1.132602479325687028e+00 1.048188903994575316e+00 1.218259920450777578e+00 0.000000000000000000e+00
7.421030766704393322e+00 1.670689586454608300e+00 3.193543418218319942e-05 1.000000000000000000e+00 -1.337714862385161295e-05 8.328257443149882067e-05 5.461574166225133808e-01 1.129736748888926279e+00 1.044664911324307832e+00 1.216080929647420650e+00 0.000000000000000000e+00
7.427219240237226572e+00 1.669297542143953983e+00 3.697718188029142859e-05 1.000000000000000000e+00 -8.137774357933034194e-06 8.823519550631171292e-05 7.474607523653205021e-01 1.126267020823966458e+00 1.041283906534692161e+00 1.212556936000455998e+00 0.000000000000000000e+00
7.433412874401496673e+00 1.667906657706072160e+00 3.476015389210727473e-05 1.000000000000000000e+00 -9.669668247155661412e-06 8.538254914116952493e-05 6.721239052764929056e-01 1.151742648273282432e+00 1.066562615033089800e+00 1.238286887519495449e+00 0.000000000000000000e+00
7.439611673500706956e+00 1.666516932174539223e+00 3.464010855367123356e-05 1.000000000000000000e+00 -9.262154830680747531e-06 8.472826261904798772e-05 6.811939278516589980e-01 1.151942920105841539e+00 1.066859804678185863e+00 1.238301134471531117e+00 0.000000000000000000e+00
7.445815641841948995e+00 1.665128364583736253e+00 3.401485853779231467e-05 1.000000000000000000e+00 -9.619900295452802545e-06 8.381969454326174845e-05 6.656558701789307975e-01 1.136862596435072703e+00 1.051123364213607525e+00 1.223775866944459612e+00 0.000000000000000000e+00
7.452024783735907043e+00 1.663740953968849468e+00 2.630613233991817366e-05 1.000000000000000000e+00 -1.712828273069402641e-05 7.589306647242906930e-05 3.951668910842300875e-01 1.142266425768191596e+00 1.056459325005749239e+00 1.229130811748289087e+00 0.000000000000000000e+00
7.458239103496859812e+00 1.662354699365868660e+00 1.323462926589192067e-05 1.000000000000000000e+00 -2.968531129605085129e-05 6.245101025468738744e-05 9.800729471308500251e-02 1.158230742575557581e+00 1.071947741443177726e+00 1.245741501283203601e+00 0.000000000000000000e+00
7.464458605442683137e+00 1.660969599811586539e+00 1.165496108242890685e-06 1.000000000000000000e+00 -4.132043988430887335e-05 5.014909082488979499e-05 7.477141884209004274e-04 1.153174383537356018e+00 1.065513647556862953e+00 1.241728824636470163e+00 0.000000000000000000e+00
7.470683293894854415e+00 1.659585654343599170e+00 -1.721443109198460392e-05 -1.000000000000000000e+00 -5.872991488272625822e-05 3.093570883696128285e-05 1.592746182469184646e-01 1.175458529850138323e+00 1.088882513313824241e+00 1.263979553000997402e+00 0.000000000000000000e+00
7.476913173178454386e+00 1.658202862000304201e+00 -3.048403171843825816e-05 -1.000000000000000000e+00 -7.107854509710964772e-05 1.698911163563920882e-05 4.956399549620442713e-01 1.175723427799123977e+00 1.087963069254940018e+00 1.265399977412142718e+00 0.000000000000000000e+00
7.483148247622170679e+00 1.656821221820899526e+00 -4.419330255719003088e-05 -1.000000000000000000e+00 -8.332365580016684473e-05 2.156358451292280114e-06 1.040899982401739976e+00 1.197567666509980588e+00 1.109838125158786326e+00 1.288497197984410869e+00 0.000000000000000000e+00
7.489388521558299594e+00 1.655440732845385288e+00 -5.261629951157769525e-05 -1.000000000000000000e+00 -9.099294782121262787e-05 -7.135275925558299658e-06 1.475639109689616646e+00 1.218113489065221655e+00 1.129354972680349567e+00 1.310811252671029825e+00 0.000000000000000000e+00
7.495633999322752317e+00 1.654061394114560324e+00 -5.239946015807266105e-05 -1.000000000000000000e+00 -9.100928831844860617e-05 -6.581914724788105796e-06 1.453845632066169458e+00 1.219424314892737282e+00 1.130141163563721740e+00 1.312729723071230481e+00 0.000000000000000000e+00
7.501884685255054031e+00 1.652683204670022832e+00 -4.601941400838236698e-05 -1.000000000000000000e+00 -8.538039309487034721e-05 5.194652656045870855e-07 1.110991300270690374e+00 1.214816428656898095e+00 1.125661515751966268e+00 1.307891053438670070e+00 0.000000000000000000e+00
7.508140583698349246e+00 1.651306163554170148e+00 -3.523967121538785574e-05 -1.000000000000000000e+00 -7.579782443834862386e-05 1.239881627334006407e-05 6.448622221673758759e-01 1.208880931793173907e+00 1.119288949333134386e+00 1.302258958957617896e+00 0.000000000000000000e+00
7.514401698999403578e+00 1.649930269810196748e+00 -2.126971748918596953e-05 -1.000000000000000000e+00 -6.321777073496601704e-05 2.747920621074274511e-05 2.335906125462656746e-01 1.199390130014710953e+00 1.109912212602939707e+00 1.292304661133502064e+00 0.000000000000000000e+00
7.520668035508609073e+00 1.648555522482095359e+00 -7.143520690177812299e-06 -1.000000000000000000e+00 -5.016302803375003854e-05 4.245272943612897747e-05 2.644120754841594589e-02 1.191232452170072786e+00 1.101266076569158869e+00 1.284264713131358038e+00 0.000000000000000000e+00
7.526939597579984209e+00 1.647181920614653627e+00 5.257276457723711815e-06 1.000000000000000000e+00 -3.834232732722244884e-05 5.537590041418230557e-05 1.446181185968953287e-02 1.182323273491313165e+00 1.092941672325233649e+00 1.274235054292205849e+00 0.000000000000000000e+00
7.533216389571179228e+00 1.645809463253457006e+00 1.444556641147548157e-05 1.000000000000000000e+00 -2.961030676060606227e-05 6.504320295341189614e-05 1.101339110593073656e-01 1.171966690133255495e+00 1.081218342828538237e+00 1.264449519246015452e+00 0.000000000000000000e+00
7.539498415843477019e+00 1.644438149444884756e+00 2.144960611345418335e-05 1.000000000000000000e+00 -2.301652708186929813e-05 7.255238427426391815e-05 2.444252531488473323e-01 1.149164260900976897e+00 1.057071167572262382e+00 1.241923803401898452e+00 0.000000000000000000e+00
7.545785680761798453e+00 1.643067978236111282e+00 1.989197781520937635e-05 1.000000000000000000e+00 -2.469030197058833459e-05 7.116311907542184146e-05 2.078516297413912639e-01 1.150321306144747480e+00 1.058276542879834636e+00 1.242948444414603948e+00 0.000000000000000000e+00
7.552078188694705041e+00 1.641698948675104575e+00 1.576682505613121452e-05 1.000000000000000000e+00 -2.895574667251368432e-05 6.723108674787954401e-05 1.287700305468177930e-01 1.140603930382615872e+00 1.047790374721470297e+00 1.234303773613848687e+00 0.000000000000000000e+00
7.558375944014398939e+00 1.640331059810627101e+00 4.693908719681405012e-06 1.000000000000000000e+00 -3.966319984271229378e-05 5.597108882299892677e-05 1.116193016242306157e-02 1.148427127071529386e+00 1.055474152302853241e+00 1.242032314911539315e+00 0.000000000000000000e+00
7.564678951096730941e+00 1.638964310692231585e+00 -1.236735636986428613e-05 -1.000000000000000000e+00 -5.584359805497936664e-05 3.814070779866780446e-05 7.581072732818938675e-02 1.173760224781815742e+00 1.080973248410136200e+00 1.268346616216325273e+00 0.000000000000000000e+00
7.570987214321198699e+00 1.637598700370265004e+00 -2.765757889432285169e-05 -1.000000000000000000e+00 -6.973365161284036397e-05 2.170403869329360928e-05 3.788824267634112175e-01 1.183743760464872841e+00 1.091348564504909247e+00 1.278697399721614669e+00 0.000000000000000000e+00
7.577300738070952946e+00 1.636234227895864146e+00 -4.433363703020122375e-05 -1.000000000000000000e+00 -8.439114472133096021e-05 3.302738122886810207e-06 9.858464281973340348e-01 1.208710872350692744e+00 1.116229031916895043e+00 1.305134947665181233e+00 0.000000000000000000e+00
7.583619526732800153e+00 1.634870892320956948e+00 -5.433316302947111779e-05 -1.000000000000000000e+00 -9.254523741964552365e-05 -8.322819072413130902e-06 1.522478985783486394e+00 1.210117853016988487e+00 1.116608677194601551e+00 1.307660341497483003e+00 0.000000000000000000e+00
7.589943584697204315e+00 1.633508692698261822e+00 -6.379377100501806678e-05 -1.000000000000000000e+00 -1.004136848076611415e-04 -1.920055460035391501e-05 2.130050204606249054e+00 1.222447044506794533e+00 1.129608396523719804e+00 1.319643512483315240e+00 0.000000000000000000e+00
7.596272916358290495e+00 1.632147628081284996e+00 -6.653546687933227239e-05 -1.000000000000000000e+00 -1.028539097226148112e-04 -2.220690238858153949e-05 2.320256924710257351e+00 1.205387421104104684e+00 1.111416188980232755e+00 1.303176039175558465e+00 0.000000000000000000e+00
7.602607526113848380e+00 1.630787697524322288e+00 -7.223480006895825496e-05 -1.000000000000000000e+00 -1.127560146612479534e-04 -2.602633766800109522e-05 2.530371563946573588e+00 1.206364202777846728e+00 1.112904775816587755e+00 1.303671025827555230e+00 0.000000000000000000e+00
7.608947418365335835e+00 1.629428900082457776e+00 -8.471082751525256364e-05 -1.000000000000000000e+00 -1.323170861140234510e-04 -3.161938334195902304e-05 2.812526336322306975e+00 1.223780807900443746e+00 1.129026973161436409e+00 1.323013164269417619e+00 0.000000000000000000e+00
7.615292597517878903e+00 1.628071234811562906e+00 -9.451244403672732857e-05 -1.000000000000000000e+00 -1.472491055528792753e-04 -3.244051508460541486e-05 2.726550785873598670e+00 1.224436195739360356e+00 1.129929538714033566e+00 1.323386473581882772e+00 0.000000000000000000e+00
7.621643067980279795e+00 1.626714700768294497e+00 -8.908476015848306470e-05 -1.000000000000000000e+00 -1.440358900933792503e-04 -2.201693159116681212e-05 2.162513987349854006e+00 1.213727111453013485e+00 1.117912223518908510e+00 1.313709306201287674e+00 0.000000000000000000e+00
7.627998834165015118e+00 1.625359297010096737e+00 -6.261471618644052280e-05 -1.000000000000000000e+00 -1.175678501096815505e-04 -3.272730282151555762e-06 1.266958033544277384e+00 1.181867375288214506e+00 1.085139430236052860e+00 1.280791642996768953e+00 0.000000000000000000e+00
7.634359900488242090e+00 1.624005022595198744e+00 -4.105298429132435569e-05 -1.000000000000000000e+00 -9.445486671340806142e-05 7.691432418200907985e-06 8.030594808852669075e-01 1.173494405665577833e+00 1.077080530077196174e+00 1.271720817005447923e+00 0.000000000000000000e+00
7.640726271369800315e+00 1.622651876582614117e+00 -3.694960837998312515e-05 -1.000000000000000000e+00 -8.196934807149351709e-05 1.335721849468418594e-05 6.197243197047370700e-01 1.191985776735790648e+00 1.095844648256728560e+00 1.291260703728268178e+00 0.000000000000000000e+00
7.647097951233216229e+00 1.621299858032140939e+00 -2.794877208076455345e-05 -1.000000000000000000e+00 -7.193854898233234606e-05 2.458776279544348879e-05 3.374250697439507007e-01 1.185685979980962479e+00 1.089679739127242808e+00 1.284382934466310466e+00 0.000000000000000000e+00
7.653474944505703093e+00 1.619948966004359558e+00 -1.994815264242633351e-05 -1.000000000000000000e+00 -6.590118952847504518e-05 3.550912273520290274e-05 1.592471813903557631e-01 1.188098090673946450e+00 1.091876374061566901e+00 1.287235901990079645e+00 0.000000000000000000e+00
7.659857255618167216e+00 1.618599199560634805e+00 -1.004477927889212004e-05 -1.000000000000000000e+00 -5.957291221976235897e-05 4.981568971328254991e-05 3.554406794750519794e-02 1.182229110145984752e+00 1.086125766485126043e+00 1.280939137469341960e+00 0.000000000000000000e+00
7.666244889005210617e+00 1.617250557763112662e+00 2.056205913344493817e-07 1.000000000000000000e+00 -5.538254125004150283e-05 6.379571703518714752e-05 1.224262326360303632e-05 1.184749192231758563e+00 1.088287581640145829e+00 1.284325802040582110e+00 0.000000000000000000e+00
7.672637849105131913e+00 1.615903039674720043e+00 1.470763879126466414e-05 1.000000000000000000e+00 -4.970069663140653366e-05 7.594680655668794135e-05 4.953824994483113642e-02 1.184662828867319107e+00 1.087034372424571238e+00 1.285967708189412972e+00 0.000000000000000000e+00
7.679036140359931650e+00 1.614556644359165460e+00 2.948681574852602552e-05 1.000000000000000000e+00 -3.712798803951599259e-05 8.791244581390720160e-05 2.359768024454993451e-01 1.171364279418247722e+00 1.074551040094043675e+00 1.271215618013707527e+00 0.000000000000000000e+00
7.685439767215314077e+00 1.613211370880937023e+00 3.649764558670142052e-05 1.000000000000000000e+00 -2.657265349295537607e-05 9.623568813990092657e-05 4.180538665044295499e-01 1.173028154136799284e+00 1.074813275727240391e+00 1.274426214133677959e+00 0.000000000000000000e+00
7.691848734120691589e+00 1.611867218305303329e+00 4.134680932182810821e-05 1.000000000000000000e+00 -1.864445462993801828e-05 1.019379158208558341e-04 5.649111777329451911e-01 1.182631555597571271e+00 1.083883026193489085e+00 1.285189672642284675e+00 0.000000000000000000e+00
7.698263045529186499e+00 1.610524185698310351e+00 5.148986043065372945e-05 1.000000000000000000e+00 -6.290663015583830120e-06 1.131244854511711335e-04 8.991497635183307580e-01 1.159031789354372233e+00 1.058145458730897825e+00 1.262019039588118785e+00 0.000000000000000000e+00
7.704682705897634598e+00 1.609182272126782998e+00 5.528412430364822031e-05 1.000000000000000000e+00 -1.384355516058072397e-06 1.169615472804246941e-04 1.065694580701538996e+00 1.158732458315110847e+00 1.058657691687651115e+00 1.260896812467205530e+00 0.000000000000000000e+00
7.711107719686588702e+00 1.607841476658323998e+00 5.399903813721268974e-05 1.000000000000000000e+00 -1.618245021980092260e-06 1.152986087644705752e-04 1.047016053384268730e+00 1.172591192768903667e+00 1.071778741862974949e+00 1.276612296109493228e+00 0.000000000000000000e+00
7.717538091360320429e+00 1.606501798361312572e+00 5.295103232634911205e-05 1.000000000000000000e+00 -8.689879907275592833e-07 1.150482333293242866e-04 1.084882966476172328e+00 1.163888060493653898e+00 1.061770178689900090e+00 1.268558338982231026e+00 0.000000000000000000e+00
7.723973825386825531e+00 1.605163236304904206e+00 5.091564190811631119e-05 1.000000000000000000e+00 -1.574960152320588032e-06 1.121440384631106150e-04 1.055792002255323325e+00 1.150593810858152599e+00 1.048247494665927038e+00 1.254267118167998074e+00 0.000000000000000000e+00
7.730414926237823892e+00 1.603825789559029547e+00 5.035068478908472821e-05 1.000000000000000000e+00 -2.151282726191471235e-06 1.111080706691166165e-04 1.038567744197294473e+00 1.120967696794743063e+00 1.019684718332368512e+00 1.226855544300504475e+00 0.000000000000000000e+00
7.736861398388765743e+00 1.602489457194395728e+00 3.949956986890415680e-05 1.000000000000000000e+00 -1.362396232679102993e-05 1.003615308373105878e-04 6.191509637243512998e-01 1.140204214784193759e+00 1.038219592069319352e+00 1.245760685150752334e+00 0.000000000000000000e+00
7.743313246318833443e+00 1.601154238282482378e+00 2.784899112774620827e-05 1.000000000000000000e+00 -2.593184921016711457e-05 8.915307135546887490e-05 2.965144218439945689e-01 1.152989393066897961e+00 1.048639309329692182e+00 1.260576670633326790e+00 0.000000000000000000e+00
7.749770474510944140e+00 1.599820131895543396e+00 1.593627274753570908e-05 1.000000000000000000e+00 -3.750381849631693023e-05 7.725592653033282165e-05 9.498761266598876318e-02 1.164518395928740624e+00 1.060771984905177101e+00 1.272081921550186845e+00 0.000000000000000000e+00
7.756233087451753327e+00 1.598487137106606282e+00 1.315691360380613363e-05 1.000000000000000000e+00 -3.961446696462085138e-05 7.417215513648046520e-05 6.235059107984142202e-02 1.137859286595822583e+00 1.035413245032267060e+00 1.245824311813428453e+00 0.000000000000000000e+00
7.762701089631657503e+00 1.597155252989470364e+00 8.109842685692052590e-06 1.000000000000000000e+00 -4.394222731935865632e-05 6.814820139372014009e-05 2.482919171216479981e-02 1.136137849590008519e+00 1.034272698722044082e+00 1.243466595263376107e+00 0.000000000000000000e+00
7.769174485544799502e+00 1.595824478618706577e+00 1.603306551826888503e-06 1.000000000000000000e+00 -5.175291742855135635e-05 6.066871150078854584e-05 9.904374207891919468e-04 1.161753767940678417e+00 1.057430214527860235e+00 1.271001356085948331e+00 0.000000000000000000e+00
7.775653279689067610e+00 1.594494813069657235e+00 -2.534585323562969081e-06 -1.000000000000000000e+00 -5.785970946616009219e-05 5.654252934773005955e-05 2.465308154853573797e-03 1.189360612138233186e+00 1.083695385917987641e+00 1.300183799591832390e+00 0.000000000000000000e+00
7.782137476566102663e+00 1.593166255418435151e+00 1.176914406399796656e-06 1.000000000000000000e+00 -5.418589527895938330e-05 6.141813796126152885e-05 5.132562118248529259e-04 1.186799757218144569e+00 1.081325261648385050e+00 1.297275732424351791e+00 0.000000000000000000e+00
7.788627080681298942e+00 1.591838804741922297e+00 1.550575430382582641e-05 1.000000000000000000e+00 -3.952066517903349177e-05 7.843499415240491764e-05 8.486981749344124637e-02 1.141091649744053749e+00 1.035669180926752420e+00 1.251092090332881490e+00 0.000000000000000000e+00
7.795122096543806833e+00 1.590512460117771143e+00 2.601602881951465898e-05 1.000000000000000000e+00 -3.027726167904423228e-05 9.211614155737092460e-05 2.214585552074765928e-01 1.134987655358802527e+00 1.029996514771410965e+00 1.244543006093837612e+00 0.000000000000000000e+00
7.801622528666539047e+00 1.589187220624400876e+00 3.997546513793537976e-05 1.000000000000000000e+00 -1.962669169245294620e-05 1.106616000159695842e-04 4.783760066363100805e-01 1.126926187964181425e+00 1.021704773305810665e+00 1.236699634585387120e+00 0.000000000000000000e+00
7.808128381566169729e+00 1.587863085341000069e+00 5.596599609899041786e-05 1.000000000000000000e+00 -7.913630487411340458e-06 1.325444003906260735e-04 8.393605726965489566e-01 1.120151258520490467e+00 1.015430834946470684e+00 1.229330332141586268e+00 0.000000000000000000e+00
7.814639659763139790e+00 1.586540053347523793e+00 7.226467607750700496e-05 1.000000000000000000e+00 3.121881209689270141e-06 1.486533188117320609e-04 1.232573767010606502e+00 1.112239701422222282e+00 1.007054702401235513e+00 1.221790739241908508e+00 0.000000000000000000e+00
7.821156367781661345e+00 1.585218123724693617e+00 8.668103098864260664e-05 1.000000000000000000e+00 1.241888789102733209e-05 1.563903571303617266e-04 1.584814658239430685e+00 1.090305266725225541e+00 9.840142566921299405e-01 1.201032484753493890e+00 0.000000000000000000e+00
7.827678510149716828e+00 1.583897295553998275e+00 8.757771362508828101e-05 1.000000000000000000e+00 1.100165751483424433e-05 1.555592571302771864e-04 1.513780289983010618e+00 1.077768887633552275e+00 9.726632729033156677e-01 1.187654211116613734e+00 0.000000000000000000e+00
7.834206091399066985e+00 1.582577567917689887e+00 7.325699753047618102e-05 1.000000000000000000e+00 -1.835890883286099497e-06 1.497243083194018070e-04 1.067486890485724871e+00 1.064922983927178102e+00 9.581025529490856396e-01 1.176522247151161826e+00 0.000000000000000000e+00
7.840739116065250869e+00 1.581258939898786631e+00 4.525954990455793284e-05 1.000000000000000000e+00 -2.458069488945428534e-05 1.291463449916301933e-04 4.426389511238681962e-01 1.063928732032686009e+00 9.575898970126666132e-01 1.175005570724495296e+00 0.000000000000000000e+00
7.847277588687588512e+00 1.579941410581070071e+00 1.505619860038369825e-05 1.000000000000000000e+00 -4.781690014397083332e-05 9.192281331753229172e-05 5.633661665815736797e-02 1.068795430040105909e+00 9.603446988851298549e-01 1.181920615271703889e+00 0.000000000000000000e+00
7.853821513809187138e+00 1.578624979049085830e+00 -9.296663915446659043e-06 -1.000000000000000000e+00 -6.469666576125331526e-05 5.939162055855986855e-05 2.495660883840145061e-02 1.079303431833347204e+00 9.709933464568241135e-01 1.191902475859757393e+00 0.000000000000000000e+00
7.860370895976941163e+00 1.577309644388141585e+00 -2.279343378336700455e-05 -1.000000000000000000e+00 -7.334824941138728461e-05 4.020037462477660213e-05 1.703356551586594492e-01 1.078232836577734721e+00 9.671452304238584707e-01 1.192784533836863670e+00 0.000000000000000000e+00
7.866925739741537527e+00 1.575995405684307737e+00 -2.752983526012391059e-05 -1.000000000000000000e+00 -7.510821218787265964e-05 3.186546666073874557e-05 2.738739123730056235e-01 1.068646379897861598e+00 9.578133554413267303e-01 1.182372444966181213e+00 0.000000000000000000e+00
7.873486049657457464e+00 1.574682262024415857e+00 -3.297316512233811606e-05 -1.000000000000000000e+00 -7.926144991436180100e-05 2.406357794622052051e-05 4.132848422831258972e-01 1.093184711041091273e+00 9.809202805759340560e-01 1.209014188396834388e+00 0.000000000000000000e+00
7.880051830282980951e+00 1.573370212496058462e+00 -2.897924468417474139e-05 -1.000000000000000000e+00 -7.514009973428630224e-05 2.788608431224636670e-05 3.257788313491758458e-01 1.086239511017283776e+00 9.746171518569939352e-01 1.201469876870118858e+00 0.000000000000000000e+00
7.886623086180188480e+00 1.572059256187587906e+00 -2.196904252613994716e-05 -1.000000000000000000e+00 -6.956600338758919095e-05 3.626490524228478181e-05 1.856120130092762111e-01 1.080248816368689857e+00 9.664713351610344505e-01 1.197567750357224403e+00 0.000000000000000000e+00
7.893199821914964609e+00 1.570749392188117488e+00 -1.898689219119306041e-05 -1.000000000000000000e+00 -6.813347585348078473e-05 4.045643407066991794e-05 1.343542308363154802e-01 1.112635002109114701e+00 9.964543002910851710e-01 1.233215903950366732e+00 0.000000000000000000e+00
7.899782042057002407e+00 1.569440619587517682e+00 -6.046338596289568231e-06 -1.000000000000000000e+00 -5.692508408009064238e-05 5.504618518416981864e-05 1.343626862318814119e-02 1.102449244101860071e+00 9.860251997818306746e-01 1.222880812757989766e+00 0.000000000000000000e+00
7.906369751179806116e+00 1.568132937476418354e+00 9.263979687653736063e-06 1.000000000000000000e+00 -4.332555050192696467e-05 7.186588454210677364e-05 3.143498506584307961e-02 1.085042022839059817e+00 9.674108682525798253e-01 1.206463069976683178e+00 0.000000000000000000e+00
7.912962953860692039e+00 1.566826344946206540e+00 2.287259364983433541e-05 1.000000000000000000e+00 -3.087675112984974578e-05 8.651095505743474528e-05 1.920449953360403583e-01 1.074017925430942766e+00 9.564019624865942593e-01 1.195157359338620884e+00 0.000000000000000000e+00
7.919561654680794760e+00 1.565520841089027337e+00 2.926583241178951365e-05 1.000000000000000000e+00 -2.520159995846652488e-05 9.357747378154385219e-05 3.125628714999777458e-01 1.092923290551763849e+00 9.729472127753259203e-01 1.216829141294646810e+00 0.000000000000000000e+00
7.926165858225068916e+00 1.564216424997781019e+00 3.733865148002007110e-05 1.000000000000000000e+00 -1.769558010390599148e-05 1.022229452851473430e-04 5.099402405906090507e-01 1.086374236777288171e+00 9.665687265556711649e-01 1.210057898318543046e+00 0.000000000000000000e+00
7.932775569082291867e+00 1.562913095766124583e+00 4.690927735959082802e-05 1.000000000000000000e+00 -8.913801265005342166e-06 1.127139006385013622e-04 8.106690682163915085e-01 1.051585239628940460e+00 9.296411316720879503e-01 1.175926509558972821e+00 0.000000000000000000e+00
7.939390791845069018e+00 1.561610852488469980e+00 4.690054321578377133e-05 1.000000000000000000e+00 -9.328503641946611516e-06 1.132193190856508610e-04 7.974079844330645983e-01 1.051957756842658132e+00 9.299926000483824673e-01 1.176274093926654274e+00 0.000000000000000000e+00
7.946011531109834714e+00 1.560309694259983226e+00 4.447487834255565151e-05 1.000000000000000000e+00 -1.235455084612394045e-05 1.115545852607044793e-04 6.998129915798259049e-01 1.047322562836752624e+00 9.236662598816284264e-01 1.173040138601399551e+00 0.000000000000000000e+00
7.952637791476856677e+00 1.559009620176584621e+00 4.059039275924295094e-05 1.000000000000000000e+00 -1.708659735768150033e-05 1.087567164133572813e-04 5.651917152707639502e-01 1.035769321615213956e+00 9.088891671695890073e-01 1.164154921271133070e+00 0.000000000000000000e+00
7.959269577550237784e+00 1.557710629334948083e+00 3.170568119562542205e-05 1.000000000000000000e+00 -2.631839716848058635e-05 1.004577290219680144e-04 3.309862818891389225e-01 1.041378604625156745e+00 9.154811838788167178e-01 1.168809663152032607e+00 0.000000000000000000e+00
7.965906893937922284e+00 1.556412720832499597e+00 1.983828699400197731e-05 1.000000000000000000e+00 -3.834585560798619403e-05 8.886163636423427233e-05 1.247700786708634269e-01 1.059382274335638918e+00 9.314914824205200450e-01 1.189244422370020038e+00 0.000000000000000000e+00
7.972549745251694908e+00 1.555115893767417656e+00 1.188686940795226001e-05 1.000000000000000000e+00 -4.683446940188168222e-05 8.021330250353425183e-05 4.428777157394847563e-02 1.063629484890999288e+00 9.373138521313133520e-01 1.192350298017351040e+00 0.000000000000000000e+00
7.979198136107187977e+00 1.553820147238631932e+00 4.766606851021291652e-06 1.000000000000000000e+00 -5.618883124667313608e-05 7.185191838152554529e-05 7.234154523487745791e-03 1.077157579611230931e+00 9.496630761204136739e-01 1.207811258073065552e+00 0.000000000000000000e+00
7.985852071123881402e+00 1.552525480345822828e+00 6.175000331163090895e-07 1.000000000000000000e+00 -6.170112778939325479e-05 6.613906339539307277e-05 1.259498684120785583e-04 1.090622861633224083e+00 9.656526200970984020e-01 1.219287154371242465e+00 0.000000000000000000e+00
7.992511554925108008e+00 1.551231892189421036e+00 -8.097689086584939352e-07 -1.000000000000000000e+00 -6.160747507905870194e-05 6.383994438349834661e-05 2.232602855443133194e-04 1.099595442912634446e+00 9.734034406096813141e-01 1.229496088799931997e+00 0.000000000000000000e+00
7.999176592138056208e+00 1.549939381870606869e+00 -1.809471836167253543e-06 -1.000000000000000000e+00 -6.022280442713402911e-05 6.227696640780043514e-05 1.106690288928291466e-03 1.110137794599080241e+00 9.861361404515721629e-01 1.238587538545968592e+00 0.000000000000000000e+00
