# OBJ_NAME=4U 1630-47
#         GRID_START=6.00
#         GRID_END=8.00
#         GRID_STEP_FRACTION=0.50
#         XSPEC_FITSTAT=cstat
#         XSPEC_CONTINUUM_MODEL=tbabs*(bbodyrad + pow)*constant
#         XSPEC_LINE_MODEL=gauss
#         LINE_VELOCITY_WIDTH=500
#         INPUT_FILE=/home/simon/Downloads/tgcat/obs_22377_tgid_6098/pm_heg_abs1.pha
#         SEARCH_MODE=Sliding window
#         FIT_REGION_WIDTH=30.00
#         RUNTIME=69
#         COLUMN_NAMES=ENERGY,WAVELENGTH,NORM,NORM_SIGN,NORM_ERR_LO,NORM_ERR_HI,DELTA_FITSTAT,CONSTANT_FACTOR,CONSTANT_FACTOR_ERR_LO,CONSTANT_FACTOR_ERR_HI,FIT_ERR
6.000000000000000000e+00 2.066373137115381287e+00 1.587612657298993647e-07 1.000000000000000000e+00 -3.005260785892986385e-05 3.170489509806415692e-05 2.925336733028416347e-05 1.025559659505946630e+00 1.005000695927475540e+00 1.046388350161277403e+00 0.000000000000000000e+00
6.005003461427972589e+00 2.064651403172383937e+00 -6.277564396633635553e-06 -1.000000000000000000e+00 -3.652999246452884910e-05 2.532030867989320502e-05 4.530903227488636276e-02 1.024238037006045543e+00 1.003517240400408239e+00 1.045233107675163531e+00 0.000000000000000000e+00
6.010011095293655181e+00 2.062931103804642063e+00 -1.501930623339638303e-05 -1.000000000000000000e+00 -4.522450197882691992e-05 1.655445621559536903e-05 2.565770068054291642e-01 1.027111873851169310e+00 1.006469795228137620e+00 1.048024796020002647e+00 0.000000000000000000e+00
6.015022905076486737e+00 2.061212237816845594e+00 -2.220888351220817232e-05 -1.000000000000000000e+00 -5.240182206266800753e-05 9.372561954999479084e-06 5.556606827768888479e-01 1.031080114578982077e+00 1.010343297597524836e+00 1.052088761207312206e+00 0.000000000000000000e+00
6.020038894258807005e+00 2.059494804014679215e+00 -2.353106495595948751e-05 -1.000000000000000000e+00 -5.383068312838123267e-05 8.154290779657426014e-06 6.197354287113512328e-01 1.031126939398770759e+00 1.010221830655493092e+00 1.052308249440744081e+00 0.000000000000000000e+00
6.025059066325860080e+00 2.057778801204824592e+00 -2.051485282255602043e-05 -1.000000000000000000e+00 -5.090489027960313009e-05 1.124589730620039312e-05 4.706929991928632262e-01 1.032108085707555523e+00 1.011151206747479492e+00 1.053342778003498070e+00 0.000000000000000000e+00
6.030083424765796174e+00 2.056064228194956822e+00 -1.392917039918200140e-05 -1.000000000000000000e+00 -4.429664001779958573e-05 1.780764888682965190e-05 2.187102728317853462e-01 1.033881107153511003e+00 1.013043312095632364e+00 1.054993496633773065e+00 0.000000000000000000e+00
6.035111973069674285e+00 2.054351083793744426e+00 -3.132896560035966201e-06 -1.000000000000000000e+00 -3.357304636540913025e-05 2.868776270354825894e-05 1.117914712565948321e-02 1.030677231630380497e+00 1.009720498608721817e+00 1.051912268415296170e+00 0.000000000000000000e+00
6.040144714731465747e+00 2.052639366810848021e+00 9.302534183875505423e-06 1.000000000000000000e+00 -2.142974811944872222e-05 4.142198110267711586e-05 9.851602487070465486e-02 1.024214411007852821e+00 1.003275498919108388e+00 1.045432871676578390e+00 0.000000000000000000e+00
6.045181653248054232e+00 2.050929076056921652e+00 1.874509160133358849e-05 1.000000000000000000e+00 -1.246889548000669820e-05 5.133399050127892909e-05 3.932893450977417160e-01 1.023354609035127316e+00 1.002530713852410660e+00 1.044455478496019163e+00 0.000000000000000000e+00
6.050222792119239301e+00 2.049220210343609683e+00 3.228721393349840969e-05 1.000000000000000000e+00 4.732626590791115550e-07 6.545822959535228802e-05 1.148448008353071259e+00 1.013148832338492067e+00 9.922417461658531446e-01 1.034338154408247723e+00 0.000000000000000000e+00
6.055268134847740846e+00 2.047512768483544576e+00 4.215789459210731810e-05 1.000000000000000000e+00 1.000654890292718553e-05 7.566196666570590250e-05 1.944169724098529173e+00 1.009354900464965121e+00 9.884313098765609151e-01 1.030562399308155408e+00 0.000000000000000000e+00
6.060317684939197314e+00 2.045806749290351334e+00 4.677828997682630850e-05 1.000000000000000000e+00 1.459909963257624419e-05 8.032124081764138723e-05 2.402673539996584395e+00 1.013441275776023609e+00 9.924401892550781534e-01 1.034727071592162595e+00 0.000000000000000000e+00
6.065371445902172809e+00 2.044102151578641724e+00 5.134706287477185777e-05 1.000000000000000000e+00 1.927640045484779269e-05 8.478830816215554480e-05 2.929112933728603707e+00 1.012482856303562828e+00 9.915109942378375063e-01 1.033738779073268166e+00 0.000000000000000000e+00
6.070429421248155322e+00 2.042398974164015168e+00 5.522176410250854587e-05 1.000000000000000000e+00 2.325531109846562603e-05 8.855190434335549060e-05 3.427308541539005660e+00 1.005313126655814848e+00 9.843772902826563032e-01 1.026534332048856690e+00 0.000000000000000000e+00
6.075491614491562942e+00 2.040697215863058300e+00 5.081585722964649337e-05 1.000000000000000000e+00 1.902055665745428013e-05 8.396386760902544463e-05 2.915010779529765728e+00 1.005793181252603752e+00 9.848103680189592701e-01 1.027063092126684785e+00 0.000000000000000000e+00
6.080558029149742971e+00 2.038996875493343186e+00 4.003231220229580041e-05 1.000000000000000000e+00 8.546998497677446387e-06 7.287007133437404811e-05 1.816746483654853250e+00 1.008129544537855082e+00 9.871299123290259159e-01 1.029416208292691426e+00 0.000000000000000000e+00
6.085628668742976366e+00 2.037297951873428659e+00 2.214074403251516216e-05 1.000000000000000000e+00 -8.822031546859984360e-06 5.446777487594516606e-05 5.600754150229363404e-01 1.014058351063145125e+00 9.929581700168415015e-01 1.035446547544562890e+00 0.000000000000000000e+00
6.090703536794479511e+00 2.035600443822857208e+00 -3.945257797585657169e-07 -1.000000000000000000e+00 -3.064223528075072907e-05 3.124274706709467250e-05 1.799477944501859383e-04 1.020573093380964247e+00 9.993679049818362525e-01 1.042067058537296642e+00 0.000000000000000000e+00
6.095782636830406886e+00 2.033904350162153651e+00 -2.531295216821970835e-05 -1.000000000000000000e+00 -5.482203046524769307e-05 5.605960920782639698e-06 7.478625857598899529e-01 1.026098267729168567e+00 1.004672714097794239e+00 1.047817030753575462e+00 0.000000000000000000e+00
6.100865972379854618e+00 2.032209669712826461e+00 -5.095170571300338248e-05 -1.000000000000000000e+00 -7.976671809346805189e-05 -2.070502443843417881e-05 3.036846404438037439e+00 1.030746803049473082e+00 1.009396386307422011e+00 1.052386901378174144e+00 0.000000000000000000e+00
6.105953546974859592e+00 2.030516401297367324e+00 -7.624675063477924335e-05 -1.000000000000000000e+00 -1.045354488564236153e-04 -4.651177461600350437e-05 6.765958770242107789e+00 1.037496234892746116e+00 1.015895218242816478e+00 1.059391613257138154e+00 0.000000000000000000e+00
6.111045364150406556e+00 2.028824543739246700e+00 -9.738713633381597574e-05 -1.000000000000000000e+00 -1.251910729857771455e-04 -6.812869120715845403e-05 1.100472236951597438e+01 1.045839179809544328e+00 1.024098814424290849e+00 1.067875404466247957e+00 0.000000000000000000e+00
6.116141427444425460e+00 2.027134095862917373e+00 -1.057226384867691134e-04 -1.000000000000000000e+00 -1.330241928767118679e-04 -7.695920191674756987e-05 1.315203187172210164e+01 1.044557697037833410e+00 1.022968692607417962e+00 1.066439170660993474e+00 0.000000000000000000e+00
6.121241740397799447e+00 2.025445056493809570e+00 -1.032240124068370185e-04 -1.000000000000000000e+00 -1.301209757131774976e-04 -7.486561298544526261e-05 1.287851001969170284e+01 1.038424955671653382e+00 1.016756788130109834e+00 1.060389990628530565e+00 0.000000000000000000e+00
6.126346306554362187e+00 2.023757424458334508e+00 -9.893467158528121376e-05 -1.000000000000000000e+00 -1.256181877336369067e-04 -7.079471988883597508e-05 1.204613454367776626e+01 1.040429194771102628e+00 1.018714163963522878e+00 1.062441976241199182e+00 0.000000000000000000e+00
6.131455129460903208e+00 2.022071198583879958e+00 -9.043523416257647906e-05 -1.000000000000000000e+00 -1.173524601773104798e-04 -6.206736866997271092e-05 1.006440536234828187e+01 1.037313542618221840e+00 1.015580382991064345e+00 1.059345978459033777e+00 0.000000000000000000e+00
6.136568212667169675e+00 2.020386377698810687e+00 -8.140039498848647133e-05 -1.000000000000000000e+00 -1.089287847102080384e-04 -5.243427368484858072e-05 7.988445974378109327e+00 1.035301234712879159e+00 1.013572641143257735e+00 1.057329333546915384e+00 0.000000000000000000e+00
6.141685559725869936e+00 2.018702960632467569e+00 -6.922541107240262777e-05 -1.000000000000000000e+00 -9.750921050759402662e-05 -3.951457211953824923e-05 5.638950712214381156e+00 1.030834088623420186e+00 1.009076197462270841e+00 1.052893869178146646e+00 0.000000000000000000e+00
6.146807174192673529e+00 2.017020946215167587e+00 -5.301399334377362592e-05 -1.000000000000000000e+00 -8.191559554475885728e-05 -2.267916056935548455e-05 3.265252984676919823e+00 1.023876278855233135e+00 1.002122992041279970e+00 1.045933306688390685e+00 0.000000000000000000e+00
6.151933059626216505e+00 2.015340333278202056e+00 -3.631327879145216644e-05 -1.000000000000000000e+00 -6.564442957341898820e-05 -5.545737818527731887e-06 1.528555470033111874e+00 1.020192325685242540e+00 9.984830876477950312e-01 1.042204813679546538e+00 0.000000000000000000e+00
6.157063219588101433e+00 2.013661120653835290e+00 -1.678883123119485356e-05 -1.000000000000000000e+00 -4.651567192266635535e-05 1.437504121269915074e-05 3.282230994611552433e-01 1.010013000922200810e+00 9.883628131786275084e-01 1.031968094319546836e+00 0.000000000000000000e+00
6.162197657642900950e+00 2.011983307175305935e+00 -1.386072281828604884e-07 -1.000000000000000000e+00 -3.026206379124882605e-05 3.141536182234675215e-05 2.238893104333783413e-05 1.001990791416341509e+00 9.803721794985411631e-01 1.023915518722191997e+00 0.000000000000000000e+00
6.167336377358160426e+00 2.010306891676824304e+00 1.076631626360762498e-05 1.000000000000000000e+00 -1.976505107726769816e-05 4.272028915275238501e-05 1.340057696438066159e-01 9.999887176794333143e-01 9.782092176112314741e-01 1.022079854407573984e+00 0.000000000000000000e+00
6.172479382304400630e+00 2.008631872993570600e+00 1.892430562028189328e-05 1.000000000000000000e+00 -1.194660771887801862e-05 5.121184123907737565e-05 4.098927133331216055e-01 9.958829117667459263e-01 9.742635451984718031e-01 1.017810747798436832e+00 0.000000000000000000e+00
6.177626676055119503e+00 2.006958249961698471e+00 2.249045824306183965e-05 1.000000000000000000e+00 -8.642626852062597060e-06 5.504202871346795638e-05 5.735353760802155421e-01 9.935349377268792859e-01 9.717506792131889171e-01 1.015632852565183208e+00 0.000000000000000000e+00
6.182778262186794827e+00 2.005286021418328790e+00 2.010168266577867259e-05 1.000000000000000000e+00 -1.111453770323724051e-05 5.275371090426433105e-05 4.543009893367724317e-01 9.968727243725697962e-01 9.749896724932513026e-01 1.019070834544264281e+00 0.000000000000000000e+00
6.187934144278887771e+00 2.003615186201552323e+00 1.769588982360645302e-05 1.000000000000000000e+00 -1.352121134666010770e-05 5.037024236313266968e-05 3.503497170110421166e-01 9.949459303304334368e-01 9.732045830771162143e-01 1.016998479865481864e+00 0.000000000000000000e+00
6.193094325913842901e+00 2.001945743150427948e+00 1.094556616579459298e-05 1.000000000000000000e+00 -2.028192694801897743e-05 4.363982751014897977e-05 1.328289250428440482e-01 1.000148063512014351e+00 9.781634605671987170e-01 1.022449306936754398e+00 0.000000000000000000e+00
6.198258810677093500e+00 2.000277691104981770e+00 5.508310843139567210e-06 1.000000000000000000e+00 -2.575360411795001671e-05 3.824742052951152422e-05 3.331983149843154024e-02 1.003275480201410774e+00 9.811888389594041193e-01 1.025680323121793247e+00 0.000000000000000000e+00
6.203427602157062459e+00 1.998611028906206677e+00 3.748042836067413560e-06 1.000000000000000000e+00 -2.756800202031868373e-05 3.656185135990118798e-05 1.531397058948869017e-02 1.002404861806379444e+00 9.804464709256166532e-01 1.024677743705562305e+00 0.000000000000000000e+00
6.208600703945164057e+00 1.996945755396060118e+00 6.313421765122631365e-06 1.000000000000000000e+00 -2.516692918974175382e-05 3.929819053986423680e-05 4.325098537948690591e-02 9.984920927028887450e-01 9.763883465317373389e-01 1.020915546751501424e+00 0.000000000000000000e+00
6.213778119635809283e+00 1.995281869417466547e+00 1.160666657235875536e-05 1.000000000000000000e+00 -2.001987611186440116e-05 4.472067183088890681e-05 1.460780724208348147e-01 9.952621980955411729e-01 9.731371087318364532e-01 1.017708989898039373e+00 0.000000000000000000e+00
6.218959852826404955e+00 1.993619369814312314e+00 1.693729774614968311e-05 1.000000000000000000e+00 -1.470475682000741733e-05 5.004677837217727456e-05 3.129975746395103897e-01 9.960630346961631965e-01 9.738871976431737743e-01 1.018562347566878135e+00 0.000000000000000000e+00
6.224145907117359044e+00 1.991958255431448777e+00 2.307759179279073893e-05 1.000000000000000000e+00 -8.440552012588048507e-06 5.606025642320901648e-05 5.896363388422116714e-01 9.946883648729150096e-01 9.725559557933296517e-01 1.017143795421683761e+00 0.000000000000000000e+00
6.229336286112081567e+00 1.990298525114688521e+00 2.685465932863866326e-05 1.000000000000000000e+00 -4.513461459655161479e-06 5.969635570585480494e-05 8.094601565742323146e-01 9.934772957947003436e-01 9.713194777337217367e-01 1.015959333784153262e+00 0.000000000000000000e+00
6.234530993416986355e+00 1.988640177710806478e+00 2.533335869271013979e-05 1.000000000000000000e+00 -5.990756051747079056e-06 5.814183094990784474e-05 7.211418559192566136e-01 9.964563397315705506e-01 9.740888126014599635e-01 1.019153100698806158e+00 0.000000000000000000e+00
6.239730032641496393e+00 1.986983212067538140e+00 2.258358873962206014e-05 1.000000000000000000e+00 -8.862820838767563122e-06 5.552726275364932884e-05 5.660506724774165832e-01 9.944124335894087841e-01 9.721827904277117183e-01 1.016967878375767631e+00 0.000000000000000000e+00
6.244933407398043812e+00 1.985327627033580011e+00 1.884320966324716450e-05 1.000000000000000000e+00 -1.291348020580762324e-05 5.210802459804659138e-05 3.853340023809863624e-01 9.896417761835615279e-01 9.673733025436871413e-01 1.012238399439850278e+00 0.000000000000000000e+00
6.250141121302072555e+00 1.983673421458586272e+00 1.232474014294764358e-05 1.000000000000000000e+00 -1.972385585730982476e-05 4.589103654667853703e-05 1.609331286830268937e-01 9.909974934758161158e-01 9.684932051689556509e-01 1.013835965546130202e+00 0.000000000000000000e+00
6.255353177972041934e+00 1.982020594193170782e+00 1.074445506963064712e-05 1.000000000000000000e+00 -2.139325771629392651e-05 4.441223850387475229e-05 1.212701097485222590e-01 9.874509677809086838e-01 9.651056211186074263e-01 1.010126845606438506e+00 0.000000000000000000e+00
6.260569581029430175e+00 1.980369144088905076e+00 1.292062729763498908e-05 1.000000000000000000e+00 -1.911610634630955726e-05 4.649621310137940769e-05 1.768587600607389732e-01 9.847279174947890512e-01 9.623634577094742903e-01 1.007424203077604830e+00 0.000000000000000000e+00
6.265790334098732650e+00 1.978719069998317037e+00 1.711027286429775339e-05 1.000000000000000000e+00 -1.476363530488330008e-05 5.053062061147126354e-05 3.149601516281421709e-01 9.855380996609138800e-01 9.630048018300125801e-01 1.008408128923171221e+00 0.000000000000000000e+00
6.271015440807469865e+00 1.977070370774890451e+00 2.410519175535185906e-05 1.000000000000000000e+00 -7.765595830348795609e-06 5.752719117220766890e-05 6.311067466510991153e-01 9.848336762687148749e-01 9.622642645571658493e-01 1.007741090889625601e+00 0.000000000000000000e+00
6.276244904786186574e+00 1.975423045273065226e+00 3.239123472275798305e-05 1.000000000000000000e+00 2.378027879508052005e-07 6.608818019228732837e-05 1.133597486564070778e+00 9.829482299782411614e-01 9.604039587924859678e-01 1.005830575534843785e+00 0.000000000000000000e+00
6.281478729668454442e+00 1.973777092348234952e+00 3.785272270696383637e-05 1.000000000000000000e+00 5.226857882570571756e-06 7.200395457321252975e-05 1.517368516134652623e+00 9.874374910307462949e-01 9.647664621576255151e-01 1.010449163512270987e+00 0.000000000000000000e+00
6.286716919090875599e+00 1.972132510856748011e+00 4.612104242283966986e-05 1.000000000000000000e+00 1.298221766736024969e-05 8.077623545291444948e-05 2.211646987724023461e+00 9.852080048633482523e-01 9.624808906230453154e-01 1.008278435861209577e+00 0.000000000000000000e+00
6.291959476693084419e+00 1.970489299655904469e+00 5.346033773107779083e-05 1.000000000000000000e+00 2.001984181164012260e-05 8.841467381714797672e-05 2.947790347069314976e+00 9.835439339801593794e-01 9.608336802871610960e-01 1.006597653870841658e+00 0.000000000000000000e+00
6.297206406117751065e+00 1.968847457603957185e+00 5.966043923535534373e-05 1.000000000000000000e+00 2.618455649201186706e-05 9.465571866102423927e-05 3.694376793605684384e+00 9.812737419916085502e-01 9.585375055067587580e-01 1.004354967657461906e+00 0.000000000000000000e+00
6.302457711010582386e+00 1.967206983560110700e+00 6.298679735345931018e-05 1.000000000000000000e+00 2.966952053151329551e-05 9.783190367957936078e-05 4.174812576608204040e+00 9.802701348632542055e-01 9.575049649138993590e-01 1.003381575374370005e+00 0.000000000000000000e+00
6.307713395020327241e+00 1.965567876384518575e+00 6.285884789146630738e-05 1.000000000000000000e+00 2.974600513404467472e-05 9.750718762937168860e-05 4.205680213437275938e+00 9.803210181546107016e-01 9.575746189921655604e-01 1.003413266297033646e+00 0.000000000000000000e+00
6.312973461798775610e+00 1.963930134938285832e+00 6.252341937491272402e-05 1.000000000000000000e+00 2.949897982376388749e-05 9.708836373379734343e-05 4.185091579771764714e+00 9.733162008997036097e-01 9.505875496146320991e-01 9.963925737766877733e-01 0.000000000000000000e+00
6.318237915000763039e+00 1.962293758083465844e+00 5.548306046125425935e-05 1.000000000000000000e+00 2.249257007342822236e-05 9.001666443430911312e-05 3.275960339325095561e+00 9.738593006927591667e-01 9.509154780645300287e-01 9.971571381820257818e-01 0.000000000000000000e+00
6.323506758284172413e+00 1.960658744683059451e+00 4.356362596757852839e-05 1.000000000000000000e+00 1.069465231269377937e-05 7.798286645582466368e-05 1.998188648063177197e+00 9.791284712539847224e-01 9.562454182598657537e-01 1.002361868900625508e+00 0.000000000000000000e+00
6.328779995309938400e+00 1.959025093601015399e+00 3.128117080492004719e-05 1.000000000000000000e+00 -1.370476038882936505e-06 6.549093391522473431e-05 1.026437009676840262e+00 9.819873573097445130e-01 9.589979379167364870e-01 1.005329061706931926e+00 0.000000000000000000e+00
6.334057629742047446e+00 1.957392803702229900e+00 2.023926229025693784e-05 1.000000000000000000e+00 -1.203161526636741603e-05 5.408499242134356255e-05 4.330284367790255828e-01 9.827345014644662813e-01 9.595461090848671493e-01 1.006280857260071659e+00 0.000000000000000000e+00
6.339339665247542221e+00 1.955761873852543076e+00 9.335689555443238524e-06 1.000000000000000000e+00 -2.239108989092923006e-05 4.266307814505341102e-05 9.336123824219555445e-02 9.868038940273892168e-01 9.637228126759255220e-01 1.010237866537331053e+00 0.000000000000000000e+00
6.344626105496522506e+00 1.954132302918741848e+00 -1.561962367341610719e-06 -1.000000000000000000e+00 -3.284628547639803129e-05 3.134218516560434512e-05 2.635188913956199031e-03 9.957902698362678384e-01 9.725585362776241194e-01 1.019376259316377986e+00 0.000000000000000000e+00
6.349916954162148741e+00 1.952504089768555939e+00 -7.999150285552563186e-06 -1.000000000000000000e+00 -3.914314392503513289e-05 2.475532084264697136e-05 6.911108383667396993e-02 9.994269597874468891e-01 9.759584635042967138e-01 1.023256074574797836e+00 0.000000000000000000e+00
6.355212214920644698e+00 1.950877233270659206e+00 -1.092673168818765390e-05 -1.000000000000000000e+00 -4.210179944508150006e-05 2.183493202570629542e-05 1.283431517309026049e-01 9.995775131099186028e-01 9.760344068192913225e-01 1.023484020899206426e+00 0.000000000000000000e+00
6.360511891451300137e+00 1.949251732294668749e+00 -1.187933409291194143e-05 -1.000000000000000000e+00 -4.301187167462523330e-05 2.083982619982524789e-05 1.517630066779105391e-01 9.997971867759923859e-01 9.762594683310374943e-01 1.023698266692098624e+00 0.000000000000000000e+00
6.365815987436472589e+00 1.947627585711142251e+00 -9.326898087563555538e-06 -1.000000000000000000e+00 -4.032579644930820177e-05 2.327654929884204703e-05 9.454693607868591698e-02 9.956994545414638020e-01 9.721570780662267541e-01 1.019606627855991876e+00 0.000000000000000000e+00
6.371124506561590906e+00 1.946004792391578420e+00 -1.244097099428371750e-05 -1.000000000000000000e+00 -4.323540846375876297e-05 1.996291594772223307e-05 1.691868355165837556e-01 1.006156629719239914e+00 9.824485193531526939e-01 1.030231147867242125e+00 0.000000000000000000e+00
6.376437452515156146e+00 1.944383351208418098e+00 -1.126704499846924084e-05 -1.000000000000000000e+00 -4.201741908369376077e-05 2.108513563666842338e-05 1.392961005807649144e-01 1.005867484363757836e+00 9.821763492586202959e-01 1.029924994973864028e+00 0.000000000000000000e+00
6.381754828988746020e+00 1.942763261035039601e+00 -8.773147362444838390e-06 -1.000000000000000000e+00 -3.961323752887812606e-05 2.366568630040664624e-05 8.438424076246064942e-02 1.000104399164228663e+00 9.764071384531545217e-01 1.024170395400541445e+00 0.000000000000000000e+00
6.387076639677015777e+00 1.941144520745761159e+00 -7.217903853582415898e-06 -1.000000000000000000e+00 -3.818376833613489226e-05 2.535675999262016595e-05 5.685267905329283167e-02 9.941133202776178956e-01 9.704082388879190502e-01 1.018189444671814714e+00 0.000000000000000000e+00
6.392402888277703532e+00 1.939527129215838475e+00 -9.078531252687274759e-06 -1.000000000000000000e+00 -4.011783895645833643e-05 2.358107207549566407e-05 8.924443346717225722e-02 9.945531340856746949e-01 9.708398726491858088e-01 1.018637413300898187e+00 0.000000000000000000e+00
6.397733578491629380e+00 1.937911085321463833e+00 -8.109819313078425846e-06 -1.000000000000000000e+00 -3.921286731264932894e-05 2.461037659142285090e-05 7.111362169527524202e-02 9.881015052635582219e-01 9.643886052466706937e-01 1.012187682783617593e+00 0.000000000000000000e+00
6.403068714022700725e+00 1.936296387939767438e+00 -9.621458443404510153e-06 -1.000000000000000000e+00 -4.063114204126747184e-05 2.299177927036412275e-05 1.005689812214711765e-01 9.873355406085941866e-01 9.634335672994549515e-01 1.011617599677550938e+00 0.000000000000000000e+00
6.408408298577912277e+00 1.934683035948813856e+00 -1.179455596552138345e-05 -1.000000000000000000e+00 -4.244893832932372993e-05 2.046122465732031382e-05 1.534479642238864017e-01 9.868999569622631807e-01 9.631667330412828631e-01 1.011008478098942120e+00 0.000000000000000000e+00
6.413752335867351384e+00 1.933071028227602239e+00 -1.507263012928463847e-05 -1.000000000000000000e+00 -4.526394705809747552e-05 1.672671155321809930e-05 2.559981461951394976e-01 9.853653778056730150e-01 9.616046246458188618e-01 1.009502948521709298e+00 0.000000000000000000e+00
6.419100829604198033e+00 1.931460363656067436e+00 -2.220129392984842022e-05 -1.000000000000000000e+00 -5.194265097425702807e-05 9.156605563752119185e-06 5.641488662094076290e-01 9.867499018153627066e-01 9.627853499901206646e-01 1.011097240241716655e+00 0.000000000000000000e+00
6.424453783504729287e+00 1.929851041115075327e+00 -3.449544234935262351e-05 -1.000000000000000000e+00 -6.383822789166035730e-05 -3.514849105598807759e-06 1.363103665801475017e+00 9.930622098396648667e-01 9.691665089450296477e-01 1.017336171106766773e+00 0.000000000000000000e+00
6.429811201288321953e+00 1.928243059486426159e+00 -4.916093017294331888e-05 -1.000000000000000000e+00 -7.832841200411718309e-05 -1.833982567917765989e-05 2.733826927140540874e+00 9.985676976796626914e-01 9.743825245553572323e-01 1.023137997408234634e+00 0.000000000000000000e+00
6.435173086677453469e+00 1.926636417652850763e+00 -6.720825738689934837e-05 -1.000000000000000000e+00 -9.624261703876076188e-05 -3.650122318376517860e-05 4.999067781891653794e+00 1.010432102572087265e+00 9.860103222435133707e-01 1.035241655255210391e+00 0.000000000000000000e+00
6.440539443397706343e+00 1.925031114498011453e+00 -7.873885370529019369e-05 -1.000000000000000000e+00 -1.076048779942850723e-04 -4.815977555739921027e-05 6.771361984805849943e+00 1.013354301932950285e+00 9.890275721405261677e-01 1.038064190644649498e+00 0.000000000000000000e+00
6.445910275177769044e+00 1.923427148906499795e+00 -8.618037651524564926e-05 -1.000000000000000000e+00 -1.149037693260695321e-04 -5.570865293448481591e-05 8.059743361694785335e+00 1.020928163970750369e+00 9.963011114770257137e-01 1.045944371194357458e+00 0.000000000000000000e+00
6.451285585749439555e+00 1.921824519763838390e+00 -8.474429502597313443e-05 -1.000000000000000000e+00 -1.135527056337278808e-04 -5.419623337316808125e-05 7.775957285119233120e+00 1.024465710604918200e+00 9.997306269432368886e-01 1.049592490729318373e+00 0.000000000000000000e+00
6.456665378847628034e+00 1.920223225956476210e+00 -7.422644542021457771e-05 -1.000000000000000000e+00 -1.033331698188227898e-04 -4.340835589146019757e-05 5.974227342704466537e+00 1.021822420897256167e+00 9.971333849298403829e-01 1.046903282710462957e+00 0.000000000000000000e+00
6.462049658210359482e+00 1.918623266371792813e+00 -5.823758299458211272e-05 -1.000000000000000000e+00 -8.773634705621998647e-05 -2.703765629655360738e-05 3.690444412247558148e+00 1.016532939232557498e+00 9.918487605239788563e-01 1.041611352960032377e+00 0.000000000000000000e+00
6.467438427578775517e+00 1.917024639898092353e+00 -4.313298140616415318e-05 -1.000000000000000000e+00 -7.311278185803742015e-05 -1.145636836861144571e-05 2.016501895332183381e+00 1.017366987695818015e+00 9.926094558517569721e-01 1.042520939314075079e+00 0.000000000000000000e+00
6.472831690697137930e+00 1.915427345424606687e+00 -2.634008912923269295e-05 -1.000000000000000000e+00 -5.695218150949400541e-05 5.951037016186551263e-06 7.448861420687080681e-01 1.013241058007275264e+00 9.885360685954467375e-01 1.038342914985529220e+00 0.000000000000000000e+00
6.478229451312831344e+00 1.913831381841492263e+00 -1.246535732464988677e-05 -1.000000000000000000e+00 -4.372104884093637168e-05 2.046207187417738095e-05 1.642940882740049346e-01 1.012570649641326259e+00 9.877897711903723676e-01 1.037751253292742426e+00 0.000000000000000000e+00
6.483631713176364109e+00 1.912236748039830792e+00 1.824307139761414863e-06 1.000000000000000000e+00 -3.005425039871488250e-05 3.538009665611081226e-05 3.470692336492220420e-03 1.005701528691141933e+00 9.809139903891715973e-01 1.030891548641301281e+00 0.000000000000000000e+00
6.489038480041373624e+00 1.910643442911627687e+00 1.177747158011099110e-05 1.000000000000000000e+00 -2.060949292234503648e-05 4.584387373136602036e-05 1.425456028364635586e-01 1.003277264876958785e+00 9.785130251867291129e-01 1.028443935730709358e+00 0.000000000000000000e+00
6.494449755664626345e+00 1.909051465349812737e+00 1.902082239588279562e-05 1.000000000000000000e+00 -1.374086389336634875e-05 5.345383368795381378e-05 3.679789956076149338e-01 1.000815101339477486e+00 9.759948876883682845e-01 1.026040678160051511e+00 0.000000000000000000e+00
6.499865543806021329e+00 1.907460814248235881e+00 2.398598945090326157e-05 1.000000000000000000e+00 -8.960120787390366253e-06 5.859770543769393159e-05 5.840588157215194087e-01 9.964845612625765625e-01 9.714967077391696293e-01 1.021885288101892275e+00 0.000000000000000000e+00
6.505285848228594681e+00 1.905871488501671207e+00 2.287589557264791524e-05 1.000000000000000000e+00 -9.939508660742118546e-06 5.736710606090098257e-05 5.331051003412454747e-01 9.982329702376154801e-01 9.733857341887426351e-01 1.023487822631781397e+00 0.000000000000000000e+00
6.510710672698518664e+00 1.904283487005811404e+00 1.688635940890399924e-05 1.000000000000000000e+00 -1.564159060538545081e-05 5.110489495754130687e-05 2.924566880144965353e-01 1.002504928965077147e+00 9.775423169106460808e-01 1.027877152597570731e+00 0.000000000000000000e+00
6.516140020985107917e+00 1.902696808657271088e+00 1.061156542410668222e-05 1.000000000000000000e+00 -2.161151678080338532e-05 4.453539509099074594e-05 1.165569476116843362e-01 9.979090138371661256e-01 9.727874070010678054e-01 1.023447290005722765e+00 0.000000000000000000e+00
6.521573896860818564e+00 1.901111452353583031e+00 -2.859620235067654571e-06 -1.000000000000000000e+00 -3.467002312038697812e-05 3.066533102159148385e-05 8.472170931781874970e-03 1.001685182622553016e+00 9.766674214674780918e-01 1.027114498079336746e+00 0.000000000000000000e+00
6.527012304101254436e+00 1.899527416993199491e+00 -2.099905443098440847e-05 -1.000000000000000000e+00 -5.242487205442034580e-05 1.215043947315541117e-05 4.546427786709443808e-01 1.009801998257458644e+00 9.844551710617025497e-01 1.035568055795253795e+00 0.000000000000000000e+00
6.532455246485166178e+00 1.897944701475490215e+00 -3.932992718160079916e-05 -1.000000000000000000e+00 -7.030444943140819625e-05 -6.585725321562155602e-06 1.586882420088457479e+00 1.015728897697061983e+00 9.902143340975749775e-01 1.041665104639919237e+00 0.000000000000000000e+00
6.537902727794456581e+00 1.896363304700741548e+00 -5.640761146398105548e-05 -1.000000000000000000e+00 -8.692034216456248608e-05 -2.406369824623581089e-05 3.242300537093981916e+00 1.022067884071489408e+00 9.966197096927681409e-01 1.047932089838277792e+00 0.000000000000000000e+00
6.543354751814182357e+00 1.894783225570156437e+00 -6.781437318073961777e-05 -1.000000000000000000e+00 -9.820113971211992879e-05 -3.556629332326701349e-05 4.632457327117819545e+00 1.024417377579123878e+00 9.986937874343985166e-01 1.050564348372444501e+00 0.000000000000000000e+00
6.548811322332555918e+00 1.893204462985853986e+00 -7.496554748156287681e-05 -1.000000000000000000e+00 -1.054863490533659224e-04 -4.259480661179957577e-05 5.565651123535189981e+00 1.032232247880520815e+00 1.006315368921654407e+00 1.058576034897283913e+00 0.000000000000000000e+00
6.554272443140948923e+00 1.891627015850867455e+00 -6.975087318429693678e-05 -1.000000000000000000e+00 -1.005121567031089062e-04 -3.716623967747386819e-05 4.802370844109759673e+00 1.030873000817771556e+00 1.004979018625229870e+00 1.057194259420760618e+00 0.000000000000000000e+00
6.559738118033894949e+00 1.890050883069143817e+00 -5.744381160487719559e-05 -1.000000000000000000e+00 -8.830380081416392161e-05 -2.478621304639516465e-05 3.303424948599229083e+00 1.030073025048015234e+00 1.004133684356237843e+00 1.056441997624970597e+00 0.000000000000000000e+00
6.565208350809092153e+00 1.888476063545543981e+00 -3.978133374059678105e-05 -1.000000000000000000e+00 -7.068827316896667944e-05 -7.094340861949224809e-06 1.623728290586669232e+00 1.023394256827379500e+00 9.974963643896929133e-01 1.049723932747584687e+00 0.000000000000000000e+00
6.570683145267405045e+00 1.886902556185840796e+00 -2.480034595176085994e-05 -1.000000000000000000e+00 -5.581272184102132326e-05 7.979423327969571315e-06 6.418097693220090605e-01 1.019643103257610761e+00 9.938278000060697392e-01 1.045889441228633920e+00 0.000000000000000000e+00
6.576162505212867160e+00 1.885330359896719488e+00 -1.389846881442697973e-05 -1.000000000000000000e+00 -4.518893827685339058e-05 1.915573960096567167e-05 2.019089747660416378e-01 1.016200582839802191e+00 9.903493539879568708e-01 1.042485957503373140e+00 0.000000000000000000e+00
6.581646434452685490e+00 1.883759473585775446e+00 -1.085428955562091656e-05 -1.000000000000000000e+00 -4.254689017334616357e-05 2.260301556289084717e-05 1.211131439222299377e-01 1.020672186228890999e+00 9.945145233978637256e-01 1.047272326457098224e+00 0.000000000000000000e+00
6.587134936797241380e+00 1.882189896161514886e+00 -9.795129388163488284e-06 -1.000000000000000000e+00 -4.190502016199665797e-05 2.409575225911181291e-05 9.639609839445029138e-02 1.019289241425590742e+00 9.932701133805765803e-01 1.045746244807620462e+00 0.000000000000000000e+00
6.592628016060094076e+00 1.880621626533353297e+00 -1.202434425392501220e-05 -1.000000000000000000e+00 -4.450574306170761136e-05 2.225931945830419550e-05 1.418974040535232461e-01 1.019125741721434775e+00 9.929858851419339771e-01 1.045706775912773834e+00 0.000000000000000000e+00
6.598125676057981615e+00 1.879054663611614329e+00 -1.740802720932330903e-05 -1.000000000000000000e+00 -5.010553064007064353e-05 1.710971994227932392e-05 2.918783444977179897e-01 1.024955323858925960e+00 9.984774887282173994e-01 1.051882516376107857e+00 0.000000000000000000e+00
6.603627920610826152e+00 1.877489006307530905e+00 -1.946580633533888586e-05 -1.000000000000000000e+00 -5.220561023745300946e-05 1.511414327373734431e-05 3.622031466092465735e-01 1.026364884645018183e+00 1.000018127485166941e+00 1.053155349670331420e+00 0.000000000000000000e+00
6.609134753541735741e+00 1.875924653533241671e+00 -1.388312558415868205e-05 -1.000000000000000000e+00 -4.675655357933777639e-05 2.085530829706904924e-05 1.846450251410374221e-01 1.016388099746493134e+00 9.899223320786183500e-01 1.043305342199206009e+00 0.000000000000000000e+00
6.614646178677005217e+00 1.874361604201792542e+00 -1.068041401925586958e-05 -1.000000000000000000e+00 -4.371706373542795461e-05 2.424137360941119044e-05 1.087500398008529601e-01 1.019717014688968915e+00 9.931189850057168256e-01 1.046769198822478986e+00 0.000000000000000000e+00
6.620162199846120643e+00 1.872799857227134490e+00 -3.721102626311453841e-06 -1.000000000000000000e+00 -3.711167202522529425e-05 3.155027578249269593e-05 1.306634835516717885e-02 1.021558394260190461e+00 9.950890040596547248e-01 1.048477111391883376e+00 0.000000000000000000e+00
6.625682820881761970e+00 1.871239411524124430e+00 8.849401803525257208e-06 1.000000000000000000e+00 -2.510666834371718845e-05 4.466311903920828911e-05 7.320170460792496669e-02 1.016519019416049829e+00 9.898634002285573441e-01 1.043633119176678337e+00 0.000000000000000000e+00
6.631208045619805702e+00 1.869680266008521441e+00 2.071946873732358267e-05 1.000000000000000000e+00 -1.369975905321709636e-05 5.698377119305319009e-05 3.982505658910469037e-01 1.017171105166243983e+00 9.904190142863038560e-01 1.044384958678288289e+00 0.000000000000000000e+00
6.636737877899325788e+00 1.868122419596990769e+00 3.454745033366158285e-05 1.000000000000000000e+00 -2.403843664418501788e-07 7.118640690316162928e-05 1.106031614512900774e+00 1.013636732055795742e+00 9.869456863063091889e-01 1.040789268918934862e+00 0.000000000000000000e+00
6.642272321562598059e+00 1.866565871207098271e+00 4.974789706482516988e-05 1.000000000000000000e+00 1.461964653419308221e-05 8.672367330202527484e-05 2.302297856108992846e+00 1.003284947321547493e+00 9.766481809230913580e-01 1.030386109013204265e+00 0.000000000000000000e+00
6.647811380455102892e+00 1.865010619757312416e+00 6.162453244369506863e-05 1.000000000000000000e+00 2.625524142651626227e-05 9.882929072635813366e-05 3.547751956269735274e+00 9.935698581181923172e-01 9.669785163090762747e-01 1.020629072851635177e+00 0.000000000000000000e+00
6.653355058425526991e+00 1.863456664167002952e+00 6.551806529621272373e-05 1.000000000000000000e+00 3.008686541789416281e-05 1.027773724378438933e-04 4.014582519817039952e+00 9.926283564208822074e-01 9.660668964038923168e-01 1.019657700080190965e+00 0.000000000000000000e+00
6.658903359325766047e+00 1.861904003356439352e+00 6.422080347347535270e-05 1.000000000000000000e+00 2.884493467542812968e-05 1.014342571645661091e-04 3.862471671835805864e+00 9.919011357359490688e-01 9.652612912250781996e-01 1.019011966930247759e+00 0.000000000000000000e+00
6.664456287010930069e+00 1.860352636246791480e+00 5.777026435141601916e-05 1.000000000000000000e+00 2.254122901241725188e-05 9.486179420369739417e-05 3.127235418610652573e+00 9.911673752508836088e-01 9.642847707411190683e-01 1.018529163215245115e+00 0.000000000000000000e+00
6.670013845339340719e+00 1.858802561760127592e+00 4.673162657268125524e-05 1.000000000000000000e+00 1.176991161792284140e-05 8.358761227221457504e-05 2.040536446613756993e+00 9.908640183674815027e-01 9.641396092410595697e-01 1.018061744295479354e+00 0.000000000000000000e+00
6.675576038172540194e+00 1.857253778819414780e+00 2.793475754000052718e-05 1.000000000000000000e+00 -6.764651035343292445e-06 6.454396670221519336e-05 7.200564826778617089e-01 1.001927361619296297e+00 9.747896705555624264e-01 1.029547209654325002e+00 0.000000000000000000e+00
6.681142869375288562e+00 1.855706286348516532e+00 1.711204924525660994e-05 1.000000000000000000e+00 -1.746818684924113328e-05 5.362787792558718162e-05 2.679613947939145646e-01 9.915766658793847554e-01 9.644468366136419446e-01 1.019192544623884533e+00 0.000000000000000000e+00
6.686714342815570866e+00 1.854160083272192949e+00 2.018398832873736951e-06 1.000000000000000000e+00 -3.232852602027419948e-05 3.833784373986680809e-05 3.682159749132551951e-03 9.950821203015508543e-01 9.680495943231963718e-01 1.022594862555978201e+00 0.000000000000000000e+00
6.692290462364595349e+00 1.852615168516101862e+00 -1.204456441089005472e-05 -1.000000000000000000e+00 -4.615179632804334122e-05 2.406722349730515436e-05 1.299858068266246391e-01 1.006233763915715285e+00 9.787932054194381504e-01 1.034162936464626981e+00 0.000000000000000000e+00
6.697871231896799671e+00 1.851071541006794829e+00 -1.713357740597803151e-05 -1.000000000000000000e+00 -5.106621343571581277e-05 1.881013554211957912e-05 2.632428434320388533e-01 1.011098986218252893e+00 9.835014865294549047e-01 1.039188674578446436e+00 0.000000000000000000e+00
6.703456655289853572e+00 1.849529199671717139e+00 -1.340140033197765873e-05 -1.000000000000000000e+00 -4.724902315656802029e-05 2.244246319515963634e-05 1.625673490807599819e-01 1.010105938188534225e+00 9.825502856151684394e-01 1.038153552808565250e+00 0.000000000000000000e+00
6.709046736424657986e+00 1.847988143439209141e+00 -4.283919858189199641e-06 -1.000000000000000000e+00 -3.811599035433551670e-05 3.152357578541295627e-05 1.686005642038423957e-02 1.007029579627635840e+00 9.794401013199071082e-01 1.035114395383541774e+00 0.000000000000000000e+00
6.714641479185352146e+00 1.846448371238503361e+00 3.254181664830033937e-06 1.000000000000000000e+00 -3.056382558570097088e-05 3.903076202453849210e-05 9.842592683185102942e-03 1.012173207921885032e+00 9.844463217596434168e-01 1.040398662808258656e+00 0.000000000000000000e+00
6.720240887459313583e+00 1.844909881999724721e+00 1.322415009398999397e-05 1.000000000000000000e+00 -2.069866474281165569e-05 4.909517616639434191e-05 1.640060262117231105e-01 1.009545785568776388e+00 9.818821124210177498e-01 1.037707555624947542e+00 0.000000000000000000e+00
6.725844965137160791e+00 1.843372674653889876e+00 1.770991963024255201e-05 1.000000000000000000e+00 -1.637990814005541794e-05 5.373644937119542812e-05 2.934846225625307170e-01 1.014307025929511274e+00 9.864834310806626094e-01 1.042632516341623905e+00 0.000000000000000000e+00
6.731453716112758556e+00 1.841836748132905655e+00 2.092346137258030368e-05 1.000000000000000000e+00 -1.336886888280328667e-05 5.714526835685196761e-05 4.071005210448532807e-01 1.013468288792786387e+00 9.856552703486405331e-01 1.041783504356554424e+00 0.000000000000000000e+00
6.737067144283217068e+00 1.840302101369569288e+00 2.286148442072495878e-05 1.000000000000000000e+00 -1.160043709918439308e-05 5.925772975233042130e-05 4.835344053427519384e-01 1.006432602338297011e+00 9.785915125231559042e-01 1.034780422070677108e+00 0.000000000000000000e+00
6.742685253548897251e+00 1.838768733297566405e+00 1.436523808107105302e-05 1.000000000000000000e+00 -2.002743042134470092e-05 5.071452692867402289e-05 1.890785719691194799e-01 1.017017149152407374e+00 9.889170609940002299e-01 1.045627558249064837e+00 0.000000000000000000e+00
6.748308047813412536e+00 1.837236642851472368e+00 6.926266279199893254e-06 1.000000000000000000e+00 -2.727772843366723990e-05 4.312141059417425699e-05 4.385184273751008277e-02 1.019008306345292159e+00 9.908807544993527561e-01 1.047645488855929674e+00 0.000000000000000000e+00
6.753935530983630642e+00 1.835705828966748943e+00 -2.051887989050154247e-06 -1.000000000000000000e+00 -3.601570535321429935e-05 3.392822677870977485e-05 3.843289991905862735e-03 1.021927112116631564e+00 9.936418799512946043e-01 1.050725791469429682e+00 0.000000000000000000e+00
6.759567706969678902e+00 1.834176290579746293e+00 -1.033537161156025111e-05 -1.000000000000000000e+00 -4.411212414146629257e-05 2.546626742522190348e-05 9.736099263270148185e-02 1.023235694008169272e+00 9.946547433111959657e-01 1.052339924328711485e+00 0.000000000000000000e+00
6.765204579684944264e+00 1.832648026627699211e+00 -1.812222447581967702e-05 -1.000000000000000000e+00 -5.167528423500781327e-05 1.746715266530173680e-05 2.985983887030982942e-01 1.026196203399495133e+00 9.977373360595581664e-01 1.055172427022118775e+00 0.000000000000000000e+00
6.770846153046076843e+00 1.831121036048729556e+00 -2.293850663094200521e-05 -1.000000000000000000e+00 -5.637582719215902306e-05 1.255583053537331160e-05 4.779595903705171622e-01 1.027043799631159882e+00 9.982964526579966025e-01 1.056318003300513286e+00 0.000000000000000000e+00
6.776492430972993475e+00 1.829595317781842700e+00 -2.955049855140929623e-05 -1.000000000000000000e+00 -6.287401867309873359e-05 5.850161806338238953e-06 7.883693169566186043e-01 1.039040160131626589e+00 1.010019717490821867e+00 1.068590701198507187e+00 0.000000000000000000e+00
6.782143417388880380e+00 1.828070870766929312e+00 -2.923220062827306266e-05 -1.000000000000000000e+00 -6.263941419760673569e-05 6.250923410134397607e-06 7.670287004667528663e-01 1.040945867933680491e+00 1.012067948674596707e+00 1.070348373267034692e+00 0.000000000000000000e+00
6.787799116220194051e+00 1.826547693944761797e+00 -2.675371506375008015e-05 -1.000000000000000000e+00 -6.041244861889487111e-05 8.959433659946494470e-06 6.378613149601193300e-01 1.044317013820961204e+00 1.015114202043653213e+00 1.074055075231176604e+00 0.000000000000000000e+00
6.793459531396665696e+00 1.825025786256996740e+00 -2.201317167097714434e-05 -1.000000000000000000e+00 -5.588727073449850191e-05 1.391203049196742229e-05 4.300654667277967746e-01 1.047697559081151697e+00 1.018329914953716386e+00 1.077604797030657702e+00 0.000000000000000000e+00
6.799124666851304788e+00 1.823505146646170916e+00 -1.367064145871795981e-05 -1.000000000000000000e+00 -4.776876502214659801e-05 2.249584746797460814e-05 1.657714783560351179e-01 1.045392073792223986e+00 1.016074628538961466e+00 1.075248517436702578e+00 0.000000000000000000e+00
6.804794526520399067e+00 1.821985774055703944e+00 -7.953792075613824584e-06 -1.000000000000000000e+00 -4.235727775495569430e-05 2.852940002521415995e-05 5.567447917091783438e-02 1.050740606054515469e+00 1.021227459788850433e+00 1.080797156268493930e+00 0.000000000000000000e+00
6.810469114343518982e+00 1.820467667429894965e+00 -1.568904992808617703e-06 -1.000000000000000000e+00 -3.641601903980213608e-05 3.535963063070995651e-05 2.133710707767022541e-03 1.054269769664240464e+00 1.024852864379332873e+00 1.084224871956244618e+00 0.000000000000000000e+00
6.816148434263521239e+00 1.818950825713921748e+00 8.436650596547611865e-06 1.000000000000000000e+00 -2.709135248943828138e-05 4.604105640259811578e-05 6.061663486006807489e-02 1.048771713106536829e+00 1.019119029763497553e+00 1.078973757819550627e+00 0.000000000000000000e+00
6.821832490226549695e+00 1.817435247853842917e+00 1.501233784109272870e-05 1.000000000000000000e+00 -2.114305705623534062e-05 5.325112727433237191e-05 1.877146785983825339e-01 1.052839395546660173e+00 1.022962601018378548e+00 1.083272016927348869e+00 0.000000000000000000e+00
6.827521286182038907e+00 1.815920932796593723e+00 2.515773344564509246e-05 1.000000000000000000e+00 -1.160122452246538765e-05 6.400965640520573318e-05 5.186443498144512887e-01 1.050063806177402137e+00 1.020212023188100003e+00 1.080471708811564069e+00 0.000000000000000000e+00
6.833214826082717686e+00 1.814407879489987385e+00 3.706127532824051568e-05 1.000000000000000000e+00 -2.558597678968340555e-07 7.647766649265724044e-05 1.113923796578220049e+00 1.045214098069756847e+00 1.015270217508502659e+00 1.075719535643122615e+00 0.000000000000000000e+00
6.838913113884609984e+00 1.812896086882713975e+00 4.734804788225120491e-05 1.000000000000000000e+00 9.580642905965816092e-06 8.720989035824929783e-05 1.805597497641088012e+00 1.045404118953564554e+00 1.015161844695344984e+00 1.076219344151646551e+00 0.000000000000000000e+00
6.844616153547039339e+00 1.811385553924339531e+00 5.773315211382134670e-05 1.000000000000000000e+00 1.969678123819887735e-05 9.785454987778092464e-05 2.681563269668160387e+00 1.044165962620698496e+00 1.014107763474124013e+00 1.074791725672468168e+00 0.000000000000000000e+00
6.850323949032630644e+00 1.809876279565305390e+00 6.684160082971854402e-05 1.000000000000000000e+00 2.863251618628662572e-05 1.071265673761041652e-04 3.609040104785506742e+00 1.041559948282972936e+00 1.011405387324646687e+00 1.072287758555573234e+00 0.000000000000000000e+00
6.856036504307313706e+00 1.808368262756926637e+00 7.335037102246093083e-05 1.000000000000000000e+00 3.506886717267873398e-05 1.137075003556846202e-04 4.376012362487571750e+00 1.037618502409608068e+00 1.007236261161086999e+00 1.068584836985458475e+00 0.000000000000000000e+00
6.861753823340325908e+00 1.806861502451392543e+00 7.453936622819238385e-05 1.000000000000000000e+00 3.634039219914648544e-05 1.148251933077037870e-04 4.538326123219846409e+00 1.036988425597986874e+00 1.006786049049582354e+00 1.067768779095180198e+00 0.000000000000000000e+00
6.867475910104213099e+00 1.805355997601766127e+00 7.202457169737677635e-05 1.000000000000000000e+00 3.386395774793684368e-05 1.122847729992683250e-04 4.238227161726612735e+00 1.035050564770090498e+00 1.004581045510646753e+00 1.066109510499635427e+00 0.000000000000000000e+00
6.873202768574835808e+00 1.803851747161981711e+00 6.220637546561251984e-05 1.000000000000000000e+00 2.417466032945989014e-05 1.023582201574362656e-04 3.132630446835207749e+00 1.041640221806851452e+00 1.011223314461827449e+00 1.072640739209606897e+00 0.000000000000000000e+00
6.878934402731368358e+00 1.802348750086846252e+00 4.810553263974227017e-05 1.000000000000000000e+00 1.014046847897500178e-05 8.821603977200991476e-05 1.844792318540967813e+00 1.051408334921378085e+00 1.020520770777451292e+00 1.082891207768885478e+00 0.000000000000000000e+00
6.884670816556305084e+00 1.800847005332036233e+00 3.402824036621327511e-05 1.000000000000000000e+00 -3.863415194397471896e-06 7.409968778177179879e-05 9.085846725856896455e-01 1.057662081997228443e+00 1.026495644112912942e+00 1.089430122463119321e+00 0.000000000000000000e+00
6.890412014035459443e+00 1.799346511854099884e+00 2.209998895310493405e-05 1.000000000000000000e+00 -1.566751800513970909e-05 6.207938888180180095e-05 3.784071037723606423e-01 1.060679402769326707e+00 1.029607453995747601e+00 1.092346862093729110e+00 0.000000000000000000e+00
6.896157999157970231e+00 1.797847268610453630e+00 9.455363417698016022e-06 1.000000000000000000e+00 -2.817024808903346409e-05 4.930813361495684985e-05 6.853855172121825490e-02 1.072760027775530700e+00 1.041194687013102804e+00 1.104932786299793523e+00 0.000000000000000000e+00
6.901908775916301586e+00 1.796349274559382980e+00 -2.928822074884059983e-07 -1.000000000000000000e+00 -3.769845850778506097e-05 3.934750325557377783e-05 6.545716804851053894e-05 1.088870976739150009e+00 1.056929282977635998e+00 1.121426001441726550e+00 0.000000000000000000e+00
6.907664348306248314e+00 1.794852528660041413e+00 1.397705796477590882e-06 1.000000000000000000e+00 -3.585904521611803719e-05 4.088716437484619628e-05 1.502920199754953501e-03 1.088386271591626375e+00 1.056488761130383924e+00 1.120896445698854382e+00 0.000000000000000000e+00
6.913424720326936779e+00 1.793357029872449937e+00 6.117949708129993101e-06 1.000000000000000000e+00 -3.100799124949771588e-05 4.545464612140516725e-05 2.917268472907608157e-02 1.088035286766205090e+00 1.056020565655678256e+00 1.120668918860902696e+00 0.000000000000000000e+00
6.919189895980827565e+00 1.791862777157495312e+00 1.209817977924253018e-05 1.000000000000000000e+00 -2.484938328991447148e-05 5.123009174813413050e-05 1.159536397513249995e-01 1.086326129856128198e+00 1.054388917090381961e+00 1.118881777732975369e+00 0.000000000000000000e+00
6.924959879273719920e+00 1.790369769476931161e+00 1.830826293913930816e-05 1.000000000000000000e+00 -1.845385213558627994e-05 5.723988166157955779e-05 2.705373835531759141e-01 1.079431203873611800e+00 1.047468708546238192e+00 1.112018301102336348e+00 0.000000000000000000e+00
6.930734674214753532e+00 1.788878005793375303e+00 1.867493748373881966e-05 1.000000000000000000e+00 -1.782564338330162122e-05 5.734606187278860662e-05 2.853725691861370706e-01 1.078104398830195931e+00 1.046020369227738778e+00 1.110819050372602756e+00 0.000000000000000000e+00
6.936514284816411191e+00 1.787387485070310644e+00 1.312220609503200185e-05 1.000000000000000000e+00 -2.305008041250672927e-05 5.147624436578207834e-05 1.419168518503823861e-01 1.079729854939455391e+00 1.047644491152187385e+00 1.112445238981862206e+00 0.000000000000000000e+00
6.942298715094520567e+00 1.785898206272082511e+00 -1.012732747109713586e-06 -1.000000000000000000e+00 -3.680217980589904934e-05 3.696895274409467300e-05 8.433985814946254322e-04 1.090565072931731772e+00 1.058150399483766657e+00 1.123616566307250819e+00 0.000000000000000000e+00
6.948087969068260428e+00 1.784410168363900873e+00 -1.910485656735032216e-05 -1.000000000000000000e+00 -5.446396854857135216e-05 1.846181034676896366e-05 2.986839263021465740e-01 1.099343148638414647e+00 1.066447970200804507e+00 1.132888800450982947e+00 0.000000000000000000e+00
6.953882050760158862e+00 1.782923370311836564e+00 -4.046617176987558066e-05 -1.000000000000000000e+00 -7.516523870236251222e-05 -3.519314728797336232e-06 1.335440469848748535e+00 1.108090588517777642e+00 1.075228463666803691e+00 1.141596200279172191e+00 0.000000000000000000e+00
6.959680964196100383e+00 1.781437811082822398e+00 -6.425242299070927970e-05 -1.000000000000000000e+00 -9.815000062831050090e-05 -2.804995511450859624e-05 3.366372421739157517e+00 1.120900654717523537e+00 1.087512211848166599e+00 1.154944628892876857e+00 0.000000000000000000e+00
6.965484713405325046e+00 1.779953489644652054e+00 -8.740264728244079599e-05 -1.000000000000000000e+00 -1.204747267883512075e-04 -5.197242681092992473e-05 6.234642147217002162e+00 1.136576217637659703e+00 1.102435643722502245e+00 1.171391773836920391e+00 0.000000000000000000e+00
6.971293302420433768e+00 1.778470404965979412e+00 -1.027017335352062007e-04 -1.000000000000000000e+00 -1.351706145639835197e-04 -6.782894296471437059e-05 8.602793554657665709e+00 1.141148281887847560e+00 1.106949441154612357e+00 1.176021199552134577e+00 0.000000000000000000e+00
6.977106735277391003e+00 1.776988556016316556e+00 -1.163543565768301061e-04 -1.000000000000000000e+00 -1.485798293879758887e-04 -8.168972849903770230e-05 1.089597234986342755e+01 1.156436523434653196e+00 1.121810458468747163e+00 1.191745399773631142e+00 0.000000000000000000e+00
6.982925016015525621e+00 1.775507941766035547e+00 -1.172385296546319121e-04 -1.000000000000000000e+00 -1.497205026041277466e-04 -8.230159224944012006e-05 1.089443935423587106e+01 1.158080123650855997e+00 1.123591564307618640e+00 1.193245104081523733e+00 0.000000000000000000e+00
6.988748148677535355e+00 1.774028561186365982e+00 -1.070617804946756818e-04 -1.000000000000000000e+00 -1.402287516826970163e-04 -7.146452042408837804e-05 8.983003142501814864e+00 1.155374902181289798e+00 1.120540100433794484e+00 1.190901957995939897e+00 0.000000000000000000e+00
6.994576137309488573e+00 1.772550413249394330e+00 -8.596798108492252947e-05 -1.000000000000000000e+00 -1.199271214697257359e-04 -4.959818363418915546e-05 5.780730968565876537e+00 1.146523916178086688e+00 1.111628612682216577e+00 1.182118706265030239e+00 0.000000000000000000e+00
7.000408985960828723e+00 1.771073496928063928e+00 -6.005378470522676422e-05 -1.000000000000000000e+00 -9.489066445407950696e-05 -2.283025735910471337e-05 2.818587169352554156e+00 1.138399934008820669e+00 1.103659982510707405e+00 1.173837982665353996e+00 0.000000000000000000e+00
7.006246698684376106e+00 1.769597811196173431e+00 -3.290812626172734162e-05 -1.000000000000000000e+00 -6.876609956320566030e-05 5.284632060019088756e-06 8.426623589940049897e-01 1.130748376572972225e+00 1.095945187094310436e+00 1.166257960008426409e+00 0.000000000000000000e+00
7.012089279536330544e+00 1.768123355028376364e+00 -7.262336890587635566e-06 -1.000000000000000000e+00 -4.404093989220241620e-05 3.179226655495409718e-05 4.083232440429185317e-02 1.122796261112733118e+00 1.088142652866065596e+00 1.158157053501169376e+00 0.000000000000000000e+00
7.017936732576273151e+00 1.766650127400181791e+00 1.300804517907382347e-05 1.000000000000000000e+00 -2.448567504436312698e-05 5.275077440048881779e-05 1.303943676652465911e-01 1.118046701452076075e+00 1.083286959627366208e+00 1.153522139129557367e+00 0.000000000000000000e+00
7.023789061867172556e+00 1.765178127287950538e+00 3.186829161744588308e-05 1.000000000000000000e+00 -6.229372953973948612e-06 7.224208990034521516e-05 7.814732288694585804e-01 1.100828926666817642e+00 1.066137270194013720e+00 1.136243595154304842e+00 0.000000000000000000e+00
7.029646271475383124e+00 1.763707353668898525e+00 3.893907382164003188e-05 1.000000000000000000e+00 3.339513531725894551e-07 7.987597472446650846e-05 1.148461547015983797e+00 1.098713902886639948e+00 1.064052517159276956e+00 1.134097119279499744e+00 0.000000000000000000e+00
7.035508365470652059e+00 1.762237805521092104e+00 3.690104491198019962e-05 1.000000000000000000e+00 -2.270064851445255741e-06 7.845019124867280529e-05 1.000387469408195784e+00 1.105984368383433170e+00 1.070970684031461895e+00 1.141728877462192315e+00 0.000000000000000000e+00
7.041375347926120298e+00 1.760769481823449834e+00 3.148552003309595238e-05 1.000000000000000000e+00 -8.343257326040593857e-06 7.371062841964845557e-05 7.017703297852477817e-01 1.110434093591712079e+00 1.074899834463421966e+00 1.146717529120126811e+00 0.000000000000000000e+00
7.047247222918324283e+00 1.759302381555740702e+00 2.435709515538863525e-05 1.000000000000000000e+00 -1.593488904855651481e-05 6.706194474857886151e-05 4.063181951440384410e-01 1.112672961486720791e+00 1.077239961224738529e+00 1.148849228156245905e+00 0.000000000000000000e+00
7.053123994527200402e+00 1.757836503698584130e+00 1.340697914997412027e-05 1.000000000000000000e+00 -2.699723085879152812e-05 5.627022586109006595e-05 1.206803482438374431e-01 1.123846107650772863e+00 1.087822072434251330e+00 1.160629462733958173e+00 0.000000000000000000e+00
7.059005666836087656e+00 1.756371847233449524e+00 7.087723117600465705e-06 1.000000000000000000e+00 -3.295698498643881484e-05 4.967049295229569977e-05 3.381196318868262551e-02 1.127890500434438614e+00 1.092031357949746484e+00 1.164497902939906737e+00 0.000000000000000000e+00
7.064892243931729432e+00 1.754908411142653613e+00 2.415616602060093688e-06 1.000000000000000000e+00 -3.722414918265199156e-05 4.462762568064777293e-05 3.969601236178732506e-03 1.134180809501639686e+00 1.097874123055976536e+00 1.171250194703860048e+00 0.000000000000000000e+00
7.070783729904277948e+00 1.753446194409361780e+00 1.611197693678999528e-06 1.000000000000000000e+00 -3.780616827196185887e-05 4.358390440958031392e-05 1.781385141299551833e-03 1.135313599937649798e+00 1.098809646201881041e+00 1.172589496286039479e+00 0.000000000000000000e+00
7.076680128847296025e+00 1.751985196017586288e+00 1.562068233612870166e-06 1.000000000000000000e+00 -3.777386053845402484e-05 4.343370759198429616e-05 1.676821979216924774e-03 1.136673883023593179e+00 1.100365318938338444e+00 1.173747177002377962e+00 0.000000000000000000e+00
7.082581444857760644e+00 1.750525414952186498e+00 3.878020978347022246e-06 1.000000000000000000e+00 -3.558721431093671679e-05 4.588605330518973080e-05 1.032602009887284567e-02 1.132239474539072477e+00 1.095592934652602768e+00 1.169667850654394936e+00 0.000000000000000000e+00
7.088487682036063831e+00 1.749066850198867318e+00 7.497193703126320889e-07 1.000000000000000000e+00 -3.877039950760327196e-05 4.284774365870964964e-05 3.828576366231573047e-04 1.142682258718956012e+00 1.105640168489036013e+00 1.180516450576180487e+00 0.000000000000000000e+00
7.094398844486017985e+00 1.747609500744178535e+00 2.369041931959807185e-06 1.000000000000000000e+00 -3.730234574571630071e-05 4.465468827683194793e-05 3.800035440860938252e-03 1.142173540371380192e+00 1.105143490143336793e+00 1.179994606790239819e+00 0.000000000000000000e+00
7.100314936314857661e+00 1.746153365575515037e+00 2.501320205466699494e-06 1.000000000000000000e+00 -3.737999799888500556e-05 4.499965358177829847e-05 4.197796011425225515e-03 1.149522887950345407e+00 1.112132117360624006e+00 1.187716057207064857e+00 0.000000000000000000e+00
7.106235961633242226e+00 1.744698443681114597e+00 8.191696800082568875e-06 1.000000000000000000e+00 -3.188055052100035463e-05 5.086564306437688988e-05 4.497835420052354038e-02 1.147727413044383082e+00 1.110386331973957752e+00 1.185870636287487123e+00 0.000000000000000000e+00
7.112161924555259418e+00 1.743244734050058975e+00 1.585734805880618334e-05 1.000000000000000000e+00 -2.423944409680173472e-05 5.855593840465833216e-05 1.702313833992832315e-01 1.146216196725620362e+00 1.108692561224568385e+00 1.184551228798801814e+00 0.000000000000000000e+00
7.118092829198427118e+00 1.741792235672271039e+00 2.292842602788243406e-05 1.000000000000000000e+00 -1.700193262009689122e-05 6.548595506793478647e-05 3.623474173205778470e-01 1.149580983620062558e+00 1.111629507622218016e+00 1.188360321515167684e+00 0.000000000000000000e+00
7.124028679683696907e+00 1.740340947538516092e+00 3.352772620426671015e-05 1.000000000000000000e+00 -6.200680207825478153e-06 7.591333885168118729e-05 7.926580981582276308e-01 1.142662003694125739e+00 1.105087799048719122e+00 1.181051811528116335e+00 0.000000000000000000e+00
7.129969480135457616e+00 1.738890868640399878e+00 3.919969532742732451e-05 1.000000000000000000e+00 -4.306252887789806185e-07 8.149029073642490560e-05 1.097735152191475549e+00 1.146331626600989750e+00 1.108499394976439012e+00 1.184989322011464674e+00 0.000000000000000000e+00
7.135915234681537100e+00 1.737441997970369245e+00 4.471554874207023077e-05 1.000000000000000000e+00 5.060061984509121229e-06 8.702440925958290058e-05 1.437463877254060662e+00 1.144623241301772731e+00 1.106861281202653924e+00 1.183209938932166860e+00 0.000000000000000000e+00
7.141865947453204910e+00 1.735994334521709703e+00 4.747995738275236435e-05 1.000000000000000000e+00 7.724980760947786063e-06 8.989010739972806252e-05 1.620659451792960226e+00 1.143707890272948502e+00 1.105720279930931804e+00 1.182531312218188857e+00 0.000000000000000000e+00
7.147821622585176726e+00 1.734547877288545648e+00 4.363733247294946955e-05 1.000000000000000000e+00 3.859694954274782343e-06 8.609156945223482354e-05 1.359888589815426485e+00 1.155019444067851619e+00 1.116404025190252058e+00 1.194488356413744956e+00 0.000000000000000000e+00
7.153782264215615250e+00 1.733102625265839913e+00 4.036839440242427060e-05 1.000000000000000000e+00 6.585935030459233452e-07 8.279464908322271073e-05 1.158917940109219558e+00 1.158163947287467632e+00 1.119689559444593696e+00 1.197473869088851117e+00 0.000000000000000000e+00
7.159747876486134643e+00 1.731658577449392222e+00 3.592942306665542634e-05 1.000000000000000000e+00 -3.754349388448862030e-06 7.835738436048087039e-05 9.137581029175692038e-01 1.160671074451374407e+00 1.121699690504341707e+00 1.200483218189940304e+00 0.000000000000000000e+00
7.165718463541802308e+00 1.730215732835839626e+00 3.160092183537578344e-05 1.000000000000000000e+00 -8.000592361803649433e-06 7.396392415498818191e-05 7.032191161689382852e-01 1.161255711531316681e+00 1.122474685483447310e+00 1.200866924366435828e+00 0.000000000000000000e+00
7.171694029531142434e+00 1.728774090422655174e+00 2.695365483315363813e-05 1.000000000000000000e+00 -1.261776719212204064e-05 6.929189758334000832e-05 5.091735758213360441e-01 1.163411499698518980e+00 1.124128267053164931e+00 1.203527457164292436e+00 0.000000000000000000e+00
7.177674578606138667e+00 1.727333649208146804e+00 2.063312240010264071e-05 1.000000000000000000e+00 -1.877483583737180902e-05 6.282055687041615153e-05 2.974777322126413992e-01 1.172775251591431811e+00 1.133078284665004709e+00 1.213210434546973637e+00 0.000000000000000000e+00
7.183660114922237661e+00 1.725894408191456675e+00 1.872430768525089651e-05 1.000000000000000000e+00 -2.044661164430802388e-05 6.070436120424516405e-05 2.463137276703690759e-01 1.171469656813418192e+00 1.132023210025729032e+00 1.211667023227372963e+00 0.000000000000000000e+00
7.189650642638349964e+00 1.724456366372562499e+00 1.585699470648610631e-05 1.000000000000000000e+00 -2.310416123174427206e-05 5.765139950591572921e-05 1.776441024111505840e-01 1.175340665180470756e+00 1.135379387337129620e+00 1.216007751018828964e+00 0.000000000000000000e+00
7.195646165916856241e+00 1.723019522752273547e+00 1.328451775865748971e-05 1.000000000000000000e+00 -2.545513129254485567e-05 5.486440616308190877e-05 1.251151289008731737e-01 1.179240752463888597e+00 1.139448386981936512e+00 1.219668166854375846e+00 0.000000000000000000e+00
7.201646688923606376e+00 1.721583876332232421e+00 1.119203725641861151e-05 1.000000000000000000e+00 -2.747796275216394211e-05 5.267875978215620257e-05 8.893250268913277523e-02 1.180800484444882281e+00 1.140522233444817957e+00 1.221695856350236253e+00 0.000000000000000000e+00
7.207652215827925701e+00 1.720149426114913060e+00 9.195617522174631434e-06 1.000000000000000000e+00 -2.936957635102454645e-05 5.056152027683685052e-05 6.018554403952691700e-02 1.179696825009683314e+00 1.139154603785619502e+00 1.220887353580504930e+00 0.000000000000000000e+00
7.213662750802614987e+00 1.718716171103621404e+00 5.501128856909756802e-06 1.000000000000000000e+00 -3.281383253301084556e-05 4.664571980132254823e-05 2.162076705872095772e-02 1.180957599791788937e+00 1.140423098528343449e+00 1.222122663356448813e+00 0.000000000000000000e+00
7.219678298023954888e+00 1.717284110302493172e+00 1.546897169509208430e-06 1.000000000000000000e+00 -3.654322224436459349e-05 4.253098511084966581e-05 1.714199162535123833e-03 1.180569089722429243e+00 1.139757847046986017e+00 1.222036374534216208e+00 0.000000000000000000e+00
7.225698861671710382e+00 1.715853242716494531e+00 -3.201416314191866997e-06 -1.000000000000000000e+00 -4.121878592938232194e-05 3.777297548964381809e-05 7.285170930913409393e-03 1.182176070260385181e+00 1.141349309246379340e+00 1.223652900114432285e+00 0.000000000000000000e+00
7.231724445929129885e+00 1.714423567351419875e+00 -5.032508087374743363e-06 -1.000000000000000000e+00 -4.342635205635337660e-05 3.634888990690012141e-05 1.762880908098907184e-02 1.177504060930735674e+00 1.136442612665141016e+00 1.219340732936115002e+00 0.000000000000000000e+00
7.237755054982951464e+00 1.712995083213891823e+00 -5.972941741845576610e-06 -1.000000000000000000e+00 -4.508950229569221014e-05 3.614672906820693847e-05 2.398952926377262429e-02 1.178660265473504332e+00 1.137040665663305639e+00 1.221102148262801945e+00 0.000000000000000000e+00
7.243790693023404614e+00 1.711567789311361887e+00 -5.075273712972605862e-07 -1.000000000000000000e+00 -4.048944440861508310e-05 4.253198071775393110e-05 1.670976547814007063e-04 1.175139598905329930e+00 1.133821293435812505e+00 1.217335850440568246e+00 0.000000000000000000e+00
7.249831364244212040e+00 1.710141684652107807e+00 1.335575467829174040e-05 1.000000000000000000e+00 -2.775741891312291198e-05 5.748241859165318415e-05 1.118344724985291805e-01 1.165830086975337077e+00 1.124442995631045772e+00 1.208109408220646497e+00 0.000000000000000000e+00
7.255877072842594977e+00 1.708716768245233997e+00 3.013384740208467112e-05 1.000000000000000000e+00 -1.186147746440813970e-05 7.479788280099626779e-05 5.700573241946500502e-01 1.166120704168692068e+00 1.124477793083956456e+00 1.208738530251698862e+00 0.000000000000000000e+00
7.261927823019274086e+00 1.707293039100669763e+00 5.377989933848678031e-05 1.000000000000000000e+00 1.146948451051761842e-05 9.906063364670879647e-05 1.841856994405603132e+00 1.155555682422054975e+00 1.114357876466918418e+00 1.197718741212245863e+00 0.000000000000000000e+00
7.267983618978473004e+00 1.705870496229170197e+00 7.491081573801936866e-05 1.000000000000000000e+00 3.205681094469941221e-05 1.206799959071651134e-04 3.625979285737301439e+00 1.153634898778389539e+00 1.112024091946612447e+00 1.196235243762001410e+00 0.000000000000000000e+00
7.274044464927921894e+00 1.704449138642313732e+00 9.701768604349925455e-05 1.000000000000000000e+00 5.374894777605390873e-05 1.431768044105648913e-04 6.160258447791193248e+00 1.141156351085371945e+00 1.100047258548668916e+00 1.183244513561038325e+00 0.000000000000000000e+00
7.280110365078859225e+00 1.703028965352503699e+00 1.120630389142526941e-04 1.000000000000000000e+00 6.836894057243180943e-05 1.586454700680564297e-04 8.266786396171951878e+00 1.136718258735761156e+00 1.095216393779181452e+00 1.179222577614267520e+00 0.000000000000000000e+00
7.286181323646034436e+00 1.701609975372965211e+00 1.230032843280121720e-04 1.000000000000000000e+00 7.889645248639390578e-05 1.700173650157266105e-04 9.921669256602285714e+00 1.128384922079027852e+00 1.087258826438114667e+00 1.170502737739126387e+00 0.000000000000000000e+00
7.292257344847713263e+00 1.700192167717745617e+00 1.257471796646666626e-04 1.000000000000000000e+00 8.116571978670497015e-05 1.732505958169182196e-04 1.020700285240325655e+01 1.128178412949801368e+00 1.086521850674364797e+00 1.170852528161100414e+00 0.000000000000000000e+00
7.298338432905678630e+00 1.698775541401714717e+00 1.251695431890951376e-04 1.000000000000000000e+00 8.013233593860978653e-05 1.731391608885758150e-04 9.891772142401585199e+00 1.121075636969790068e+00 1.079179251892885993e+00 1.164007363004067708e+00 0.000000000000000000e+00
7.304424592045234199e+00 1.697360095440562322e+00 1.158424204447221760e-04 1.000000000000000000e+00 7.060138896650155582e-05 1.640258860238798775e-04 8.264138956964657723e+00 1.124648176213538520e+00 1.082644811984565081e+00 1.167688427479458779e+00 0.000000000000000000e+00
7.310515826495206149e+00 1.695945828850798032e+00 1.026992197886502522e-04 1.000000000000000000e+00 5.752044699568673980e-05 1.508460567919357091e-04 6.382180749073356196e+00 1.126055886522934424e+00 1.083661857533125383e+00 1.169504083473521749e+00 0.000000000000000000e+00
7.316612140487947613e+00 1.694532740649751679e+00 8.470872659966371271e-05 1.000000000000000000e+00 4.010598270983478831e-05 1.323396697327930221e-04 4.323665096136878105e+00 1.132653505560648366e+00 1.090152599421023050e+00 1.176205953324826581e+00 0.000000000000000000e+00
7.322713538259342236e+00 1.693120829855571774e+00 6.583680804491636297e-05 1.000000000000000000e+00 2.213315368264791289e-05 1.126033984789535209e-04 2.634515558398433654e+00 1.138716925264820601e+00 1.095812833232172157e+00 1.182685169823596283e+00 0.000000000000000000e+00
7.328820024048804171e+00 1.691710095487224841e+00 4.658699336273942074e-05 1.000000000000000000e+00 3.922307084262065626e-06 9.239593983721060494e-05 1.344488469872814562e+00 1.147571301647807074e+00 1.103849090497246888e+00 1.192131798789504593e+00 0.000000000000000000e+00
7.334931602099284298e+00 1.690300536564494527e+00 2.990962423969575990e-05 1.000000000000000000e+00 -1.160641951108856715e-05 7.469070188543645448e-05 5.692148120727296146e-01 1.153103688302814289e+00 1.109219624473983590e+00 1.198024947379245919e+00 0.000000000000000000e+00
7.341048276657271110e+00 1.688892152107981603e+00 1.329425072474184448e-05 1.000000000000000000e+00 -2.758618443181449947e-05 5.744644683214235732e-05 1.127883040750106147e-01 1.164681617597543406e+00 1.120156011846026090e+00 1.210218963395754077e+00 0.000000000000000000e+00
7.347170051972794269e+00 1.687484941139102412e+00 7.790612972329344666e-07 1.000000000000000000e+00 -3.986705771389789313e-05 4.470240794162320350e-05 3.834285643335988425e-04 1.169207779013380133e+00 1.124538805078330483e+00 1.214860044875004430e+00 0.000000000000000000e+00
7.353296932299427269e+00 1.686078902680089531e+00 -1.287414873108132699e-05 -1.000000000000000000e+00 -5.340638032609188525e-05 3.095197569657002882e-05 1.029016498877268759e-01 1.186019711303433644e+00 1.140611131352608831e+00 1.232078125403033075e+00 0.000000000000000000e+00
7.359428921894291875e+00 1.684674035753989330e+00 -2.325741353225402417e-05 -1.000000000000000000e+00 -6.354710741946506688e-05 2.038413784817328544e-05 3.325472137156140207e-01 1.205468192377571635e+00 1.159384743774535709e+00 1.252238294042418376e+00 0.000000000000000000e+00
7.365566025018059015e+00 1.683270339384662417e+00 -2.174269553221000879e-05 -1.000000000000000000e+00 -6.185677136285703691e-05 2.179519455789857043e-05 2.919761357949113290e-01 1.202894511505419484e+00 1.157106344111841878e+00 1.249304077680454927e+00 0.000000000000000000e+00
7.371708245934952330e+00 1.681867812596783196e+00 -1.838306695618452041e-05 -1.000000000000000000e+00 -5.860574824385879832e-05 2.529053813462913626e-05 2.088111033652353399e-01 1.207860589941804896e+00 1.161537801437431128e+00 1.254950056880039133e+00 0.000000000000000000e+00
7.377855588912752616e+00 1.680466454415837863e+00 -7.973205676207356210e-06 -1.000000000000000000e+00 -4.871571480283119369e-05 3.624901671335204096e-05 3.900163084591667939e-02 1.200504013934573289e+00 1.154420004981570491e+00 1.247164150414557415e+00 0.000000000000000000e+00
7.384008058222798709e+00 1.679066263868125519e+00 4.707995031310841549e-06 1.000000000000000000e+00 -3.705848107780197422e-05 4.998636800946376239e-05 1.333091636685423964e-02 1.193995270137057307e+00 1.147185708466496479e+00 1.241188810320241531e+00 0.000000000000000000e+00
7.390165658139991045e+00 1.677667239980756175e+00 2.048029652249044405e-05 1.000000000000000000e+00 -2.256144188892078581e-05 6.695650900935501101e-05 2.463502601258795721e-01 1.184287985021102996e+00 1.137183538027046303e+00 1.231990706220531528e+00 0.000000000000000000e+00
7.396328392942796093e+00 1.676269381781650081e+00 3.613117192766287199e-05 1.000000000000000000e+00 -7.924487598149005177e-06 8.355336300992752849e-05 7.532456988965492428e-01 1.178483801409279996e+00 1.131510395448159567e+00 1.226219331288200598e+00 0.000000000000000000e+00
7.402496266913247247e+00 1.674872688299538392e+00 5.879668738918345352e-05 1.000000000000000000e+00 1.397493609163147447e-05 1.069654313339999199e-04 2.005885073717408318e+00 1.148251063972329566e+00 1.101509498255861530e+00 1.196250521006866574e+00 0.000000000000000000e+00
7.408669284336948380e+00 1.673477158563960288e+00 7.013035318905933273e-05 1.000000000000000000e+00 2.514372343219985976e-05 1.184890189245576641e-04 2.878820452614888836e+00 1.144205815725260367e+00 1.097642560272680035e+00 1.192033302690081564e+00 0.000000000000000000e+00
7.414847449503079169e+00 1.672082791605264962e+00 7.850963720821501582e-05 1.000000000000000000e+00 3.351122344001484740e-05 1.269230234988241203e-04 3.658229136189497410e+00 1.135443280962224133e+00 1.088729115242816459e+00 1.183438554066879256e+00 0.000000000000000000e+00
7.421030766704393322e+00 1.670689586454608300e+00 7.523123510437657144e-05 1.000000000000000000e+00 3.037484260859541640e-05 1.235451977762022863e-04 3.358344882693643285e+00 1.148361692511550736e+00 1.101040769181021783e+00 1.196970717328419642e+00 0.000000000000000000e+00
7.427219240237226572e+00 1.669297542143953983e+00 6.999492583637218857e-05 1.000000000000000000e+00 2.515723107711785220e-05 1.183373174285457310e-04 2.879423349713647440e+00 1.150595143791923292e+00 1.103250566184073911e+00 1.199215471063198368e+00 0.000000000000000000e+00
7.433412874401496673e+00 1.667906657706072160e+00 6.375995570961716895e-05 1.000000000000000000e+00 1.866893512755076384e-05 1.124069424240367257e-04 2.343259537338894916e+00 1.139528539319635714e+00 1.091938327383332741e+00 1.188443001479437378e+00 0.000000000000000000e+00
7.439611673500706956e+00 1.666516932174539223e+00 4.794939203030136040e-05 1.000000000000000000e+00 2.678914447185553032e-06 9.684294381701537865e-05 1.279509079569280061e+00 1.145692418342779906e+00 1.097906669815505998e+00 1.194801881265507015e+00 0.000000000000000000e+00
7.445815641841948995e+00 1.665128364583736253e+00 3.221252841257722633e-05 1.000000000000000000e+00 -1.323100346835392289e-05 8.136871255425965320e-05 5.594076408349195617e-01 1.143509640838289876e+00 1.095261234254306215e+00 1.193109893582248171e+00 0.000000000000000000e+00
7.452024783735907043e+00 1.663740953968849468e+00 1.395906496282943886e-05 1.000000000000000000e+00 -3.123337245435781219e-05 6.298022642917946654e-05 1.026791375520588190e-01 1.150457259246403074e+00 1.102037493313302363e+00 1.200201711716825770e+00 0.000000000000000000e+00
7.458239103496859812e+00 1.662354699365868660e+00 3.464610464246071636e-06 1.000000000000000000e+00 -4.127710580160350598e-05 5.214921250337188526e-05 6.318051000320679123e-03 1.145947446150660687e+00 1.097219349631808782e+00 1.196040765504960524e+00 0.000000000000000000e+00
7.464458605442683137e+00 1.660969599811586539e+00 -3.353729018929996634e-06 -1.000000000000000000e+00 -4.749582607026100144e-05 4.479618193400249337e-05 5.985781051677463438e-03 1.148588282044466835e+00 1.099178193608883802e+00 1.199383440940721357e+00 0.000000000000000000e+00
7.470683293894854415e+00 1.659585654343599170e+00 -6.817342942734822320e-07 -1.000000000000000000e+00 -4.439579590398389766e-05 4.703779409619731066e-05 2.518594464930856702e-04 1.140002863368005714e+00 1.091157107558843764e+00 1.190235443167293461e+00 0.000000000000000000e+00
7.476913173178454386e+00 1.658202862000304201e+00 4.913108445787897822e-06 1.000000000000000000e+00 -3.877234321961000766e-05 5.254594796722970385e-05 1.325694631539420243e-02 1.135137527510200695e+00 1.085769895313274391e+00 1.185930211178315652e+00 0.000000000000000000e+00
7.483148247622170679e+00 1.656821221820899526e+00 1.322345878075410632e-05 1.000000000000000000e+00 -3.058722151569539816e-05 6.092776365553497463e-05 9.678244407865577159e-02 1.128516861546692729e+00 1.079633647909415517e+00 1.178808193764294243e+00 0.000000000000000000e+00
7.489388521558299594e+00 1.655440732845385288e+00 1.804394166587363740e-05 1.000000000000000000e+00 -2.604809503384352854e-05 6.598737697951148075e-05 1.799413629683925819e-01 1.134828476728278579e+00 1.085167410112498176e+00 1.185940131541412867e+00 0.000000000000000000e+00
7.495633999322752317e+00 1.654061394114560324e+00 2.730382159835332878e-05 1.000000000000000000e+00 -1.719286045730192763e-05 7.565575102444042509e-05 4.123928318909548807e-01 1.124255618589955263e+00 1.074421645340326137e+00 1.175562113014595900e+00 0.000000000000000000e+00
7.501884685255054031e+00 1.652683204670022832e+00 3.244826917897790678e-05 1.000000000000000000e+00 -1.234404653416686245e-05 8.112878765503276290e-05 5.798310817846754617e-01 1.122320561134375616e+00 1.072550387287839468e+00 1.173562351066337106e+00 0.000000000000000000e+00
7.508140583698349246e+00 1.651306163554170148e+00 4.182080106684581464e-05 1.000000000000000000e+00 -3.420893890421268665e-06 9.098159705684150957e-05 9.635267791286423744e-01 1.100883187861840140e+00 1.051190912493868757e+00 1.152067290209988437e+00 0.000000000000000000e+00
7.514401698999403578e+00 1.649930269810196748e+00 4.302038587870590585e-05 1.000000000000000000e+00 -2.433558101508287777e-06 9.241365158027295651e-05 1.011843576712607273e+00 1.100494200244683807e+00 1.050818101099216362e+00 1.151662145812129667e+00 0.000000000000000000e+00
7.520668035508609073e+00 1.648555522482095359e+00 4.427943627637128570e-05 1.000000000000000000e+00 -1.389901221451344160e-06 9.390834336862405730e-05 1.066173516866342652e+00 1.094933272975769478e+00 1.044993041123275512e+00 1.146387756545713899e+00 0.000000000000000000e+00
7.526939597579984209e+00 1.647181920614653627e+00 4.471144148299022696e-05 1.000000000000000000e+00 -1.031514418085173175e-06 9.445217885390145261e-05 1.082736580430392337e+00 1.088130474107581014e+00 1.038620538257430059e+00 1.139137166992673311e+00 0.000000000000000000e+00
7.533216389571179228e+00 1.645809463253457006e+00 4.514798622136507149e-05 1.000000000000000000e+00 -7.182454187310618196e-07 9.503287192006012671e-05 1.102241442536552540e+00 1.078565489227126362e+00 1.028617001550901300e+00 1.130049144600592470e+00 0.000000000000000000e+00
7.539498415843477019e+00 1.644438149444884756e+00 4.583483870258508579e-05 1.000000000000000000e+00 -2.345370451224280863e-08 9.570287706450850314e-05 1.139628163280377748e+00 1.065975718414953199e+00 1.015960273833603988e+00 1.117550256464932001e+00 0.000000000000000000e+00
7.545785680761798453e+00 1.643067978236111282e+00 4.113654517193849090e-05 1.000000000000000000e+00 -4.352887445697232159e-06 9.061548717719994763e-05 9.226539446510031439e-01 1.067931775028994501e+00 1.017932535860082366e+00 1.119489762820267131e+00 0.000000000000000000e+00
7.552078188694705041e+00 1.641698948675104575e+00 3.881908688902649358e-05 1.000000000000000000e+00 -6.123166094346896543e-06 8.776291525584178259e-05 8.375490574025548085e-01 1.058129285423331511e+00 1.008055279386284031e+00 1.109780569138622885e+00 0.000000000000000000e+00
7.558375944014398939e+00 1.640331059810627101e+00 3.081446137240931890e-05 1.000000000000000000e+00 -1.319553443728381406e-05 7.888699557483259256e-05 5.391893617569394337e-01 1.061369063025794146e+00 1.011324669147027899e+00 1.112987333351169283e+00 0.000000000000000000e+00
7.564678951096730941e+00 1.638964310692231585e+00 2.287741719677157992e-05 1.000000000000000000e+00 -2.019965154930416807e-05 7.008180358206283892e-05 3.043016913428573389e-01 1.057513095086373811e+00 1.007254103119915145e+00 1.109358130990464097e+00 0.000000000000000000e+00
7.570987214321198699e+00 1.637598700370265004e+00 9.996409780065376570e-06 1.000000000000000000e+00 -3.218841326005651005e-05 5.632042302052941551e-05 5.873207492599874513e-02 1.062649725199960926e+00 1.012333933131442709e+00 1.114554102028236571e+00 0.000000000000000000e+00
7.577300738070952946e+00 1.636234227895864146e+00 -4.469450636629042897e-07 -1.000000000000000000e+00 -4.206327551179845465e-05 4.531809608281569678e-05 1.179411512595152089e-04 1.050715081380521942e+00 1.000239788169358546e+00 1.102753383221901862e+00 0.000000000000000000e+00
7.583619526732800153e+00 1.634870892320956948e+00 -1.747379752342425075e-05 -1.000000000000000000e+00 -5.850775191083430987e-05 2.773218666668724941e-05 1.787697080613099843e-01 1.054280805799389542e+00 1.003049194584520354e+00 1.107141102933173027e+00 0.000000000000000000e+00
7.589943584697204315e+00 1.633508692698261822e+00 -3.277427423329477233e-05 -1.000000000000000000e+00 -7.291739924832800826e-05 1.166663704999129734e-05 6.289356185303631719e-01 1.049567535962012021e+00 9.986952333876548682e-01 1.102006708726349649e+00 0.000000000000000000e+00
7.596272916358290495e+00 1.632147628081284996e+00 -5.030761094619594815e-05 -1.000000000000000000e+00 -8.920335603089895563e-05 -6.912583156583424425e-06 1.492007923685875426e+00 1.057519371341970382e+00 1.005875282304575791e+00 1.110823554492936349e+00 0.000000000000000000e+00
7.602607526113848380e+00 1.630787697524322288e+00 -6.113605857936806000e-05 -1.000000000000000000e+00 -9.885557386254468408e-05 -1.878618755631473710e-05 2.237408438035075164e+00 1.053214895858022526e+00 1.001998887427052454e+00 1.106041099688878759e+00 0.000000000000000000e+00
7.608947418365335835e+00 1.629428900082457776e+00 -6.612030749374080770e-05 -1.000000000000000000e+00 -1.033387218940490064e-04 -2.428422353319053336e-05 2.648836910800838496e+00 1.041664245451171311e+00 9.898935145426306370e-01 1.094926732127919244e+00 0.000000000000000000e+00
7.615292597517878903e+00 1.628071234811562906e+00 -6.869384130760217133e-05 -1.000000000000000000e+00 -1.056221977822005694e-04 -2.721919597275553857e-05 2.880045893733907292e+00 1.036543377781518727e+00 9.851269669090292336e-01 1.089340369105947781e+00 0.000000000000000000e+00
7.621643067980279795e+00 1.626714700768294497e+00 -6.961165722834919856e-05 -1.000000000000000000e+00 -1.063292382091056030e-04 -2.843705620795357368e-05 2.991887165427939976e+00 1.041378554282238689e+00 9.892954226173990007e-01 1.094971790532830003e+00 0.000000000000000000e+00
7.627998834165015118e+00 1.625359297010096737e+00 -6.262584256954655383e-05 -1.000000000000000000e+00 -9.906499869129982319e-05 -2.177955101356246449e-05 2.493114969103316980e+00 1.029909242506328981e+00 9.775224011332728224e-01 1.083547468417630943e+00 0.000000000000000000e+00
7.634359900488242090e+00 1.624005022595198744e+00 -5.732889232164251059e-05 -1.000000000000000000e+00 -9.335355016023784067e-05 -1.689610462714696853e-05 2.145839894124947023e+00 1.027594700716379927e+00 9.753237138827162145e-01 1.081048753885765823e+00 0.000000000000000000e+00
7.640726271369800315e+00 1.622651876582614117e+00 -5.084457297843154996e-05 -1.000000000000000000e+00 -8.687482626209895142e-05 -1.038562355967026453e-05 1.717263301968984024e+00 1.015669401932830285e+00 9.629089714680511003e-01 1.069168928670840568e+00 0.000000000000000000e+00
7.647097951233216229e+00 1.621299858032140939e+00 -4.973509244055806063e-05 -1.000000000000000000e+00 -8.630989143265774179e-05 -8.982440565365062989e-06 1.625829691518404729e+00 1.015082774350692052e+00 9.623208758179724320e-01 1.068559329322826601e+00 0.000000000000000000e+00
7.653474944505703093e+00 1.619948966004359558e+00 -4.331257243209995930e-05 -1.000000000000000000e+00 -8.070226810810243821e-05 -1.574460092780472669e-06 1.208417499300580289e+00 9.869628866130168987e-01 9.342128203998498748e-01 1.041198796824432948e+00 0.000000000000000000e+00
7.659857255618167216e+00 1.618599199560634805e+00 -4.528917653294100871e-05 -1.000000000000000000e+00 -8.341519915154848317e-05 -2.725593498516959163e-06 1.271394607326641335e+00 9.876805263492969278e-01 9.348238471134442396e-01 1.042005851010959772e+00 0.000000000000000000e+00
7.666244889005210617e+00 1.617250557763112662e+00 -4.252319700743418949e-05 -1.000000000000000000e+00 -8.129337099020917052e-05 7.281502280187494435e-07 1.099218091198366665e+00 9.757469623484119614e-01 9.226974296404063525e-01 1.030562505777754767e+00 0.000000000000000000e+00
7.672637849105131913e+00 1.615903039674720043e+00 -3.248649959840363595e-05 -1.000000000000000000e+00 -7.141451367513362890e-05 1.100959671315970113e-05 6.479537806080628570e-01 9.463618771425477139e-01 8.948833582148707499e-01 9.997222354052144322e-01 0.000000000000000000e+00
7.679036140359931650e+00 1.614556644359165460e+00 -2.656969713589871741e-05 -1.000000000000000000e+00 -6.529996982457383827e-05 1.674716187768636946e-05 4.413420208792473431e-01 9.366206740097049455e-01 8.857932630797051843e-01 9.893011172180278257e-01 0.000000000000000000e+00
7.685439767215314077e+00 1.613211370880937023e+00 -1.810597603976934558e-05 -1.000000000000000000e+00 -5.670956794659162746e-05 2.504882696316945600e-05 2.108838073588685802e-01 9.182787697130877502e-01 8.673342405354145246e-01 9.711215287533518925e-01 0.000000000000000000e+00
7.691848734120691589e+00 1.611867218305303329e+00 -1.449690996932594772e-05 -1.000000000000000000e+00 -5.276060219038256397e-05 2.830047228926252525e-05 1.380465199562905809e-01 9.124396870436798368e-01 8.620485351045673594e-01 9.647037931264009769e-01 0.000000000000000000e+00
7.698263045529186499e+00 1.610524185698310351e+00 -1.168249856149850655e-05 -1.000000000000000000e+00 -4.980003251225818947e-05 3.097106811320470465e-05 9.104436863110265676e-02 9.006379194207548844e-01 8.498981310325740557e-01 9.532781784946257053e-01 0.000000000000000000e+00
7.704682705897634598e+00 1.609182272126782998e+00 -1.262659335900648456e-05 -1.000000000000000000e+00 -5.055192143912951724e-05 2.988827936535080822e-05 1.066593519108351984e-01 8.917656699940681442e-01 8.414800791494108090e-01 9.438283182681206362e-01 0.000000000000000000e+00
7.711107719686588702e+00 1.607841476658323998e+00 -1.722032952257053709e-05 -1.000000000000000000e+00 -5.512139607360470287e-05 2.534183540532501902e-05 1.964222081288085064e-01 8.857203637630851611e-01 8.347278369565037659e-01 9.383713255377669205e-01 0.000000000000000000e+00
7.717538091360320429e+00 1.606501798361312572e+00 -1.937002150852378541e-05 -1.000000000000000000e+00 -5.741194610222248140e-05 2.346255202054200586e-05 2.459185198628119906e-01 8.630284250789522771e-01 8.109656589632722179e-01 9.155368439023455762e-01 0.000000000000000000e+00
7.723973825386825531e+00 1.605163236304904206e+00 -2.699830066014196673e-05 -1.000000000000000000e+00 -6.498687007423755628e-05 1.593118594498992897e-05 4.686083268143619307e-01 8.573855454230464579e-01 8.052683723658573545e-01 9.094864352951752551e-01 0.000000000000000000e+00
7.730414926237823892e+00 1.603825789559029547e+00 -3.165207718357148601e-05 -1.000000000000000000e+00 -7.036624649276192168e-05 1.130390266627511082e-05 6.424974098522255872e-01 8.453599360709593835e-01 7.921443564084428290e-01 8.985499315547772481e-01 0.000000000000000000e+00
7.736861398388765743e+00 1.602489457194395728e+00 -3.473887132196352626e-05 -1.000000000000000000e+00 -7.792118038695157976e-05 7.410105119716932115e-06 7.948139896558359396e-01 8.373527225312354938e-01 7.846830487056852821e-01 8.905323792313807330e-01 0.000000000000000000e+00
7.743313246318833443e+00 1.601154238282482378e+00 -4.635831791149388874e-05 -1.000000000000000000e+00 -9.123247245014043470e-05 1.681445076076782839e-07 1.138623167787159218e+00 8.459089096183054490e-01 7.923836290357531009e-01 8.993468223412715012e-01 0.000000000000000000e+00
7.749770474510944140e+00 1.599820131895543396e+00 -5.461370262808010819e-05 -1.000000000000000000e+00 -1.004439193369565108e-04 -4.256459545986158880e-06 1.360648084785253786e+00 8.407933902344235655e-01 7.878061274161423100e-01 8.940707962958067689e-01 0.000000000000000000e+00
7.756233087451753327e+00 1.598487137106606282e+00 -6.278838765711285412e-05 -1.000000000000000000e+00 -1.068279877064498714e-04 -1.092544977700656120e-05 1.732533849783976621e+00 8.354870780519227935e-01 7.818809947628421186e-01 8.896488198469706399e-01 0.000000000000000000e+00
7.762701089631657503e+00 1.597155252989470364e+00 -7.029386803171081336e-05 -1.000000000000000000e+00 -1.093744283375744348e-04 -2.202837690467777623e-05 2.371356951321132556e+00 8.317405990645480029e-01 7.787038917605236810e-01 8.855222278343567455e-01 0.000000000000000000e+00
7.769174485544799502e+00 1.595824478618706577e+00 -7.713108499666770782e-05 -1.000000000000000000e+00 -1.116914163794318000e-04 -3.413450987601231726e-05 3.292681642417022658e+00 8.271506080385717663e-01 7.733567777872843996e-01 8.820746424634966498e-01 0.000000000000000000e+00
7.775653279689067610e+00 1.594494813069657235e+00 -8.147239514582121022e-05 -1.000000000000000000e+00 -1.131406791273172530e-04 -4.255241947621248174e-05 4.174808958389917279e+00 8.088995443944366759e-01 7.542933289033941779e-01 8.643667015804297193e-01 0.000000000000000000e+00
7.782137476566102663e+00 1.593166255418435151e+00 -9.220953707440682310e-05 -1.000000000000000000e+00 -1.217672462202186673e-04 -5.622051031640973567e-05 5.852143913290888122e+00 8.153133069868636618e-01 7.606315899705883288e-01 8.711177202231287220e-01 0.000000000000000000e+00
7.788627080681298942e+00 1.591838804741922297e+00 -9.862749684950750280e-05 -1.000000000000000000e+00 -1.269943357181737035e-04 -6.413050618891361770e-05 7.072515471515259833e+00 8.078096168991317771e-01 7.522051618933958128e-01 8.642116607487319024e-01 0.000000000000000000e+00
7.795122096543806833e+00 1.590512460117771143e+00 -1.053754563971679559e-04 -1.000000000000000000e+00 -1.331025541107560455e-04 -7.170771681770788904e-05 8.253332651758313432e+00 8.126386279340325203e-01 7.569316758406245960e-01 8.691428187988841092e-01 0.000000000000000000e+00
7.801622528666539047e+00 1.589187220624400876e+00 -9.970434974350937413e-05 -1.000000000000000000e+00 -1.280420704146816317e-04 -6.558198663123186787e-05 7.497851575908143218e+00 7.869865446786684648e-01 7.306952989698825007e-01 8.441134433668232573e-01 0.000000000000000000e+00
7.808128381566169729e+00 1.587863085341000069e+00 -9.319410651655282338e-05 -1.000000000000000000e+00 -1.221139280195327761e-04 -5.879741101271005865e-05 6.625564047547612745e+00 7.833281986387735651e-01 7.278352025170288231e-01 8.404496596401439534e-01 0.000000000000000000e+00
7.814639659763139790e+00 1.586540053347523793e+00 -7.442423651065565541e-05 -1.000000000000000000e+00 -1.065115041535963901e-04 -3.952500973076761569e-05 4.394076020417543305e+00 7.495756555853819725e-01 6.953146024227334632e-01 8.048910121609617052e-01 0.000000000000000000e+00
7.821156367781661345e+00 1.585218123724693617e+00 -5.605942055351330550e-05 -1.000000000000000000e+00 -8.981317830255275121e-05 -2.062291502474965531e-05 2.582897121968770193e+00 7.190358178242963749e-01 6.662637169494288747e-01 7.732701905208265725e-01 0.000000000000000000e+00
7.827678510149716828e+00 1.583897295553998275e+00 -4.368627168235259445e-05 -1.000000000000000000e+00 -7.632570753611372125e-05 -7.534728130588835512e-06 1.587232866573415890e+00 7.049410827443207683e-01 6.529841648158651868e-01 7.585888267964544518e-01 0.000000000000000000e+00
7.834206091399066985e+00 1.582577567917689887e+00 -3.227475708573340920e-05 -1.000000000000000000e+00 -6.435529612455355149e-05 4.705172853888378278e-06 8.707104114934907102e-01 6.835263503874640101e-01 6.315417163168024484e-01 7.378492474337886575e-01 0.000000000000000000e+00
7.840739116065250869e+00 1.581258939898786631e+00 -2.662987903708694440e-05 -1.000000000000000000e+00 -5.934801681965606185e-05 1.098318173818680610e-05 5.881573899601590938e-01 6.729512671554030989e-01 6.216929633973986569e-01 7.267238413610704884e-01 0.000000000000000000e+00
7.847277588687588512e+00 1.579941410581070071e+00 -2.622639188260820453e-05 -1.000000000000000000e+00 -5.911043313887145761e-05 1.162322954498806941e-05 5.640210275707744358e-01 6.703211773793310568e-01 6.183036338680114596e-01 7.249480472514421292e-01 0.000000000000000000e+00
7.853821513809187138e+00 1.578624979049085830e+00 -2.892013669845828572e-05 -1.000000000000000000e+00 -6.149281635937957824e-05 8.771232852773583474e-06 6.842430012181495158e-01 6.674146441261807894e-01 6.158082423924107207e-01 7.216227323396602333e-01 0.000000000000000000e+00
7.860370895976941163e+00 1.577309644388141585e+00 -3.290141378190020513e-05 -1.000000000000000000e+00 -6.497319497919343820e-05 4.436650972051270738e-06 8.964087616469811337e-01 6.588352830752292055e-01 6.065979960420303518e-01 7.137207753192689186e-01 0.000000000000000000e+00
7.866925739741537527e+00 1.575995405684307737e+00 -4.118895260374095136e-05 -1.000000000000000000e+00 -7.215019046634291188e-05 -4.786481128277665002e-06 1.421350658440530879e+00 6.590454447292135587e-01 6.071611713676980937e-01 7.135487396112328851e-01 0.000000000000000000e+00
7.873486049657457464e+00 1.574682262024415857e+00 -4.907777729298001948e-05 -1.000000000000000000e+00 -7.927644826489726559e-05 -1.369817919955815662e-05 2.051170023504795381e+00 6.516928732067220897e-01 5.990649804320843375e-01 7.068777309708038636e-01 0.000000000000000000e+00
7.880051830282980951e+00 1.573370212496058462e+00 -5.888253114169628155e-05 -1.000000000000000000e+00 -8.765002436424285798e-05 -2.459288277513828526e-05 2.981520794001255581e+00 6.489258265149168148e-01 5.966764088110423359e-01 7.036309311163462255e-01 0.000000000000000000e+00
7.886623086180188480e+00 1.572059256187587906e+00 -6.454177837564246869e-05 -1.000000000000000000e+00 -9.252901003474624892e-05 -3.096030568960300662e-05 3.661284680699026239e+00 6.313109512940292545e-01 5.783956328958069770e-01 6.860752089975177270e-01 0.000000000000000000e+00
7.893199821914964609e+00 1.570749392188117488e+00 -7.006770926232620334e-05 -1.000000000000000000e+00 -9.694521624385241533e-05 -3.754969131554585404e-05 4.459069888013516447e+00 6.213930218511222181e-01 5.679456372261376673e-01 6.763146681221213763e-01 0.000000000000000000e+00
7.899782042057002407e+00 1.569440619587517682e+00 -4.373474603819435991e-04 -1.000000000000000000e+00 0.000000000000000000e+00 0.000000000000000000e+00 0.000000000000000000e+00 6.480166980356195650e-01 0.000000000000000000e+00 0.000000000000000000e+00 1.000000000000000000e+00
7.906369751179806116e+00 1.568132937476418354e+00 -3.210221425630479727e-04 -1.000000000000000000e+00 0.000000000000000000e+00 0.000000000000000000e+00 0.000000000000000000e+00 6.297039372022721349e-01 0.000000000000000000e+00 0.000000000000000000e+00 1.000000000000000000e+00
7.912962953860692039e+00 1.566826344946206540e+00 -2.268889310434498157e-04 -1.000000000000000000e+00 0.000000000000000000e+00 0.000000000000000000e+00 0.000000000000000000e+00 6.159973022026951073e-01 0.000000000000000000e+00 0.000000000000000000e+00 1.000000000000000000e+00
7.919561654680794760e+00 1.565520841089027337e+00 -7.233834137361486627e-05 -1.000000000000000000e+00 -9.920190148813786985e-05 -4.521612122564562633e-05 5.959615071378621565e+00 5.781661212876112454e-01 5.277571895877480879e-01 6.315721643797210794e-01 0.000000000000000000e+00
7.926165858225068916e+00 1.564216424997781019e+00 -5.158213547940337452e-04 -1.000000000000000000e+00 0.000000000000000000e+00 0.000000000000000000e+00 0.000000000000000000e+00 6.176619540571627320e-01 0.000000000000000000e+00 0.000000000000000000e+00 1.000000000000000000e+00
7.932775569082291867e+00 1.562913095766124583e+00 -5.737932121101676055e-04 -1.000000000000000000e+00 0.000000000000000000e+00 0.000000000000000000e+00 0.000000000000000000e+00 5.890777156361706179e-01 0.000000000000000000e+00 0.000000000000000000e+00 1.000000000000000000e+00
7.939390791845069018e+00 1.561610852488469980e+00 -4.936189416955144571e-04 -1.000000000000000000e+00 0.000000000000000000e+00 0.000000000000000000e+00 0.000000000000000000e+00 5.891324737907711606e-01 0.000000000000000000e+00 0.000000000000000000e+00 1.000000000000000000e+00
7.946011531109834714e+00 1.560309694259983226e+00 -3.713872610242084735e-04 -1.000000000000000000e+00 0.000000000000000000e+00 0.000000000000000000e+00 0.000000000000000000e+00 5.754858752175712189e-01 0.000000000000000000e+00 0.000000000000000000e+00 1.000000000000000000e+00
7.952637791476856677e+00 1.559009620176584621e+00 -4.854644543187561852e-04 -1.000000000000000000e+00 0.000000000000000000e+00 0.000000000000000000e+00 0.000000000000000000e+00 5.605932024907752664e-01 0.000000000000000000e+00 0.000000000000000000e+00 1.000000000000000000e+00
7.959269577550237784e+00 1.557710629334948083e+00 -3.541274328012856748e-04 -1.000000000000000000e+00 0.000000000000000000e+00 0.000000000000000000e+00 0.000000000000000000e+00 5.416118976691177700e-01 0.000000000000000000e+00 0.000000000000000000e+00 1.000000000000000000e+00
7.965906893937922284e+00 1.556412720832499597e+00 -3.734484787975663931e-04 -1.000000000000000000e+00 -5.842922180054156223e-04 -1.583158850979646379e-04 1.239922570114251243e+01 5.096921497254813804e-01 4.697330245220919798e-01 5.755648369459844815e-01 0.000000000000000000e+00
7.972549745251694908e+00 1.555115893767417656e+00 -3.388297670762512991e-03 -1.000000000000000000e+00 0.000000000000000000e+00 0.000000000000000000e+00 0.000000000000000000e+00 6.280465320678872976e-01 0.000000000000000000e+00 0.000000000000000000e+00 1.000000000000000000e+00
7.979198136107187977e+00 1.553820147238631932e+00 -7.393310579837885331e-03 -1.000000000000000000e+00 0.000000000000000000e+00 0.000000000000000000e+00 0.000000000000000000e+00 6.609831181727292559e-01 0.000000000000000000e+00 0.000000000000000000e+00 1.000000000000000000e+00
7.985852071123881402e+00 1.552525480345822828e+00 -1.480649951564411669e-02 -1.000000000000000000e+00 0.000000000000000000e+00 0.000000000000000000e+00 0.000000000000000000e+00 8.659219936167910081e-01 0.000000000000000000e+00 0.000000000000000000e+00 1.000000000000000000e+00
7.992511554925108008e+00 1.551231892189421036e+00 -1.965167209144528387e-02 -1.000000000000000000e+00 0.000000000000000000e+00 0.000000000000000000e+00 0.000000000000000000e+00 9.197967323315414667e-01 0.000000000000000000e+00 0.000000000000000000e+00 1.000000000000000000e+00
7.999176592138056208e+00 1.549939381870606869e+00 -4.623657612319040724e-03 -1.000000000000000000e+00 0.000000000000000000e+00 0.000000000000000000e+00 0.000000000000000000e+00 5.717427838471529356e-01 0.000000000000000000e+00 0.000000000000000000e+00 1.000000000000000000e+00
