# OBJ_NAME=4U1556-60
#         GRID_START=6.00
#         GRID_END=8.00
#         GRID_STEP_FRACTION=0.50
#         XSPEC_FITSTAT=cstat
#         XSPEC_CONTINUUM_MODEL=tbabs*(bbodyrad + pow)*constant
#         XSPEC_LINE_MODEL=gauss
#         LINE_VELOCITY_WIDTH=500
#         INPUT_FILE=/home/simon/Downloads/tgcat/obs_10695_tgid_4190/pm_heg_abs1.pha
#         SEARCH_MODE=Sliding window
#         FIT_REGION_WIDTH=30.00
#         RUNTIME=69
#         COLUMN_NAMES=ENERGY,WAVELENGTH,NORM,NORM_SIGN,NORM_ERR_LO,NORM_ERR_HI,DELTA_FITSTAT,CONSTANT_FACTOR,CONSTANT_FACTOR_ERR_LO,CONSTANT_FACTOR_ERR_HI,FIT_ERR
6.000000000000000000e+00 2.066373137115381287e+00 6.876797793831127254e-06 1.000000000000000000e+00 -1.017779050324237440e-05 2.474646999973167919e-05 1.756884094271242702e-01 1.046042621356239266e+00 1.022941238721366330e+00 1.069480097896297943e+00 0.000000000000000000e+00
6.005003461427972589e+00 2.064651403172383937e+00 -1.113613637399905895e-06 -1.000000000000000000e+00 -1.806117594304051068e-05 1.665482463481738804e-05 4.569135507480837077e-03 1.053954716337034858e+00 1.030576785896199388e+00 1.077674058226017140e+00 0.000000000000000000e+00
6.010011095293655181e+00 2.062931103804642063e+00 -6.388813883547128434e-06 -1.000000000000000000e+00 -2.315451441810784802e-05 1.120538489221055306e-05 1.509574748586430815e-01 1.055109549287677417e+00 1.031858186999694338e+00 1.078698282337093417e+00 0.000000000000000000e+00
6.015022905076486737e+00 2.061212237816845594e+00 -9.557881710887154716e-06 -1.000000000000000000e+00 -2.611056338297711675e-05 7.826595818565747309e-06 3.425869031166968171e-01 1.054809981415391507e+00 1.031529325783590911e+00 1.078429117092036149e+00 0.000000000000000000e+00
6.020038894258807005e+00 2.059494804014679215e+00 -1.217849787138506029e-05 -1.000000000000000000e+00 -2.852337978520705147e-05 4.998628219200867794e-06 5.648842441514290158e-01 1.059069881745139163e+00 1.035584163116984424e+00 1.082899089608357457e+00 0.000000000000000000e+00
6.025059066325860080e+00 2.057778801204824592e+00 -1.454177311225244136e-05 -1.000000000000000000e+00 -3.073276668000897872e-05 2.482273789706527584e-06 8.127974292524982047e-01 1.066423300943670771e+00 1.042826242605398024e+00 1.090364974544367538e+00 0.000000000000000000e+00
6.030083424765796174e+00 2.056064228194956822e+00 -1.462641400316025898e-05 -1.000000000000000000e+00 -3.078312713891103906e-05 2.365584588610392539e-06 8.237106235836222368e-01 1.064934138507997563e+00 1.041494580608443909e+00 1.088714411831600559e+00 0.000000000000000000e+00
6.035111973069674285e+00 2.054351083793744426e+00 -1.402857549180880800e-05 -1.000000000000000000e+00 -3.028176701863478758e-05 3.058439069556032628e-06 7.523099536874724436e-01 1.060554511204703676e+00 1.036970016151207874e+00 1.084485256302586631e+00 0.000000000000000000e+00
6.040144714731465747e+00 2.052639366810848021e+00 -1.510191849592004470e-05 -1.000000000000000000e+00 -3.145334223902477026e-05 2.077130573314927517e-06 8.606972823425422803e-01 1.064431961450057251e+00 1.040744351624764086e+00 1.088467695513253730e+00 0.000000000000000000e+00
6.045181653248054232e+00 2.050929076056921652e+00 -1.583975732654163262e-05 -1.000000000000000000e+00 -3.221675757175733804e-05 1.362509616041452336e-06 9.409668940803328496e-01 1.068894283788631050e+00 1.045293692559496002e+00 1.092838969142619021e+00 0.000000000000000000e+00
6.050222792119239301e+00 2.049220210343609683e+00 -1.584657794794375879e-05 -1.000000000000000000e+00 -3.219745641650971301e-05 1.336491856448347173e-06 9.441628223668203646e-01 1.072468315028307861e+00 1.048653773496755370e+00 1.096631902427092298e+00 0.000000000000000000e+00
6.055268134847740846e+00 2.047512768483544576e+00 -1.409548535934565034e-05 -1.000000000000000000e+00 -3.043720663372299044e-05 3.088339714858116797e-06 7.505269569702193166e-01 1.069491777525170662e+00 1.045665503184792344e+00 1.093668133703750822e+00 0.000000000000000000e+00
6.060317684939197314e+00 2.045806749290351334e+00 -1.218290485040580108e-05 -1.000000000000000000e+00 -2.861209266982279385e-05 5.091476761982936165e-06 5.584111015561319391e-01 1.066328325824198453e+00 1.042477892601691547e+00 1.090530512185448719e+00 0.000000000000000000e+00
6.065371445902172809e+00 2.044102151578641724e+00 -1.050784223285939401e-05 -1.000000000000000000e+00 -2.709925770225092247e-05 6.927038977945198305e-06 4.102553757448674787e-01 1.065592499676162985e+00 1.041738105460828567e+00 1.089799253231304998e+00 0.000000000000000000e+00
6.070429421248155322e+00 2.042398974164015168e+00 -8.535219202216425411e-06 -1.000000000000000000e+00 -2.529291407872862721e-05 9.063819161872985073e-06 2.674923280413565863e-01 1.066414318277526307e+00 1.042485804350451462e+00 1.090697165471982810e+00 0.000000000000000000e+00
6.075491614491562942e+00 2.040697215863058300e+00 -5.346261891332927035e-06 -1.000000000000000000e+00 -2.220122436904876784e-05 1.234811280286959541e-05 1.047776969629694577e-01 1.065116282102671397e+00 1.041147573500760481e+00 1.089441008910085218e+00 0.000000000000000000e+00
6.080558029149742971e+00 2.038996875493343186e+00 -1.878930717060628141e-06 -1.000000000000000000e+00 -1.872837133698432207e-05 1.580801091947637768e-05 1.306067366373042660e-02 1.063594801530875600e+00 1.039661248465482579e+00 1.087884017080570143e+00 0.000000000000000000e+00
6.085628668742976366e+00 2.037297951873428659e+00 8.871418206629560907e-07 1.000000000000000000e+00 -1.589672987997056789e-05 1.850772863562839306e-05 2.952795761103743644e-03 1.062051009823546277e+00 1.038101883767696298e+00 1.086356920172572016e+00 0.000000000000000000e+00
6.090703536794479511e+00 2.035600443822857208e+00 2.336507823298137062e-06 1.000000000000000000e+00 -1.438101368194635689e-05 1.989179655788377043e-05 2.070835145468663541e-02 1.059248397498709915e+00 1.035293027030348423e+00 1.083561939311345590e+00 0.000000000000000000e+00
6.095782636830406886e+00 2.033904350162153651e+00 3.360567212989635311e-07 1.000000000000000000e+00 -1.635383024523485041e-05 1.786565109545174983e-05 4.277063163442562654e-04 1.062795204489596745e+00 1.038609666827988942e+00 1.087344452982289766e+00 0.000000000000000000e+00
6.100865972379854618e+00 2.032209669712826461e+00 -4.146002871542647131e-06 -1.000000000000000000e+00 -2.083503236599770908e-05 1.338912801461495739e-05 6.420645160261528872e-02 1.068758342605190315e+00 1.044633410111713845e+00 1.093243022486207749e+00 0.000000000000000000e+00
6.105953546974859592e+00 2.030516401297367324e+00 -9.298004424664693560e-06 -1.000000000000000000e+00 -2.604764099897707890e-05 8.306598116692253514e-06 3.167596368185314759e-01 1.072281911442050317e+00 1.047898973734639583e+00 1.097030522266952079e+00 0.000000000000000000e+00
6.111045364150406556e+00 2.028824543739246700e+00 -1.506875545330927938e-05 -1.000000000000000000e+00 -3.183942856172300635e-05 2.565112196340342917e-06 8.172509786778334728e-01 1.079026429680622456e+00 1.054490502180605027e+00 1.103930058270421011e+00 0.000000000000000000e+00
6.116141427444425460e+00 2.027134095862917373e+00 -1.883010100307893825e-05 -1.000000000000000000e+00 -3.553208892822887373e-05 -1.262693475546629264e-06 1.270338369291835079e+00 1.083644060243553531e+00 1.059198080848077428e+00 1.108453676268485788e+00 0.000000000000000000e+00
6.121241740397799447e+00 2.025445056493809570e+00 -1.899562590521377346e-05 -1.000000000000000000e+00 -3.556223643077005884e-05 -1.563852550765002468e-06 1.311344076581875129e+00 1.081996418743198962e+00 1.057392182443409157e+00 1.106969751081339659e+00 0.000000000000000000e+00
6.126346306554362187e+00 2.023757424458334508e+00 -1.924298996148854037e-05 -1.000000000000000000e+00 -3.559982052947574738e-05 -2.017787833559083030e-06 1.372403243039840959e+00 1.087554872021001096e+00 1.062867114977018357e+00 1.112612382682883094e+00 0.000000000000000000e+00
6.131455129460903208e+00 2.022071198583879958e+00 -1.732505657377659227e-05 -1.000000000000000000e+00 -3.358072490418400257e-05 -1.994839363655316893e-07 1.129699357161186413e+00 1.084466779098356204e+00 1.059778906034969159e+00 1.109525790564423797e+00 0.000000000000000000e+00
6.136568212667169675e+00 2.020386377698810687e+00 -1.664654483193894649e-05 -1.000000000000000000e+00 -3.294352916346602884e-05 5.196991884823254360e-07 1.039987653195879602e+00 1.084144922836996594e+00 1.059463702804633867e+00 1.109197397146618025e+00 0.000000000000000000e+00
6.141685559725869936e+00 2.018702960632467569e+00 -1.805521931445464061e-05 -1.000000000000000000e+00 -3.450869066329149385e-05 -7.319679871192630457e-07 1.198967647385671853e+00 1.090147322477879044e+00 1.065320010317809762e+00 1.115348212837359076e+00 0.000000000000000000e+00
6.146807174192673529e+00 2.017020946215167587e+00 -1.785874048908695261e-05 -1.000000000000000000e+00 -3.452212309481933700e-05 -3.227893451805047330e-07 1.148878550908150942e+00 1.088429196381885955e+00 1.063537032524861203e+00 1.113697138906126760e+00 0.000000000000000000e+00
6.151933059626216505e+00 2.015340333278202056e+00 -1.716294992023504430e-05 -1.000000000000000000e+00 -3.395242853898939922e-05 4.996758185695498327e-07 1.049143318425166171e+00 1.088099817894786714e+00 1.063202405358077307e+00 1.113373156067115621e+00 0.000000000000000000e+00
6.157063219588101433e+00 2.013661120653835290e+00 -1.591703283180635886e-05 -1.000000000000000000e+00 -3.269128748286835107e-05 1.730462741801388078e-06 9.063181735594412203e-01 1.090466084418706849e+00 1.065494956369162916e+00 1.115815043554227559e+00 0.000000000000000000e+00
6.162197657642900950e+00 2.011983307175305935e+00 -1.408388940638966126e-05 -1.000000000000000000e+00 -3.075232721610351668e-05 3.462684143367903336e-06 7.200042860897752917e-01 1.093033062879310346e+00 1.067998567099425866e+00 1.118446090305954321e+00 0.000000000000000000e+00
6.167336377358160426e+00 2.010306891676824304e+00 -1.255839866721334922e-05 -1.000000000000000000e+00 -2.917774553532810232e-05 4.945673679192122166e-06 5.777035849162643899e-01 1.095630975887315728e+00 1.070381723331584434e+00 1.121264344000925117e+00 0.000000000000000000e+00
6.172479382304400630e+00 2.008631872993570600e+00 -1.123391216088089329e-05 -1.000000000000000000e+00 -2.794489185922987892e-05 6.367220772097245487e-06 4.586790295694953556e-01 1.095195245987124366e+00 1.070091558677454868e+00 1.120678663016053234e+00 0.000000000000000000e+00
6.177626676055119503e+00 2.006958249961698471e+00 -1.135557644366927584e-05 -1.000000000000000000e+00 -2.833800574860270003e-05 6.514592301901737915e-06 4.562720479869284418e-01 1.098534612116273790e+00 1.073156510236588090e+00 1.124299337029668777e+00 0.000000000000000000e+00
6.182778262186794827e+00 2.005286021418328790e+00 -1.041749739044255932e-05 -1.000000000000000000e+00 -2.771668478604128415e-05 7.765228567873518577e-06 3.731135620326568869e-01 1.098451640315145639e+00 1.072975195004830740e+00 1.124317653565679809e+00 0.000000000000000000e+00
6.187934144278887771e+00 2.003615186201552323e+00 -8.601216603516514869e-06 -1.000000000000000000e+00 -2.608012156860139833e-05 9.766228628390212689e-06 2.504623500337146424e-01 1.100549786806970243e+00 1.075183927542923135e+00 1.126300931776591741e+00 0.000000000000000000e+00
6.193094325913842901e+00 2.001945743150427948e+00 -5.036954994937468345e-06 -1.000000000000000000e+00 -2.257960192911483680e-05 1.340302795412875982e-05 8.611397430911438278e-02 1.102301765857863991e+00 1.076721146960084807e+00 1.128273279040291399e+00 0.000000000000000000e+00
6.198258810677093500e+00 2.000277691104981770e+00 1.212033998643199847e-06 1.000000000000000000e+00 -1.636968578510039770e-05 1.969367029324406548e-05 5.045235209664156173e-03 1.096603006488027443e+00 1.071045950498588750e+00 1.122552357241762611e+00 0.000000000000000000e+00
6.203427602157062459e+00 1.998611028906206677e+00 5.902459329501388430e-06 1.000000000000000000e+00 -1.175114754883683989e-05 2.445509944021437594e-05 1.199847861711020869e-01 1.098226354538800686e+00 1.072815556149762317e+00 1.124024769958323899e+00 0.000000000000000000e+00
6.208600703945164057e+00 1.996945755396060118e+00 1.055595356410292290e-05 1.000000000000000000e+00 -7.310655566083790313e-06 2.932038405706631820e-05 3.803570609048421147e-01 1.097619410551476271e+00 1.072002240362774028e+00 1.123630606360467077e+00 0.000000000000000000e+00
6.213778119635809283e+00 1.995281869417466547e+00 1.642490974409787196e-05 1.000000000000000000e+00 -1.743755303686165615e-06 3.548876186497806337e-05 9.069405219975408272e-01 1.088281330655462398e+00 1.062687509471590630e+00 1.114271840580456807e+00 0.000000000000000000e+00
6.218959852826404955e+00 1.993619369814312314e+00 1.932214819748629461e-05 1.000000000000000000e+00 8.991060320564965298e-07 3.863451375770891134e-05 1.231872831452761829e+00 1.088970590412051020e+00 1.063285864629915478e+00 1.115054968717753336e+00 0.000000000000000000e+00
6.224145907117359044e+00 1.991958255431448777e+00 2.185320911398816872e-05 1.000000000000000000e+00 3.295671714979968992e-06 4.129956372094433989e-05 1.563199197469202772e+00 1.087841122680408557e+00 1.062168650629260247e+00 1.113913172455490486e+00 0.000000000000000000e+00
6.229336286112081567e+00 1.990298525114688521e+00 2.295091685185978944e-05 1.000000000000000000e+00 4.402031224070065008e-06 4.239527954157468545e-05 1.729825593104024506e+00 1.088893273640332282e+00 1.063155906878496371e+00 1.115031678965561879e+00 0.000000000000000000e+00
6.234530993416986355e+00 1.988640177710806478e+00 2.347820136870086284e-05 1.000000000000000000e+00 5.005836142742114812e-06 4.285231795285651674e-05 1.828631803805961908e+00 1.087262928773055748e+00 1.061350222734414261e+00 1.113582694415290231e+00 0.000000000000000000e+00
6.239730032641496393e+00 1.986983212067538140e+00 2.133969370021450646e-05 1.000000000000000000e+00 2.992760303636151449e-06 4.059149469988236142e-05 1.518913020696743388e+00 1.091224552559302285e+00 1.065431222618914875e+00 1.117419990856311163e+00 0.000000000000000000e+00
6.244933407398043812e+00 1.985327627033580011e+00 1.772428216455937543e-05 1.000000000000000000e+00 -5.488180141882895570e-07 3.690454541715541397e-05 1.045986122082268821e+00 1.094978618468945397e+00 1.069075719846778405e+00 1.121285735616835977e+00 0.000000000000000000e+00
6.250141121302072555e+00 1.983673421458586272e+00 1.255800763415582721e-05 1.000000000000000000e+00 -5.682267540286693749e-06 3.171285633986461669e-05 5.205296622031596598e-01 1.099727748113187298e+00 1.073540532602739850e+00 1.126325960806327631e+00 0.000000000000000000e+00
6.255353177972041934e+00 1.982020594193170782e+00 7.040825816720894541e-06 1.000000000000000000e+00 -1.115600165157688847e-05 2.616578498226098038e-05 1.617902762979923637e-01 1.103128181938061614e+00 1.077037212400804744e+00 1.129625553000195959e+00 0.000000000000000000e+00
6.260569581029430175e+00 1.980369144088905076e+00 1.137318544037899042e-06 1.000000000000000000e+00 -1.702393464088261855e-05 2.023761135176608560e-05 4.172012006080194624e-03 1.110149209873491971e+00 1.083890709577162603e+00 1.136816051704367503e+00 0.000000000000000000e+00
6.265790334098732650e+00 1.978719069998317037e+00 -1.937478926314254812e-06 -1.000000000000000000e+00 -2.008685413185069685e-05 1.715410524867769855e-05 1.204412073528260407e-02 1.111673104225738840e+00 1.085165877803681456e+00 1.138595563455613524e+00 0.000000000000000000e+00
6.271015440807469865e+00 1.977070370774890451e+00 -3.380392944855374623e-06 -1.000000000000000000e+00 -2.148046912469868001e-05 1.566135748044169678e-05 3.670175880843373761e-02 1.116228364976940002e+00 1.089603776796766121e+00 1.143270396341521389e+00 0.000000000000000000e+00
6.276244904786186574e+00 1.975423045273065226e+00 -1.275585013220366703e-06 -1.000000000000000000e+00 -1.933480257988515460e-05 1.772946533240638212e-05 5.270514743287435522e-03 1.115241465322050152e+00 1.088648362355393973e+00 1.142251314454482136e+00 0.000000000000000000e+00
6.281478729668454442e+00 1.973777092348234952e+00 2.474040660428983703e-06 1.000000000000000000e+00 -1.560649804588265153e-05 2.149973525778812059e-05 1.997380937613968399e-02 1.113946501993440474e+00 1.087313635334520523e+00 1.140998096979188192e+00 0.000000000000000000e+00
6.286716919090875599e+00 1.972132510856748011e+00 6.184948061317819069e-06 1.000000000000000000e+00 -1.197404348031177272e-05 2.527503587035706688e-05 1.250763201390157064e-01 1.115652694971262182e+00 1.088941716514477243e+00 1.142784918874333089e+00 0.000000000000000000e+00
6.291959476693084419e+00 1.970489299655904469e+00 1.036436795347833087e-05 1.000000000000000000e+00 -7.877671247543379651e-06 2.952501977825071897e-05 3.519700819842199735e-01 1.113696330637713894e+00 1.087022355903861648e+00 1.140792185728823016e+00 0.000000000000000000e+00
6.297206406117751065e+00 1.968847457603957185e+00 1.284441880739103735e-05 1.000000000000000000e+00 -5.438332178395161761e-06 3.204931070564959476e-05 5.415839532938235834e-01 1.114260438498427597e+00 1.087519578396021425e+00 1.141425067933073745e+00 0.000000000000000000e+00
6.302457711010582386e+00 1.967206983560110700e+00 1.430519872842859137e-05 1.000000000000000000e+00 -4.012856533679813316e-06 3.355790415517765257e-05 6.718048561077125669e-01 1.112224347310571515e+00 1.085437372079108398e+00 1.139436759939151056e+00 0.000000000000000000e+00
6.307713395020327241e+00 1.965567876384518575e+00 1.364897119740482639e-05 1.000000000000000000e+00 -4.722005093158423546e-06 3.295868630827524415e-05 6.069725136112538166e-01 1.112553369840911133e+00 1.085759438967214940e+00 1.139772649499261714e+00 0.000000000000000000e+00
6.312973461798775610e+00 1.963930134938285832e+00 1.338156101821932369e-05 1.000000000000000000e+00 -5.082094888957085501e-06 3.277744399173712175e-05 5.781556477767111346e-01 1.104970946772775742e+00 1.078178757972987345e+00 1.132191777020645551e+00 0.000000000000000000e+00
6.318237915000763039e+00 1.962293758083465844e+00 9.285353798934002452e-06 1.000000000000000000e+00 -9.188501461489177087e-06 2.869044188351528422e-05 2.755107638335374531e-01 1.110672416473767798e+00 1.083573881125120764e+00 1.138207121536518818e+00 0.000000000000000000e+00
6.323506758284172413e+00 1.960658744683059451e+00 4.544255077648780060e-06 1.000000000000000000e+00 -1.380297452262287111e-05 2.384051904821449957e-05 6.584408930530116777e-02 1.117964173135230777e+00 1.090944506582119056e+00 1.145414075774894958e+00 0.000000000000000000e+00
6.328779995309938400e+00 1.959025093601015399e+00 1.267916744823146124e-06 1.000000000000000000e+00 -1.695066500808474426e-05 2.045390080310567372e-05 5.142868532615807453e-03 1.120068548583723622e+00 1.092958831292557109e+00 1.147609819650923235e+00 0.000000000000000000e+00
6.334057629742047446e+00 1.957392803702229900e+00 -2.184152741860849931e-06 -1.000000000000000000e+00 -2.035008475309410986e-05 1.694963847932729674e-05 1.521674812383366771e-02 1.126120240858577315e+00 1.098707632833912262e+00 1.153971705803502612e+00 0.000000000000000000e+00
6.339339665247542221e+00 1.955761873852543076e+00 -3.289210462572657626e-06 -1.000000000000000000e+00 -2.146991658794100127e-05 1.585121845891519432e-05 3.433218950847560791e-02 1.125728489739668436e+00 1.098476519437783461e+00 1.153415331110853925e+00 0.000000000000000000e+00
6.344626105496522506e+00 1.954132302918741848e+00 -4.540347392068488051e-06 -1.000000000000000000e+00 -2.272546256495349703e-05 1.460504745146724137e-05 6.516571910859170202e-02 1.131159596573735104e+00 1.103769282522421680e+00 1.158987199115270039e+00 0.000000000000000000e+00
6.349916954162148741e+00 1.952504089768555939e+00 -3.798561453866398845e-06 -1.000000000000000000e+00 -2.197641739863657320e-05 1.535162675188302746e-05 4.574105583942866815e-02 1.132819339251975643e+00 1.105182823231732447e+00 1.160899909794512075e+00 0.000000000000000000e+00
6.355212214920644698e+00 1.950877233270659206e+00 -2.627179725443496769e-06 -1.000000000000000000e+00 -2.082692424670254150e-05 1.655362681408199138e-05 2.188127314698817827e-02 1.136982909402683539e+00 1.109225764091763544e+00 1.165185898611776238e+00 0.000000000000000000e+00
6.360511891451300137e+00 1.949251732294668749e+00 5.562007547788843288e-07 1.000000000000000000e+00 -1.778933169306599039e-05 1.988093489360146448e-05 9.746860710606597422e-04 1.135450047309877419e+00 1.107710446624004863e+00 1.163635639326558557e+00 0.000000000000000000e+00
6.365815987436472589e+00 1.947627585711142251e+00 2.378687838989378865e-06 1.000000000000000000e+00 -1.617345758368313229e-05 2.190251300328886427e-05 1.755220411394020630e-02 1.143316144605892815e+00 1.115395758863001241e+00 1.171685644501416101e+00 0.000000000000000000e+00
6.371124506561590906e+00 1.946004792391578420e+00 6.889538380052230331e-06 1.000000000000000000e+00 -1.188945082369416750e-05 2.663552221430924547e-05 1.457291580648814033e-01 1.141499086364773818e+00 1.113517692841769602e+00 1.169932625754517952e+00 0.000000000000000000e+00
6.376437452515156146e+00 1.944383351208418098e+00 1.174761938855539654e-05 1.000000000000000000e+00 -7.178067741720513877e-06 3.164067449840813072e-05 4.225385291213399341e-01 1.139166191909528614e+00 1.111220822364225924e+00 1.167563548874146928e+00 0.000000000000000000e+00
6.381754828988746020e+00 1.942763261035039601e+00 1.532685932973913356e-05 1.000000000000000000e+00 -3.663560461926585853e-06 3.528654095798202316e-05 7.207808003344098324e-01 1.141061323993772358e+00 1.113026839314773975e+00 1.169550157713262761e+00 0.000000000000000000e+00
6.387076639677015777e+00 1.941144520745761159e+00 1.762537347408945512e-05 1.000000000000000000e+00 -1.389950153887914306e-06 3.761044569316313556e-05 9.558331781329911792e-01 1.144404158756853640e+00 1.116266117545558378e+00 1.172998709904498060e+00 0.000000000000000000e+00
6.392402888277703532e+00 1.939527129215838475e+00 1.937750646503609930e-05 1.000000000000000000e+00 3.291670415037029008e-07 3.939619369632365621e-05 1.155920633057576197e+00 1.143581323361735569e+00 1.115464781973695363e+00 1.172154135101985517e+00 0.000000000000000000e+00
6.397733578491629380e+00 1.937911085321463833e+00 1.746171762741856019e-05 1.000000000000000000e+00 -1.619246384150226597e-06 3.751561289030812810e-05 9.306837272905852387e-01 1.152186940013996130e+00 1.123884247531835134e+00 1.180948669950349306e+00 0.000000000000000000e+00
6.403068714022700725e+00 1.936296387939767438e+00 1.505687819201136409e-05 1.000000000000000000e+00 -4.086178784931010396e-06 3.517815871190667549e-05 6.844854531416899590e-01 1.155930136361261074e+00 1.127320833531727295e+00 1.185006276227333011e+00 0.000000000000000000e+00
6.408408298577912277e+00 1.934683035948813856e+00 1.316125102929305711e-05 1.000000000000000000e+00 -6.010178286044400486e-06 3.331860662147586563e-05 5.184857351711116280e-01 1.152446195999409673e+00 1.124032399062741661e+00 1.181321805926091262e+00 0.000000000000000000e+00
6.413752335867351384e+00 1.933071028227602239e+00 9.831471158575412776e-06 1.000000000000000000e+00 -9.323686701358062978e-06 2.997927663157877749e-05 2.874268642552806341e-01 1.153949340052804917e+00 1.125421510629648569e+00 1.182941710107601407e+00 0.000000000000000000e+00
6.419100829604198033e+00 1.931460363656067436e+00 7.218884543796176217e-06 1.000000000000000000e+00 -1.188259228527831663e-05 2.732138682952154468e-05 1.549232284784380909e-01 1.153779620747674484e+00 1.125003073070885318e+00 1.183028469764714652e+00 0.000000000000000000e+00
6.424453783504729287e+00 1.929851041115075327e+00 5.009629784694949780e-06 1.000000000000000000e+00 -1.398120804029311958e-05 2.501119458344743993e-05 7.481592505004641680e-02 1.155564160425546660e+00 1.126943964846631507e+00 1.184650910831933190e+00 0.000000000000000000e+00
6.429811201288321953e+00 1.928243059486426159e+00 3.456911686392549086e-06 1.000000000000000000e+00 -1.548102777183527331e-05 2.340767703825576867e-05 3.569148553341960906e-02 1.158866665233914128e+00 1.129967084929723864e+00 1.188240655883221697e+00 0.000000000000000000e+00
6.435173086677453469e+00 1.926636417652850763e+00 1.297162351428579568e-06 1.000000000000000000e+00 -1.760962289494206429e-05 2.121443115476137235e-05 5.009471643589336054e-03 1.169157813347294850e+00 1.140056745112104641e+00 1.198736174920997266e+00 0.000000000000000000e+00
6.440539443397706343e+00 1.925031114498011453e+00 1.303316414295509164e-06 1.000000000000000000e+00 -1.761251035558829563e-05 2.123023959392848658e-05 5.042236871688032807e-03 1.172653235941533811e+00 1.143687790938188176e+00 1.202090192821003933e+00 0.000000000000000000e+00
6.445910275177769044e+00 1.923427148906499795e+00 8.107765803647199924e-07 1.000000000000000000e+00 -1.815300074417964450e-05 2.078688491693861574e-05 1.940821679156101709e-03 1.180717327326139543e+00 1.151404525498565867e+00 1.210509812590162770e+00 0.000000000000000000e+00
6.451285585749439555e+00 1.921824519763838390e+00 2.433857200911946023e-06 1.000000000000000000e+00 -1.660226365247740145e-05 2.248195867832638751e-05 1.744060602649710745e-02 1.180046784937069937e+00 1.150656661687972537e+00 1.209919520738335530e+00 0.000000000000000000e+00
6.456665378847628034e+00 1.920223225956476210e+00 4.071211839258122642e-06 1.000000000000000000e+00 -1.502276488532966773e-05 2.417368628123990260e-05 4.870758115589524095e-02 1.179243620623385169e+00 1.149872565134514524e+00 1.209097418161598547e+00 0.000000000000000000e+00
6.462049658210359482e+00 1.918623266371792813e+00 5.765943305986142861e-06 1.000000000000000000e+00 -1.335630925076770473e-05 2.589489370420372673e-05 9.786015700744599144e-02 1.176532624302393470e+00 1.147114009729924611e+00 1.206436932774095139e+00 0.000000000000000000e+00
6.467438427578775517e+00 1.917024639898092353e+00 5.209593129949839897e-06 1.000000000000000000e+00 -1.386380414138503050e-05 2.529257192124366850e-05 8.010020491505542850e-02 1.180955525260956707e+00 1.151407792917940487e+00 1.210991547007212121e+00 0.000000000000000000e+00
6.472831690697137930e+00 1.915427345424606687e+00 4.360713827642120320e-06 1.000000000000000000e+00 -1.461839898791906326e-05 2.435324776840977473e-05 5.645521493789829037e-02 1.181382821362495950e+00 1.151849679631878676e+00 1.211403801054051543e+00 0.000000000000000000e+00
6.478229451312831344e+00 1.913831381841492263e+00 1.861725200732015019e-06 1.000000000000000000e+00 -1.699648995110611237e-05 2.173326567351241875e-05 1.034229219303028913e-02 1.182820431291855545e+00 1.153192568197788148e+00 1.212938869703274136e+00 0.000000000000000000e+00
6.483631713176364109e+00 1.912236748039830792e+00 -3.889605404639019136e-06 -1.000000000000000000e+00 -2.258468219441766808e-05 1.582073843229564464e-05 4.515644931059625833e-02 1.192631599588884983e+00 1.162801115298871979e+00 1.222955679310146593e+00 0.000000000000000000e+00
6.489038480041373624e+00 1.910643442911627687e+00 -9.491840324730040402e-06 -1.000000000000000000e+00 -2.801969103731200543e-05 1.006692906820750540e-05 2.688828928654061201e-01 1.195398920956520783e+00 1.165539952115034472e+00 1.225750729515488580e+00 0.000000000000000000e+00
6.494449755664626345e+00 1.909051465349812737e+00 -1.686408308707673545e-05 -1.000000000000000000e+00 -3.524752464576058858e-05 2.574893732056744678e-06 8.423174330622344996e-01 1.203377600040589801e+00 1.173320396667792309e+00 1.233929935472775075e+00 0.000000000000000000e+00
6.499865543806021329e+00 1.907460814248235881e+00 -2.259384692687934785e-05 -1.000000000000000000e+00 -4.097842571538372108e-05 -3.139584225096863544e-06 1.490086986481685472e+00 1.204655676672041986e+00 1.174289807433657851e+00 1.235525746126148183e+00 0.000000000000000000e+00
6.505285848228594681e+00 1.905871488501671207e+00 -2.792670117365779448e-05 -1.000000000000000000e+00 -4.638408688312212463e-05 -8.398816012271683292e-06 2.227634037723248639e+00 1.211946277473187950e+00 1.181640874950437903e+00 1.242750727625017815e+00 0.000000000000000000e+00
6.510710672698518664e+00 1.904283487005811404e+00 -2.957414982269896734e-05 -1.000000000000000000e+00 -4.813716480469981809e-05 -9.938255623219347499e-06 2.464112271038388258e+00 1.217226953685947022e+00 1.186746284348812575e+00 1.248210326168249562e+00 0.000000000000000000e+00
6.516140020985107917e+00 1.902696808657271088e+00 -2.775539816617765898e-05 -1.000000000000000000e+00 -4.637521223410781329e-05 -8.058091510724426509e-06 2.168871259977564137e+00 1.225275711236897713e+00 1.194438726471810597e+00 1.256623707425888359e+00 0.000000000000000000e+00
6.521573896860818564e+00 1.901111452353583031e+00 -1.948241693909143101e-05 -1.000000000000000000e+00 -3.819258397354550810e-05 3.057122319715623504e-07 1.080128818833898663e+00 1.218172664297328511e+00 1.187631956580261106e+00 1.249217918012634154e+00 0.000000000000000000e+00
6.527012304101254436e+00 1.899527416993199491e+00 -9.800384180380554972e-06 -1.000000000000000000e+00 -2.873141919748736409e-05 1.020085623310603241e-05 2.749766947210616763e-01 1.212216966293364173e+00 1.181496714675881465e+00 1.243450486995702819e+00 0.000000000000000000e+00
6.532455246485166178e+00 1.897944701475490215e+00 -5.255400768037002412e-08 -1.000000000000000000e+00 -1.929547034961564395e-05 2.024768350368157533e-05 7.873516167933303223e-06 1.207459866119586112e+00 1.176706646597182493e+00 1.238730274745360349e+00 0.000000000000000000e+00
6.537902727794456581e+00 1.896363304700741548e+00 8.285058876698405764e-06 1.000000000000000000e+00 -1.127817770041050930e-05 2.889224830340940967e-05 1.938574472595462339e-01 1.206349242000518851e+00 1.175789226378948671e+00 1.237420966701345604e+00 0.000000000000000000e+00
6.543354751814182357e+00 1.894783225570156437e+00 1.658856683145961907e-05 1.000000000000000000e+00 -3.298549870302734351e-06 3.751384164785838643e-05 7.708700323605199856e-01 1.198541285089143038e+00 1.167798184639847303e+00 1.229805703934962136e+00 0.000000000000000000e+00
6.548811322332555918e+00 1.893204462985853986e+00 2.212300943694675976e-05 1.000000000000000000e+00 1.998946258849095811e-06 4.329318134491583664e-05 1.359598390473053087e+00 1.195075188727249493e+00 1.164267090515138436e+00 1.226407875136440451e+00 0.000000000000000000e+00
6.554272443140948923e+00 1.891627015850867455e+00 2.536447797418327668e-05 1.000000000000000000e+00 5.050794290134560743e-06 4.673628317014150429e-05 1.769253804795127394e+00 1.193461839016035864e+00 1.162666738555778512e+00 1.224781016684938439e+00 0.000000000000000000e+00
6.559738118033894949e+00 1.890050883069143817e+00 2.616057230409754537e-05 1.000000000000000000e+00 5.680289558683938536e-06 4.770231666261659119e-05 1.857123295310771027e+00 1.195555482871446307e+00 1.164618431011084088e+00 1.227020350145533678e+00 0.000000000000000000e+00
6.565208350809092153e+00 1.888476063545543981e+00 2.783316355557511568e-05 1.000000000000000000e+00 7.214543138691000706e-06 4.950839979598237227e-05 2.085825545034964534e+00 1.186955284207644734e+00 1.156009759990004993e+00 1.218433153795483559e+00 0.000000000000000000e+00
6.570683145267405045e+00 1.886902556185840796e+00 2.627988024006170471e-05 1.000000000000000000e+00 5.680626793482848987e-06 4.793525503829366009e-05 1.855013838447078456e+00 1.187781624839113315e+00 1.156829574579071318e+00 1.219266166092698001e+00 0.000000000000000000e+00
6.576162505212867160e+00 1.885330359896719488e+00 2.277512141771026840e-05 1.000000000000000000e+00 2.347765495251994501e-06 4.427124849598271239e-05 1.403271386102716178e+00 1.192724294909197180e+00 1.161625914735011200e+00 1.224357743117578945e+00 0.000000000000000000e+00
6.581646434452685490e+00 1.883759473585775446e+00 1.954791942482845139e-05 1.000000000000000000e+00 -6.580331147532383852e-07 4.084239871846500952e-05 1.047983570184243263e+00 1.192232051041661078e+00 1.160879511827391575e+00 1.224127825862429741e+00 0.000000000000000000e+00
6.587134936797241380e+00 1.882189896161514886e+00 1.571366090241528061e-05 1.000000000000000000e+00 -4.293901926859916405e-06 3.682559172337502467e-05 6.818828683271078717e-01 1.191434913517770866e+00 1.160289509820652709e+00 1.223116418961331053e+00 0.000000000000000000e+00
6.592628016060094076e+00 1.880621626533353297e+00 9.557744221438165265e-06 1.000000000000000000e+00 -1.037994525891474983e-05 3.060148322673140271e-05 2.499280081635077977e-01 1.199741671017547917e+00 1.168371656732432484e+00 1.231651575487941797e+00 0.000000000000000000e+00
6.598125676057981615e+00 1.879054663611614329e+00 4.430122521436603986e-06 1.000000000000000000e+00 -1.556655124358266424e-05 2.552578315943459486e-05 5.283133735834155686e-02 1.203046465791602015e+00 1.171316354377030189e+00 1.235327622264678737e+00 0.000000000000000000e+00
6.603627920610826152e+00 1.877489006307530905e+00 1.378666559681774868e-06 1.000000000000000000e+00 -1.862874235703927296e-05 2.248836764513926234e-05 5.067314659285671041e-03 1.200392376706936881e+00 1.168864501508964704e+00 1.232465652916463261e+00 0.000000000000000000e+00
6.609134753541735741e+00 1.875924653533241671e+00 -2.901153554497378312e-06 -1.000000000000000000e+00 -2.280168903708613021e-05 1.812262028717175492e-05 2.240474104397094379e-02 1.211606357709956949e+00 1.179653878772777942e+00 1.244112757658816903e+00 0.000000000000000000e+00
6.614646178677005217e+00 1.874361604201792542e+00 -1.179671434292565010e-06 -1.000000000000000000e+00 -2.100867628228342851e-05 1.979779463596191064e-05 3.740476492424704702e-03 1.204735750977704578e+00 1.172780942089672207e+00 1.237246701800362780e+00 0.000000000000000000e+00
6.620162199846120643e+00 1.872799857227134490e+00 9.231999213296709798e-07 1.000000000000000000e+00 -1.894202034816442666e-05 2.193936977724401612e-05 2.290830412391642312e-03 1.205632725481723844e+00 1.173866456935759306e+00 1.237948542906307070e+00 0.000000000000000000e+00
6.625682820881761970e+00 1.871239411524124430e+00 4.359778727227209575e-06 1.000000000000000000e+00 -1.573225639653077449e-05 2.558156488003421555e-05 5.059296754414788211e-02 1.208232934897311761e+00 1.176136887572025724e+00 1.240890085241941332e+00 0.000000000000000000e+00
6.631208045619805702e+00 1.869680266008521441e+00 9.935163382958308215e-06 1.000000000000000000e+00 -1.040900054496890750e-05 3.139097153474332995e-05 2.605880719858078010e-01 1.206273734989796953e+00 1.174089627933995850e+00 1.239023793303383192e+00 0.000000000000000000e+00
6.636737877899325788e+00 1.868122419596990769e+00 1.616334301528855085e-05 1.000000000000000000e+00 -4.343804929067737448e-06 3.778110731964837642e-05 6.895335636783954669e-01 1.203033773575279630e+00 1.170910855057580191e+00 1.235722330350826015e+00 0.000000000000000000e+00
6.642272321562598059e+00 1.866565871207098271e+00 2.287813420746743901e-05 1.000000000000000000e+00 2.257675737819367129e-06 4.461680268404770265e-05 1.390365384393263071e+00 1.194998453416513007e+00 1.162888107572213503e+00 1.227677516933742830e+00 0.000000000000000000e+00
6.647811380455102892e+00 1.865010619757312416e+00 2.451596829768532427e-05 1.000000000000000000e+00 3.836160253755027731e-06 4.631808509449306967e-05 1.592745718361953777e+00 1.206100685666340322e+00 1.173750905341333084e+00 1.239022268728687592e+00 0.000000000000000000e+00
6.653355058425526991e+00 1.863456664167002952e+00 2.731251144494793175e-05 1.000000000000000000e+00 6.497363549864917682e-06 4.924954197123503037e-05 1.964918535045896419e+00 1.204677529504313727e+00 1.172350801994591407e+00 1.237576113934333977e+00 0.000000000000000000e+00
6.658903359325766047e+00 1.861904003356439352e+00 2.762694694083986805e-05 1.000000000000000000e+00 6.645436312939589452e-06 4.972809805376398348e-05 1.981687443683320282e+00 1.208058841860285115e+00 1.175559616437777288e+00 1.241134646059281366e+00 0.000000000000000000e+00
6.664456287010930069e+00 1.860352636246791480e+00 2.826486615131769065e-05 1.000000000000000000e+00 7.110767274693526269e-06 5.053970451081762270e-05 2.049303046330116729e+00 1.203179487193070551e+00 1.170419655402876513e+00 1.236527571593824648e+00 0.000000000000000000e+00
6.670013845339340719e+00 1.858802561760127592e+00 2.652429910685887132e-05 1.000000000000000000e+00 5.351093333146936243e-06 4.882605022047335189e-05 1.791039540971539168e+00 1.204293038898742285e+00 1.171703389773987025e+00 1.237464082229529527e+00 0.000000000000000000e+00
6.675576038172540194e+00 1.857253778819414780e+00 2.263585374213397403e-05 1.000000000000000000e+00 1.556223549969964749e-06 4.485240825918535262e-05 1.304045092046877130e+00 1.211924795788000608e+00 1.178935499385923347e+00 1.245505742171149954e+00 0.000000000000000000e+00
6.681142869375288562e+00 1.855706286348516532e+00 1.892119852087730921e-05 1.000000000000000000e+00 -1.972652087793614099e-06 4.096253906644227363e-05 9.175911968536709651e-01 1.216676753162393876e+00 1.183529880299811099e+00 1.250418785178452508e+00 0.000000000000000000e+00
6.686714342815570866e+00 1.854160083272192949e+00 1.648437958830845822e-05 1.000000000000000000e+00 -4.227562288299602727e-06 3.835906280172392106e-05 7.022090281082995489e-01 1.214286435117056140e+00 1.181386313662973420e+00 1.247773986706874894e+00 0.000000000000000000e+00
6.692290462364595349e+00 1.852615168516101862e+00 1.367198199194554471e-05 1.000000000000000000e+00 -6.985556241183545748e-06 3.550758768619084662e-05 4.824899427000275409e-01 1.213946037995723870e+00 1.180739529661029685e+00 1.247750311251434319e+00 0.000000000000000000e+00
6.697871231896799671e+00 1.851071541006794829e+00 1.011643373872588735e-05 1.000000000000000000e+00 -1.060342574711538653e-05 3.202395801684648459e-05 2.603131138757674989e-01 1.219416960439187125e+00 1.185997199951922099e+00 1.253438991903197408e+00 0.000000000000000000e+00
6.703456655289853572e+00 1.849529199671717139e+00 8.583128334732312189e-06 1.000000000000000000e+00 -1.232300758300638884e-05 3.067439443910861124e-05 1.836169963962390739e-01 1.220257998981190140e+00 1.186799638260585654e+00 1.254319657194228999e+00 0.000000000000000000e+00
6.709046736424657986e+00 1.847988143439209141e+00 7.591031793402387514e-06 1.000000000000000000e+00 -1.348800340271929585e-05 2.984656473269451217e-05 1.411796153913087437e-01 1.226679817985107501e+00 1.192989958329969236e+00 1.260978511668361834e+00 0.000000000000000000e+00
6.714641479185352146e+00 1.846448371238503361e+00 8.741765778513747555e-06 1.000000000000000000e+00 -1.237817606643600653e-05 3.103371831110800168e-05 1.870026456920541591e-01 1.232028288696272567e+00 1.198154502585739634e+00 1.266515149456684419e+00 0.000000000000000000e+00
6.720240887459313583e+00 1.844909881999724721e+00 1.268776466096894557e-05 1.000000000000000000e+00 -8.328302498219655031e-06 3.487397755213955382e-05 4.007736725039947601e-01 1.229926598207981003e+00 1.196136067916732326e+00 1.264329033962613424e+00 0.000000000000000000e+00
6.725844965137160791e+00 1.843372674653889876e+00 1.797717419802809038e-05 1.000000000000000000e+00 -2.888735242888548272e-06 4.001180933879836595e-05 8.260174419456731698e-01 1.220472526113141054e+00 1.186739990177850812e+00 1.254820487368694337e+00 0.000000000000000000e+00
6.731453716112758556e+00 1.841836748132905655e+00 2.015939528836479286e-05 1.000000000000000000e+00 -5.490342357485551467e-07 4.203748334316923093e-05 1.058184442425471161e+00 1.219328115756901587e+00 1.185663497995151694e+00 1.253607141616997156e+00 0.000000000000000000e+00
6.737067144283217068e+00 1.840302101369569288e+00 1.980682177068166059e-05 1.000000000000000000e+00 -8.306421806227456625e-07 4.161595733767794981e-05 1.027146763214510372e+00 1.219808785838293996e+00 1.186029832258422401e+00 1.254206426903388572e+00 0.000000000000000000e+00
6.742685253548897251e+00 1.838768733297566405e+00 1.719785763033031739e-05 1.000000000000000000e+00 -3.452139549853531966e-06 3.902188617327246299e-05 7.687500133413820436e-01 1.218828408421853027e+00 1.184919547581316790e+00 1.253360902411896127e+00 0.000000000000000000e+00
6.748308047813412536e+00 1.837236642851472368e+00 1.146774188371353707e-05 1.000000000000000000e+00 -9.205570131090273141e-06 3.332056326548504154e-05 3.360963734925022095e-01 1.221950511867979872e+00 1.187970174125781542e+00 1.256555487632801116e+00 0.000000000000000000e+00
6.753935530983630642e+00 1.835705828966748943e+00 3.341044984549771802e-06 1.000000000000000000e+00 -1.730934469220879991e-05 2.518632973500559521e-05 2.800920414606622444e-02 1.229889915145615742e+00 1.195632666620497497e+00 1.264776801607498724e+00 0.000000000000000000e+00
6.759567706969678902e+00 1.834176290579746293e+00 -4.463056409689515570e-06 -1.000000000000000000e+00 -2.502229662421939397e-05 1.732007713707203926e-05 4.941207310870510128e-02 1.236742610312789648e+00 1.202035727288287781e+00 1.272090243396522435e+00 0.000000000000000000e+00
6.765204579684944264e+00 1.832648026627699211e+00 -9.504921863988983436e-06 -1.000000000000000000e+00 -2.992327162538739916e-05 1.216995740214008549e-05 2.231570153733599682e-01 1.238854027779114908e+00 1.204317807654240680e+00 1.274022388125342076e+00 0.000000000000000000e+00
6.770846153046076843e+00 1.831121036048729556e+00 -1.118034989968283411e-05 -1.000000000000000000e+00 -3.159985724579723616e-05 1.050504529714646438e-05 3.077152105587472875e-01 1.238935237532486910e+00 1.204059703288462790e+00 1.274454635803317748e+00 0.000000000000000000e+00
6.776492430972993475e+00 1.829595317781842700e+00 -9.075798361936380395e-06 -1.000000000000000000e+00 -2.960277845954393622e-05 1.270145828310048504e-05 2.022839233825379779e-01 1.236965023964818222e+00 1.201980190932877335e+00 1.272599866165438298e+00 0.000000000000000000e+00
6.782143417388880380e+00 1.828070870766929312e+00 -5.169971026254152429e-06 -1.000000000000000000e+00 -2.576026267625625902e-05 1.664997152891267026e-05 6.584322949163379235e-02 1.240463214199789332e+00 1.205660681463615269e+00 1.275908967773152769e+00 0.000000000000000000e+00
6.787799116220194051e+00 1.826547693944761797e+00 1.600724614465900425e-06 1.000000000000000000e+00 -1.902246007287306692e-05 2.343932311542674227e-05 6.410731363132526894e-03 1.237313361530160138e+00 1.202264326743422318e+00 1.273017398914033205e+00 0.000000000000000000e+00
6.793459531396665696e+00 1.825025786256996740e+00 8.028853538457211578e-06 1.000000000000000000e+00 -1.254528839746506950e-05 2.981266332335591061e-05 1.645869791416174621e-01 1.234037200770370157e+00 1.198956384860958790e+00 1.269777148206643336e+00 0.000000000000000000e+00
6.799124666851304788e+00 1.823505146646170916e+00 1.241022625418121925e-05 1.000000000000000000e+00 -8.110526818307350330e-06 3.413992570520779353e-05 3.991516469362181851e-01 1.231623445347625578e+00 1.196628157527948044e+00 1.267276594807281942e+00 0.000000000000000000e+00
6.804794526520399067e+00 1.821985774055703944e+00 1.241986647431745061e-05 1.000000000000000000e+00 -8.102213264464827068e-06 3.415308475162941691e-05 3.994906105948103914e-01 1.238148916666786059e+00 1.202939171451535616e+00 1.274021516069817839e+00 0.000000000000000000e+00
6.810469114343518982e+00 1.820467667429894965e+00 1.111034491932147119e-05 1.000000000000000000e+00 -9.491386383452211971e-06 3.293151398880765868e-05 3.158137461143439850e-01 1.236231412751890080e+00 1.201233467667617294e+00 1.271884991551352151e+00 0.000000000000000000e+00
6.816148434263521239e+00 1.818950825713921748e+00 6.494890357959729752e-06 1.000000000000000000e+00 -1.424839435217538545e-05 2.846518394459906744e-05 1.054773887260296306e-01 1.238054628054829687e+00 1.202647020905822206e+00 1.274131885424278687e+00 0.000000000000000000e+00
6.821832490226549695e+00 1.817435247853842917e+00 5.159291967462638033e-07 1.000000000000000000e+00 -2.030151753893178222e-05 2.256925629460228121e-05 6.516769538791322702e-04 1.237963981053319618e+00 1.202368799611719830e+00 1.274235265537735362e+00 0.000000000000000000e+00
6.827521286182038907e+00 1.815920932796593723e+00 -6.659514150459326717e-06 -1.000000000000000000e+00 -2.735762250387746813e-05 1.528771026075551498e-05 1.075914816248655370e-01 1.241951656358055489e+00 1.206292580341802978e+00 1.278286674450362481e+00 0.000000000000000000e+00
6.833214826082717686e+00 1.814407879489987385e+00 -1.369323742823173240e-05 -1.000000000000000000e+00 -3.406138540294448736e-05 7.944585545526079991e-06 4.585569421196993289e-01 1.250045829636323491e+00 1.214158637377408922e+00 1.286612671007081987e+00 0.000000000000000000e+00
6.838913113884609984e+00 1.812896086882713975e+00 -1.723447561501088783e-05 -1.000000000000000000e+00 -3.722333194723511328e-05 4.046566528493745731e-06 7.424909015414016267e-01 1.248194303203879807e+00 1.212028521451733010e+00 1.285050707883141685e+00 0.000000000000000000e+00
6.844616153547039339e+00 1.811385553924339531e+00 -1.895848966324960465e-05 -1.000000000000000000e+00 -3.864256706039758066e-05 2.030086233969298536e-06 9.150994362724418352e-01 1.242891270184100394e+00 1.207052192251057976e+00 1.279411901533929141e+00 0.000000000000000000e+00
6.850323949032630644e+00 1.809876279565305390e+00 -2.239682115444804813e-05 -1.000000000000000000e+00 -4.196590814903749286e-05 -1.532316931121783257e-06 1.278224316517537318e+00 1.249935422568615229e+00 1.213862649583461240e+00 1.286695800180633675e+00 0.000000000000000000e+00
6.856036504307313706e+00 1.808368262756926637e+00 -2.567299609089776058e-05 -1.000000000000000000e+00 -4.527657410264258691e-05 -4.787244692076710273e-06 1.663593145653038619e+00 1.258391158743205285e+00 1.221834354792745936e+00 1.295650410272864317e+00 0.000000000000000000e+00
6.861753823340325908e+00 1.806861502451392543e+00 -2.757578752760788047e-05 -1.000000000000000000e+00 -4.717734626548197125e-05 -6.688131640756585043e-06 1.905816949382241887e+00 1.262826527972842783e+00 1.226414909905515271e+00 1.299932907286239336e+00 0.000000000000000000e+00
6.867475910104213099e+00 1.805355997601766127e+00 -2.883655452988912273e-05 -1.000000000000000000e+00 -4.839036161500011291e-05 -7.989387394911896101e-06 2.085783884708447999e+00 1.268170033160460175e+00 1.231333475976935654e+00 1.305714403290933134e+00 0.000000000000000000e+00
6.873202768574835808e+00 1.803851747161981711e+00 -2.892073524813639591e-05 -1.000000000000000000e+00 -4.833580491285186930e-05 -8.203811157408775394e-06 2.115475912728626895e+00 1.270684634418300707e+00 1.234055408171779167e+00 1.308013001310084356e+00 0.000000000000000000e+00
6.878934402731368358e+00 1.802348750086846252e+00 -2.793670986412561235e-05 -1.000000000000000000e+00 -4.727570190356276210e-05 -7.289769767786039993e-06 1.992819288029515690e+00 1.268175754715364478e+00 1.231249800660932259e+00 1.305813750591448441e+00 0.000000000000000000e+00
6.884670816556305084e+00 1.800847005332036233e+00 -2.796490296373502847e-05 -1.000000000000000000e+00 -4.728959531946959761e-05 -7.329885392188199139e-06 1.998483275758829336e+00 1.269345961694094083e+00 1.232255206877463927e+00 1.307154554356900311e+00 0.000000000000000000e+00
6.890412014035459443e+00 1.799346511854099884e+00 -2.743814703586392318e-05 -1.000000000000000000e+00 -4.684519622902977298e-05 -6.718862592107079356e-06 1.910283938385134661e+00 1.264889626705643755e+00 1.228065968066253344e+00 1.302423245733490775e+00 0.000000000000000000e+00
6.896157999157970231e+00 1.797847268610453630e+00 -2.824986156590794198e-05 -1.000000000000000000e+00 -4.783191887190729741e-05 -7.347352455175690895e-06 1.992187473317173385e+00 1.266797589853912331e+00 1.229558885045295646e+00 1.304760481106972625e+00 0.000000000000000000e+00
6.901908775916301586e+00 1.796349274559382980e+00 -2.622108783573789826e-05 -1.000000000000000000e+00 -4.605195686908006140e-05 -5.052819548801417159e-06 1.689820739610055966e+00 1.256064869428167752e+00 1.218788464539336758e+00 1.294071963900530253e+00 0.000000000000000000e+00
6.907664348306248314e+00 1.794852528660041413e+00 -2.473891138047378427e-05 -1.000000000000000000e+00 -4.482228179182183624e-05 -3.310066032799427471e-06 1.477490663878178623e+00 1.255164477100285891e+00 1.217878990204822598e+00 1.293181029682777483e+00 0.000000000000000000e+00
6.913424720326936779e+00 1.793357029872449937e+00 -2.291577742290913961e-05 -1.000000000000000000e+00 -4.323500122257380873e-05 -1.248252383755884724e-06 1.248953901754063622e+00 1.262622848737599890e+00 1.225053283329000209e+00 1.300930278490767700e+00 0.000000000000000000e+00
6.919189895980827565e+00 1.791862777157495312e+00 -1.690708098878712437e-05 -1.000000000000000000e+00 -3.746122910480743104e-05 5.006123807345952696e-06 6.764665906962221698e-01 1.259139350813395453e+00 1.221630045940679921e+00 1.297385832972407727e+00 0.000000000000000000e+00
6.924959879273719920e+00 1.790369769476931161e+00 -8.066294108798317093e-06 -1.000000000000000000e+00 -2.892354994874629242e-05 1.415598711341250316e-05 1.537449048208543445e-01 1.249331371259227552e+00 1.211803108502571114e+00 1.287603095867215330e+00 0.000000000000000000e+00
6.930734674214753532e+00 1.788878005793375303e+00 2.439460662133604969e-06 1.000000000000000000e+00 -1.879565459275069981e-05 2.502851465029754885e-05 1.402926628703937695e-02 1.235428460105689519e+00 1.197935812245793041e+00 1.273672090087763609e+00 0.000000000000000000e+00
6.936514284816411191e+00 1.787387485070310644e+00 1.124866090292812812e-05 1.000000000000000000e+00 -1.031418611470628455e-05 3.414292870946706280e-05 2.969284927465452029e-01 1.230351290083407934e+00 1.192950985089093363e+00 1.268503619879385091e+00 0.000000000000000000e+00
6.942298715094520567e+00 1.785898206272082511e+00 2.033061586073055675e-05 1.000000000000000000e+00 -1.487255112726267167e-06 4.346331051412919376e-05 9.726081421351722156e-01 1.218215340547083247e+00 1.180840047669984516e+00 1.256350445766620805e+00 0.000000000000000000e+00
6.948087969068260428e+00 1.784410168363900873e+00 2.471171965419344667e-05 1.000000000000000000e+00 2.788672638269940225e-06 4.794829124519120835e-05 1.441410155509984747e+00 1.219694633435822517e+00 1.181945437892231832e+00 1.258218225232720533e+00 0.000000000000000000e+00
6.953882050760158862e+00 1.782923370311836564e+00 2.756914706893224794e-05 1.000000000000000000e+00 5.651026146047763719e-06 5.081429118748762009e-05 1.805092297608595686e+00 1.214584356239512664e+00 1.177147099990351053e+00 1.252786265289530743e+00 0.000000000000000000e+00
6.959680964196100383e+00 1.781437811082822398e+00 2.470192986788644518e-05 1.000000000000000000e+00 2.820198594092529346e-06 4.792215398384811934e-05 1.443667387434118154e+00 1.224338890381376554e+00 1.186378795013835363e+00 1.263078281557746818e+00 0.000000000000000000e+00
6.965484713405325046e+00 1.779953489644652054e+00 2.123958423676814019e-05 1.000000000000000000e+00 -6.383460469165716511e-07 4.446683928706447948e-05 1.058653924669982871e+00 1.222468362209377934e+00 1.184333672874058108e+00 1.261389989456153549e+00 0.000000000000000000e+00
6.971293302420433768e+00 1.778470404965979412e+00 1.447713978604112426e-05 1.000000000000000000e+00 -7.396259956420457655e-06 3.771546775301842065e-05 4.830835054974471632e-01 1.226507683172278540e+00 1.188278761366013514e+00 1.265523999150454992e+00 0.000000000000000000e+00
6.977106735277391003e+00 1.776988556016316556e+00 4.703124389779200196e-06 1.000000000000000000e+00 -1.714848570777218842e-05 2.794724418995017694e-05 4.976812852211764948e-02 1.240136413799112658e+00 1.201460690741810167e+00 1.279607279349651572e+00 0.000000000000000000e+00
6.982925016015525621e+00 1.775507941766035547e+00 -2.878055754685016119e-06 -1.000000000000000000e+00 -2.467689881791852957e-05 2.035171383876739905e-05 1.829675091330784653e-02 1.244491751221412201e+00 1.205925178369151585e+00 1.283844121776140046e+00 0.000000000000000000e+00
6.988748148677535355e+00 1.774028561186365982e+00 -8.916641885760292219e-06 -1.000000000000000000e+00 -3.068743507775695647e-05 1.430670953960925020e-05 1.733355870735522331e-01 1.251989804856023403e+00 1.212887464548470184e+00 1.291893796524544724e+00 0.000000000000000000e+00
6.994576137309488573e+00 1.772550413249394330e+00 -7.592424585888346202e-06 -1.000000000000000000e+00 -2.939983588772310735e-05 1.566553558343414948e-05 1.258984259283550955e-01 1.239477148571573428e+00 1.200372533139676623e+00 1.279392265825422426e+00 0.000000000000000000e+00
7.000408985960828723e+00 1.771073496928063928e+00 -4.999629407210606281e-06 -1.000000000000000000e+00 -2.674704417145106974e-05 1.818645034575996648e-05 5.517699548698828949e-02 1.237918306233152910e+00 1.198891066126168248e+00 1.277755794486319818e+00 0.000000000000000000e+00
7.006246698684376106e+00 1.769597811196173431e+00 1.323587794053552070e-06 1.000000000000000000e+00 -2.036014561148801768e-05 2.443558260153995743e-05 3.952954005711717400e-03 1.228888367942110760e+00 1.189876900910865176e+00 1.268716933883509812e+00 0.000000000000000000e+00
7.012089279536330544e+00 1.768123355028376364e+00 7.122033039864546043e-06 1.000000000000000000e+00 -1.448890684670942392e-05 3.015496582199614687e-05 1.167725044679883695e-01 1.225452052939782321e+00 1.186573861038363820e+00 1.265145264951642812e+00 0.000000000000000000e+00
7.017936732576273151e+00 1.766650127400181791e+00 1.264561183842250983e-05 1.000000000000000000e+00 -9.009626929500927511e-06 3.571903896899227329e-05 3.723625233290448477e-01 1.218938811055711779e+00 1.180012973923135089e+00 1.258686868518153590e+00 0.000000000000000000e+00
7.023789061867172556e+00 1.765178127287950538e+00 1.429634968604639184e-05 1.000000000000000000e+00 -7.490506297223961419e-06 3.749823654983881830e-05 4.726319811749846167e-01 1.224653075439612104e+00 1.185448106975473204e+00 1.264688334429045602e+00 0.000000000000000000e+00
7.029646271475383124e+00 1.763707353668898525e+00 1.516427317150230070e-05 1.000000000000000000e+00 -6.847400174079710744e-06 3.858994319697374995e-05 5.227452647771997363e-01 1.224172681257628348e+00 1.184956414046476336e+00 1.264220375772419969e+00 0.000000000000000000e+00
7.035508365470652059e+00 1.762237805521092104e+00 1.570215581250295842e-05 1.000000000000000000e+00 -6.567790605605945925e-06 3.938826816007584672e-05 5.500816218962825133e-01 1.216053443331218231e+00 1.176724446147533687e+00 1.256224154476613730e+00 0.000000000000000000e+00
7.041375347926120298e+00 1.760769481823449834e+00 1.311520438764075263e-05 1.000000000000000000e+00 -9.291865277779610887e-06 3.694970144296770337e-05 3.775371059021779274e-01 1.217919919506089466e+00 1.178108038234220167e+00 1.258591952897848421e+00 0.000000000000000000e+00
7.047247222918324283e+00 1.759302381555740702e+00 8.808574781847534107e-06 1.000000000000000000e+00 -1.350254525586927968e-05 3.257342406293123560e-05 1.692110250951230910e-01 1.226033743231547124e+00 1.186318129104070529e+00 1.266599098303948789e+00 0.000000000000000000e+00
7.053123994527200402e+00 1.757836503698584130e+00 7.638459702757968643e-06 1.000000000000000000e+00 -1.454630785391285288e-05 3.130181332537553782e-05 1.283110376107998718e-01 1.218748347306443325e+00 1.178742137233818488e+00 1.259620567939565561e+00 0.000000000000000000e+00
7.059005666836087656e+00 1.756371847233449524e+00 5.733832687569738652e-06 1.000000000000000000e+00 -1.626239124681718535e-05 2.922758992777863747e-05 7.284121790266340213e-02 1.218422982226667450e+00 1.178673407978575227e+00 1.259027562081878493e+00 0.000000000000000000e+00
7.064892243931729432e+00 1.754908411142653613e+00 2.347087398622405917e-06 1.000000000000000000e+00 -1.957806846002366541e-05 2.577860664278458304e-05 1.216535651823846820e-02 1.230050109392691216e+00 1.189705624429404640e+00 1.271266717158199278e+00 0.000000000000000000e+00
7.070783729904277948e+00 1.753446194409361780e+00 8.997912066671224277e-07 1.000000000000000000e+00 -2.111837615815372485e-05 2.443036612548454917e-05 1.766994697987911422e-03 1.235952998224773669e+00 1.195301177134011406e+00 1.277486017886449110e+00 0.000000000000000000e+00
7.076680128847296025e+00 1.751985196017586288e+00 2.746155276297031622e-06 1.000000000000000000e+00 -1.949636631085609640e-05 2.649922543606316648e-05 1.622463650214456266e-02 1.229976082690458217e+00 1.189623597300432545e+00 1.271201759757959238e+00 0.000000000000000000e+00
7.082581444857760644e+00 1.750525414952186498e+00 4.927625766658292540e-06 1.000000000000000000e+00 -1.756916612838389419e-05 2.892035949176017970e-05 5.159250509016999331e-02 1.228799382459412337e+00 1.188025391808161135e+00 1.270466824871946621e+00 0.000000000000000000e+00
7.088487682036063831e+00 1.749066850198867318e+00 9.447316439865229942e-06 1.000000000000000000e+00 -1.318689329848279432e-05 3.357052175613908578e-05 1.899169808597918063e-01 1.220898190945217010e+00 1.180056605803605052e+00 1.262642909558323367e+00 0.000000000000000000e+00
7.094398844486017985e+00 1.747609500744178535e+00 1.325152376162923727e-05 1.000000000000000000e+00 -9.343580864510208427e-06 3.734032979755682268e-05 3.779651772816379207e-01 1.218592998108469327e+00 1.177851517128195358e+00 1.260235479793314628e+00 0.000000000000000000e+00
7.100314936314857661e+00 1.746153365575515037e+00 1.777888504847979092e-05 1.000000000000000000e+00 -4.743943475898554428e-06 4.179815177530279730e-05 6.927952307292031264e-01 1.209291009291607821e+00 1.168545319023508000e+00 1.250945361431855751e+00 0.000000000000000000e+00
7.106235961633242226e+00 1.744698443681114597e+00 1.934739169358756122e-05 1.000000000000000000e+00 -3.067049062147271835e-06 4.325602344156760984e-05 8.302275724562662162e-01 1.208379186788963056e+00 1.167706887177833330e+00 1.249959011691060162e+00 0.000000000000000000e+00
7.112161924555259418e+00 1.743244734050058975e+00 1.925044456272050235e-05 1.000000000000000000e+00 -3.105884027343836044e-06 4.309912200004613510e-05 8.259010686290082504e-01 1.205659046617272967e+00 1.164839973105659565e+00 1.247395049435202630e+00 0.000000000000000000e+00
7.118092829198427118e+00 1.741792235672271039e+00 1.545683148149133091e-05 1.000000000000000000e+00 -6.845202684056739468e-06 3.925510871652525984e-05 5.298942489342408635e-01 1.210716875583561114e+00 1.169369608274512862e+00 1.253001223121253282e+00 0.000000000000000000e+00
7.124028679683696907e+00 1.740340947538516092e+00 8.209970262637888733e-06 1.000000000000000000e+00 -1.393596792645158627e-05 3.186639679691393264e-05 1.480269130408515821e-01 1.222365452695896026e+00 1.181048668536495372e+00 1.264609137619509660e+00 0.000000000000000000e+00
7.129969480135457616e+00 1.738890868640399878e+00 2.093402874145349889e-07 1.000000000000000000e+00 -2.173475403791476156e-05 2.368254946200889290e-05 9.567307228053323342e-05 1.228272536372045032e+00 1.186618609588898199e+00 1.270863226692114267e+00 0.000000000000000000e+00
7.135915234681537100e+00 1.737441997970369245e+00 -8.546395113365583217e-06 -1.000000000000000000e+00 -3.016787206456344284e-05 1.463796985366474223e-05 1.593279317104361326e-01 1.233697184901372701e+00 1.191958661272992437e+00 1.276370942276451759e+00 0.000000000000000000e+00
7.141865947453204910e+00 1.735994334521709703e+00 -1.769823889828632136e-05 -1.000000000000000000e+00 -3.894124962757030187e-05 5.157327165074154259e-06 6.838669172637850124e-01 1.242986733616508799e+00 1.200872744051202812e+00 1.286043143778488718e+00 0.000000000000000000e+00
7.147821622585176726e+00 1.734547877288545648e+00 -2.467398301256475265e-05 -1.000000000000000000e+00 -4.566574172711374718e-05 -2.023604093389458033e-06 1.325941720600766871e+00 1.247489057376409471e+00 1.204832606067220535e+00 1.291106320404654229e+00 0.000000000000000000e+00
7.153782264215615250e+00 1.733102625265839913e+00 -2.830069490449596583e-05 -1.000000000000000000e+00 -4.927617780717204909e-05 -5.647819577242063090e-06 1.723610879905038473e+00 1.245390965280493978e+00 1.202979215239715627e+00 1.288753762410508541e+00 0.000000000000000000e+00
7.159747876486134643e+00 1.731658577449392222e+00 -2.783187138054435189e-05 -1.000000000000000000e+00 -4.908723064107038968e-05 -4.922203602839833386e-06 1.641518441510385173e+00 1.238318813533218599e+00 1.195510731804499516e+00 1.282101940581302113e+00 0.000000000000000000e+00
7.165718463541802308e+00 1.730215732835839626e+00 -2.484165118904143894e-05 -1.000000000000000000e+00 -4.627090929999555871e-05 -1.784282217198258420e-06 1.301221501533419200e+00 1.238887110523134938e+00 1.196317515086959826e+00 1.282422897102754478e+00 0.000000000000000000e+00
7.171694029531142434e+00 1.728774090422655174e+00 -1.590854216791183392e-05 -1.000000000000000000e+00 -3.743366951397392297e-05 7.235083895673419257e-06 5.442260697565615146e-01 1.224663764707730307e+00 1.181927697861326232e+00 1.268386233833602272e+00 0.000000000000000000e+00
7.177674578606138667e+00 1.727333649208146804e+00 -7.004285123176380568e-06 -1.000000000000000000e+00 -2.851803061057560826e-05 1.612662252920287433e-05 1.082674506937877368e-01 1.216852016751210686e+00 1.174104638735472550e+00 1.260593831641574347e+00 0.000000000000000000e+00
7.183660114922237661e+00 1.725894408191456675e+00 1.652100272917432566e-06 1.000000000000000000e+00 -1.991574148492066879e-05 2.483406603397715149e-05 6.138626791212686840e-03 1.206375202096993338e+00 1.164118392344194008e+00 1.249613813851432331e+00 0.000000000000000000e+00
7.189650642638349964e+00 1.724456366372562499e+00 6.401921748391348885e-06 1.000000000000000000e+00 -1.537953102633513069e-05 2.978919791460681781e-05 9.195064387272111617e-02 1.208776104739835988e+00 1.166038544021091417e+00 1.252516815880257983e+00 0.000000000000000000e+00
7.195646165916856241e+00 1.723019522752273547e+00 1.026694531255401879e-05 1.000000000000000000e+00 -1.184830620631151626e-05 3.398682049977867097e-05 2.323419010863716494e-01 1.204286764023430711e+00 1.161839714268552815e+00 1.247727266335503016e+00 0.000000000000000000e+00
7.201646688923606376e+00 1.721583876332232421e+00 1.061607905225115260e-05 1.000000000000000000e+00 -1.190394221800100639e-05 3.473424234721838016e-05 2.410042125362821253e-01 1.208232907247727805e+00 1.165195585057482663e+00 1.252288218824244348e+00 0.000000000000000000e+00
7.207652215827925701e+00 1.720149426114913060e+00 1.137103938907275135e-05 1.000000000000000000e+00 -1.146617150134296477e-05 3.579895434891861548e-05 2.705924494071751951e-01 1.199729054810456441e+00 1.156536090891620239e+00 1.243954806846501615e+00 0.000000000000000000e+00
7.213662750802614987e+00 1.718716171103621404e+00 8.977511953700443383e-06 1.000000000000000000e+00 -1.385546507163946051e-05 3.340638658724939336e-05 1.674523394836882062e-01 1.201297382925077040e+00 1.158079829496949875e+00 1.245548026499447847e+00 0.000000000000000000e+00
7.219678298023954888e+00 1.717284110302493172e+00 3.188514390261237612e-06 1.000000000000000000e+00 -1.929254895967307586e-05 2.729703018466662841e-05 2.132504384168498746e-02 1.216981690814388894e+00 1.173296852475643082e+00 1.261708107856099215e+00 0.000000000000000000e+00
7.225698861671710382e+00 1.715853242716494531e+00 -8.467175399010902399e-07 -1.000000000000000000e+00 -2.281755020148556329e-05 2.280440986266283560e-05 1.541592867553731594e-03 1.219579055322153271e+00 1.175938644141875100e+00 1.264254976231517613e+00 0.000000000000000000e+00
7.231724445929129885e+00 1.714423567351419875e+00 -6.292035519913903502e-06 -1.000000000000000000e+00 -2.784258639852294547e-05 1.697946438111002713e-05 8.635021642726314894e-02 1.226418685796565766e+00 1.182462297815148222e+00 1.271419095911411556e+00 0.000000000000000000e+00
7.237755054982951464e+00 1.712995083213891823e+00 -1.309006879102320300e-05 -1.000000000000000000e+00 -3.480741674477698714e-05 1.005940821213702232e-05 3.698467118389032748e-01 1.235997511373176705e+00 1.191374766547712793e+00 1.281687968259332955e+00 0.000000000000000000e+00
7.243790693023404614e+00 1.711567789311361887e+00 -1.795279363349631003e-05 -1.000000000000000000e+00 -4.026193948143050305e-05 5.356927511254745017e-06 6.761355525325853932e-01 1.229924849261129882e+00 1.185597649360176531e+00 1.275311771280063455e+00 0.000000000000000000e+00
7.249831364244212040e+00 1.710141684652107807e+00 -2.361523221690878127e-05 -1.000000000000000000e+00 -4.587529495307030627e-05 -3.821943058225751974e-08 1.128107974760155230e+00 1.231026206237160192e+00 1.186348643294098171e+00 1.276778002413487156e+00 0.000000000000000000e+00
7.255877072842594977e+00 1.708716768245233997e+00 -2.860096133208698453e-05 -1.000000000000000000e+00 -5.049168116419776146e-05 -4.873531923858542305e-06 1.612710067817062054e+00 1.240548917426996356e+00 1.195177210035582860e+00 1.287015602111112766e+00 0.000000000000000000e+00
7.261927823019274086e+00 1.707293039100669763e+00 -2.749670354554448732e-05 -1.000000000000000000e+00 -4.942114247137891912e-05 -3.674702025070751587e-06 1.479658095081276770e+00 1.235149951892695386e+00 1.190161084528385649e+00 1.281218815998433902e+00 0.000000000000000000e+00
7.267983618978473004e+00 1.705870496229170197e+00 -2.338119474565715332e-05 -1.000000000000000000e+00 -4.551313106185523943e-05 6.361337492290741974e-07 1.067361174755333764e+00 1.231528363016891836e+00 1.186147158728427575e+00 1.278014151593780845e+00 0.000000000000000000e+00
7.274044464927921894e+00 1.704449138642313732e+00 -1.711009334725454144e-05 -1.000000000000000000e+00 -3.944348448065775563e-05 7.070252948621756791e-06 5.729333754109831034e-01 1.229189771989980473e+00 1.184170753413199328e+00 1.275302787235755630e+00 0.000000000000000000e+00
7.280110365078859225e+00 1.703028965352503699e+00 -1.133003496706110013e-05 -1.000000000000000000e+00 -3.381575932392501314e-05 1.297689110778968060e-05 2.527950775777014769e-01 1.234643775232987295e+00 1.189095243531351320e+00 1.281310253194318793e+00 0.000000000000000000e+00
7.286181323646034436e+00 1.701609975372965211e+00 -4.466569117369717420e-06 -1.000000000000000000e+00 -2.702487721317695920e-05 1.991694082209514711e-05 3.974455393735354392e-02 1.229026209314087792e+00 1.183901208539440919e+00 1.275255114306373949e+00 0.000000000000000000e+00
7.292257344847713263e+00 1.700192167717745617e+00 -3.484383416244261565e-07 -1.000000000000000000e+00 -2.302672291751129379e-05 2.416684930452600463e-05 2.426652798561690361e-04 1.227748397330312269e+00 1.182172933629103806e+00 1.274450818899825588e+00 0.000000000000000000e+00
7.298338432905678630e+00 1.698775541401714717e+00 9.612913376493670423e-07 1.000000000000000000e+00 -2.190664284387366294e-05 2.568343627550466647e-05 1.826414235509332684e-03 1.228666614278182800e+00 1.182785249253059501e+00 1.275688485539670847e+00 0.000000000000000000e+00
7.304424592045234199e+00 1.697360095440562322e+00 8.818308889937974668e-08 1.000000000000000000e+00 -2.307232206736893775e-05 2.512166522472693937e-05 1.497512843684489781e-05 1.229220065454521782e+00 1.183278209879103038e+00 1.276303519583897872e+00 0.000000000000000000e+00
7.310515826495206149e+00 1.695945828850798032e+00 -2.106356696932245628e-06 -1.000000000000000000e+00 -2.565763025838677564e-05 2.333219270565606185e-05 8.252684892809725170e-03 1.229023924831827985e+00 1.182696943208734197e+00 1.276509980351271389e+00 0.000000000000000000e+00
7.316612140487947613e+00 1.694532740649751679e+00 -4.762625141683323052e-06 -1.000000000000000000e+00 -2.863314925007512342e-05 2.101049633249792544e-05 4.088977130038529140e-02 1.230705949369264252e+00 1.184268745238627130e+00 1.278304547952580528e+00 0.000000000000000000e+00
7.322713538259342236e+00 1.693120829855571774e+00 -3.248560439947386735e-06 -1.000000000000000000e+00 -2.732826530313946627e-05 2.275533256978274604e-05 1.884208532257503066e-02 1.216973552029054773e+00 1.170450289816074907e+00 1.264673531961721276e+00 0.000000000000000000e+00
7.328820024048804171e+00 1.691710095487224841e+00 2.206727231673267713e-06 1.000000000000000000e+00 -2.192638662097891428e-05 2.828573103319007535e-05 8.807558518313385321e-03 1.193702926588926294e+00 1.147331747153308878e+00 1.241264036595615572e+00 0.000000000000000000e+00
7.334931602099284298e+00 1.690300536564494527e+00 5.706278655107702859e-06 1.000000000000000000e+00 -1.831046380910879097e-05 3.167789926678376135e-05 5.990753611219190589e-02 1.191455045553356795e+00 1.145204321404972303e+00 1.238892311462001183e+00 0.000000000000000000e+00
7.341048276657271110e+00 1.688892152107981603e+00 1.118213534340569494e-05 1.000000000000000000e+00 -1.284328591260985023e-05 3.715963077963330694e-05 2.338028019055684581e-01 1.184181925954620462e+00 1.137830519286041842e+00 1.231733092705353805e+00 0.000000000000000000e+00
7.347170051972794269e+00 1.687484941139102412e+00 1.620233313763357313e-05 1.000000000000000000e+00 -7.960495833262667330e-06 4.230871508352246102e-05 4.927369041277671613e-01 1.180965092206992972e+00 1.134718480384540484e+00 1.228410802638035815e+00 0.000000000000000000e+00
7.353296932299427269e+00 1.686078902680089531e+00 2.227886209932245369e-05 1.000000000000000000e+00 -2.212171029059965290e-06 4.869718456153257242e-05 9.266850684077354572e-01 1.169893761665416143e+00 1.123556878059792208e+00 1.217447195035749941e+00 0.000000000000000000e+00
7.359428921894291875e+00 1.684674035753989330e+00 2.545632952183448622e-05 1.000000000000000000e+00 6.176348455578481748e-07 5.220630461040925139e-05 1.191408719743918709e+00 1.171471381232511932e+00 1.124530622854309492e+00 1.219659827192047796e+00 0.000000000000000000e+00
7.365566025018059015e+00 1.683270339384662417e+00 2.785948883582141283e-05 1.000000000000000000e+00 2.770262117732913133e-06 5.486329849279888461e-05 1.407091009039362461e+00 1.172078443022004590e+00 1.125362516821134973e+00 1.220029913215646022e+00 0.000000000000000000e+00
7.371708245934952330e+00 1.681867812596783196e+00 2.812142899139603665e-05 1.000000000000000000e+00 2.865337240050762579e-06 5.530722351564469066e-05 1.418523378251421718e+00 1.178928698231019423e+00 1.131511652837275506e+00 1.227610016498232648e+00 0.000000000000000000e+00
7.377855588912752616e+00 1.680466454415837863e+00 2.953628402138620633e-05 1.000000000000000000e+00 4.236909318065399586e-06 5.679082419162005300e-05 1.563398731575816214e+00 1.173738442463258203e+00 1.126691858880144670e+00 1.222034255866289776e+00 0.000000000000000000e+00
7.384008058222798709e+00 1.679066263868125519e+00 2.983435794429280328e-05 1.000000000000000000e+00 4.509978319608796288e-06 5.713147532823347824e-05 1.596597134401861240e+00 1.169962640068907600e+00 1.122433204954692121e+00 1.218769966894701184e+00 0.000000000000000000e+00
7.390165658139991045e+00 1.677667239980756175e+00 3.083840353773624509e-05 1.000000000000000000e+00 5.488489226960408028e-06 5.817288502309095734e-05 1.710264842132161789e+00 1.157876672134591223e+00 1.110276896593271667e+00 1.206771299913313999e+00 0.000000000000000000e+00
7.396328392942796093e+00 1.676269381781650081e+00 2.875541887846659581e-05 1.000000000000000000e+00 3.455719546323169511e-06 5.604643485187785267e-05 1.481939446103936575e+00 1.159367354884542900e+00 1.111754471052948556e+00 1.208274965714348559e+00 0.000000000000000000e+00
7.402496266913247247e+00 1.674872688299538392e+00 2.837945074217729011e-05 1.000000000000000000e+00 3.089231946516613495e-06 5.566999431749696209e-05 1.445131386830510678e+00 1.147873687117773711e+00 1.100172254836171426e+00 1.196888074084911713e+00 0.000000000000000000e+00
7.408669284336948380e+00 1.673477158563960288e+00 2.515304056669915409e-05 1.000000000000000000e+00 -1.878556365639036494e-08 5.234993497538060868e-05 1.133023139700597426e+00 1.150132863080971291e+00 1.102404545069500363e+00 1.199172257212247850e+00 0.000000000000000000e+00
7.414847449503079169e+00 1.672082791605264962e+00 2.135348838405893315e-05 1.000000000000000000e+00 -3.698376410835017581e-06 4.847016221800541473e-05 8.144411725660916090e-01 1.155006588119988908e+00 1.106861579653559469e+00 1.204477853163142154e+00 0.000000000000000000e+00
7.421030766704393322e+00 1.670689586454608300e+00 1.859659773917421045e-05 1.000000000000000000e+00 -6.395315349433647919e-06 4.568471819960100578e-05 6.154076652694016047e-01 1.155347319340983336e+00 1.106858814030735827e+00 1.205178847069954484e+00 0.000000000000000000e+00
7.427219240237226572e+00 1.669297542143953983e+00 1.608085525443111029e-05 1.000000000000000000e+00 -8.883751582245000348e-06 4.313356349410479298e-05 4.571227834772599863e-01 1.157119924377483899e+00 1.108607401876795739e+00 1.206976934151613445e+00 0.000000000000000000e+00
7.433412874401496673e+00 1.667906657706072160e+00 1.457095718445989869e-05 1.000000000000000000e+00 -1.037093731374871723e-05 4.156423681298642683e-05 3.747250291813912781e-01 1.156315638908212984e+00 1.107488446501142976e+00 1.206509371399322905e+00 0.000000000000000000e+00
7.439611673500706956e+00 1.666516932174539223e+00 1.307963756590743221e-05 1.000000000000000000e+00 -1.163621296702720225e-05 3.984025739158510800e-05 3.051669846961573285e-01 1.157382516562327268e+00 1.108604269079402238e+00 1.207526182560516137e+00 0.000000000000000000e+00
7.445815641841948995e+00 1.665128364583736253e+00 1.328243705686339830e-05 1.000000000000000000e+00 -1.108257044116792282e-05 3.973283842237162127e-05 3.230332800002599924e-01 1.148269726854140638e+00 1.099428039379824806e+00 1.198490324061652457e+00 0.000000000000000000e+00
7.452024783735907043e+00 1.663740953968849468e+00 1.118960702435557644e-05 1.000000000000000000e+00 -1.275709674986358839e-05 3.727217954197357855e-05 2.342712366408790103e-01 1.149745114849164196e+00 1.100969707064745728e+00 1.199892542709169785e+00 0.000000000000000000e+00
7.458239103496859812e+00 1.662354699365868660e+00 1.035672429952948584e-05 1.000000000000000000e+00 -1.342537502883022006e-05 3.629696946883112030e-05 2.027738519339408185e-01 1.138860926995857614e+00 1.089994265602129087e+00 1.189117358433668503e+00 0.000000000000000000e+00
7.464458605442683137e+00 1.660969599811586539e+00 5.095160755085509655e-06 1.000000000000000000e+00 -1.870416146418593683e-05 3.103899248814545706e-05 4.824322347513998466e-02 1.149434998116219520e+00 1.099715929439091466e+00 1.200581540900786504e+00 0.000000000000000000e+00
7.470683293894854415e+00 1.659585654343599170e+00 1.631873929140291498e-06 1.000000000000000000e+00 -2.232616848350273939e-05 2.771817486705780958e-05 4.834613036408086373e-03 1.144879835454662098e+00 1.095461670806216148e+00 1.195715996464328246e+00 0.000000000000000000e+00
7.476913173178454386e+00 1.658202862000304201e+00 -3.449228977724998923e-07 -1.000000000000000000e+00 -2.443063480044643248e-05 2.586986665806972376e-05 2.133702176791985039e-04 1.131512867449354420e+00 1.081719604983138350e+00 1.182763074850919027e+00 0.000000000000000000e+00
7.483148247622170679e+00 1.656821221820899526e+00 -2.313534472686463943e-06 -1.000000000000000000e+00 -2.613829442451949653e-05 2.368639915438102594e-05 9.685920922905211228e-03 1.122264164598764991e+00 1.072972550729633712e+00 1.172993758273174425e+00 0.000000000000000000e+00
7.489388521558299594e+00 1.655440732845385288e+00 -4.442560708409280198e-06 -1.000000000000000000e+00 -2.779751448519711914e-05 2.114802844965427871e-05 3.663575737098767604e-02 1.119898258200630270e+00 1.070143193776400325e+00 1.171119735115382365e+00 0.000000000000000000e+00
7.495633999322752317e+00 1.654061394114560324e+00 -4.082490612389127486e-06 -1.000000000000000000e+00 -2.704126133361035161e-05 2.115802909681604446e-05 3.184674462602288258e-02 1.106863394506236276e+00 1.057132486269626304e+00 1.158076228233761551e+00 0.000000000000000000e+00
7.501884685255054031e+00 1.652683204670022832e+00 -5.820973259478984771e-06 -1.000000000000000000e+00 -2.857446641092194675e-05 1.922885838621698470e-05 6.518667349338613803e-02 1.108062453843744466e+00 1.058364034409224441e+00 1.159240788151497670e+00 0.000000000000000000e+00
7.508140583698349246e+00 1.651306163554170148e+00 -6.502663958140040308e-06 -1.000000000000000000e+00 -2.943067206647056091e-05 1.871517713088711267e-05 8.022763102785290812e-02 1.103237393019419921e+00 1.053245871298472247e+00 1.154733560096417477e+00 0.000000000000000000e+00
7.514401698999403578e+00 1.649930269810196748e+00 -7.728994720397085169e-06 -1.000000000000000000e+00 -3.100269218055673324e-05 1.782776135891001707e-05 1.100191406082586809e-01 1.104068347112372006e+00 1.054000335034502855e+00 1.155645185106467077e+00 0.000000000000000000e+00
7.520668035508609073e+00 1.648555522482095359e+00 -7.169668630308536904e-06 -1.000000000000000000e+00 -3.083973437261710698e-05 1.878760368607834160e-05 9.228222340452418848e-02 1.100614354181840948e+00 1.050188377133895345e+00 1.152575367520776828e+00 0.000000000000000000e+00
7.526939597579984209e+00 1.647181920614653627e+00 -3.440092797511324909e-06 -1.000000000000000000e+00 -2.733092454367907998e-05 2.274953821077126749e-05 2.112912266670718964e-02 1.088232019567739517e+00 1.038340589486596022e+00 1.139643572245064851e+00 0.000000000000000000e+00
7.533216389571179228e+00 1.645809463253457006e+00 3.969435934731883551e-07 1.000000000000000000e+00 -2.351776335677404752e-05 2.660226505680228558e-05 2.848732467555237236e-04 1.083359211367636910e+00 1.033016934247068974e+00 1.135258328031716557e+00 0.000000000000000000e+00
7.539498415843477019e+00 1.644438149444884756e+00 4.176179515929616382e-06 1.000000000000000000e+00 -1.956690946411187806e-05 3.020033893202057074e-05 3.233773022266461794e-02 1.081368323462953418e+00 1.030801747279811220e+00 1.133512046443459598e+00 0.000000000000000000e+00
7.545785680761798453e+00 1.643067978236111282e+00 7.304134725081862928e-06 1.000000000000000000e+00 -1.621115552800379337e-05 3.311113099426217878e-05 1.014798550689590684e-01 1.079170207526781722e+00 1.028785002899129886e+00 1.131126862364674190e+00 0.000000000000000000e+00
7.552078188694705041e+00 1.641698948675104575e+00 9.410975585857288855e-06 1.000000000000000000e+00 -1.402355105993829598e-05 3.516264107454432027e-05 1.707332758091979485e-01 1.073987450113569553e+00 1.023386624799211164e+00 1.126180576127696620e+00 0.000000000000000000e+00
7.558375944014398939e+00 1.640331059810627101e+00 8.877608587554213922e-06 1.000000000000000000e+00 -1.464183486947800812e-05 3.473996515516424580e-05 1.503661248423355801e-01 1.074407525732940405e+00 1.023801022397402782e+00 1.126605128925415755e+00 0.000000000000000000e+00
7.564678951096730941e+00 1.638964310692231585e+00 1.043793412053725070e-05 1.000000000000000000e+00 -1.349737807463655248e-05 3.672539972168280096e-05 2.031882802307904967e-01 1.051711424656019522e+00 1.001133104980191924e+00 1.103911378429775603e+00 0.000000000000000000e+00
7.570987214321198699e+00 1.637598700370265004e+00 6.975718762759319357e-06 1.000000000000000000e+00 -1.737254382989468000e-05 3.366442542029058336e-05 8.701297097846349970e-02 1.054225446343812322e+00 1.003481627891007033e+00 1.106595301399768472e+00 0.000000000000000000e+00
7.577300738070952946e+00 1.636234227895864146e+00 7.026216911566680075e-06 1.000000000000000000e+00 -1.772268920195942983e-05 3.414963491441862844e-05 8.595645665957363235e-02 1.036331047773503711e+00 9.854282681693401491e-01 1.088830977390453425e+00 0.000000000000000000e+00
7.583619526732800153e+00 1.634870892320956948e+00 6.834080148749308972e-06 1.000000000000000000e+00 -1.804375138172807359e-05 3.416894401388618135e-05 8.052657237882954178e-02 1.027276204729167919e+00 9.757532989103770982e-01 1.080280450423932503e+00 0.000000000000000000e+00
7.589943584697204315e+00 1.633508692698261822e+00 7.870070731345577651e-06 1.000000000000000000e+00 -1.690277977599372316e-05 3.516889079275879683e-05 1.074488556236303793e-01 1.022283598363051382e+00 9.710937377637616219e-01 1.074826216426555847e+00 0.000000000000000000e+00
7.596272916358290495e+00 1.632147628081284996e+00 9.455397935610917383e-06 1.000000000000000000e+00 -1.526842790620314011e-05 3.669695219161171388e-05 1.566247503776310168e-01 1.025043370705076562e+00 9.732656187887545052e-01 1.078264552366555939e+00 0.000000000000000000e+00
7.602607526113848380e+00 1.630787697524322288e+00 1.488200599094210129e-05 1.000000000000000000e+00 -9.884709723909832185e-06 4.211856001073916903e-05 3.939192180041288793e-01 1.012342235358959286e+00 9.608490920552005266e-01 1.064883742171839787e+00 0.000000000000000000e+00
7.608947418365335835e+00 1.629428900082457776e+00 1.954978443859879648e-05 1.000000000000000000e+00 -5.263686706815374193e-06 4.680794921733094475e-05 6.894740063946187547e-01 1.005024275763942931e+00 9.527436205851519402e-01 1.057992827878714071e+00 0.000000000000000000e+00
7.615292597517878903e+00 1.628071234811562906e+00 2.271360867955828146e-05 1.000000000000000000e+00 -2.004166229955713638e-06 4.986345429143927200e-05 9.454654305521046354e-01 1.001190887458450307e+00 9.491685406401768610e-01 1.053680297187679971e+00 0.000000000000000000e+00
7.621643067980279795e+00 1.626714700768294497e+00 2.777338560482572562e-05 1.000000000000000000e+00 3.138126843888971811e-06 5.482591751380512345e-05 1.454077885935078029e+00 9.736115004522657435e-01 9.221123987546001599e-01 1.026040919939255502e+00 0.000000000000000000e+00
7.627998834165015118e+00 1.625359297010096737e+00 2.486462465613087209e-05 1.000000000000000000e+00 5.204290391297189834e-07 5.163129267328664168e-05 1.178228483164076579e+00 9.809322683150641931e-01 9.291382846276003971e-01 1.033911559114968792e+00 0.000000000000000000e+00
7.634359900488242090e+00 1.624005022595198744e+00 1.995326423370595727e-05 1.000000000000000000e+00 -4.079251712174699929e-06 4.643617005442364119e-05 7.622840400656514248e-01 9.846458413721703717e-01 9.329121699575314564e-01 1.037669670265114918e+00 0.000000000000000000e+00
7.640726271369800315e+00 1.622651876582614117e+00 1.346432180410077394e-05 1.000000000000000000e+00 -1.029157033524740681e-05 3.972577456711123893e-05 3.455734054318213566e-01 9.820010462608612656e-01 9.297994187859930371e-01 1.035418925653121436e+00 0.000000000000000000e+00
7.647097951233216229e+00 1.621299858032140939e+00 3.091286605748600898e-06 1.000000000000000000e+00 -2.089540599116989120e-05 2.910580385833724224e-05 1.783723638607170869e-02 9.896477176495808159e-01 9.374108364058975074e-01 1.043313376988436403e+00 0.000000000000000000e+00
7.653474944505703093e+00 1.619948966004359558e+00 -8.177975014936182831e-06 -1.000000000000000000e+00 -3.306934035447158047e-05 1.756540271003310149e-05 1.217119211596582318e-01 9.925440845257412770e-01 9.397728268108886951e-01 1.046827860968130297e+00 0.000000000000000000e+00
7.659857255618167216e+00 1.618599199560634805e+00 -2.061904286013032143e-05 -1.000000000000000000e+00 -4.509313951387047793e-05 4.723178815508609260e-06 7.589300953669351202e-01 1.001589610395898777e+00 9.487145529544673828e-01 1.056146679343361816e+00 0.000000000000000000e+00
7.666244889005210617e+00 1.617250557763112662e+00 -3.013292859538286442e-05 -1.000000000000000000e+00 -5.278569320085596664e-05 -5.269620378981858922e-06 1.628362485112774038e+00 1.005382517684173527e+00 9.519300397143073411e-01 1.060444069682733081e+00 0.000000000000000000e+00
7.672637849105131913e+00 1.615903039674720043e+00 -3.375080460574519009e-05 -1.000000000000000000e+00 -5.510346015315506545e-05 -9.504460656168506848e-06 2.094259003668213381e+00 9.952991911785640244e-01 9.413858686533663755e-01 1.050738878034962021e+00 0.000000000000000000e+00
7.679036140359931650e+00 1.614556644359165460e+00 -3.441333183610509344e-05 -1.000000000000000000e+00 -5.533240773232441650e-05 -1.057166827329087571e-05 2.225751116979495237e+00 9.892303889621201218e-01 9.357831547148371953e-01 1.044115704133787181e+00 0.000000000000000000e+00
7.685439767215314077e+00 1.613211370880937023e+00 -3.009554012183261756e-05 -1.000000000000000000e+00 -5.113842041435109556e-05 -6.170017322605274659e-06 1.735725531501230989e+00 9.702307301690088481e-01 9.159628078191905942e-01 1.025256366325342006e+00 0.000000000000000000e+00
7.691848734120691589e+00 1.611867218305303329e+00 -2.455143301704714831e-05 -1.000000000000000000e+00 -4.577622360968714631e-05 -5.774948548141572134e-07 1.177230068182154810e+00 9.568123536587501698e-01 9.031777267154487143e-01 1.011589707205139854e+00 0.000000000000000000e+00
7.698263045529186499e+00 1.610524185698310351e+00 -1.833154896996175490e-05 -1.000000000000000000e+00 -3.971269158627197622e-05 5.760587844663164021e-06 6.691894738165160561e-01 9.449175505306716127e-01 8.908068694131202614e-01 1.000423084321645284e+00 0.000000000000000000e+00
7.704682705897634598e+00 1.609182272126782998e+00 -1.204906017942665054e-05 -1.000000000000000000e+00 -3.360768213565699285e-05 1.224897872715570538e-05 2.921753531824720085e-01 9.311649039295326613e-01 8.773099677025745224e-01 9.862362750498623321e-01 0.000000000000000000e+00
7.711107719686588702e+00 1.607841476658323998e+00 -9.130022000613706725e-06 -1.000000000000000000e+00 -3.105348181755812999e-05 1.552877313516039579e-05 1.655881558891678651e-01 9.352793295784392891e-01 8.807506118963726038e-01 9.911531450180245395e-01 0.000000000000000000e+00
7.717538091360320429e+00 1.606501798361312572e+00 -3.127266110497536348e-06 -1.000000000000000000e+00 -2.563310951098241193e-05 2.215639580406509340e-05 1.915561082518024705e-02 9.139520623443992964e-01 8.576172556002140679e-01 9.700182698982577900e-01 0.000000000000000000e+00
7.723973825386825531e+00 1.605163236304904206e+00 1.039953187812778841e-06 1.000000000000000000e+00 -2.200943351329028036e-05 2.686658699463835497e-05 2.075842145615069967e-03 9.017856669621028276e-01 8.444814790282759720e-01 9.576866813219490071e-01 0.000000000000000000e+00
7.730414926237823892e+00 1.603825789559029547e+00 4.568473031633329574e-06 1.000000000000000000e+00 -1.895393301927764167e-05 3.095161461286807526e-05 3.946605386914825431e-02 8.921698185005619841e-01 8.326686348618919098e-01 9.490770232888855462e-01 0.000000000000000000e+00
7.736861398388765743e+00 1.602489457194395728e+00 7.793325837546461623e-06 1.000000000000000000e+00 -1.599945211679217256e-05 3.447638728427402700e-05 1.144400355846357797e-01 8.833932471161383138e-01 8.232610978239138788e-01 9.405827599164500175e-01 0.000000000000000000e+00
7.743313246318833443e+00 1.601154238282482378e+00 1.523238597446457067e-05 1.000000000000000000e+00 -9.103890333538232441e-06 4.224876349056516217e-05 4.480354874670240406e-01 8.456550602455658039e-01 7.845389952438448500e-01 9.079736325715482836e-01 0.000000000000000000e+00
7.749770474510944140e+00 1.599820131895543396e+00 1.781664906459948494e-05 1.000000000000000000e+00 -6.269350719694982189e-06 4.456556518405301894e-05 6.289985936185189530e-01 8.330354496066779690e-01 7.729730341139855465e-01 8.953979355606658252e-01 0.000000000000000000e+00
7.756233087451753327e+00 1.598487137106606282e+00 1.683098662852841861e-05 1.000000000000000000e+00 -6.868000614399850413e-06 4.317287215541697095e-05 5.768232945324598404e-01 8.346068479205456248e-01 7.735602978878147740e-01 8.978725974690835443e-01 0.000000000000000000e+00
7.762701089631657503e+00 1.597155252989470364e+00 1.545648283821428489e-05 1.000000000000000000e+00 -7.651837582901458530e-06 4.122175442049843402e-05 5.040117688981524680e-01 8.260755778185727705e-01 7.659702095991361981e-01 8.888430614502832450e-01 0.000000000000000000e+00
7.769174485544799502e+00 1.595824478618706577e+00 1.412297783557744384e-05 1.000000000000000000e+00 -8.327041744163200251e-06 3.928170717814563791e-05 4.381441668193417627e-01 8.010340414580703339e-01 7.430358101503709012e-01 8.618903529920367568e-01 0.000000000000000000e+00
7.775653279689067610e+00 1.594494813069657235e+00 7.811088345110063486e-06 1.000000000000000000e+00 -1.404224274259385505e-05 3.240566583973312722e-05 1.366661327782026092e-01 7.934821159483015363e-01 7.350913896716542162e-01 8.546899817320241510e-01 0.000000000000000000e+00
7.782137476566102663e+00 1.593166255418435151e+00 -3.707639863794647511e-06 -1.000000000000000000e+00 -2.521916002903286535e-05 2.026053553088479723e-05 3.059868752004035741e-02 8.048141185669357434e-01 7.461174298680757211e-01 8.664431898443140101e-01 0.000000000000000000e+00
7.788627080681298942e+00 1.591838804741922297e+00 -1.238996299234787597e-05 -1.000000000000000000e+00 -3.404857168897591345e-05 1.103383763805246234e-05 3.413948881826911474e-01 7.792178257664852392e-01 7.223045015745146458e-01 8.385077140355104985e-01 0.000000000000000000e+00
7.795122096543806833e+00 1.590512460117771143e+00 -2.936441614885995204e-05 -1.000000000000000000e+00 -4.970697216542209940e-05 -6.224835968058492838e-06 1.806605900909573847e+00 7.941509216365703061e-01 7.367877436978785832e-01 8.542540609261045637e-01 0.000000000000000000e+00
7.801622528666539047e+00 1.589187220624400876e+00 -4.536462984563456564e-05 -1.000000000000000000e+00 -6.440310705365013774e-05 -2.339462905020575420e-05 4.307720244603160609e+00 8.052488597540182758e-01 7.465963990077677526e-01 8.670441144768379349e-01 0.000000000000000000e+00
7.808128381566169729e+00 1.587863085341000069e+00 -5.704958962540346978e-05 -1.000000000000000000e+00 -7.442509766533230320e-05 -3.687425278958573858e-05 7.130475633266570412e+00 8.167176215292466512e-01 7.580073755173060146e-01 8.779681803196672796e-01 0.000000000000000000e+00
7.814639659763139790e+00 1.586540053347523793e+00 -5.663936147682997264e-05 -1.000000000000000000e+00 -1.051889676829524824e-04 -3.746558034408818281e-05 7.419538193826298311e+00 7.811901463719326255e-01 7.251124443632589456e-01 8.392006795999743529e-01 0.000000000000000000e+00
7.821156367781661345e+00 1.585218123724693617e+00 -6.329214984401151033e-05 -1.000000000000000000e+00 -1.105911976807768708e-04 -4.053420424371535324e-05 7.793165433079053628e+00 7.698786754690650769e-01 7.158247252287056606e-01 8.303689372962451687e-01 0.000000000000000000e+00
7.827678510149716828e+00 1.583897295553998275e+00 -6.741164085294659204e-05 -1.000000000000000000e+00 -1.194612372948758336e-04 -4.415752080502304043e-05 7.820679508223719267e+00 7.605024068104153656e-01 7.036132113329183202e-01 8.196985186355849606e-01 0.000000000000000000e+00
7.834206091399066985e+00 1.582577567917689887e+00 -7.043887232792921636e-05 -1.000000000000000000e+00 -9.188624084125066396e-05 -4.698244402188035825e-05 7.677458036252147622e+00 7.641236680160032879e-01 7.065929250868029365e-01 8.233514880080609055e-01 0.000000000000000000e+00
7.840739116065250869e+00 1.581258939898786631e+00 -1.512126927180257243e-04 -1.000000000000000000e+00 0.000000000000000000e+00 0.000000000000000000e+00 0.000000000000000000e+00 7.470730177719444587e-01 0.000000000000000000e+00 0.000000000000000000e+00 1.000000000000000000e+00
7.847277588687588512e+00 1.579941410581070071e+00 -4.601791789007427576e-04 -1.000000000000000000e+00 0.000000000000000000e+00 0.000000000000000000e+00 0.000000000000000000e+00 7.779242537752386610e-01 0.000000000000000000e+00 0.000000000000000000e+00 1.000000000000000000e+00
7.853821513809187138e+00 1.578624979049085830e+00 -1.933935783877080720e-04 -1.000000000000000000e+00 0.000000000000000000e+00 0.000000000000000000e+00 0.000000000000000000e+00 7.422021698831927639e-01 0.000000000000000000e+00 0.000000000000000000e+00 1.000000000000000000e+00
7.860370895976941163e+00 1.577309644388141585e+00 -2.684984937052978791e-04 -1.000000000000000000e+00 0.000000000000000000e+00 0.000000000000000000e+00 0.000000000000000000e+00 7.245836247168895294e-01 0.000000000000000000e+00 0.000000000000000000e+00 1.000000000000000000e+00
7.866925739741537527e+00 1.575995405684307737e+00 -3.903576562630063163e-04 -1.000000000000000000e+00 0.000000000000000000e+00 0.000000000000000000e+00 0.000000000000000000e+00 7.190624369346741984e-01 0.000000000000000000e+00 0.000000000000000000e+00 1.000000000000000000e+00
7.873486049657457464e+00 1.574682262024415857e+00 -2.623315826426118706e-03 -1.000000000000000000e+00 -3.005844477423991103e-03 -2.228579475959641121e-03 4.151633806687178208e+01 8.780210272427333429e-01 7.848076966820153322e-01 9.146221606059330433e-01 0.000000000000000000e+00
7.880051830282980951e+00 1.573370212496058462e+00 -1.324198587951300231e-03 -1.000000000000000000e+00 0.000000000000000000e+00 0.000000000000000000e+00 0.000000000000000000e+00 8.093171825446794365e-01 0.000000000000000000e+00 0.000000000000000000e+00 1.000000000000000000e+00
7.886623086180188480e+00 1.572059256187587906e+00 -1.342746310772943968e-03 -1.000000000000000000e+00 0.000000000000000000e+00 0.000000000000000000e+00 0.000000000000000000e+00 7.935852751672392014e-01 0.000000000000000000e+00 0.000000000000000000e+00 1.000000000000000000e+00
7.893199821914964609e+00 1.570749392188117488e+00 -1.264460466301364728e-03 -1.000000000000000000e+00 0.000000000000000000e+00 0.000000000000000000e+00 0.000000000000000000e+00 7.205566453359878443e-01 0.000000000000000000e+00 0.000000000000000000e+00 1.000000000000000000e+00
7.899782042057002407e+00 1.569440619587517682e+00 -1.764072702027023746e-03 -1.000000000000000000e+00 0.000000000000000000e+00 0.000000000000000000e+00 0.000000000000000000e+00 7.582699357951334651e-01 0.000000000000000000e+00 0.000000000000000000e+00 1.000000000000000000e+00
7.906369751179806116e+00 1.568132937476418354e+00 -1.671986787703690991e-03 -1.000000000000000000e+00 0.000000000000000000e+00 0.000000000000000000e+00 0.000000000000000000e+00 6.900426436532698382e-01 0.000000000000000000e+00 0.000000000000000000e+00 1.000000000000000000e+00
7.912962953860692039e+00 1.566826344946206540e+00 -1.192483847746705341e-03 -1.000000000000000000e+00 0.000000000000000000e+00 0.000000000000000000e+00 0.000000000000000000e+00 7.111694128281733640e-01 0.000000000000000000e+00 0.000000000000000000e+00 1.000000000000000000e+00
7.919561654680794760e+00 1.565520841089027337e+00 -7.857039015162804729e-04 -1.000000000000000000e+00 0.000000000000000000e+00 0.000000000000000000e+00 0.000000000000000000e+00 6.715823078396770951e-01 0.000000000000000000e+00 0.000000000000000000e+00 1.000000000000000000e+00
7.926165858225068916e+00 1.564216424997781019e+00 -5.375642261551220056e-04 -1.000000000000000000e+00 0.000000000000000000e+00 0.000000000000000000e+00 0.000000000000000000e+00 6.659604831959022864e-01 0.000000000000000000e+00 0.000000000000000000e+00 1.000000000000000000e+00
7.932775569082291867e+00 1.562913095766124583e+00 -3.983861041235234194e-04 -1.000000000000000000e+00 0.000000000000000000e+00 0.000000000000000000e+00 0.000000000000000000e+00 6.113088713855394651e-01 0.000000000000000000e+00 0.000000000000000000e+00 1.000000000000000000e+00
7.939390791845069018e+00 1.561610852488469980e+00 -3.220209993870760349e-04 -1.000000000000000000e+00 0.000000000000000000e+00 0.000000000000000000e+00 0.000000000000000000e+00 5.986281841973802864e-01 0.000000000000000000e+00 0.000000000000000000e+00 1.000000000000000000e+00
7.946011531109834714e+00 1.560309694259983226e+00 -2.595548184992326401e-04 -1.000000000000000000e+00 0.000000000000000000e+00 0.000000000000000000e+00 0.000000000000000000e+00 5.642365015447857735e-01 0.000000000000000000e+00 0.000000000000000000e+00 1.000000000000000000e+00
7.952637791476856677e+00 1.559009620176584621e+00 -2.214052850781983916e-04 -1.000000000000000000e+00 0.000000000000000000e+00 0.000000000000000000e+00 0.000000000000000000e+00 5.476281099371242966e-01 0.000000000000000000e+00 0.000000000000000000e+00 1.000000000000000000e+00
7.959269577550237784e+00 1.557710629334948083e+00 -1.952147863992723662e-04 -1.000000000000000000e+00 0.000000000000000000e+00 0.000000000000000000e+00 0.000000000000000000e+00 5.280843600411320171e-01 0.000000000000000000e+00 0.000000000000000000e+00 1.000000000000000000e+00
7.965906893937922284e+00 1.556412720832499597e+00 -2.238114008856781443e-04 -1.000000000000000000e+00 0.000000000000000000e+00 0.000000000000000000e+00 0.000000000000000000e+00 5.057859118682508370e-01 0.000000000000000000e+00 0.000000000000000000e+00 1.000000000000000000e+00
7.972549745251694908e+00 1.555115893767417656e+00 -6.655857630361234397e-05 -1.000000000000000000e+00 0.000000000000000000e+00 0.000000000000000000e+00 0.000000000000000000e+00 4.987801427890869999e-01 0.000000000000000000e+00 0.000000000000000000e+00 1.000000000000000000e+00
7.979198136107187977e+00 1.553820147238631932e+00 -3.007875748814600207e-05 -1.000000000000000000e+00 -1.310073732020039018e-04 -9.307780270605052426e-06 2.131146467457995186e+00 4.890959087733898203e-01 4.342162430261884420e-01 5.456272237572582506e-01 0.000000000000000000e+00
7.985852071123881402e+00 1.552525480345822828e+00 -2.917588077457770990e-05 -1.000000000000000000e+00 -5.293083071218180572e-05 -8.536290516839271393e-06 2.106621000795371401e+00 4.826209930616944255e-01 4.276166167062827594e-01 5.386691106260897977e-01 0.000000000000000000e+00
7.992511554925108008e+00 1.551231892189421036e+00 -2.970102851102191156e-05 -1.000000000000000000e+00 -4.930644254815344258e-05 -6.836107023326819438e-06 1.943623105633804471e+00 4.650453109803569518e-01 4.084820294386696804e-01 5.196826649732662062e-01 0.000000000000000000e+00
7.999176592138056208e+00 1.549939381870606869e+00 -3.143732820131514181e-05 -1.000000000000000000e+00 -5.134831668086482369e-05 -7.710176004724763829e-06 2.117015533555871798e+00 4.656060416543240654e-01 4.093849885047990411e-01 5.200345467581559689e-01 0.000000000000000000e+00
