# OBJ_NAME=4U1626-67
#         GRID_START=6.00
#         GRID_END=8.00
#         GRID_STEP_FRACTION=0.50
#         XSPEC_FITSTAT=cstat
#         XSPEC_CONTINUUM_MODEL=tbabs*(bbodyrad + pow)*constant
#         XSPEC_LINE_MODEL=gauss
#         LINE_VELOCITY_WIDTH=500
#         INPUT_FILE=/home/simon/Downloads/tgcat/obs_21686_tgid_5711/pm_heg_abs1.pha
#         SEARCH_MODE=Sliding window
#         FIT_REGION_WIDTH=30.00
#         RUNTIME=69
#         COLUMN_NAMES=ENERGY,WAVELENGTH,NORM,NORM_SIGN,NORM_ERR_LO,NORM_ERR_HI,DELTA_FITSTAT,CONSTANT_FACTOR,CONSTANT_FACTOR_ERR_LO,CONSTANT_FACTOR_ERR_HI,FIT_ERR
6.000000000000000000e+00 2.066373137115381287e+00 2.419287759005354295e-05 1.000000000000000000e+00 8.889719193152117213e-06 4.017080662870855991e-05 2.859521278302509018e+00 9.603998273551731524e-01 9.396357563066685126e-01 9.814596993145197068e-01 0.000000000000000000e+00
6.005003461427972589e+00 2.064651403172383937e+00 2.697060127939097330e-05 1.000000000000000000e+00 1.165863765067252092e-05 4.296048777452070723e-05 3.582284836196222955e+00 9.551184979353950499e-01 9.342727214172931172e-01 9.762640041193187956e-01 0.000000000000000000e+00
6.010011095293655181e+00 2.062931103804642063e+00 2.529984655711025300e-05 1.000000000000000000e+00 1.004172521539451112e-05 4.123914089331849245e-05 3.152207930683815107e+00 9.609261202096290866e-01 9.401600430987274715e-01 9.819879396966341156e-01 0.000000000000000000e+00
6.015022905076486737e+00 2.061212237816845594e+00 2.307208532157182786e-05 1.000000000000000000e+00 7.831667559114521894e-06 3.899496639455353269e-05 2.610911295057363191e+00 9.603314369779389903e-01 9.395488656382240400e-01 9.814103246046391726e-01 0.000000000000000000e+00
6.020038894258807005e+00 2.059494804014679215e+00 1.891582779742840062e-05 1.000000000000000000e+00 3.681818224821138395e-06 3.483279145454631779e-05 1.738561080330953246e+00 9.605466351472579101e-01 9.395988184862121839e-01 9.817951393288056883e-01 0.000000000000000000e+00
6.025059066325860080e+00 2.057778801204824592e+00 1.371558390332526422e-05 1.000000000000000000e+00 -1.473138701124576544e-06 2.959409986591369016e-05 9.060714068341724214e-01 9.604493137703506989e-01 9.394700135671654184e-01 9.817299689864238399e-01 0.000000000000000000e+00
6.030083424765796174e+00 2.056064228194956822e+00 7.582346541481828310e-06 1.000000000000000000e+00 -7.489035941415080486e-06 2.335419889402709612e-05 2.756320577290694018e-01 9.636884808195385066e-01 9.428022168409906367e-01 9.848720618906489088e-01 0.000000000000000000e+00
6.035111973069674285e+00 2.054351083793744426e+00 1.583788032144446412e-06 1.000000000000000000e+00 -1.334206065348575562e-05 1.721602457851404143e-05 1.203981400509235300e-02 9.697093300274965966e-01 9.486103461471218079e-01 9.911097355347118221e-01 0.000000000000000000e+00
6.040144714731465747e+00 2.052639366810848021e+00 -2.596789851156635017e-06 -1.000000000000000000e+00 -1.735376641461226348e-05 1.286490211158173205e-05 3.263290565222121131e-02 9.734290544136530166e-01 9.522834096132017923e-01 9.948767458528984253e-01 0.000000000000000000e+00
6.045181653248054232e+00 2.050929076056921652e+00 -5.213077725946069407e-06 -1.000000000000000000e+00 -1.977432685302608060e-05 1.004791949772709464e-05 1.334699078601602196e-01 9.754121024259096995e-01 9.543981186874238576e-01 9.967244215850182831e-01 0.000000000000000000e+00
6.050222792119239301e+00 2.049220210343609683e+00 -8.361197675770521120e-06 -1.000000000000000000e+00 -2.271753603556687186e-05 6.692443917567723449e-06 3.489659338439139447e-01 9.823697080826514494e-01 9.611531083358838545e-01 1.003888505656118868e+00 0.000000000000000000e+00
6.055268134847740846e+00 2.047512768483544576e+00 -1.086710391158551745e-05 -1.000000000000000000e+00 -2.504197872516962081e-05 4.010450908418373482e-06 5.975912584890750168e-01 9.856533290760747246e-01 9.643992784387529493e-01 1.007209731074652836e+00 0.000000000000000000e+00
6.060317684939197314e+00 2.045806749290351334e+00 -1.286801475998046535e-05 -1.000000000000000000e+00 -2.696763008126482327e-05 1.941869973215786956e-06 8.400001226017081990e-01 9.831950046692711220e-01 9.619457338402332969e-01 1.004747029560524973e+00 0.000000000000000000e+00
6.065371445902172809e+00 2.044102151578641724e+00 -1.649899708654626652e-05 -1.000000000000000000e+00 -3.062762998059486146e-05 -1.663472484291963750e-06 1.361801729400767158e+00 9.848118818411353281e-01 9.635314721409085070e-01 1.006395493234466754e+00 0.000000000000000000e+00
6.070429421248155322e+00 2.042398974164015168e+00 -2.030834622801231374e-05 -1.000000000000000000e+00 -3.448557348325803954e-05 -5.429761266809640655e-06 2.030475841737995779e+00 9.868237401761321692e-01 9.654855797895260938e-01 1.008466325205636949e+00 0.000000000000000000e+00
6.075491614491562942e+00 2.040697215863058300e+00 -2.338234488680609259e-05 -1.000000000000000000e+00 -3.749081536892351081e-05 -8.565783804760467363e-06 2.686418533663641028e+00 9.896876184299679968e-01 9.682997181024285416e-01 1.011380299761239110e+00 0.000000000000000000e+00
6.080558029149742971e+00 2.038996875493343186e+00 -2.452980490541781475e-05 -1.000000000000000000e+00 -3.847979404075363571e-05 -9.857646424956169882e-06 2.993902867279530255e+00 9.901775108742675302e-01 9.688040720401969175e-01 1.011854928784100771e+00 0.000000000000000000e+00
6.085628668742976366e+00 2.037297951873428659e+00 -2.532395942981022113e-05 -1.000000000000000000e+00 -3.917654085061557422e-05 -1.074302312108360195e-05 3.214872655573671523e+00 9.936694786379129951e-01 9.722526833190238138e-01 1.015390318176352169e+00 0.000000000000000000e+00
6.090703536794479511e+00 2.035600443822857208e+00 -2.487215850230120755e-05 -1.000000000000000000e+00 -3.879785979952925028e-05 -1.022105908056322870e-05 3.079379302271277652e+00 9.940044881722860382e-01 9.725577534035234617e-01 1.015756159066791620e+00 0.000000000000000000e+00
6.095782636830406886e+00 2.033904350162153651e+00 -2.350705477934724726e-05 -1.000000000000000000e+00 -3.763921538251716324e-05 -8.656453142799799534e-06 2.701332284892643543e+00 9.931440414436257802e-01 9.715312360954266868e-01 1.015066873189506280e+00 0.000000000000000000e+00
6.100865972379854618e+00 2.032209669712826461e+00 -2.210667596343436080e-05 -1.000000000000000000e+00 -3.641401149365164607e-05 -7.083877562284597755e-06 2.346830592274258720e+00 9.969878834699676950e-01 9.754586661803957837e-01 1.018823626410164884e+00 0.000000000000000000e+00
6.105953546974859592e+00 2.030516401297367324e+00 -1.778989723160141916e-05 -1.000000000000000000e+00 -3.224000372971228180e-05 -2.623091220530522407e-06 1.514304880597123315e+00 9.931643791688133938e-01 9.715185800162716712e-01 1.015121121651547220e+00 0.000000000000000000e+00
6.111045364150406556e+00 2.028824543739246700e+00 -1.387195217557416908e-05 -1.000000000000000000e+00 -2.839775281542793870e-05 1.371699189180796910e-06 9.220558361305961625e-01 9.942613587631506933e-01 9.725940360887772584e-01 1.016239793144070758e+00 0.000000000000000000e+00
6.116141427444425460e+00 2.027134095862917373e+00 -8.485965723277166976e-06 -1.000000000000000000e+00 -2.311672331672673858e-05 6.866490132479460056e-06 3.454520924068731347e-01 9.885528777190316640e-01 9.670914073702853164e-01 1.010321385453227583e+00 0.000000000000000000e+00
6.121241740397799447e+00 2.025445056493809570e+00 -4.734256461078179516e-06 -1.000000000000000000e+00 -1.954845812949208226e-05 1.080067135960395880e-05 1.064315753205278270e-01 9.878093428208122306e-01 9.661930726564103011e-01 1.009737268052230963e+00 0.000000000000000000e+00
6.126346306554362187e+00 2.023757424458334508e+00 -9.580596185574711688e-07 -1.000000000000000000e+00 -1.599272140843346736e-05 1.479267174733794916e-05 4.293189753965975797e-03 9.838606807858205627e-01 9.622526730910317960e-01 1.005781663605689102e+00 0.000000000000000000e+00
6.131455129460903208e+00 2.022071198583879958e+00 2.188083525689145706e-06 1.000000000000000000e+00 -1.302512472625629538e-05 1.811379279069961915e-05 2.212419299286239038e-02 9.797059862687836906e-01 9.581101767697588478e-01 1.001615800173653481e+00 0.000000000000000000e+00
6.136568212667169675e+00 2.020386377698810687e+00 3.881257107942142838e-06 1.000000000000000000e+00 -1.140682875693212536e-05 1.988715288465836792e-05 6.926764551987218965e-02 9.789523758794355102e-01 9.573665094126755370e-01 1.000852049459476811e+00 0.000000000000000000e+00
6.141685559725869936e+00 2.018702960632467569e+00 5.817076656941204998e-06 1.000000000000000000e+00 -9.501059914450194236e-06 2.186364689958900825e-05 1.558056776815277544e-01 9.741664955092483869e-01 9.526147574042026500e-01 9.960321658937750788e-01 0.000000000000000000e+00
6.146807174192673529e+00 2.017020946215167587e+00 6.495532921257541419e-06 1.000000000000000000e+00 -8.868165629563446958e-06 2.259330055612482054e-05 1.935347624819030443e-01 9.723237741256482991e-01 9.507661700305146679e-01 9.941958298715760645e-01 0.000000000000000000e+00
6.151933059626216505e+00 2.015340333278202056e+00 6.333393099266610245e-06 1.000000000000000000e+00 -9.121335827471792977e-06 2.251999887004043808e-05 1.819079315061316038e-01 9.724028617591655710e-01 9.508362462944296434e-01 9.942841698800063410e-01 0.000000000000000000e+00
6.157063219588101433e+00 2.013661120653835290e+00 5.746537433513050084e-06 1.000000000000000000e+00 -9.800537759739515542e-06 2.202079529491659152e-05 1.479206679071722874e-01 9.735792477285618585e-01 9.519679391320460260e-01 9.955065615815735791e-01 0.000000000000000000e+00
6.162197657642900950e+00 2.011983307175305935e+00 5.852025032233355251e-06 1.000000000000000000e+00 -9.716856099777246937e-06 2.214761268159923778e-05 1.530637825887311010e-01 9.717832083510029584e-01 9.501678513821191219e-01 9.937154014278886116e-01 0.000000000000000000e+00
6.167336377358160426e+00 2.010306891676824304e+00 4.015299368684388804e-06 1.000000000000000000e+00 -1.146232568336487599e-05 2.022359999289354669e-05 7.248316119120090661e-02 9.781565721940965741e-01 9.563234568944011249e-01 1.000310832129264860e+00 0.000000000000000000e+00
6.172479382304400630e+00 2.008631872993570600e+00 3.502615611190905259e-06 1.000000000000000000e+00 -1.182756083645561550e-05 1.956914889498375686e-05 5.592607225126755566e-02 9.771764123865176455e-01 9.555134215071722226e-01 9.991559862938893533e-01 0.000000000000000000e+00
6.177626676055119503e+00 2.006958249961698471e+00 1.123039458824094311e-06 1.000000000000000000e+00 -1.408873067045174297e-05 1.707149201057240663e-05 5.794799340293366186e-03 9.807733901802969667e-01 9.589223697978319638e-01 1.002945561186501910e+00 0.000000000000000000e+00
6.182778262186794827e+00 2.005286021418328790e+00 -3.282135248483534953e-07 -1.000000000000000000e+00 -1.547674638847312096e-05 1.555576392717694805e-05 4.968746990954286957e-04 9.750574010409678305e-01 9.532442924774874315e-01 9.971925397202590080e-01 0.000000000000000000e+00
6.187934144278887771e+00 2.003615186201552323e+00 -4.804211587854163578e-06 -1.000000000000000000e+00 -1.987618589924331630e-05 1.100593513881373284e-05 1.058812797498234204e-01 9.776953152006830905e-01 9.559891109031655176e-01 9.997195738486622796e-01 0.000000000000000000e+00
6.193094325913842901e+00 2.001945743150427948e+00 -9.399827353695862763e-06 -1.000000000000000000e+00 -2.441643047508915978e-05 6.363319404235561770e-06 4.029155327650926210e-01 9.777671778584279272e-01 9.558890786132734352e-01 9.999678965669297481e-01 0.000000000000000000e+00
6.198258810677093500e+00 2.000277691104981770e+00 -1.355542685355233807e-05 -1.000000000000000000e+00 -2.851351781731568789e-05 2.163040785872368034e-06 8.326402140745017277e-01 9.764404906902504067e-01 9.545435016324368416e-01 9.986606931337409510e-01 0.000000000000000000e+00
6.203427602157062459e+00 1.998611028906206677e+00 -1.737020375216244503e-05 -1.000000000000000000e+00 -3.229990183215157611e-05 -1.672319122083586667e-06 1.353607001705199764e+00 9.783272187726597124e-01 9.565409007084222370e-01 1.000432686272100913e+00 0.000000000000000000e+00
6.208600703945164057e+00 1.996945755396060118e+00 -1.850152058001079493e-05 -1.000000000000000000e+00 -3.349986822926356183e-05 -2.731783355721694638e-06 1.520309085067708565e+00 9.772310586650770903e-01 9.552823937120994424e-01 9.995037573289252686e-01 0.000000000000000000e+00
6.213778119635809283e+00 1.995281869417466547e+00 -1.680640491576043471e-05 -1.000000000000000000e+00 -3.190490889500111624e-05 -9.359721593586264768e-07 1.246248166808854307e+00 9.751857170952407117e-01 9.532309732041115424e-01 9.974653813249702017e-01 0.000000000000000000e+00
6.218959852826404955e+00 1.993619369814312314e+00 -1.300133898258876719e-05 -1.000000000000000000e+00 -2.819838532274213469e-05 2.959838357679949063e-06 7.457610661899423121e-01 9.747932540171876381e-01 9.528241208491501357e-01 9.970883946546655885e-01 0.000000000000000000e+00
6.224145907117359044e+00 1.991958255431448777e+00 -7.159683536670292562e-06 -1.000000000000000000e+00 -2.242289477454581444e-05 8.856433964836306534e-06 2.282312711333531752e-01 9.721769477673180004e-01 9.502571145971967503e-01 9.944224527797281832e-01 0.000000000000000000e+00
6.229336286112081567e+00 1.990298525114688521e+00 -2.551986324164148874e-06 -1.000000000000000000e+00 -1.783607457280108976e-05 1.348359621468370042e-05 2.927576698871803274e-02 9.751722447509942882e-01 9.532182428236648519e-01 9.974523749961202723e-01 0.000000000000000000e+00
6.234530993416986355e+00 1.988640177710806478e+00 1.136181276873354149e-06 1.000000000000000000e+00 -1.420818878784848122e-05 1.723271160015631985e-05 5.825507432973608957e-03 9.768201322064073988e-01 9.546946272257761379e-01 9.992764288139946993e-01 0.000000000000000000e+00
6.239730032641496393e+00 1.986983212067538140e+00 3.808249799023873766e-06 1.000000000000000000e+00 -1.163378373299611431e-05 2.000156171456161407e-05 6.510517414895389265e-02 9.742484571900728030e-01 9.522924917583248661e-01 9.965312001368638040e-01 0.000000000000000000e+00
6.244933407398043812e+00 1.985327627033580011e+00 3.486381949680091903e-06 1.000000000000000000e+00 -1.207748604234091463e-05 1.980079253436402981e-05 5.374821997853018729e-02 9.756609461279073248e-01 9.536468325231634013e-01 9.980030659638210455e-01 0.000000000000000000e+00
6.250141121302072555e+00 1.983673421458586272e+00 1.538503476956726336e-06 1.000000000000000000e+00 -1.413017014498023645e-05 1.796490482741596134e-05 1.029540293608022239e-02 9.766382948904951400e-01 9.544268795678340078e-01 9.991829654697274021e-01 0.000000000000000000e+00
6.255353177972041934e+00 1.982020594193170782e+00 -7.534188998355807532e-07 -1.000000000000000000e+00 -1.646118429473903628e-05 1.572714406797136259e-05 2.437580321810628448e-03 9.753105423013163078e-01 9.532400042914384031e-01 9.977098816963571037e-01 0.000000000000000000e+00
6.260569581029430175e+00 1.980369144088905076e+00 -4.206227337439332293e-06 -1.000000000000000000e+00 -1.993309076904008464e-05 1.230308367349630409e-05 7.502635409423419333e-02 9.796369569668690325e-01 9.574803287526389983e-01 1.002123084397686048e+00 0.000000000000000000e+00
6.265790334098732650e+00 1.978719069998317037e+00 -5.139499730875656054e-06 -1.000000000000000000e+00 -2.092558082949961629e-05 1.142949630213618843e-05 1.111434717068817690e-01 9.777248848345887478e-01 9.554099883205918742e-01 1.000374496709476757e+00 0.000000000000000000e+00
6.271015440807469865e+00 1.977070370774890451e+00 -6.308293408243922656e-06 -1.000000000000000000e+00 -2.211051877750929649e-05 1.027410146566962374e-05 1.665274254484927496e-01 9.833085176463307597e-01 9.609049229747064214e-01 1.006047702092292218e+00 0.000000000000000000e+00
6.276244904786186574e+00 1.975423045273065226e+00 -4.528652103426378540e-06 -1.000000000000000000e+00 -2.032537693643365082e-05 1.204649978377896913e-05 8.623937884153320965e-02 9.825038920346353954e-01 9.601238050761090603e-01 1.005219464043547672e+00 0.000000000000000000e+00
6.281478729668454442e+00 1.973777092348234952e+00 -4.581340571116192883e-07 -1.000000000000000000e+00 -1.624717126983813394e-05 1.611227427734360533e-05 8.930556986257442986e-04 9.751518408307052743e-01 9.528421962639523901e-01 9.977973749935635794e-01 0.000000000000000000e+00
6.286716919090875599e+00 1.972132510856748011e+00 1.278460764583145649e-06 1.000000000000000000e+00 -1.451546996624379036e-05 1.785881189028590130e-05 6.976568480666855976e-03 9.776980714924391469e-01 9.553456398385025139e-01 1.000386860549937751e+00 0.000000000000000000e+00
6.291959476693084419e+00 1.970489299655904469e+00 3.271965602817692279e-06 1.000000000000000000e+00 -1.262277796480715356e-05 1.995365701307558740e-05 4.540530275946252914e-02 9.768098951352467418e-01 9.544678687183643095e-01 9.994883115268800022e-01 0.000000000000000000e+00
6.297206406117751065e+00 1.968847457603957185e+00 4.416142679105921762e-06 1.000000000000000000e+00 -1.165143541090870401e-05 2.126681866681084175e-05 8.137824973660201522e-02 9.768470022229523986e-01 9.544620763115487794e-01 9.995697565447492217e-01 0.000000000000000000e+00
6.302457711010582386e+00 1.967206983560110700e+00 4.975143787328445217e-06 1.000000000000000000e+00 -1.126859996589328917e-05 2.200265315637427947e-05 1.014060919041099851e-01 9.776945340562193110e-01 9.552556103083215122e-01 1.000472522579610946e+00 0.000000000000000000e+00
6.307713395020327241e+00 1.965567876384518575e+00 5.841368729190518095e-06 1.000000000000000000e+00 -1.053006035887887098e-05 2.300391120881196334e-05 1.380474792971426723e-01 9.773160776967330099e-01 9.548730224435133529e-01 1.000098135244304132e+00 0.000000000000000000e+00
6.312973461798775610e+00 1.963930134938285832e+00 6.555701624924657311e-06 1.000000000000000000e+00 -9.885653708289808366e-06 2.379345761480004115e-05 1.727484787040651781e-01 9.790233948529827313e-01 9.565326776229272632e-01 1.001853834854407710e+00 0.000000000000000000e+00
6.318237915000763039e+00 1.962293758083465844e+00 9.035480662115562061e-06 1.000000000000000000e+00 -7.468578046258825460e-06 2.633445315719096637e-05 3.284550014847837929e-01 9.749203930113049532e-01 9.523062792977635693e-01 9.978795446186200513e-01 0.000000000000000000e+00
6.323506758284172413e+00 1.960658744683059451e+00 9.898215645472264332e-06 1.000000000000000000e+00 -6.599090251618840104e-06 2.718891453646508975e-05 3.944842766538982914e-01 9.779707885257883371e-01 9.554795351376154100e-01 1.000802545234700247e+00 0.000000000000000000e+00
6.328779995309938400e+00 1.959025093601015399e+00 1.090443763741165229e-05 1.000000000000000000e+00 -5.600063398512372312e-06 2.820435883257254542e-05 4.793763553749670336e-01 9.790628829555344526e-01 9.565399401156438053e-01 1.001927015882078553e+00 0.000000000000000000e+00
6.334057629742047446e+00 1.957392803702229900e+00 1.282233365183839006e-05 1.000000000000000000e+00 -3.746171957099434514e-06 3.019087899868422422e-05 6.623870434670635632e-01 9.736469346132412550e-01 9.510095142095092990e-01 9.966305366014784894e-01 0.000000000000000000e+00
6.339339665247542221e+00 1.955761873852543076e+00 1.046915615435246020e-05 1.000000000000000000e+00 -6.148222914734976168e-06 2.789037243993781317e-05 4.352684622698603789e-01 9.836606703646597616e-01 9.610543119425304370e-01 1.006608826740485574e+00 0.000000000000000000e+00
6.344626105496522506e+00 1.954132302918741848e+00 9.510098901483713353e-06 1.000000000000000000e+00 -7.235610223383419779e-06 2.706054758768842463e-05 3.531536932209320412e-01 9.862318345014068344e-01 9.635529481636542215e-01 1.009253930683607470e+00 0.000000000000000000e+00
6.349916954162148741e+00 1.952504089768555939e+00 9.591172072395284952e-06 1.000000000000000000e+00 -7.302875115092796309e-06 2.729192348812569210e-05 3.539860511396994980e-01 9.850955468027378092e-01 9.622367271604873595e-01 1.008303286902300533e+00 0.000000000000000000e+00
6.355212214920644698e+00 1.950877233270659206e+00 9.394491023404604507e-06 1.000000000000000000e+00 -7.575727330467159831e-06 2.717738589633421603e-05 3.364514884335392253e-01 9.877500681062097998e-01 9.648264474623842180e-01 1.011023525460031935e+00 0.000000000000000000e+00
6.360511891451300137e+00 1.949251732294668749e+00 1.081309839848541783e-05 1.000000000000000000e+00 -6.186703538526061154e-06 2.863049413241284220e-05 4.455664200555276011e-01 9.871339458606938067e-01 9.642268748632900621e-01 1.010390598832546338e+00 0.000000000000000000e+00
6.365815987436472589e+00 1.947627585711142251e+00 1.173645009230522409e-05 1.000000000000000000e+00 -5.254611420199999702e-06 2.954298477467533844e-05 5.261832655893385891e-01 9.907710976581509676e-01 9.678079349603070369e-01 1.014084573371604181e+00 0.000000000000000000e+00
6.371124506561590906e+00 1.946004792391578420e+00 1.190239038950972276e-05 1.000000000000000000e+00 -5.057697707478518690e-06 2.967030667369383718e-05 5.426544364669325660e-01 9.971232740979494302e-01 9.740744213732295265e-01 1.020523371017513226e+00 0.000000000000000000e+00
6.376437452515156146e+00 1.944383351208418098e+00 1.278117007178386555e-05 1.000000000000000000e+00 -4.146174259935363356e-06 3.051215394071844409e-05 6.289429704574160951e-01 9.967525443111261430e-01 9.737248224498332716e-01 1.020131343677480817e+00 0.000000000000000000e+00
6.381754828988746020e+00 1.942763261035039601e+00 1.311619248367665972e-05 1.000000000000000000e+00 -3.783908524352877631e-06 3.082489701889224527e-05 6.648423608168343435e-01 9.924881369978992840e-01 9.694832851321868450e-01 1.015844696671989400e+00 0.000000000000000000e+00
6.387076639677015777e+00 1.941144520745761159e+00 1.002329508186605866e-05 1.000000000000000000e+00 -6.848005627984563669e-06 2.771240409890841344e-05 3.861101729873581689e-01 9.960060335897049644e-01 9.729254476354745051e-01 1.019438997194166641e+00 0.000000000000000000e+00
6.392402888277703532e+00 1.939527129215838475e+00 5.988157221469144701e-06 1.000000000000000000e+00 -1.088340709272838370e-05 2.368248112604586872e-05 1.363024960609493519e-01 9.977945310022684478e-01 9.746821768149563914e-01 1.021259643517989479e+00 0.000000000000000000e+00
6.397733578491629380e+00 1.937911085321463833e+00 -1.165858537868211073e-06 -1.000000000000000000e+00 -1.800133958864412700e-05 1.649217407328139759e-05 5.088693076913841651e-03 1.009487155821080506e+00 9.861959049490257589e-01 1.033132613493325858e+00 0.000000000000000000e+00
6.403068714022700725e+00 1.936296387939767438e+00 -6.075568471162340204e-06 -1.000000000000000000e+00 -2.282305853803392898e-05 1.149981352391901256e-05 1.378672764150081775e-01 1.012140109562212675e+00 9.886279542099705164e-01 1.036012166797910306e+00 0.000000000000000000e+00
6.408408298577912277e+00 1.934683035948813856e+00 -9.505450478654666702e-06 -1.000000000000000000e+00 -2.604105021992320784e-05 7.872979749729100513e-06 3.410258925439535460e-01 1.012024613103595927e+00 9.886828412323990234e-01 1.035720888884773760e+00 0.000000000000000000e+00
6.413752335867351384e+00 1.933071028227602239e+00 -1.341340201629997321e-05 -1.000000000000000000e+00 -2.973485516357771775e-05 3.758777156203094836e-06 6.863626881341531316e-01 1.018023119553311151e+00 9.946000237253014298e-01 1.041800983659186830e+00 0.000000000000000000e+00
6.419100829604198033e+00 1.931460363656067436e+00 -1.638148524272804284e-05 -1.000000000000000000e+00 -3.260432613925065120e-05 6.871007802189127293e-07 1.027354901785926700e+00 1.022859785618534634e+00 9.992046757547288216e-01 1.046875164991503127e+00 0.000000000000000000e+00
6.424453783504729287e+00 1.929851041115075327e+00 -1.876016082763458254e-05 -1.000000000000000000e+00 -3.495049341277969851e-05 -1.730967609758609222e-06 1.341826924120880449e+00 1.026644735957862320e+00 1.003103768067055590e+00 1.050541791477139997e+00 0.000000000000000000e+00
6.429811201288321953e+00 1.928243059486426159e+00 -2.110145711978755545e-05 -1.000000000000000000e+00 -3.729667429919852580e-05 -4.071190147195564686e-06 1.688261834095115432e+00 1.031390332981027225e+00 1.007608085218920868e+00 1.055534234914966119e+00 0.000000000000000000e+00
6.435173086677453469e+00 1.926636417652850763e+00 -2.226117438205419235e-05 -1.000000000000000000e+00 -3.841597195371130577e-05 -5.267219294924286639e-06 1.879555623288680977e+00 1.032249237490921789e+00 1.008426988265702651e+00 1.056433971129015159e+00 0.000000000000000000e+00
6.440539443397706343e+00 1.925031114498011453e+00 -2.304154974884905566e-05 -1.000000000000000000e+00 -3.911569139852443206e-05 -6.114925048218922349e-06 2.019458724998855814e+00 1.032347472710987146e+00 1.008689844628896770e+00 1.056362641814553083e+00 0.000000000000000000e+00
6.445910275177769044e+00 1.923427148906499795e+00 -2.371172600131472028e-05 -1.000000000000000000e+00 -3.978428962542883451e-05 -6.779399112504090488e-06 2.135320325684929799e+00 1.032345264149518993e+00 1.008501492926775267e+00 1.056552173891837754e+00 0.000000000000000000e+00
6.451285585749439555e+00 1.921824519763838390e+00 -2.336430577249369849e-05 -1.000000000000000000e+00 -3.952498542003973965e-05 -6.341457929314926360e-06 2.056163558261886237e+00 1.028663493355908898e+00 1.004817312759787251e+00 1.052874076374827439e+00 0.000000000000000000e+00
6.456665378847628034e+00 1.920223225956476210e+00 -2.329723239861475396e-05 -1.000000000000000000e+00 -3.959578957043921165e-05 -6.135717317600752614e-06 2.015182339691477864e+00 1.028603524712949246e+00 1.004746511238741480e+00 1.052825203819488076e+00 0.000000000000000000e+00
6.462049658210359482e+00 1.918623266371792813e+00 -2.337935394312882148e-05 -1.000000000000000000e+00 -3.980746827160025437e-05 -6.086869806948413540e-06 2.000971296019457668e+00 1.033555567787838081e+00 1.009597517146078705e+00 1.057879653729111968e+00 0.000000000000000000e+00
6.467438427578775517e+00 1.917024639898092353e+00 -1.987536782477285284e-05 -1.000000000000000000e+00 -3.642947793034052601e-05 -2.458263657606055060e-06 1.440937389029372184e+00 1.028578772759699778e+00 1.004643241458308189e+00 1.052881415174674595e+00 0.000000000000000000e+00
6.472831690697137930e+00 1.915427345424606687e+00 -1.619405865584126311e-05 -1.000000000000000000e+00 -3.282795595758548695e-05 1.304519425902012601e-06 9.570434496410626934e-01 1.026926573240627638e+00 1.003022042325790064e+00 1.051197894113929721e+00 0.000000000000000000e+00
6.478229451312831344e+00 1.913831381841492263e+00 -1.221276916422610501e-05 -1.000000000000000000e+00 -2.893993412344016142e-05 5.382176959279246292e-06 5.443287784914900840e-01 1.025585324380434926e+00 1.001668422064043495e+00 1.049869869348953655e+00 0.000000000000000000e+00
6.483631713176364109e+00 1.912236748039830792e+00 -8.050488979991694510e-06 -1.000000000000000000e+00 -2.493561485201392506e-05 9.706077168016154924e-06 2.351231434110445662e-01 1.022848405115678538e+00 9.989276690115650448e-01 1.047137664748278185e+00 0.000000000000000000e+00
6.489038480041373624e+00 1.910643442911627687e+00 -4.511149694157336318e-06 -1.000000000000000000e+00 -2.162513125307338231e-05 1.347540916168586488e-05 7.273686974646409453e-02 1.021282418471650466e+00 9.973707069563139127e-01 1.045562922253903793e+00 0.000000000000000000e+00
6.494449755664626345e+00 1.909051465349812737e+00 -1.481484116993602156e-06 -1.000000000000000000e+00 -1.885688777206710273e-05 1.676267169511376157e-05 7.697869832014703206e-03 1.020665387706822580e+00 9.967081907674089081e-01 1.044993186783903294e+00 0.000000000000000000e+00
6.499865543806021329e+00 1.907460814248235881e+00 1.869740852311431813e-06 1.000000000000000000e+00 -1.572541617866252573e-05 2.032787330955818398e-05 1.211011080751234203e-02 1.017917509410162680e+00 9.937850755033271755e-01 1.042427074747528604e+00 0.000000000000000000e+00
6.505285848228594681e+00 1.905871488501671207e+00 4.400849927758538992e-06 1.000000000000000000e+00 -1.324799448978380772e-05 2.291441445325200264e-05 6.700887660612409036e-02 1.017150563887816883e+00 9.931940799269165510e-01 1.041479372344910725e+00 0.000000000000000000e+00
6.510710672698518664e+00 1.904283487005811404e+00 6.115740291668204274e-06 1.000000000000000000e+00 -1.149069584047689320e-05 2.459412547267608793e-05 1.304288585845085890e-01 1.016604441269295389e+00 9.926344251719820821e-01 1.040947462856808281e+00 0.000000000000000000e+00
6.516140020985107917e+00 1.902696808657271088e+00 5.892501980165713419e-06 1.000000000000000000e+00 -1.164680296530464269e-05 2.430951468592173082e-05 1.218934799925222023e-01 1.018972637564292016e+00 9.947963943445632395e-01 1.043527348195408377e+00 0.000000000000000000e+00
6.521573896860818564e+00 1.901111452353583031e+00 4.354707577798603687e-06 1.000000000000000000e+00 -1.313010301565043438e-05 2.271946903465588559e-05 6.654636291554538730e-02 1.020141735619627621e+00 9.961167914525095313e-01 1.044540217215249367e+00 0.000000000000000000e+00
6.527012304101254436e+00 1.899527416993199491e+00 8.460160112657523358e-07 1.000000000000000000e+00 -1.665061518418825339e-05 1.922165982634417816e-05 2.488746497903093768e-03 1.022413629555449344e+00 9.981581105514141239e-01 1.047049114974984985e+00 0.000000000000000000e+00
6.532455246485166178e+00 1.897944701475490215e+00 -4.465918426747185992e-06 -1.000000000000000000e+00 -2.194935681570797133e-05 1.390137964834590060e-05 6.847547472993653628e-02 1.026119590087686051e+00 1.001768587668187216e+00 1.050851859845840064e+00 0.000000000000000000e+00
6.537902727794456581e+00 1.896363304700741548e+00 -9.732113749776949619e-06 -1.000000000000000000e+00 -2.713454716816751346e-05 8.565388779181662556e-06 3.227339607587254022e-01 1.026265414446408952e+00 1.002062340441036259e+00 1.050844818685527482e+00 0.000000000000000000e+00
6.543354751814182357e+00 1.894783225570156437e+00 -1.671747642610780301e-05 -1.000000000000000000e+00 -3.398337439492451681e-05 1.451417559912414622e-06 9.482653298723420221e-01 1.033796859377237753e+00 1.009310270514364172e+00 1.058665739568455555e+00 0.000000000000000000e+00
6.548811322332555918e+00 1.893204462985853986e+00 -2.249317897030857728e-05 -1.000000000000000000e+00 -3.958804742092664295e-05 -4.486232542454633097e-06 1.717644266190262670e+00 1.039735092859995769e+00 1.015143410775720900e+00 1.064709650699651178e+00 0.000000000000000000e+00
6.554272443140948923e+00 1.891627015850867455e+00 -2.588868810425684245e-05 -1.000000000000000000e+00 -4.285660934402675841e-05 -7.989322502705148568e-06 2.277303000626730523e+00 1.041189970241926943e+00 1.016590403665730724e+00 1.066172067724560524e+00 0.000000000000000000e+00
6.559738118033894949e+00 1.890050883069143817e+00 -2.802286190336014931e-05 -1.000000000000000000e+00 -4.500179589151579693e-05 -1.010008315343015748e-05 2.646231968865691897e+00 1.044008297414529940e+00 1.019325985964728121e+00 1.069074200028959476e+00 0.000000000000000000e+00
6.565208350809092153e+00 1.888476063545543981e+00 -2.666218699281526128e-05 -1.000000000000000000e+00 -4.385131067775640661e-05 -8.533494446024364146e-06 2.357889628078893907e+00 1.040632970480890984e+00 1.015924363146738285e+00 1.065727259983195729e+00 0.000000000000000000e+00
6.570683145267405045e+00 1.886902556185840796e+00 -2.310948658754698691e-05 -1.000000000000000000e+00 -4.057215489518900488e-05 -4.720150354754483842e-06 1.743107281171234035e+00 1.039051567086088035e+00 1.014346187853657710e+00 1.064143227828175275e+00 0.000000000000000000e+00
6.576162505212867160e+00 1.885330359896719488e+00 -1.542850818320101394e-05 -1.000000000000000000e+00 -3.313175654378417437e-05 3.205913378127818241e-06 7.736532313520427806e-01 1.031842807090509240e+00 1.007174550140053304e+00 1.056898805786319562e+00 0.000000000000000000e+00
6.581646434452685490e+00 1.883759473585775446e+00 -7.217167317987368560e-06 -1.000000000000000000e+00 -2.514550113560186143e-05 1.164916051413928262e-05 1.691070962867513572e-01 1.030480821619826015e+00 1.005632114940929300e+00 1.055723104980376359e+00 0.000000000000000000e+00
6.587134936797241380e+00 1.882189896161514886e+00 1.459390308254524877e-06 1.000000000000000000e+00 -1.673577608909065868e-05 2.059243819727262512e-05 6.869178023904964903e-03 1.031320477470231589e+00 1.006631918143849891e+00 1.056397466943129082e+00 0.000000000000000000e+00
6.592628016060094076e+00 1.880621626533353297e+00 1.262500123599675509e-05 1.000000000000000000e+00 -5.997094839629624319e-06 3.218014130226132122e-05 5.071160126516929267e-01 1.023648550361703213e+00 9.989916156782917556e-01 1.048695787152539305e+00 0.000000000000000000e+00
6.598125676057981615e+00 1.879054663611614329e+00 2.203528947584831938e-05 1.000000000000000000e+00 2.912018018304173087e-06 4.208930733169641774e-05 1.505925609743300697e+00 1.023835241443234345e+00 9.989468215819581332e-01 1.049121071892376023e+00 0.000000000000000000e+00
6.603627920610826152e+00 1.877489006307530905e+00 3.222001888789774253e-05 1.000000000000000000e+00 1.259915878527382150e-05 5.276594594724556993e-05 3.136112936952414998e+00 1.021001356996214637e+00 9.962828435502146807e-01 1.046113118020939536e+00 0.000000000000000000e+00
6.609134753541735741e+00 1.875924653533241671e+00 4.230096442839827202e-05 1.000000000000000000e+00 2.223782928933950074e-05 6.328081447515659344e-05 5.304740368533160222e+00 1.017038577962649626e+00 9.921426429002865310e-01 1.042335002466083571e+00 0.000000000000000000e+00
6.614646178677005217e+00 1.874361604201792542e+00 5.010826758579232541e-05 1.000000000000000000e+00 2.978611722678735160e-05 7.134304459009132844e-05 7.381035060487050714e+00 1.017423802828198776e+00 9.924776822043746005e-01 1.042772221929293197e+00 0.000000000000000000e+00
6.620162199846120643e+00 1.872799857227134490e+00 5.693956375401085885e-05 1.000000000000000000e+00 3.650452016445714955e-05 7.829170434884284062e-05 9.555327258503211851e+00 1.014233370501103515e+00 9.895030215409704732e-01 1.039360278892705436e+00 0.000000000000000000e+00
6.625682820881761970e+00 1.871239411524124430e+00 6.282086418135291350e-05 1.000000000000000000e+00 4.228382752279945896e-05 8.428389896914461428e-05 1.170054254216235989e+01 1.005826498767605548e+00 9.809974183554382998e-01 1.031058098803327105e+00 0.000000000000000000e+00
6.631208045619805702e+00 1.869680266008521441e+00 6.241510083661304419e-05 1.000000000000000000e+00 4.181641205953729650e-05 8.394786240498028828e-05 1.146933710701411968e+01 1.013262286800129086e+00 9.882952258351092034e-01 1.038633204020474210e+00 0.000000000000000000e+00
6.636737877899325788e+00 1.868122419596990769e+00 6.175933520757159604e-05 1.000000000000000000e+00 4.103704290352906415e-05 8.341854342536845894e-05 1.107679542545985640e+01 1.013624638083999718e+00 9.886386994108603554e-01 1.039014645188061081e+00 0.000000000000000000e+00
6.642272321562598059e+00 1.866565871207098271e+00 5.765993335174313372e-05 1.000000000000000000e+00 3.682382152843873837e-05 7.943039559978424407e-05 9.455859038316532406e+00 1.020078469735319127e+00 9.949400810387414307e-01 1.045623686244938400e+00 0.000000000000000000e+00
6.647811380455102892e+00 1.865010619757312416e+00 5.290047642486939578e-05 1.000000000000000000e+00 3.201847471909795219e-05 7.471660495787243268e-05 7.842050084296381840e+00 1.022998550376587046e+00 9.977527593218524782e-01 1.048653536755319804e+00 0.000000000000000000e+00
6.653355058425526991e+00 1.863456664167002952e+00 4.722827029039422205e-05 1.000000000000000000e+00 2.645676202617073622e-05 6.894422888270973742e-05 6.238920615876061504e+00 1.025564411671181064e+00 1.000289159131614314e+00 1.051248443768590946e+00 0.000000000000000000e+00
6.658903359325766047e+00 1.861904003356439352e+00 4.123871193597961835e-05 1.000000000000000000e+00 2.071547163373253699e-05 6.272403755285149869e-05 4.807455463689109365e+00 1.028376528753494279e+00 1.003031919312912246e+00 1.054130467664311510e+00 0.000000000000000000e+00
6.664456287010930069e+00 1.860352636246791480e+00 3.573631000858172385e-05 1.000000000000000000e+00 1.547648343074765163e-05 5.697088572837559072e-05 3.659883313877898559e+00 1.030616376921034139e+00 1.005051733910017342e+00 1.056596027635725132e+00 0.000000000000000000e+00
6.670013845339340719e+00 1.858802561760127592e+00 3.126483449649793578e-05 1.000000000000000000e+00 1.120395717663731213e-05 5.230426680280764976e-05 2.819632056564799427e+00 1.030836029283944466e+00 1.005450341425329297e+00 1.056631449475733175e+00 0.000000000000000000e+00
6.675576038172540194e+00 1.857253778819414780e+00 2.768437010969980623e-05 1.000000000000000000e+00 7.654959894318258201e-06 4.868852254425155379e-05 2.202174806578668154e+00 1.029349776183891008e+00 1.003759243136712609e+00 1.055357343193658703e+00 0.000000000000000000e+00
6.681142869375288562e+00 1.855706286348516532e+00 2.197857617792379470e-05 1.000000000000000000e+00 1.952994289438039397e-06 4.297739050039924751e-05 1.369528164849953100e+00 1.038015302730447953e+00 1.012257666485470109e+00 1.064192329419443528e+00 0.000000000000000000e+00
6.686714342815570866e+00 1.854160083272192949e+00 1.899228829001015415e-05 1.000000000000000000e+00 -1.030273693132697322e-06 3.999529742441304601e-05 1.014080162872886604e+00 1.039292078441743650e+00 1.013680492229200425e+00 1.065317644919441920e+00 0.000000000000000000e+00
6.692290462364595349e+00 1.852615168516101862e+00 1.693725763072059408e-05 1.000000000000000000e+00 -3.070293825260637124e-06 3.793339128988426693e-05 8.046291132622229725e-01 1.041648021504244515e+00 1.015788684800581043e+00 1.067928043793338500e+00 0.000000000000000000e+00
6.697871231896799671e+00 1.851071541006794829e+00 1.756989429334848509e-05 1.000000000000000000e+00 -2.394886127324604948e-06 3.852418947835914930e-05 8.704702324446600414e-01 1.038672454266206246e+00 1.012806685866141976e+00 1.064960488256944782e+00 0.000000000000000000e+00
6.703456655289853572e+00 1.849529199671717139e+00 1.839502958417734818e-05 1.000000000000000000e+00 -1.492558073755331218e-06 3.926487766792334587e-05 9.619937982122053199e-01 1.038329215587524779e+00 1.012493195981977401e+00 1.064587623604819067e+00 0.000000000000000000e+00
6.709046736424657986e+00 1.847988143439209141e+00 2.057589571776588744e-05 1.000000000000000000e+00 7.687347698521500490e-07 4.136014687379284220e-05 1.218812840881000170e+00 1.032919812532145487e+00 1.007118572828081815e+00 1.059145063727305658e+00 0.000000000000000000e+00
6.714641479185352146e+00 1.846448371238503361e+00 1.903937677588308131e-05 1.000000000000000000e+00 -6.353152494307469833e-07 3.969274977992652586e-05 1.051818041610658838e+00 1.039122627364110096e+00 1.013216994385185199e+00 1.065453537515655524e+00 0.000000000000000000e+00
6.720240887459313583e+00 1.844909881999724721e+00 1.746718348327766474e-05 1.000000000000000000e+00 -2.097773488642138242e-06 3.801603424400239206e-05 8.904398521345626705e-01 1.039845687276555353e+00 1.013949316232382492e+00 1.066166990548378379e+00 0.000000000000000000e+00
6.725844965137160791e+00 1.843372674653889876e+00 1.566428763524176717e-05 1.000000000000000000e+00 -3.852409035967392528e-06 3.616874905388035416e-05 7.165424718956643346e-01 1.034707081423817288e+00 1.008821143703510392e+00 1.061019585111996566e+00 0.000000000000000000e+00
6.731453716112758556e+00 1.841836748132905655e+00 1.049380715703802991e-05 1.000000000000000000e+00 -8.992151863105364589e-06 3.096896817354141153e-05 3.184877099184859617e-01 1.037017717347501033e+00 1.011094385444972321e+00 1.063367623952020224e+00 0.000000000000000000e+00
6.737067144283217068e+00 1.840302101369569288e+00 4.856252091606649603e-06 1.000000000000000000e+00 -1.461399260759278684e-05 2.532555319757823613e-05 6.739634997231291891e-02 1.037307578049895040e+00 1.011304265123098123e+00 1.063739579498391041e+00 0.000000000000000000e+00
6.742685253548897251e+00 1.838768733297566405e+00 -2.387772181978025345e-06 -1.000000000000000000e+00 -2.178472554607900033e-05 1.801985676323707860e-05 1.611273920981659558e-02 1.043674482310193774e+00 1.017524241930619633e+00 1.070255388910633210e+00 0.000000000000000000e+00
6.748308047813412536e+00 1.837236642851472368e+00 -7.704953736458130286e-06 -1.000000000000000000e+00 -2.697365248105166528e-05 1.258206289055898928e-05 1.674438202561532307e-01 1.046020345667167950e+00 1.019845640612347726e+00 1.072625244828325108e+00 0.000000000000000000e+00
6.753935530983630642e+00 1.835705828966748943e+00 -1.053147035745122782e-05 -1.000000000000000000e+00 -2.963172969704761260e-05 9.590113518374768881e-06 3.154003642258516038e-01 1.044471719279132405e+00 1.018272756634017506e+00 1.071102700084466619e+00 0.000000000000000000e+00
6.759567706969678902e+00 1.834176290579746293e+00 -1.304703982578065068e-05 -1.000000000000000000e+00 -3.195379751361689021e-05 6.882280520905039256e-06 4.899116275080075411e-01 1.047422888732136848e+00 1.020984785122985627e+00 1.074299966940752027e+00 0.000000000000000000e+00
6.765204579684944264e+00 1.832648026627699211e+00 -1.441279329789584240e-05 -1.000000000000000000e+00 -3.313121206277907171e-05 5.330940784690352811e-06 6.045671654296853603e-01 1.049370299365320891e+00 1.023108816879174654e+00 1.076064372877175712e+00 0.000000000000000000e+00
6.770846153046076843e+00 1.831121036048729556e+00 -1.578513019493506245e-05 -1.000000000000000000e+00 -3.443995883718953065e-05 3.895759839997053219e-06 7.274354100477040674e-01 1.052379753488275282e+00 1.025863557529989478e+00 1.079335881069640291e+00 0.000000000000000000e+00
6.776492430972993475e+00 1.829595317781842700e+00 -1.684377315216437903e-05 -1.000000000000000000e+00 -3.553847129077459231e-05 2.880865170780909628e-06 8.227229830591653581e-01 1.053696798389900602e+00 1.027101607380545900e+00 1.080734255417946210e+00 0.000000000000000000e+00
6.782143417388880380e+00 1.828070870766929312e+00 -1.789893656089989237e-05 -1.000000000000000000e+00 -3.670848493594918620e-05 1.945297802715592177e-06 9.150800673012611242e-01 1.055056825175986202e+00 1.028605522191903043e+00 1.081945343747342525e+00 0.000000000000000000e+00
6.787799116220194051e+00 1.826547693944761797e+00 -1.795198288628546809e-05 -1.000000000000000000e+00 -3.695596549907973480e-05 2.087662749049995075e-06 9.057483948303399757e-01 1.054421955100605990e+00 1.027725057307795398e+00 1.081564087162124599e+00 0.000000000000000000e+00
6.793459531396665696e+00 1.825025786256996740e+00 -1.830167840669668402e-05 -1.000000000000000000e+00 -3.742546722756436538e-05 1.859518290783992317e-06 9.299997537290209948e-01 1.059153046360645556e+00 1.032330536445267288e+00 1.086423093988714950e+00 0.000000000000000000e+00
6.799124666851304788e+00 1.823505146646170916e+00 -1.604242540813253839e-05 -1.000000000000000000e+00 -3.521395680947964491e-05 4.169575582821073511e-06 7.144566565468153385e-01 1.058114709270909781e+00 1.031320444741087528e+00 1.085356361342228348e+00 0.000000000000000000e+00
6.804794526520399067e+00 1.821985774055703944e+00 -1.482050983053306166e-05 -1.000000000000000000e+00 -3.396421494793525325e-05 5.365424192858240038e-06 6.121531082712010630e-01 1.063958169501057816e+00 1.037054537293783163e+00 1.091310592163264204e+00 0.000000000000000000e+00
6.810469114343518982e+00 1.820467667429894965e+00 -1.331149580396105509e-05 -1.000000000000000000e+00 -3.241285995921216507e-05 6.835109658837667398e-06 4.959109619955484050e-01 1.067977713229146808e+00 1.041228457764939330e+00 1.095169527490561734e+00 0.000000000000000000e+00
6.816148434263521239e+00 1.818950825713921748e+00 -1.245710215772561227e-05 -1.000000000000000000e+00 -3.160716850801332644e-05 7.740772126132130753e-06 4.333104314396081236e-01 1.070747279101778249e+00 1.043743090953836328e+00 1.098201448867710983e+00 0.000000000000000000e+00
6.821832490226549695e+00 1.817435247853842917e+00 -1.190781147798468826e-05 -1.000000000000000000e+00 -3.117719084767498085e-05 8.415251229817985364e-06 3.919037044411766146e-01 1.069078556968121152e+00 1.042029111080054360e+00 1.096580319272959958e+00 0.000000000000000000e+00
6.827521286182038907e+00 1.815920932796593723e+00 -1.319073577582452352e-05 -1.000000000000000000e+00 -3.262159660947362802e-05 7.300977067676179614e-06 4.719238005016563875e-01 1.069608544622836277e+00 1.042541051785951467e+00 1.097128437545156432e+00 0.000000000000000000e+00
6.833214826082717686e+00 1.814407879489987385e+00 -1.566189069440028939e-05 -1.000000000000000000e+00 -3.525809768240837944e-05 5.001963976257224750e-06 6.513051621120382606e-01 1.071756216917514326e+00 1.044578828010289007e+00 1.099388718901966433e+00 0.000000000000000000e+00
6.838913113884609984e+00 1.812896086882713975e+00 -1.817976536786642517e-05 -1.000000000000000000e+00 -3.789699917072559301e-05 2.612033606532207611e-06 8.635546947132297646e-01 1.074079203545772909e+00 1.046618190188011388e+00 1.102003303088003650e+00 0.000000000000000000e+00
6.844616153547039339e+00 1.811385553924339531e+00 -1.915818612990494437e-05 -1.000000000000000000e+00 -3.887892496895933224e-05 1.650226623963338624e-06 9.533187331144006293e-01 1.073157776223660820e+00 1.045895370038927297e+00 1.100876988300144133e+00 0.000000000000000000e+00
6.850323949032630644e+00 1.809876279565305390e+00 -2.002419395039000270e-05 -1.000000000000000000e+00 -3.971357700329177583e-05 7.648645408779689058e-07 1.040201908665565611e+00 1.075863242494257577e+00 1.048514263972135874e+00 1.103670522801909248e+00 0.000000000000000000e+00
6.856036504307313706e+00 1.808368262756926637e+00 -1.867151663491291503e-05 -1.000000000000000000e+00 -3.840111620232265343e-05 2.161151800692216729e-06 9.047077677693806663e-01 1.073256993857075292e+00 1.045706511342231471e+00 1.101273542282812157e+00 0.000000000000000000e+00
6.861753823340325908e+00 1.806861502451392543e+00 -1.614200212145904036e-05 -1.000000000000000000e+00 -3.595720383791254721e-05 4.776593656188541910e-06 6.739697139545199889e-01 1.068406258415416143e+00 1.041101126930853438e+00 1.096171708071838946e+00 0.000000000000000000e+00
6.867475910104213099e+00 1.805355997601766127e+00 -1.316082041005417324e-05 -1.000000000000000000e+00 -3.315747884542078817e-05 7.940987081095717169e-06 4.447464722207001842e-01 1.063536751048071771e+00 1.036040789748858160e+00 1.091501417082094250e+00 0.000000000000000000e+00
6.873202768574835808e+00 1.803851747161981711e+00 -9.409348598360744724e-06 -1.000000000000000000e+00 -2.957997312989721621e-05 1.187093108730958624e-05 2.255233810169272601e-01 1.057092780822868061e+00 1.029851314485617619e+00 1.084797120722550412e+00 0.000000000000000000e+00
6.878934402731368358e+00 1.802348750086846252e+00 -7.614516110531368224e-06 -1.000000000000000000e+00 -2.795130202505036583e-05 1.383098455809324086e-05 1.463509429787563931e-01 1.059606492825459600e+00 1.032084319562678765e+00 1.087600357286363062e+00 0.000000000000000000e+00
6.884670816556305084e+00 1.800847005332036233e+00 -4.522418623170641988e-06 -1.000000000000000000e+00 -2.497779570334183384e-05 1.704797587850825284e-05 5.143972539552521539e-02 1.057634631468168607e+00 1.030074630647893397e+00 1.085668450211898950e+00 0.000000000000000000e+00
6.890412014035459443e+00 1.799346511854099884e+00 -2.740817008451526954e-06 -1.000000000000000000e+00 -2.326010598860079749e-05 1.890694979753658128e-05 1.880789283814010560e-02 1.060637429820393107e+00 1.033229447161389203e+00 1.088512616756708518e+00 0.000000000000000000e+00
6.896157999157970231e+00 1.797847268610453630e+00 -1.476135895706780405e-06 -1.000000000000000000e+00 -2.213912002347480414e-05 2.032089910216895262e-05 5.406337865082377903e-03 1.064834559148415183e+00 1.037128742767411849e+00 1.093015523442021131e+00 0.000000000000000000e+00
6.901908775916301586e+00 1.796349274559382980e+00 7.325233728687553722e-07 1.000000000000000000e+00 -2.014616045726567902e-05 2.274554550097682766e-05 1.313449630387708567e-03 1.064461950369616217e+00 1.036680008668877218e+00 1.092721757037552921e+00 0.000000000000000000e+00
6.907664348306248314e+00 1.794852528660041413e+00 3.118404245286866042e-06 1.000000000000000000e+00 -1.801908489672239823e-05 2.539508948203563545e-05 2.339523045851876759e-02 1.063428870969871154e+00 1.035647142557455380e+00 1.091688891423248098e+00 0.000000000000000000e+00
6.913424720326936779e+00 1.793357029872449937e+00 5.286975379484885808e-06 1.000000000000000000e+00 -1.612148025054059916e-05 2.784407967829505558e-05 6.601359031296283320e-02 1.064568405583250277e+00 1.036685051806051527e+00 1.092932592299489691e+00 0.000000000000000000e+00
6.919189895980827565e+00 1.791862777157495312e+00 8.762318111894680349e-06 1.000000000000000000e+00 -1.289980429192381578e-05 3.157796416152395489e-05 1.787481662975380914e-01 1.063077497308966057e+00 1.035205416248318855e+00 1.091430461439397037e+00 0.000000000000000000e+00
6.924959879273719920e+00 1.790369769476931161e+00 1.134277191346252247e-05 1.000000000000000000e+00 -1.049526657434474516e-05 3.433048842562493502e-05 2.966398797467775239e-01 1.067282082349628736e+00 1.039287413730082044e+00 1.095760470514600016e+00 0.000000000000000000e+00
6.930734674214753532e+00 1.788878005793375303e+00 1.607539919626137183e-05 1.000000000000000000e+00 -5.863925275841156423e-06 3.916123806998906968e-05 5.967236892190044273e-01 1.063850673873463437e+00 1.035842008963851368e+00 1.092345490892042248e+00 0.000000000000000000e+00
6.936514284816411191e+00 1.787387485070310644e+00 1.967142775105237438e-05 1.000000000000000000e+00 -2.269753373783650331e-06 4.276378391682718707e-05 8.992215059067092398e-01 1.062340572574921094e+00 1.034383858945742585e+00 1.090782744387098990e+00 0.000000000000000000e+00
6.942298715094520567e+00 1.785898206272082511e+00 2.190518166797424758e-05 1.000000000000000000e+00 -2.508160153281638197e-08 4.499653571228287108e-05 1.120711301250764791e+00 1.060790359719298248e+00 1.032804344156028620e+00 1.089263572775427846e+00 0.000000000000000000e+00
6.948087969068260428e+00 1.784410168363900873e+00 2.297898475447279610e-05 1.000000000000000000e+00 9.867346652104420305e-07 4.614214395302250270e-05 1.230956459006812054e+00 1.056645648792096992e+00 1.028462887618442956e+00 1.085324129447277075e+00 0.000000000000000000e+00
6.953882050760158862e+00 1.782923370311836564e+00 1.936228133435061695e-05 1.000000000000000000e+00 -2.694947530277789181e-06 4.259972108344056057e-05 8.596326170137871259e-01 1.063386668996626039e+00 1.035296675235738206e+00 1.091965975674168199e+00 0.000000000000000000e+00
6.959680964196100383e+00 1.781437811082822398e+00 1.501274711940121472e-05 1.000000000000000000e+00 -7.205397100581798704e-06 3.841624685899133035e-05 5.055357393056709725e-01 1.066334178412454703e+00 1.037918941208962442e+00 1.095248396024307791e+00 0.000000000000000000e+00
6.965484713405325046e+00 1.779953489644652054e+00 1.044723033438178976e-05 1.000000000000000000e+00 -1.188070526420846164e-05 3.396512809198721670e-05 2.402472493253924313e-01 1.065970333295697570e+00 1.037459704663496352e+00 1.094983544259681807e+00 0.000000000000000000e+00
6.971293302420433768e+00 1.778470404965979412e+00 4.939571158530397511e-06 1.000000000000000000e+00 -1.732597806806194634e-05 2.840016563492731903e-05 5.329667637754198495e-02 1.068355511143332714e+00 1.039811259160466239e+00 1.097402576435060562e+00 0.000000000000000000e+00
6.977106735277391003e+00 1.776988556016316556e+00 2.480039693208196744e-06 1.000000000000000000e+00 -1.956172169406994075e-05 2.572589960377524688e-05 1.360850902729282552e-02 1.061252617236958073e+00 1.032739695846181638e+00 1.090270433155371421e+00 0.000000000000000000e+00
6.982925016015525621e+00 1.775507941766035547e+00 -1.783701413582394981e-06 -1.000000000000000000e+00 -2.341873717627279214e-05 2.107168521283693920e-05 7.184396091716394039e-03 1.063738579405584472e+00 1.035421263686426174e+00 1.092552887130951556e+00 0.000000000000000000e+00
6.988748148677535355e+00 1.774028561186365982e+00 -2.024570495960815597e-06 -1.000000000000000000e+00 -2.338868224903329653e-05 2.057411755074737148e-05 9.472419254123565224e-03 1.052211672795926312e+00 1.023808435812073814e+00 1.081119306814089409e+00 0.000000000000000000e+00
6.994576137309488573e+00 1.772550413249394330e+00 -6.075014115273711841e-06 -1.000000000000000000e+00 -2.727660871487820029e-05 1.636818636576992651e-05 8.557537625394928682e-02 1.055563869475606209e+00 1.027045344749096145e+00 1.084590237187671891e+00 0.000000000000000000e+00
7.000408985960828723e+00 1.771073496928063928e+00 -9.803472092399183985e-06 -1.000000000000000000e+00 -3.105003309379481729e-05 1.267879243661139912e-05 2.201330744119900373e-01 1.057164858201291802e+00 1.028609592783073179e+00 1.086228747870416234e+00 0.000000000000000000e+00
7.006246698684376106e+00 1.769597811196173431e+00 -1.150179136645187509e-05 -1.000000000000000000e+00 -3.291313498233679901e-05 1.113198931734093542e-05 2.983957722067955842e-01 1.051765969754772101e+00 1.023167316960256201e+00 1.080877146553018697e+00 0.000000000000000000e+00
7.012089279536330544e+00 1.768123355028376364e+00 -1.402967583942683243e-05 -1.000000000000000000e+00 -3.545900607035225630e-05 8.614715193716931469e-06 4.408083345775679618e-01 1.052838438487716965e+00 1.024222476251596570e+00 1.081967420918273026e+00 0.000000000000000000e+00
7.017936732576273151e+00 1.766650127400181791e+00 -1.454379517960722180e-05 -1.000000000000000000e+00 -3.578634820520133905e-05 7.921563026267712407e-06 4.799369486717566247e-01 1.050435173112910459e+00 1.021794908135309488e+00 1.079590792683157829e+00 0.000000000000000000e+00
7.023789061867172556e+00 1.765178127287950538e+00 -1.286304724234854429e-05 -1.000000000000000000e+00 -3.381787779394848171e-05 9.332060874238400951e-06 3.853283339376503136e-01 1.041531322929776016e+00 1.012971738165916680e+00 1.070607446728789158e+00 0.000000000000000000e+00
7.029646271475383124e+00 1.763707353668898525e+00 -1.395460477078285784e-05 -1.000000000000000000e+00 -3.466031949595163738e-05 8.003999277249037602e-06 4.607276381324609815e-01 1.041980601877892987e+00 1.013454300129115637e+00 1.071022386610146260e+00 0.000000000000000000e+00
7.035508365470652059e+00 1.762237805521092104e+00 -1.602451029381599302e-05 -1.000000000000000000e+00 -3.669831655800826782e-05 5.904528496901226959e-06 6.059663770337522237e-01 1.042305024054205109e+00 1.013688227934629982e+00 1.071440431314541364e+00 0.000000000000000000e+00
7.041375347926120298e+00 1.760769481823449834e+00 -2.009365859206466517e-05 -1.000000000000000000e+00 -4.094133340386217602e-05 2.005191960937792038e-06 9.319032754836840127e-01 1.046477658772024810e+00 1.017501128584328063e+00 1.075983807681313520e+00 0.000000000000000000e+00
7.047247222918324283e+00 1.759302381555740702e+00 -2.422358368104736781e-05 -1.000000000000000000e+00 -4.528182634500789862e-05 -1.910060687591017182e-06 1.316546958608320494e+00 1.049748777425850932e+00 1.020878132318490561e+00 1.079143427084407802e+00 0.000000000000000000e+00
7.053123994527200402e+00 1.757836503698584130e+00 -2.547627143562986404e-05 -1.000000000000000000e+00 -4.673038226541339634e-05 -2.953262613537277199e-06 1.431153425791798384e+00 1.046209949706761844e+00 1.017083022452197394e+00 1.075871197501820253e+00 0.000000000000000000e+00
7.059005666836087656e+00 1.756371847233449524e+00 -2.649374398378018353e-05 -1.000000000000000000e+00 -4.773603429626230060e-05 -3.962326708058065016e-06 1.539075573615974690e+00 1.050291263757401561e+00 1.021305541919095727e+00 1.079803504557639293e+00 0.000000000000000000e+00
7.064892243931729432e+00 1.754908411142653613e+00 -2.463154648005922838e-05 -1.000000000000000000e+00 -4.587953521636670845e-05 -2.084879570356936660e-06 1.335141814122096093e+00 1.052543181347796342e+00 1.023269841290777471e+00 1.082352041438445323e+00 0.000000000000000000e+00
7.070783729904277948e+00 1.753446194409361780e+00 -1.801388533548833681e-05 -1.000000000000000000e+00 -3.939053432684870440e-05 4.666078313477378973e-06 7.177942355171893496e-01 1.043334922304193002e+00 1.014110336420395164e+00 1.073098235602096828e+00 0.000000000000000000e+00
7.076680128847296025e+00 1.751985196017586288e+00 -1.018465588642341604e-05 -1.000000000000000000e+00 -3.183279186835166194e-05 1.276770608546149035e-05 2.283556813709424205e-01 1.033806489325121314e+00 1.004902184014198729e+00 1.063242731344170133e+00 0.000000000000000000e+00
7.082581444857760644e+00 1.750525414952186498e+00 -2.004500634794927298e-06 -1.000000000000000000e+00 -2.411715316084145144e-05 2.140426462007288737e-05 8.709045566945405881e-03 1.026248875083751511e+00 9.971487924843717154e-01 1.055892173915519150e+00 0.000000000000000000e+00
7.088487682036063831e+00 1.749066850198867318e+00 5.975192465543521633e-06 1.000000000000000000e+00 -1.664064585443246545e-05 2.987889067435221512e-05 7.577261755206166072e-02 1.022410522808313793e+00 9.932448778201887762e-01 1.052124148695803507e+00 0.000000000000000000e+00
7.094398844486017985e+00 1.747609500744178535e+00 1.453388284154581088e-05 1.000000000000000000e+00 -8.544989112231818335e-06 3.889688891441051244e-05 4.403534972579592477e-01 1.018695658895264033e+00 9.895679204715983612e-01 1.048371902186804316e+00 0.000000000000000000e+00
7.100314936314857661e+00 1.746153365575515037e+00 2.277197567302353650e-05 1.000000000000000000e+00 -6.672884847555564543e-07 4.749809062923431973e-05 1.069348799590926546e+00 1.016829864430435215e+00 9.876274039226033974e-01 1.046584889662353302e+00 0.000000000000000000e+00
7.106235961633242226e+00 1.744698443681114597e+00 3.092079354109972863e-05 1.000000000000000000e+00 7.245502304557840880e-06 5.588162305977057500e-05 1.967727077572220651e+00 1.013327992689835977e+00 9.841930090158304001e-01 1.043015316144678239e+00 0.000000000000000000e+00
7.112161924555259418e+00 1.743244734050058975e+00 3.564568206042431571e-05 1.000000000000000000e+00 1.185508938721051135e-05 6.072092743007083204e-05 2.615214008993895334e+00 1.017587425374162358e+00 9.883175034449674934e-01 1.047412902751358121e+00 0.000000000000000000e+00
7.118092829198427118e+00 1.741792235672271039e+00 4.020881446206803163e-05 1.000000000000000000e+00 1.631540873496416767e-05 6.538946602238174277e-05 3.337330606849789660e+00 1.014893748369700699e+00 9.853921216134274852e-01 1.044961350124322452e+00 0.000000000000000000e+00
7.124028679683696907e+00 1.740340947538516092e+00 4.138520034026833214e-05 1.000000000000000000e+00 1.745847669034272790e-05 6.660604661939368101e-05 3.527066594906862917e+00 1.015598973372799252e+00 9.862908429726374715e-01 1.045465283480101037e+00 0.000000000000000000e+00
7.129969480135457616e+00 1.738890868640399878e+00 3.814207466857309770e-05 1.000000000000000000e+00 1.419108720063218273e-05 6.339052659887157905e-05 2.967237712779265735e+00 1.022724479089023086e+00 9.932107647631320813e-01 1.052800459856938264e+00 0.000000000000000000e+00
7.135915234681537100e+00 1.737441997970369245e+00 3.345939121835467419e-05 1.000000000000000000e+00 9.524428603814635971e-06 5.869490394156137790e-05 2.261472180978032043e+00 1.024826821876198224e+00 9.952778110874805906e-01 1.054938355776983583e+00 0.000000000000000000e+00
7.141865947453204910e+00 1.735994334521709703e+00 2.763973624623032035e-05 1.000000000000000000e+00 3.792549232593490975e-06 5.279550567799284519e-05 1.535397881622117211e+00 1.021849102996172265e+00 9.922295754180127103e-01 1.052035463474659149e+00 0.000000000000000000e+00
7.147821622585176726e+00 1.734547877288545648e+00 1.687174375951739207e-05 1.000000000000000000e+00 -6.727584369691649114e-06 4.179718533364687341e-05 5.702299597618178950e-01 1.030348302907542202e+00 1.000312984035768515e+00 1.060960939967658945e+00 0.000000000000000000e+00
7.153782264215615250e+00 1.733102625265839913e+00 7.329715395410126937e-06 1.000000000000000000e+00 -1.588265920603024165e-05 3.189465975589218105e-05 1.083075586013677594e-01 1.030519429919421137e+00 1.000691215173096449e+00 1.060916266740201674e+00 0.000000000000000000e+00
7.159747876486134643e+00 1.731658577449392222e+00 -4.232201979035072654e-06 -1.000000000000000000e+00 -2.703998864535272451e-05 1.995298442979655186e-05 3.628153540256562337e-02 1.037812573368966262e+00 1.007599194541689114e+00 1.068604342163165244e+00 0.000000000000000000e+00
7.165718463541802308e+00 1.730215732835839626e+00 -1.303201764641696951e-05 -1.000000000000000000e+00 -3.550437560729854377e-05 1.084082545513802587e-05 3.447908227272193926e-01 1.036835126479866087e+00 1.006838730381806268e+00 1.067401870725168456e+00 0.000000000000000000e+00
7.171694029531142434e+00 1.728774090422655174e+00 -2.179058348776323950e-05 -1.000000000000000000e+00 -4.410827371222615477e-05 1.946250221077986385e-06 9.558797625796415787e-01 1.040463989767080655e+00 1.010106759886569838e+00 1.071402469428765158e+00 0.000000000000000000e+00
7.177674578606138667e+00 1.727333649208146804e+00 -2.610864646103578637e-05 -1.000000000000000000e+00 -4.846918886813532357e-05 -2.315247441825995102e-06 1.354221593663197609e+00 1.035604285095667931e+00 1.005180941848643927e+00 1.066613517087287244e+00 0.000000000000000000e+00
7.183660114922237661e+00 1.725894408191456675e+00 -2.730149875587351043e-05 -1.000000000000000000e+00 -4.979684131261250793e-05 -3.373507530000248152e-06 1.460081436329488724e+00 1.031502982795424517e+00 1.001314086394431868e+00 1.062271489241020772e+00 0.000000000000000000e+00
7.189650642638349964e+00 1.724456366372562499e+00 -2.511259890197674086e-05 -1.000000000000000000e+00 -4.777194684873964576e-05 -1.033379105737835196e-06 1.229428994813588361e+00 1.029951677165008128e+00 9.994838558806161677e-01 1.061011325506555414e+00 0.000000000000000000e+00
7.195646165916856241e+00 1.723019522752273547e+00 -2.012633149273976575e-05 -1.000000000000000000e+00 -4.277304413367557416e-05 3.936166217998503041e-06 7.969797304682515460e-01 1.031341379886848708e+00 1.001091184902272779e+00 1.062175590199462505e+00 0.000000000000000000e+00
7.201646688923606376e+00 1.721583876332232421e+00 -1.253786410163105221e-05 -1.000000000000000000e+00 -3.517660108867135340e-05 1.151585251351666823e-05 3.149722880066434527e-01 1.029844488657748691e+00 9.993704817282670350e-01 1.060912915495247910e+00 0.000000000000000000e+00
7.207652215827925701e+00 1.720149426114913060e+00 -5.545390367281482371e-06 -1.000000000000000000e+00 -2.821374044771050610e-05 1.853586395077472232e-05 6.242832250229923829e-02 1.029901006761526405e+00 9.993649167562316249e-01 1.061034506544051181e+00 0.000000000000000000e+00
7.213662750802614987e+00 1.718716171103621404e+00 5.949822473722448245e-07 1.000000000000000000e+00 -2.223237175111035364e-05 2.483003502285252220e-05 7.196544629550771788e-04 1.027211928056548595e+00 9.967395000087991841e-01 1.058281715248704291e+00 0.000000000000000000e+00
7.219678298023954888e+00 1.717284110302493172e+00 6.035296410375710727e-06 1.000000000000000000e+00 -1.710503321283161728e-05 3.058078307377449330e-05 7.325507269990794157e-02 1.018875643471526926e+00 9.884016182754371549e-01 1.049952266466642081e+00 0.000000000000000000e+00
7.225698861671710382e+00 1.715853242716494531e+00 7.429312114188265636e-06 1.000000000000000000e+00 -1.606456238719530582e-05 3.233577532525927067e-05 1.083041847969070659e-01 1.018280632917764494e+00 9.877856923259255018e-01 1.049378780464826244e+00 0.000000000000000000e+00
7.231724445929129885e+00 1.714423567351419875e+00 6.153419145287220953e-06 1.000000000000000000e+00 -1.770408116721766673e-05 3.143997761805967476e-05 7.205003301922374703e-02 1.022160592025360693e+00 9.914557790426679063e-01 1.053473904857811005e+00 0.000000000000000000e+00
7.237755054982951464e+00 1.712995083213891823e+00 6.529695864485175982e-06 1.000000000000000000e+00 -1.769959588775617249e-05 3.220532384565600139e-05 7.912474946476777404e-02 1.018269567244794782e+00 9.872667075021817062e-01 1.049893690070534458e+00 0.000000000000000000e+00
7.243790693023404614e+00 1.711567789311361887e+00 6.222279204163975487e-06 1.000000000000000000e+00 -1.821941021640554519e-05 3.212531080241388373e-05 7.050782356543550122e-02 1.019471562341213167e+00 9.886303644109691868e-01 1.050926352183399803e+00 0.000000000000000000e+00
7.249831364244212040e+00 1.710141684652107807e+00 5.034819447617581444e-06 1.000000000000000000e+00 -1.950873991195742476e-05 3.104574682079596525e-05 4.564824369263931203e-02 1.028961868956184356e+00 9.978676528708569915e-01 1.060673789623320928e+00 0.000000000000000000e+00
7.255877072842594977e+00 1.708716768245233997e+00 1.066662172714402716e-05 1.000000000000000000e+00 -1.398973325946079071e-05 3.678567837655383199e-05 2.060892504311624407e-01 1.019030463041053824e+00 9.877858597504450833e-01 1.050905143546875253e+00 0.000000000000000000e+00
7.261927823019274086e+00 1.707293039100669763e+00 1.504225709247736379e-05 1.000000000000000000e+00 -9.570196783464189464e-06 4.111048075840533953e-05 4.140346340074927411e-01 1.015924129298457768e+00 9.849677418612148294e-01 1.047502561542735133e+00 0.000000000000000000e+00
7.267983618978473004e+00 1.705870496229170197e+00 1.776492665127542140e-05 1.000000000000000000e+00 -6.801046954120924592e-06 4.378377492443337601e-05 5.832884815456793604e-01 1.017345579592281002e+00 9.860958347741864971e-01 1.049229003238798086e+00 0.000000000000000000e+00
7.274044464927921894e+00 1.704449138642313732e+00 2.107022006458634863e-05 1.000000000000000000e+00 -3.453052511822874955e-06 4.705779002553460910e-05 8.273680157283109793e-01 1.011433323820482011e+00 9.804995687020474637e-01 1.042991893454565222e+00 0.000000000000000000e+00
7.280110365078859225e+00 1.703028965352503699e+00 2.165832334045134932e-05 1.000000000000000000e+00 -2.926350292869999553e-06 4.771674642095716278e-05 8.724934325686604097e-01 1.008436061338690681e+00 9.772402931020132133e-01 1.040269059331693002e+00 0.000000000000000000e+00
7.286181323646034436e+00 1.701609975372965211e+00 1.877022296814591812e-05 1.000000000000000000e+00 -5.867167688027854697e-06 4.488564781024965847e-05 6.469737921372313849e-01 1.010555476099386008e+00 9.795158491412239155e-01 1.042225142494259238e+00 0.000000000000000000e+00
7.292257344847713263e+00 1.700192167717745617e+00 1.401200852370567962e-05 1.000000000000000000e+00 -1.071655965357043867e-05 4.021602207836606801e-05 3.548902398244280221e-01 1.012243410009435518e+00 9.808388779840798710e-01 1.044292032931531500e+00 0.000000000000000000e+00
7.298338432905678630e+00 1.698775541401714717e+00 7.335049409575707172e-06 1.000000000000000000e+00 -1.734069956179198877e-05 3.349847981985667485e-05 9.618182224390636748e-02 1.015583066901605269e+00 9.839913053391315945e-01 1.047824402335816307e+00 0.000000000000000000e+00
7.304424592045234199e+00 1.697360095440562322e+00 4.850403845138579746e-08 1.000000000000000000e+00 -2.438063283710994189e-05 2.600264492575517401e-05 4.201546303761460877e-06 1.018784959685508973e+00 9.871590630582858239e-01 1.051058524310504172e+00 0.000000000000000000e+00
7.310515826495206149e+00 1.695945828850798032e+00 -5.286304733777545559e-06 -1.000000000000000000e+00 -2.941570275942404736e-05 2.041196657487196161e-05 5.031058663314524892e-02 1.015294298507187776e+00 9.836165876801737928e-01 1.047622630991140280e+00 0.000000000000000000e+00
7.316612140487947613e+00 1.694532740649751679e+00 -1.173535363823533717e-05 -1.000000000000000000e+00 -3.560766496862917819e-05 1.372830014917058644e-05 2.482166174364266453e-01 1.018088383821207143e+00 9.863900761917793192e-01 1.050435952958575170e+00 0.000000000000000000e+00
7.322713538259342236e+00 1.693120829855571774e+00 -1.457314243772577929e-05 -1.000000000000000000e+00 -3.843205791701041486e-05 1.087188287476572834e-05 3.810224329345714978e-01 1.010702895729480799e+00 9.789847355800178619e-01 1.043076559570333961e+00 0.000000000000000000e+00
7.328820024048804171e+00 1.691710095487224841e+00 -1.719077474355058685e-05 -1.000000000000000000e+00 -4.112218953128202994e-05 8.320342331960648986e-06 5.247405221208651938e-01 1.007513188160613193e+00 9.757040390443652011e-01 1.039984242117700575e+00 0.000000000000000000e+00
7.334931602099284298e+00 1.690300536564494527e+00 -1.894840632185929553e-05 -1.000000000000000000e+00 -4.290398107570169524e-05 6.611677027142357800e-06 6.321944834985373518e-01 1.008231199044261617e+00 9.764177426972456830e-01 1.040705690747081746e+00 0.000000000000000000e+00
7.341048276657271110e+00 1.688892152107981603e+00 -1.689930599643677876e-05 -1.000000000000000000e+00 -4.093907921811929668e-05 8.779720852999065857e-06 5.011827027645523458e-01 1.003133790546164361e+00 9.712813894486680422e-01 1.035651038423352821e+00 0.000000000000000000e+00
7.347170051972794269e+00 1.687484941139102412e+00 -1.376472154194875208e-05 -1.000000000000000000e+00 -3.798660671870748580e-05 1.209903312133766194e-05 3.301832487149596318e-01 1.001734247257797250e+00 9.699171995176941730e-01 1.034216183679501855e+00 0.000000000000000000e+00
7.353296932299427269e+00 1.686078902680089531e+00 -9.363911234373561144e-06 -1.000000000000000000e+00 -3.386537800863547636e-05 1.675283050791238551e-05 1.514635439725111610e-01 1.001994735835782580e+00 9.700551090414749611e-01 1.034605967346566624e+00 0.000000000000000000e+00
7.359428921894291875e+00 1.684674035753989330e+00 -9.602349593116083919e-07 -1.000000000000000000e+00 -2.575449859730215567e-05 2.542538444220754829e-05 1.594060105830408247e-03 9.912283176711398358e-01 9.591425004633785667e-01 1.024000595346346243e+00 0.000000000000000000e+00
7.365566025018059015e+00 1.683270339384662417e+00 4.699007347269253880e-06 1.000000000000000000e+00 -2.015592978077351095e-05 3.114166086105113002e-05 3.837508556821944694e-02 9.897607271143904484e-01 9.579442778621456434e-01 1.022254370554527503e+00 0.000000000000000000e+00
7.371708245934952330e+00 1.681867812596783196e+00 9.280199427205393879e-06 1.000000000000000000e+00 -1.559090277987372307e-05 3.574682985042192677e-05 1.511232210039565871e-01 9.869635269061176608e-01 9.549017372369436041e-01 1.019715106457772524e+00 0.000000000000000000e+00
7.377855588912752616e+00 1.680466454415837863e+00 1.015073988023480674e-05 1.000000000000000000e+00 -1.466309489073198231e-05 3.658071105754437966e-05 1.812598096849455942e-01 9.896142819510560518e-01 9.577456999170707030e-01 1.022162604864112145e+00 0.000000000000000000e+00
7.384008058222798709e+00 1.679066263868125519e+00 7.632214775441908397e-06 1.000000000000000000e+00 -1.726244446091968637e-05 3.416550100021145279e-05 1.012761844470873029e-01 9.955416205466058877e-01 9.632437739517176745e-01 1.028532720277588464e+00 0.000000000000000000e+00
7.390165658139991045e+00 1.677667239980756175e+00 2.146230913093670513e-06 1.000000000000000000e+00 -2.296397352309259134e-05 2.891922722058825685e-05 7.778559937491991150e-03 1.004112448222123755e+00 9.715039045740875290e-01 1.037420724038330855e+00 0.000000000000000000e+00
7.396328392942796093e+00 1.676269381781650081e+00 -2.983799772310132369e-06 -1.000000000000000000e+00 -2.847577525462252642e-05 2.419044301433085790e-05 1.445926902574967698e-02 1.006334679804396615e+00 9.736270758758772681e-01 1.039743719040148173e+00 0.000000000000000000e+00
7.402496266913247247e+00 1.674872688299538392e+00 -5.278147856769434859e-06 -1.000000000000000000e+00 -3.124029806703555718e-05 2.237850683422305695e-05 4.366104561243844273e-02 1.000102874976789735e+00 9.672783055665727936e-01 1.033637239638619532e+00 0.000000000000000000e+00
7.408669284336948380e+00 1.673477158563960288e+00 -7.012413362260105988e-06 -1.000000000000000000e+00 -3.323150201310688011e-05 2.092111600844202070e-05 7.536299631551912626e-02 1.000835036895710850e+00 9.679743407086665030e-01 1.034406007111986492e+00 0.000000000000000000e+00
7.414847449503079169e+00 1.672082791605264962e+00 -3.006195660978898235e-06 -1.000000000000000000e+00 -2.930097210656891111e-05 2.503000148968508349e-05 1.388143577679556984e-02 9.945636239974313675e-01 9.616811663340621985e-01 1.028160818175616775e+00 0.000000000000000000e+00
7.421030766704393322e+00 1.670689586454608300e+00 -1.854782110179262738e-07 -1.000000000000000000e+00 -2.638426765252437431e-05 2.776405805086386682e-05 5.336066715244669467e-05 1.003566505123045127e+00 9.704632462088628175e-01 1.037388598565558873e+00 0.000000000000000000e+00
7.427219240237226572e+00 1.669297542143953983e+00 7.776552824615274757e-06 1.000000000000000000e+00 -1.843851324079741154e-05 3.572521011349704350e-05 9.521258589123249294e-02 1.000153464610310072e+00 9.671769344404056445e-01 1.033847754153274456e+00 0.000000000000000000e+00
7.433412874401496673e+00 1.667906657706072160e+00 1.437723455455816247e-05 1.000000000000000000e+00 -1.192507076958198080e-05 4.237950428114746791e-05 3.281169760061004581e-01 1.000701418899516915e+00 9.676248695938844957e-01 1.034502349542506305e+00 0.000000000000000000e+00
7.439611673500706956e+00 1.666516932174539223e+00 1.982437434503077852e-05 1.000000000000000000e+00 -6.558159404597872983e-06 4.787787671002065055e-05 6.271224719008330339e-01 9.984197692617504671e-01 9.654278476273583376e-01 1.032136188847498692e+00 0.000000000000000000e+00
7.445815641841948995e+00 1.665128364583736253e+00 2.085688358203225258e-05 1.000000000000000000e+00 -5.516018732720747087e-06 4.889025007938128340e-05 6.956903636773006383e-01 1.000526798167036269e+00 9.673880108699924874e-01 1.034396504211732237e+00 0.000000000000000000e+00
7.452024783735907043e+00 1.663740953968849468e+00 1.806396702959321858e-05 1.000000000000000000e+00 -8.163708335100927925e-06 4.596972643704504580e-05 5.230360872173349662e-01 1.001766866264983236e+00 9.686349420794578835e-01 1.035628292515047066e+00 0.000000000000000000e+00
7.458239103496859812e+00 1.662354699365868660e+00 9.792967135967804585e-06 1.000000000000000000e+00 -1.618141776180411309e-05 3.748186681936966914e-05 1.533729813585438251e-01 1.007715845372319619e+00 9.743445394034866425e-01 1.041821855918831474e+00 0.000000000000000000e+00
7.464458605442683137e+00 1.660969599811586539e+00 -3.103164884406353770e-06 -1.000000000000000000e+00 -2.878317973288011778e-05 2.432961758972827313e-05 1.525618546932605568e-02 1.016271713138013899e+00 9.823906706903667851e-01 1.050902610382260294e+00 0.000000000000000000e+00
7.470683293894854415e+00 1.659585654343599170e+00 -2.008331105533490543e-05 -1.000000000000000000e+00 -4.541410311623395827e-05 7.029725930962074047e-06 6.270625687974131779e-01 1.028045475866210534e+00 9.941591282042112621e-01 1.062672378816528429e+00 0.000000000000000000e+00
7.476913173178454386e+00 1.658202862000304201e+00 -3.717478402163817980e-05 -1.000000000000000000e+00 -6.221770815885652390e-05 -1.031213101169794569e-05 2.105528767406767088e+00 1.033250330686018792e+00 9.988644340501667829e-01 1.068394231055466825e+00 0.000000000000000000e+00
7.483148247622170679e+00 1.656821221820899526e+00 -5.397223323247074192e-05 -1.000000000000000000e+00 -7.849760408434555171e-05 -2.755111742748632498e-05 4.379499205274669293e+00 1.039894390821994197e+00 1.005603663471452247e+00 1.074931950846061524e+00 0.000000000000000000e+00
7.489388521558299594e+00 1.655440732845385288e+00 -6.611647866192940355e-05 -1.000000000000000000e+00 -9.006939059403791558e-05 -4.019055525470143636e-05 6.579964142949393135e+00 1.042952700354444984e+00 1.008251590643498563e+00 1.078413804375243812e+00 0.000000000000000000e+00
7.495633999322752317e+00 1.654061394114560324e+00 -7.183646905666217172e-05 -1.000000000000000000e+00 -9.537384939795410914e-05 -4.627986370508969618e-05 7.821418645940610759e+00 1.041897294825462561e+00 1.007085118248810751e+00 1.077475024277801285e+00 0.000000000000000000e+00
7.501884685255054031e+00 1.652683204670022832e+00 -7.242371513103623769e-05 -1.000000000000000000e+00 -9.589893510656410382e-05 -4.693964977039386801e-05 7.964436093611567458e+00 1.041948637822164736e+00 1.007165019257017846e+00 1.077497775638494248e+00 0.000000000000000000e+00
7.508140583698349246e+00 1.651306163554170148e+00 -6.503915101928564417e-05 -1.000000000000000000e+00 -8.885532972299854042e-05 -3.927094825337588101e-05 6.438084891286095512e+00 1.030799439729526146e+00 9.960464782751303758e-01 1.066326357057137519e+00 0.000000000000000000e+00
7.514401698999403578e+00 1.649930269810196748e+00 -5.563511517157467500e-05 -1.000000000000000000e+00 -7.978118444150486218e-05 -2.958538348463781868e-05 4.732141411050918123e+00 1.026625417204172885e+00 9.919792278918744266e-01 1.062046794516385617e+00 0.000000000000000000e+00
7.520668035508609073e+00 1.648555522482095359e+00 -4.527307189703123463e-05 -1.000000000000000000e+00 -6.966399957384261567e-05 -1.899389795728392084e-05 3.161525570674676544e+00 1.025835394897704367e+00 9.910903378664772667e-01 1.061362358361190417e+00 0.000000000000000000e+00
7.526939597579984209e+00 1.647181920614653627e+00 -3.470906056957001915e-05 -1.000000000000000000e+00 -5.933696086018384712e-05 -8.172764769049079117e-06 1.868006164315886508e+00 1.022453343964516481e+00 9.880253936570595474e-01 1.057651639790118780e+00 0.000000000000000000e+00
7.533216389571179228e+00 1.645809463253457006e+00 -2.479545583011246151e-05 -1.000000000000000000e+00 -4.993438582557022316e-05 2.257970787400756101e-06 9.450808817863958211e-01 1.014238080040227308e+00 9.795786116239950658e-01 1.049683834415339856e+00 0.000000000000000000e+00
7.539498415843477019e+00 1.644438149444884756e+00 -2.106866833092325964e-05 -1.000000000000000000e+00 -4.683484706869865070e-05 6.617515395307572702e-06 6.600974402056891677e-01 1.021774438482407454e+00 9.867922212714175245e-01 1.057551778873156545e+00 0.000000000000000000e+00
7.545785680761798453e+00 1.643067978236111282e+00 -1.652888794740050836e-05 -1.000000000000000000e+00 -4.305974058505581412e-05 1.192058167522633776e-05 3.906379179666572554e-01 1.019794181956641399e+00 9.847944883363461965e-01 1.055591327549544323e+00 0.000000000000000000e+00
7.552078188694705041e+00 1.641698948675104575e+00 -1.201580912404410995e-05 -1.000000000000000000e+00 -3.924816270663214468e-05 1.713886079679686998e-05 1.995531449980347816e-01 1.015116337499950339e+00 9.799721382187426277e-01 1.051067750456083028e+00 0.000000000000000000e+00
7.558375944014398939e+00 1.640331059810627101e+00 -8.438564632752712871e-06 -1.000000000000000000e+00 -3.607032122879288592e-05 2.113679645597993937e-05 9.653672666296131410e-02 1.013577433972513431e+00 9.784495464152516142e-01 1.049512593567604624e+00 0.000000000000000000e+00
7.564678951096730941e+00 1.638964310692231585e+00 -6.766707930729361135e-06 -1.000000000000000000e+00 -3.449279190216999948e-05 2.292773961428847381e-05 6.179983842406500116e-02 1.018973114883416020e+00 9.836078351307080414e-01 1.055151900478439986e+00 0.000000000000000000e+00
7.570987214321198699e+00 1.637598700370265004e+00 -3.663269938828528817e-06 -1.000000000000000000e+00 -3.132234746773001309e-05 2.598267921925892057e-05 1.826537322311594380e-02 1.017654442663238124e+00 9.823646354716658591e-01 1.053755587886032519e+00 0.000000000000000000e+00
7.577300738070952946e+00 1.636234227895864146e+00 -3.438672429970183110e-06 -1.000000000000000000e+00 -3.099578099590649335e-05 2.611801467233680437e-05 1.617827636863466978e-02 1.022627135691217770e+00 9.871243243363925224e-01 1.058947826742857590e+00 0.000000000000000000e+00
7.583619526732800153e+00 1.634870892320956948e+00 -3.524247221232403130e-06 -1.000000000000000000e+00 -3.110944099758092420e-05 2.607841368192733339e-05 1.696244433239257887e-02 1.022205907168153516e+00 9.863293006142269670e-01 1.058917856009279568e+00 0.000000000000000000e+00
7.589943584697204315e+00 1.633508692698261822e+00 -4.218276651281259856e-06 -1.000000000000000000e+00 -3.193177763617220135e-05 2.554169296041109352e-05 2.399286871070671623e-02 1.016649014731242584e+00 9.810841637699176943e-01 1.053038684623446297e+00 0.000000000000000000e+00
7.596272916358290495e+00 1.632147628081284996e+00 -6.177565986169991901e-06 -1.000000000000000000e+00 -3.421610165629383505e-05 2.392660900569271553e-05 5.028239807859335997e-02 1.009826744739641180e+00 9.739337382130175413e-01 1.046564513470482849e+00 0.000000000000000000e+00
7.602607526113848380e+00 1.630787697524322288e+00 -1.143184585915165192e-05 -1.000000000000000000e+00 -3.971123224451840266e-05 1.892572505360610549e-05 1.673014782806347966e-01 1.012141932912991482e+00 9.763949912750626847e-01 1.048724865902036063e+00 0.000000000000000000e+00
7.608947418365335835e+00 1.629428900082457776e+00 -1.620960769511218809e-05 -1.000000000000000000e+00 -4.464360786061300613e-05 1.431159358459010999e-05 3.302585245047566787e-01 1.014330943782172589e+00 9.781123975548121630e-01 1.051405431364950127e+00 0.000000000000000000e+00
7.615292597517878903e+00 1.628071234811562906e+00 -1.923438099272802365e-05 -1.000000000000000000e+00 -4.747214354399087097e-05 1.112170501576576929e-05 4.653910507760343762e-01 1.015781539489899465e+00 9.797938519847415595e-01 1.052613095565021251e+00 0.000000000000000000e+00
7.621643067980279795e+00 1.626714700768294497e+00 -1.959154686461114710e-05 -1.000000000000000000e+00 -4.751882628249332898e-05 1.048087781872995828e-05 4.912094432782225795e-01 1.013687054049468239e+00 9.773798056930087519e-01 1.050854539300169588e+00 0.000000000000000000e+00
7.627998834165015118e+00 1.625359297010096737e+00 -2.096292720854528772e-05 -1.000000000000000000e+00 -4.852560186231785104e-05 8.748727224649638118e-06 5.722894054420635257e-01 1.018148723466312466e+00 9.816405519437290117e-01 1.055524280983345387e+00 0.000000000000000000e+00
7.634359900488242090e+00 1.624005022595198744e+00 -2.150441546938328536e-05 -1.000000000000000000e+00 -4.883000455570394341e-05 7.960223603273671898e-06 6.094732966307816469e-01 1.018320785709736276e+00 9.818641751711731924e-01 1.055644074708195657e+00 0.000000000000000000e+00
7.640726271369800315e+00 1.622651876582614117e+00 -2.220605525522550207e-05 -1.000000000000000000e+00 -4.945556756952069235e-05 7.180964176023383201e-06 6.519305404252406788e-01 1.014357730568629767e+00 9.778042706525320593e-01 1.051786718234033691e+00 0.000000000000000000e+00
7.647097951233216229e+00 1.621299858032140939e+00 -2.601308444663643401e-05 -1.000000000000000000e+00 -5.322531424661826918e-05 3.357337827175910238e-06 8.866797308329381622e-01 1.015883053449244899e+00 9.793098218325049231e-01 1.053331298585935105e+00 0.000000000000000000e+00
7.653474944505703093e+00 1.619948966004359558e+00 -3.200594282279953066e-05 -1.000000000000000000e+00 -5.923520347752421575e-05 -2.565207247348216249e-06 1.318046987845093554e+00 1.020044009299362786e+00 9.831877473640477927e-01 1.057784257035808251e+00 0.000000000000000000e+00
7.659857255618167216e+00 1.618599199560634805e+00 -3.829077799786610975e-05 -1.000000000000000000e+00 -6.561778794235778264e-05 -8.697684196625535123e-06 1.840870966265001130e+00 1.022563696203666606e+00 9.856352086500465015e-01 1.060375571819513585e+00 0.000000000000000000e+00
7.666244889005210617e+00 1.617250557763112662e+00 -3.896281044380394245e-05 -1.000000000000000000e+00 -6.663659135112135401e-05 -8.972561065833334706e-06 1.863143752393462194e+00 1.007279057638513109e+00 9.703689489617060016e-01 1.045082296758004681e+00 0.000000000000000000e+00
7.672637849105131913e+00 1.615903039674720043e+00 -4.064519214248465674e-05 -1.000000000000000000e+00 -6.873212852621555461e-05 -1.021525834268141442e-05 1.974290995765905166e+00 1.004596922402290593e+00 9.672513304096415077e-01 1.042857401329253086e+00 0.000000000000000000e+00
7.679036140359931650e+00 1.614556644359165460e+00 -3.872508143071338153e-05 -1.000000000000000000e+00 -6.715358625354404104e-05 -7.939557034774161822e-06 1.759960441573085177e+00 1.003517436827953579e+00 9.664148936438277104e-01 1.041523964950711978e+00 0.000000000000000000e+00
7.685439767215314077e+00 1.613211370880937023e+00 -3.343037154086535154e-05 -1.000000000000000000e+00 -6.218998688999989382e-05 -2.310253254782010227e-06 1.303097049007973851e+00 1.006441242772478484e+00 9.688657131228803898e-01 1.044941709197140911e+00 0.000000000000000000e+00
7.691848734120691589e+00 1.611867218305303329e+00 -2.326457391109463212e-05 -1.000000000000000000e+00 -5.231431169547678939e-05 8.133687994847342974e-06 6.331451626457180737e-01 1.004559129673495255e+00 9.673066557050525871e-01 1.042723808270256347e+00 0.000000000000000000e+00
7.698263045529186499e+00 1.610524185698310351e+00 -9.699553814989068324e-06 -1.000000000000000000e+00 -3.919692078535644524e-05 2.212873134561303934e-05 1.107243119418939159e-01 9.963001998044437313e-01 9.588033104503478343e-01 1.034730696329834609e+00 0.000000000000000000e+00
7.704682705897634598e+00 1.609182272126782998e+00 2.769307739211309856e-06 1.000000000000000000e+00 -2.713881544588977096e-05 3.498626853294547313e-05 9.037335303972326983e-03 9.911224646688493456e-01 9.540010270669899706e-01 1.029165815650020077e+00 0.000000000000000000e+00
7.711107719686588702e+00 1.607841476658323998e+00 1.436702016225930126e-05 1.000000000000000000e+00 -1.605134939486450743e-05 4.707858486976393333e-05 2.425623753320280684e-01 9.832835832341315641e-01 9.458940069383476867e-01 1.021616886607572772e+00 0.000000000000000000e+00
7.717538091360320429e+00 1.606501798361312572e+00 2.062584040394885824e-05 1.000000000000000000e+00 -1.023985450879743889e-05 5.379136623522274522e-05 4.932391981224242272e-01 9.855723919016078360e-01 9.479434435036595552e-01 1.024154928434758638e+00 0.000000000000000000e+00
7.723973825386825531e+00 1.605163236304904206e+00 2.503721482827215314e-05 1.000000000000000000e+00 -6.286523993753471355e-06 5.869268275139919930e-05 7.122221079898949370e-01 9.843376746600850380e-01 9.469553097719889401e-01 1.022661299256427236e+00 0.000000000000000000e+00
7.730414926237823892e+00 1.603825789559029547e+00 2.832693888477956997e-05 1.000000000000000000e+00 -3.620139419721965382e-06 6.264210898594932170e-05 8.872451223171395895e-01 9.781568170373582394e-01 9.403909771778441451e-01 1.016886294114225153e+00 0.000000000000000000e+00
7.736861398388765743e+00 1.602489457194395728e+00 2.869873729688540519e-05 1.000000000000000000e+00 -3.842735495231106350e-06 6.364084616228041463e-05 8.791295711569233617e-01 9.762151976363633299e-01 9.386576629699283636e-01 1.014725883959500585e+00 0.000000000000000000e+00
7.743313246318833443e+00 1.601154238282482378e+00 2.590064197316005570e-05 1.000000000000000000e+00 -7.245202510665005248e-06 6.145878321180151883e-05 6.894241687504703009e-01 9.827951713153346702e-01 9.445881189646975207e-01 1.021980393988360047e+00 0.000000000000000000e+00
7.749770474510944140e+00 1.599820131895543396e+00 2.546842329673346423e-05 1.000000000000000000e+00 -8.095023077882076566e-06 6.146229931194017093e-05 6.494716606878085940e-01 9.838370263853034592e-01 9.458098577728416556e-01 1.022831724715814739e+00 0.000000000000000000e+00
7.756233087451753327e+00 1.598487137106606282e+00 2.732896990271666004e-05 1.000000000000000000e+00 -6.527645492527505268e-06 6.365179823659854240e-05 7.399788080494360543e-01 9.832847013242553835e-01 9.447998182879093765e-01 1.022759124849376366e+00 0.000000000000000000e+00
7.762701089631657503e+00 1.597155252989470364e+00 3.345336206047450339e-05 1.000000000000000000e+00 -5.455341425914946268e-07 6.996587019757048069e-05 1.111182617226205593e+00 9.763362363297306556e-01 9.382501976842252400e-01 1.015396621498455110e+00 0.000000000000000000e+00
7.769174485544799502e+00 1.595824478618706577e+00 4.195415784132452248e-05 1.000000000000000000e+00 7.677006695623460905e-06 7.877211173626215359e-05 1.753761519979384786e+00 9.684318934000081258e-01 9.300604337072190253e-01 1.007799729017263779e+00 0.000000000000000000e+00
7.775653279689067610e+00 1.594494813069657235e+00 5.427113134786557008e-05 1.000000000000000000e+00 1.955166698724625972e-05 9.151092497865062267e-05 2.940041318363128653e+00 9.531578018211869230e-01 9.148872241098132685e-01 9.924372773189077401e-01 0.000000000000000000e+00
7.782137476566102663e+00 1.593166255418435151e+00 6.366119545217787908e-05 1.000000000000000000e+00 2.854069851615879526e-05 1.012675342218868928e-04 4.023397434738448908e+00 9.493523524723492812e-01 9.111871743483092034e-01 9.885279453586606202e-01 0.000000000000000000e+00
7.788627080681298942e+00 1.591838804741922297e+00 7.155770001208976324e-05 1.000000000000000000e+00 3.604031409238181725e-05 1.095388621042104146e-04 5.045317737803721059e+00 9.492056840764235837e-01 9.108484457991713468e-01 9.885853525017965771e-01 0.000000000000000000e+00
7.795122096543806833e+00 1.590512460117771143e+00 7.904174760088880593e-05 1.000000000000000000e+00 4.317949005313160681e-05 1.173736863857559472e-04 6.119608390677164778e+00 9.462634967926080165e-01 9.079896343183230245e-01 9.855589751128746023e-01 0.000000000000000000e+00
7.801622528666539047e+00 1.589187220624400876e+00 7.939542943677728416e-05 1.000000000000000000e+00 4.330549972267282144e-05 1.179745030075684241e-04 6.092782853301990542e+00 9.604471720422987913e-01 9.216954279834456143e-01 1.000230234012561503e+00 0.000000000000000000e+00
7.808128381566169729e+00 1.587863085341000069e+00 8.243868279622224417e-05 1.000000000000000000e+00 4.606206817743943637e-05 1.213286174862170802e-04 6.499259453433488432e+00 9.593951057603365973e-01 9.206706289238683061e-01 9.991499446028851983e-01 0.000000000000000000e+00
7.814639659763139790e+00 1.586540053347523793e+00 8.217824580803860827e-05 1.000000000000000000e+00 4.550764866639629583e-05 1.213775272391815266e-04 6.351556306205843327e+00 9.627521797938587422e-01 9.237270325962093631e-01 1.002819814275835775e+00 0.000000000000000000e+00
7.821156367781661345e+00 1.585218123724693617e+00 8.255880218126019742e-05 1.000000000000000000e+00 4.552222175998713895e-05 1.221375327759796376e-04 6.304790033337198452e+00 9.584954778769302353e-01 9.190489994558179720e-01 9.990112736833647311e-01 0.000000000000000000e+00
7.827678510149716828e+00 1.583897295553998275e+00 7.968361804159094380e-05 1.000000000000000000e+00 4.244839634086875922e-05 1.194891026410915699e-04 5.767119959032108056e+00 9.601505376025804006e-01 9.209065224310404307e-01 1.000450739742021034e+00 0.000000000000000000e+00
7.834206091399066985e+00 1.582577567917689887e+00 7.815838418520881228e-05 1.000000000000000000e+00 4.068655875216507030e-05 1.182394990067973538e-04 5.483019588330378724e+00 9.549502786819317190e-01 9.153045126286257771e-01 9.956780046320562461e-01 0.000000000000000000e+00
7.840739116065250869e+00 1.581258939898786631e+00 7.129222078553663032e-05 1.000000000000000000e+00 3.388538612564672700e-05 1.113561540522235152e-04 4.504509587835521245e+00 9.657963623287615373e-01 9.262076569102221102e-01 1.006451330580901526e+00 0.000000000000000000e+00
7.847277588687588512e+00 1.579941410581070071e+00 6.915127348644916076e-05 1.000000000000000000e+00 3.170029679879589926e-05 1.092884344402598909e-04 4.220730746475013007e+00 9.636174189409029145e-01 9.235963733201337789e-01 1.004729797743253217e+00 0.000000000000000000e+00
7.853821513809187138e+00 1.578624979049085830e+00 6.552944113687829007e-05 1.000000000000000000e+00 2.821351207093286630e-05 1.055388013261342097e-04 3.775764523561527142e+00 9.685706237420365072e-01 9.287487462725062537e-01 1.009469302813448488e+00 0.000000000000000000e+00
7.860370895976941163e+00 1.577309644388141585e+00 6.837764765662840015e-05 1.000000000000000000e+00 3.104374393438337568e-05 1.083907911152777090e-04 4.138617628795657311e+00 9.552636050084108987e-01 9.152613518912743329e-01 9.963699122810238951e-01 0.000000000000000000e+00
7.866925739741537527e+00 1.575995405684307737e+00 6.732941985579870637e-05 1.000000000000000000e+00 3.026293317417338746e-05 1.070710503854021005e-04 4.045788391545912077e+00 9.537585569693677323e-01 9.141198198572826339e-01 9.944861529928434862e-01 0.000000000000000000e+00
7.873486049657457464e+00 1.574682262024415857e+00 6.174279670872228937e-05 1.000000000000000000e+00 2.505061798225884366e-05 1.011200430729128114e-04 3.431730401865479507e+00 9.640776228955351135e-01 9.238166767161181125e-01 1.005451212103262826e+00 0.000000000000000000e+00
7.880051830282980951e+00 1.573370212496058462e+00 5.605035276509471020e-05 1.000000000000000000e+00 1.985105354700897996e-05 9.496836233686645971e-05 2.859925194441927943e+00 9.701624977204105216e-01 9.301124283336784648e-01 1.011307265130434452e+00 0.000000000000000000e+00
7.886623086180188480e+00 1.572059256187587906e+00 4.718183604692187253e-05 1.000000000000000000e+00 1.140917619352846163e-05 8.570084509830797970e-05 2.036678589169603981e+00 9.805127695812436706e-01 9.398138326916845031e-01 1.022330466007349337e+00 0.000000000000000000e+00
7.893199821914964609e+00 1.570749392188117488e+00 3.448886962055321983e-05 1.000000000000000000e+00 -8.651582776786418934e-07 7.260448632844570659e-05 1.082393299043289403e+00 9.964179716483415605e-01 9.551918684768373469e-01 1.038774922069969797e+00 0.000000000000000000e+00
7.899782042057002407e+00 1.569440619587517682e+00 2.265730322189197528e-05 1.000000000000000000e+00 -1.239467146893781830e-05 6.047168356485901761e-05 4.628322235767825532e-01 1.001439413401386425e+00 9.601159438355815201e-01 1.043894759549024664e+00 0.000000000000000000e+00
7.906369751179806116e+00 1.568132937476418354e+00 5.919800983572719973e-06 1.000000000000000000e+00 -2.875645382173169329e-05 4.339361345747816439e-05 3.109079956491456187e-02 1.016228650761451968e+00 9.743555741555349758e-01 1.059246996544923602e+00 0.000000000000000000e+00
7.912962953860692039e+00 1.566826344946206540e+00 -9.285519993499233036e-06 -1.000000000000000000e+00 -4.344547707222090876e-05 2.776513482603277367e-05 7.581701999535539471e-02 1.022548283676444569e+00 9.805474367318585127e-01 1.065691365112765299e+00 0.000000000000000000e+00
7.919561654680794760e+00 1.565520841089027337e+00 -2.803908412552887010e-05 -1.000000000000000000e+00 -6.147038929479752185e-05 8.388206613343338622e-06 6.856561308593995818e-01 1.042888543498083909e+00 1.000255504882338720e+00 1.086671909147794990e+00 0.000000000000000000e+00
7.926165858225068916e+00 1.564216424997781019e+00 -4.023832559351158734e-05 -1.000000000000000000e+00 -7.311987378634738407e-05 -4.296819902037235224e-06 1.407158520082091968e+00 1.047846776890724696e+00 1.005138395135515950e+00 1.091704704631699219e+00 0.000000000000000000e+00
7.932775569082291867e+00 1.562913095766124583e+00 -4.746856385233936502e-05 -1.000000000000000000e+00 -8.014833095519374381e-05 -1.175057763651185224e-05 1.950589403803192567e+00 1.046173570838123679e+00 1.003251470827854375e+00 1.090260600541930858e+00 0.000000000000000000e+00
7.939390791845069018e+00 1.561610852488469980e+00 -5.173637926278778154e-05 -1.000000000000000000e+00 -8.420811594516045928e-05 -1.625899200729785237e-05 2.319716329107500030e+00 1.047793622172116024e+00 1.004875823786517852e+00 1.091877191477146791e+00 0.000000000000000000e+00
7.946011531109834714e+00 1.560309694259983226e+00 -4.987607536011710109e-05 -1.000000000000000000e+00 -8.205824901508581995e-05 -1.467311916878255535e-05 2.191618858832001138e+00 1.042191421600694667e+00 9.992032151845082755e-01 1.086356752755467392e+00 0.000000000000000000e+00
7.952637791476856677e+00 1.559009620176584621e+00 -4.890371076662507660e-05 -1.000000000000000000e+00 -8.074371803251157755e-05 -1.402090737834418523e-05 2.142995232356810220e+00 1.048809480113441328e+00 1.005247939815218317e+00 1.093573325329306511e+00 0.000000000000000000e+00
7.959269577550237784e+00 1.557710629334948083e+00 -4.258920487431919856e-05 -1.000000000000000000e+00 -7.434186153609231634e-05 -7.791309680897950442e-06 1.650309528764296374e+00 1.038880860487700897e+00 9.958694365077186417e-01 1.083077600822026199e+00 0.000000000000000000e+00
7.965906893937922284e+00 1.556412720832499597e+00 -3.935026685281688326e-05 -1.000000000000000000e+00 -7.132134720027547828e-05 -4.364682325515750793e-06 1.407388496469565098e+00 1.037685197255144409e+00 9.941959724532520859e-01 1.082389522726873832e+00 0.000000000000000000e+00
7.972549745251694908e+00 1.555115893767417656e+00 -3.675294083913219781e-05 -1.000000000000000000e+00 -6.901555844695658119e-05 -1.493606651537917663e-06 1.215217668400924822e+00 1.034436490295325139e+00 9.912994609652032718e-01 1.078774775276091225e+00 0.000000000000000000e+00
7.979198136107187977e+00 1.553820147238631932e+00 -3.570449724898165726e-05 -1.000000000000000000e+00 -6.832700087338518398e-05 -8.436987092896365038e-08 1.130965546243821507e+00 1.032140074878190150e+00 9.885078634634975048e-01 1.077004157378376181e+00 0.000000000000000000e+00
7.985852071123881402e+00 1.552525480345822828e+00 -3.953555739458278743e-05 -1.000000000000000000e+00 -7.223832470507800599e-05 -3.786619300096015007e-06 1.361799180723942015e+00 1.043316828136125585e+00 9.997419676951214695e-01 1.088106719728927585e+00 0.000000000000000000e+00
7.992511554925108008e+00 1.551231892189421036e+00 -3.958168656577126869e-05 -1.000000000000000000e+00 -7.246112336088892368e-05 -3.584553642257078446e-06 1.350748561702729944e+00 1.037995517335238205e+00 9.939870860426470722e-01 1.083246866728880597e+00 0.000000000000000000e+00
7.999176592138056208e+00 1.549939381870606869e+00 -4.274394501400001018e-05 -1.000000000000000000e+00 -7.570887555037508136e-05 -6.588466365587639659e-06 1.547881446393283511e+00 1.042346992048241772e+00 9.985284240453102811e-01 1.087391082060656045e+00 0.000000000000000000e+00
