# OBJ_NAME=4U1705-44
#         GRID_START=6.00
#         GRID_END=8.00
#         GRID_STEP_FRACTION=0.50
#         XSPEC_FITSTAT=cstat
#         XSPEC_CONTINUUM_MODEL=tbabs*(bbodyrad + pow)*constant
#         XSPEC_LINE_MODEL=gauss
#         LINE_VELOCITY_WIDTH=500
#         INPUT_FILE=/home/simon/Downloads/tgcat/obs_1924_tgid_6332/pm_heg_abs1.pha
#         SEARCH_MODE=Sliding window
#         FIT_REGION_WIDTH=30.00
#         RUNTIME=211
#         COLUMN_NAMES=ENERGY,WAVELENGTH,NORM,NORM_SIGN,NORM_ERR_LO,NORM_ERR_HI,DELTA_FITSTAT,CONSTANT_FACTOR,CONSTANT_FACTOR_ERR_LO,CONSTANT_FACTOR_ERR_HI,FIT_ERR
6.000000000000000000e+00 2.066373137115381287e+00 4.531460062906836599e-05 1.000000000000000000e+00 -2.131185830386019778e-04 3.116307658339008760e-04 3.350100037405923104e-02 1.030364574164431168e+00 1.015698809862966678e+00 1.045234887800957191e+00 0.000000000000000000e+00
6.005003461427972589e+00 2.064651403172383937e+00 -5.307559726893618183e-05 -1.000000000000000000e+00 -3.098863815642506755e-04 2.116835635626443315e-04 4.606795782412120843e-02 1.031185751557092356e+00 1.016385458056743074e+00 1.046193929678044698e+00 0.000000000000000000e+00
6.010011095293655181e+00 2.062931103804642063e+00 -1.122508249052231401e-04 -1.000000000000000000e+00 -3.669364216762191142e-04 1.504122082655097328e-04 2.075003581040704148e-01 1.030867034793325310e+00 1.016168326030034041e+00 1.045770903348595571e+00 0.000000000000000000e+00
6.015022905076486737e+00 2.061212237816845594e+00 -1.801180614586617265e-04 -1.000000000000000000e+00 -4.328445168465054724e-04 8.055448605073301568e-05 5.374195371315835246e-01 1.038281070758226399e+00 1.023508337264468215e+00 1.053259734485548549e+00 0.000000000000000000e+00
6.020038894258807005e+00 2.059494804014679215e+00 -1.773380254362797392e-04 -1.000000000000000000e+00 -4.290078989150575371e-04 8.225687604921077395e-05 5.255745742378366003e-01 1.037761034347730371e+00 1.022876181581548138e+00 1.052855267141517892e+00 0.000000000000000000e+00
6.025059066325860080e+00 2.057778801204824592e+00 -1.651947827173785052e-04 -1.000000000000000000e+00 -4.161749362608240270e-04 9.372760371555643403e-05 4.586366247713016264e-01 1.037451865222713820e+00 1.022549671839153795e+00 1.052564037039992906e+00 0.000000000000000000e+00
6.030083424765796174e+00 2.056064228194956822e+00 -1.557634569451555207e-04 -1.000000000000000000e+00 -4.067269411589608734e-04 1.031807122672597648e-04 4.072793121186322196e-01 1.037254931904206812e+00 1.022457178193197924e+00 1.052259851427220116e+00 0.000000000000000000e+00
6.035111973069674285e+00 2.054351083793744426e+00 -1.395308380500888661e-04 -1.000000000000000000e+00 -3.919855018576180392e-04 1.209427836498753192e-04 3.241870093883392201e-01 1.034510622311749506e+00 1.019608602028721167e+00 1.049623259446117451e+00 0.000000000000000000e+00
6.040144714731465747e+00 2.052639366810848021e+00 -1.267542770418998645e-04 -1.000000000000000000e+00 -3.812181030523573459e-04 1.357880811004747736e-04 2.639742936515858673e-01 1.031750265668418320e+00 1.016838858428368741e+00 1.046873159252772689e+00 0.000000000000000000e+00
6.045181653248054232e+00 2.050929076056921652e+00 -1.257090727652473310e-04 -1.000000000000000000e+00 -3.819905822182367502e-04 1.387224328672001235e-04 2.557051079249959002e-01 1.032120105601360471e+00 1.017302200533834133e+00 1.047146727270649835e+00 0.000000000000000000e+00
6.050222792119239301e+00 2.049220210343609683e+00 -9.683832799947715781e-05 -1.000000000000000000e+00 -3.551175949280255262e-04 1.696435077294536158e-04 1.501422910412486544e-01 1.030126699483660868e+00 1.015204163169022955e+00 1.045261323246045926e+00 0.000000000000000000e+00
6.055268134847740846e+00 2.047512768483544576e+00 -7.417370786822437344e-05 -1.000000000000000000e+00 -3.334519857350618432e-04 1.933547625283885140e-04 8.754100236552631031e-02 1.032063844121271057e+00 1.017116128422475896e+00 1.047224037083833936e+00 0.000000000000000000e+00
6.060317684939197314e+00 2.045806749290351334e+00 -1.287707368194531466e-05 -1.000000000000000000e+00 -2.728737153615337641e-04 2.554245163254734510e-04 2.638509220432183611e-03 1.028456378149302575e+00 1.013530285084419669e+00 1.043595167681342195e+00 0.000000000000000000e+00
6.065371445902172809e+00 2.044102151578641724e+00 2.526392881039655686e-05 1.000000000000000000e+00 -2.353250576425838087e-04 2.942489667771730662e-04 1.013229580838981292e-02 1.027773716769857071e+00 1.012869248122603816e+00 1.042890579445518773e+00 0.000000000000000000e+00
6.070429421248155322e+00 2.042398974164015168e+00 1.429163399639366255e-05 1.000000000000000000e+00 -2.474826405259675927e-04 2.845895549603567171e-04 3.202421958008017100e-03 1.032619596872499379e+00 1.017676941002073621e+00 1.047774706614368556e+00 0.000000000000000000e+00
6.075491614491562942e+00 2.040697215863058300e+00 1.416168894660994144e-05 1.000000000000000000e+00 -2.503186260819983359e-04 2.873090682386710850e-04 3.078365366519619784e-03 1.031295273888178654e+00 1.016352165545691966e+00 1.046451071053901449e+00 0.000000000000000000e+00
6.080558029149742971e+00 2.038996875493343186e+00 -1.404271836884728617e-05 -1.000000000000000000e+00 -2.820641617125676007e-04 2.627920012411027345e-04 2.937567468208612809e-03 1.031783289902972856e+00 1.016835867067263699e+00 1.046943344403752585e+00 0.000000000000000000e+00
6.085628668742976366e+00 2.037297951873428659e+00 -6.713230963416098299e-05 -1.000000000000000000e+00 -3.384639913969698368e-04 2.131779980221353075e-04 6.508366113874330949e-02 1.035912914733620571e+00 1.020922156911388656e+00 1.051116596866714881e+00 0.000000000000000000e+00
6.090703536794479511e+00 2.035600443822857208e+00 -1.014793691337051245e-04 -1.000000000000000000e+00 -3.750955316743833788e-04 1.812989649503846091e-04 1.455270743317385040e-01 1.039232224970953133e+00 1.024209062170953422e+00 1.054468709789897041e+00 0.000000000000000000e+00
6.095782636830406886e+00 2.033904350162153651e+00 -7.058855312745678315e-05 -1.000000000000000000e+00 -3.460087032372812584e-04 2.141435311234787201e-04 6.976289291588955166e-02 1.036209194008858914e+00 1.021101157305920326e+00 1.051533256725622589e+00 0.000000000000000000e+00
6.100865972379854618e+00 2.032209669712826461e+00 -2.206262625150199740e-05 -1.000000000000000000e+00 -2.987888291520395890e-04 2.640690720343393449e-04 6.772476885728906382e-03 1.035672146930691762e+00 1.020678411870867386e+00 1.050878821716079381e+00 0.000000000000000000e+00
6.105953546974859592e+00 2.030516401297367324e+00 7.029942992929310674e-05 1.000000000000000000e+00 -2.091220167843431833e-04 3.591273063678262828e-04 6.826482261757860215e-02 1.032029778170238554e+00 1.016954100128541372e+00 1.047321580599571256e+00 0.000000000000000000e+00
6.111045364150406556e+00 2.028824543739246700e+00 1.765407240663706499e-04 1.000000000000000000e+00 -1.059086710373299941e-04 4.683777579859403628e-04 4.267198873494777445e-01 1.028513443275702821e+00 1.013452985245061111e+00 1.043790401717411997e+00 0.000000000000000000e+00
6.116141427444425460e+00 2.027134095862917373e+00 2.845062359254485192e-04 1.000000000000000000e+00 -3.119613353961257253e-07 5.787408197784728661e-04 1.102245702856777143e+00 1.024716370943715038e+00 1.009785848872348568e+00 1.039860793833130348e+00 0.000000000000000000e+00
6.121241740397799447e+00 2.025445056493809570e+00 3.673104235364867305e-04 1.000000000000000000e+00 8.101440968874231612e-05 6.629925692088431974e-04 1.839002171911644723e+00 1.022892617221248024e+00 1.007858778083498219e+00 1.038143601703045871e+00 0.000000000000000000e+00
6.126346306554362187e+00 2.023757424458334508e+00 4.029882305365683625e-04 1.000000000000000000e+00 1.169885721156121538e-04 6.982759424307841741e-04 2.228835969350981827e+00 1.025375750295024035e+00 1.010305468270605855e+00 1.040663831801818873e+00 0.000000000000000000e+00
6.131455129460903208e+00 2.022071198583879958e+00 4.337251905295653629e-04 1.000000000000000000e+00 1.489271835857088424e-04 7.276788664996867214e-04 2.616219707759213975e+00 1.024626676640074674e+00 1.009538672798530934e+00 1.039933094695144833e+00 0.000000000000000000e+00
6.136568212667169675e+00 2.020386377698810687e+00 4.414877362747327613e-04 1.000000000000000000e+00 1.585505715188806472e-04 7.334590925515294818e-04 2.752446580267630338e+00 1.024403233917250189e+00 1.009309287665948851e+00 1.039715748882385382e+00 0.000000000000000000e+00
6.141685559725869936e+00 2.018702960632467569e+00 4.299969308819612300e-04 1.000000000000000000e+00 1.492081160239623139e-04 7.197035250650696877e-04 2.651154553266692915e+00 1.024861400711128745e+00 1.009740171781017271e+00 1.040201898006472225e+00 0.000000000000000000e+00
6.146807174192673529e+00 2.017020946215167587e+00 4.112113150760727392e-04 1.000000000000000000e+00 1.327027295261174714e-04 6.985285591897066014e-04 2.461531696277717174e+00 1.024264723625207818e+00 1.009126529359153146e+00 1.039622814107852289e+00 0.000000000000000000e+00
6.151933059626216505e+00 2.015340333278202056e+00 3.702770556645114852e-04 1.000000000000000000e+00 9.432584338880256472e-05 6.549698347216692095e-04 2.023901084793038763e+00 1.024939757003387797e+00 1.009796840136200302e+00 1.040302610009405049e+00 0.000000000000000000e+00
6.157063219588101433e+00 2.013661120653835290e+00 2.917011867148011769e-04 1.000000000000000000e+00 1.856001653104675294e-05 5.735673507730650869e-04 1.270240915553742411e+00 1.029052154289369359e+00 1.013864492471372003e+00 1.044460119198768355e+00 0.000000000000000000e+00
6.162197657642900950e+00 2.011983307175305935e+00 2.025149562936483195e-04 1.000000000000000000e+00 -6.802729649964294389e-05 4.817891021918592411e-04 6.174582070555345581e-01 1.031429899133951222e+00 1.016209930935833228e+00 1.046870506658098554e+00 0.000000000000000000e+00
6.167336377358160426e+00 2.010306891676824304e+00 9.104668490439262233e-05 1.000000000000000000e+00 -1.775867533584316580e-04 3.684133228645355062e-04 1.251118458616531370e-01 1.034619313566688792e+00 1.019249896443758630e+00 1.050212756789585145e+00 0.000000000000000000e+00
6.172479382304400630e+00 2.008631872993570600e+00 -1.448532570230254015e-05 -1.000000000000000000e+00 -2.816504063452953993e-04 2.614791778335247697e-04 3.157950845491086511e-03 1.035341549217713819e+00 1.020068734891138362e+00 1.050835244000876578e+00 0.000000000000000000e+00
6.177626676055119503e+00 2.006958249961698471e+00 -1.112279773145980350e-04 -1.000000000000000000e+00 -3.781361698538847002e-04 1.645442031599547630e-04 1.848591499829126406e-01 1.036327731781794492e+00 1.020913600350384920e+00 1.051966304462979895e+00 0.000000000000000000e+00
6.182778262186794827e+00 2.005286021418328790e+00 -1.655865008336238509e-04 -1.000000000000000000e+00 -4.327110905881713615e-04 1.104251741652479931e-04 4.069408719294358434e-01 1.035567292797489936e+00 1.020135711703483494e+00 1.051223930021022879e+00 0.000000000000000000e+00
6.187934144278887771e+00 2.003615186201552323e+00 -1.651764277823477450e-04 -1.000000000000000000e+00 -4.322484511598615169e-04 1.107312175078012471e-04 4.048303491698277412e-01 1.033852975898040594e+00 1.018541275720052708e+00 1.049386738602491320e+00 0.000000000000000000e+00
6.193094325913842901e+00 2.001945743150427948e+00 -1.240416349492805997e-04 -1.000000000000000000e+00 -3.904771428545956340e-04 1.511240161874457101e-04 2.307762678728977335e-01 1.033462046651175248e+00 1.018038670971878057e+00 1.049111016070616964e+00 0.000000000000000000e+00
6.198258810677093500e+00 2.000277691104981770e+00 -6.543989144909557988e-05 -1.000000000000000000e+00 -3.298437248617200378e-04 2.076194062057304347e-04 6.553890518873117799e-02 1.034540467130727004e+00 1.019117457189825382e+00 1.050189111031856637e+00 0.000000000000000000e+00
6.203427602157062459e+00 1.998611028906206677e+00 -1.372035968637361739e-05 -1.000000000000000000e+00 -2.756538541772638037e-04 2.568308971319003360e-04 2.942867056958675676e-03 1.035615045543350154e+00 1.020314103021563890e+00 1.051137973346096599e+00 0.000000000000000000e+00
6.208600703945164057e+00 1.996945755396060118e+00 2.672361348404606041e-06 1.000000000000000000e+00 -2.580027021750006130e-04 2.719183081152096236e-04 1.129890645756859158e-04 1.037044533374156474e+00 1.021622705648582929e+00 1.052691694461375338e+00 0.000000000000000000e+00
6.213778119635809283e+00 1.995281869417466547e+00 -4.400181754225971443e-05 -1.000000000000000000e+00 -3.043137763819894715e-04 2.248507747335997461e-04 3.055400863181034765e-02 1.041783791240995738e+00 1.026319700416111091e+00 1.057473712710284452e+00 0.000000000000000000e+00
6.218959852826404955e+00 1.993619369814312314e+00 -1.299330461254351950e-04 -1.000000000000000000e+00 -3.908052605913870476e-04 1.394843985081747233e-04 2.629460658915263593e-01 1.046115332028420442e+00 1.030604139547833142e+00 1.061852615057828242e+00 0.000000000000000000e+00
6.224145907117359044e+00 1.991958255431448777e+00 -2.232256975432244533e-04 -1.000000000000000000e+00 -4.848685956779517415e-04 4.703264326577386522e-05 7.643351505592477224e-01 1.047850019547494238e+00 1.032309139493246430e+00 1.063617241058733898e+00 0.000000000000000000e+00
6.229336286112081567e+00 1.990298525114688521e+00 -3.483054087360588132e-04 -1.000000000000000000e+00 -6.097925439838889185e-04 -7.812082934585950220e-05 1.836371541684371778e+00 1.056827519945095606e+00 1.041210424422702507e+00 1.072670874556750809e+00 0.000000000000000000e+00
6.234530993416986355e+00 1.988640177710806478e+00 -3.940088345752989509e-04 -1.000000000000000000e+00 -6.551377314431819279e-04 -1.241783782444680980e-04 2.347677605663847089e+00 1.058075846832048583e+00 1.042327551773376992e+00 1.074054008180363340e+00 0.000000000000000000e+00
6.239730032641496393e+00 1.986983212067538140e+00 -3.851521312627178054e-04 -1.000000000000000000e+00 -6.447871242126785186e-04 -1.168506493151975781e-04 2.265004413747618628e+00 1.057936660279867214e+00 1.042317271333459638e+00 1.073782316371581613e+00 0.000000000000000000e+00
6.244933407398043812e+00 1.985327627033580011e+00 -3.289372503911047805e-04 -1.000000000000000000e+00 -5.871861282179240832e-04 -6.203565895747078151e-05 1.677832758632206378e+00 1.055730166649608615e+00 1.040141549665601239e+00 1.071544815297387210e+00 0.000000000000000000e+00
6.250141121302072555e+00 1.983673421458586272e+00 -2.782494806836537408e-04 -1.000000000000000000e+00 -5.360720921576676325e-04 -1.178559307551480190e-05 1.212336591120589446e+00 1.057232055987166408e+00 1.041525106465082784e+00 1.073168032129990346e+00 0.000000000000000000e+00
6.255353177972041934e+00 1.982020594193170782e+00 -2.113848793766079164e-04 -1.000000000000000000e+00 -4.701438857499274119e-04 5.597363309791256940e-05 6.998566968416923828e-01 1.055447273097926741e+00 1.039871960025525288e+00 1.071248366600674906e+00 0.000000000000000000e+00
6.260569581029430175e+00 1.980369144088905076e+00 -1.489261209294274861e-04 -1.000000000000000000e+00 -4.100162491746437809e-04 1.206764078779100845e-04 3.446432704130586444e-01 1.053052918617589429e+00 1.037489023249344111e+00 1.068842759527276254e+00 0.000000000000000000e+00
6.265790334098732650e+00 1.978719069998317037e+00 -1.286953307357985169e-04 -1.000000000000000000e+00 -3.919425149259954475e-04 1.429966602989622606e-04 2.546646280798938733e-01 1.057150202976870901e+00 1.041431731630370949e+00 1.073098253467541063e+00 0.000000000000000000e+00
6.271015440807469865e+00 1.977070370774890451e+00 -9.953100681756080453e-05 -1.000000000000000000e+00 -3.637586006595642379e-04 1.731515048524011726e-04 1.518026895904540652e-01 1.058889033976031957e+00 1.043156253705804337e+00 1.074851337744617830e+00 0.000000000000000000e+00
6.276244904786186574e+00 1.975423045273065226e+00 -6.126876948829996627e-05 -1.000000000000000000e+00 -3.255589646206200234e-04 2.114988507160239523e-04 5.774114158165843946e-02 1.058164378328736444e+00 1.042438427347063934e+00 1.074119617223677103e+00 0.000000000000000000e+00
6.281478729668454442e+00 1.973777092348234952e+00 -4.496044403368879515e-05 -1.000000000000000000e+00 -3.087033728062308345e-04 2.272275321737989365e-04 3.126705794318240805e-02 1.059686246246368091e+00 1.043954247999291596e+00 1.075647630913316055e+00 0.000000000000000000e+00
6.286716919090875599e+00 1.972132510856748011e+00 -3.657954569579866444e-05 -1.000000000000000000e+00 -2.996318739565375288e-04 2.348683103626068728e-04 2.081983340582382880e-02 1.059619916610103019e+00 1.043891109349712298e+00 1.075578063225121506e+00 0.000000000000000000e+00
6.291959476693084419e+00 1.970489299655904469e+00 -5.252547345674190676e-05 -1.000000000000000000e+00 -3.147655799548621826e-04 2.181156090350688586e-04 4.309525649719603280e-02 1.059924657181847030e+00 1.044195141880625677e+00 1.075883580159108899e+00 0.000000000000000000e+00
6.297206406117751065e+00 1.968847457603957185e+00 -8.355931578547683267e-05 -1.000000000000000000e+00 -3.452036798307114005e-04 1.865336046688686978e-04 1.091576314789222124e-01 1.058839743614338635e+00 1.043113606977535079e+00 1.074795214395308340e+00 0.000000000000000000e+00
6.302457711010582386e+00 1.967206983560110700e+00 -1.383204497331095217e-04 -1.000000000000000000e+00 -3.997377939868516331e-04 1.315758001356570985e-04 2.978671647121871047e-01 1.059156944635301301e+00 1.043418737719036704e+00 1.075124469182957787e+00 0.000000000000000000e+00
6.307713395020327241e+00 1.965567876384518575e+00 -2.008999771008011641e-04 -1.000000000000000000e+00 -4.623985950292679777e-04 6.909492035168590738e-05 6.239493928501076425e-01 1.060357219189880240e+00 1.044600888741897382e+00 1.076343151220266359e+00 0.000000000000000000e+00
6.312973461798775610e+00 1.963930134938285832e+00 -2.253588516573491827e-04 -1.000000000000000000e+00 -4.871305181951696150e-04 4.493655071541058929e-05 7.820987841477062830e-01 1.057229116182108131e+00 1.041483341711365584e+00 1.073204653600928093e+00 0.000000000000000000e+00
6.318237915000763039e+00 1.962293758083465844e+00 -2.589595638309469500e-04 -1.000000000000000000e+00 -5.206908078659120559e-04 1.129908288748896102e-05 1.030835723791255987e+00 1.060917882426725578e+00 1.045019728651008561e+00 1.077049282393059526e+00 0.000000000000000000e+00
6.323506758284172413e+00 1.960658744683059451e+00 -2.612602700597895021e-04 -1.000000000000000000e+00 -5.224442633105395514e-04 8.461325523955202585e-06 1.050974102025975299e+00 1.065403905904958037e+00 1.049594071943511286e+00 1.081443585983761002e+00 0.000000000000000000e+00
6.328779995309938400e+00 1.959025093601015399e+00 -1.787847152343760126e-04 -1.000000000000000000e+00 -4.406755524188241363e-04 9.164887917610537176e-05 4.944685823132886071e-01 1.060587049639619917e+00 1.044808812120991526e+00 1.076595158249613160e+00 0.000000000000000000e+00
6.334057629742047446e+00 1.957392803702229900e+00 -1.060426746378411686e-04 -1.000000000000000000e+00 -3.695509235208988170e-04 1.659549332864730642e-04 1.737346801145918107e-01 1.061994433800385274e+00 1.046083243045847988e+00 1.078139042383299717e+00 0.000000000000000000e+00
6.339339665247542221e+00 1.955761873852543076e+00 1.853416627002494192e-05 1.000000000000000000e+00 -2.470852352488580694e-04 2.925554194387063218e-04 5.299292480998474275e-03 1.056773550572338127e+00 1.041014913835976330e+00 1.072762423968059098e+00 0.000000000000000000e+00
6.344626105496522506e+00 1.954132302918741848e+00 1.310829001456879981e-04 1.000000000000000000e+00 -1.365730955361726636e-04 4.070716846183230304e-04 2.647199556644750373e-01 1.054396499652143326e+00 1.038648562244413265e+00 1.070374952360244381e+00 0.000000000000000000e+00
6.349916954162148741e+00 1.952504089768555939e+00 2.346362893314103465e-04 1.000000000000000000e+00 -3.475650853818632383e-05 5.123445359553419282e-04 8.489428005454158210e-01 1.052163302946481194e+00 1.036311074454208558e+00 1.068249694160909202e+00 0.000000000000000000e+00
6.355212214920644698e+00 1.950877233270659206e+00 3.026802770115475391e-04 1.000000000000000000e+00 3.224853729935520195e-05 5.814182606784666554e-04 1.412921351241607226e+00 1.053070024444642927e+00 1.037207526867727880e+00 1.069166756033470334e+00 0.000000000000000000e+00
6.360511891451300137e+00 1.949251732294668749e+00 3.569635695642400276e-04 1.000000000000000000e+00 8.561725356795224290e-05 6.365798525831396857e-04 1.964460112718512619e+00 1.051996818544176371e+00 1.036141155900338617e+00 1.068086681594980991e+00 0.000000000000000000e+00
6.365815987436472589e+00 1.947627585711142251e+00 3.466164653960552471e-04 1.000000000000000000e+00 7.493318269164307276e-05 6.265342275427413649e-04 1.845401547083241667e+00 1.057403710816519515e+00 1.041502919271851901e+00 1.073539009374733233e+00 0.000000000000000000e+00
6.371124506561590906e+00 1.946004792391578420e+00 3.301238045310913075e-04 1.000000000000000000e+00 5.846546137786441102e-05 6.100229678740486973e-04 1.671555921394087818e+00 1.058567875421195348e+00 1.042652837530857468e+00 1.074717511939107029e+00 0.000000000000000000e+00
6.376437452515156146e+00 1.944383351208418098e+00 2.888404679242538749e-04 1.000000000000000000e+00 1.780993217509376642e-05 5.681488729168554259e-04 1.279736120348957229e+00 1.059379197091004254e+00 1.043456458350926708e+00 1.075536475932795000e+00 0.000000000000000000e+00
6.381754828988746020e+00 1.942763261035039601e+00 2.135632235790546857e-04 1.000000000000000000e+00 -5.634872944144256129e-05 4.917925611589274958e-04 6.993776246670222463e-01 1.062686750574730388e+00 1.046735585366975529e+00 1.078872440398426225e+00 0.000000000000000000e+00
6.387076639677015777e+00 1.941144520745761159e+00 1.416336767447490838e-04 1.000000000000000000e+00 -1.272130515383989994e-04 4.188324426044241983e-04 3.075580584615948965e-01 1.063436411326063036e+00 1.047474881952762393e+00 1.079632348052832702e+00 0.000000000000000000e+00
6.392402888277703532e+00 1.939527129215838475e+00 6.522263770137746910e-05 1.000000000000000000e+00 -2.026348560769039033e-04 3.414538824687053946e-04 6.514150712163768731e-02 1.064945081336482025e+00 1.048968557795042278e+00 1.081156099331537668e+00 0.000000000000000000e+00
6.397733578491629380e+00 1.937911085321463833e+00 7.329441810974630327e-06 1.000000000000000000e+00 -2.596907189196809773e-04 2.827301782233128153e-04 8.225152965906090685e-04 1.065040591446526852e+00 1.049059526383007368e+00 1.081256237850829915e+00 0.000000000000000000e+00
6.403068714022700725e+00 1.936296387939767438e+00 -4.694664573709756274e-05 -1.000000000000000000e+00 -3.132068708474622398e-04 2.276985860687333937e-04 3.377226383490494754e-02 1.068007028559338600e+00 1.051889091219768257e+00 1.084362848771178500e+00 0.000000000000000000e+00
6.408408298577912277e+00 1.934683035948813856e+00 -8.103908942606008437e-05 -1.000000000000000000e+00 -3.461373702039232856e-04 1.924660707428385857e-04 1.008905516309113182e-01 1.071795192607825742e+00 1.055766962824611355e+00 1.088057691004973959e+00 0.000000000000000000e+00
6.413752335867351384e+00 1.933071028227602239e+00 -6.668296188415642777e-05 -1.000000000000000000e+00 -3.313383116013004039e-04 2.063495247715333694e-04 6.864277114236472244e-02 1.071179760607129383e+00 1.055160539884220761e+00 1.087433283953756602e+00 0.000000000000000000e+00
6.419100829604198033e+00 1.931460363656067436e+00 -4.685500993226830312e-05 -1.000000000000000000e+00 -3.113841928691089746e-04 2.259655420194250388e-04 3.405336600445707518e-02 1.072701602483082883e+00 1.056563574364819180e+00 1.089077148293723818e+00 0.000000000000000000e+00
6.424453783504729287e+00 1.929851041115075327e+00 -1.462137661837615885e-05 -1.000000000000000000e+00 -2.784686061613800734e-04 2.574525146680075672e-04 3.339378834567696686e-03 1.073128175847656740e+00 1.057105864229442194e+00 1.089384913797641685e+00 0.000000000000000000e+00
6.429811201288321953e+00 1.928243059486426159e+00 1.965339030560265000e-05 1.000000000000000000e+00 -2.435776383420894763e-04 2.910605213491978573e-04 6.091484310474015729e-03 1.071817480792607746e+00 1.055701971539402706e+00 1.088170482580491871e+00 0.000000000000000000e+00
6.435173086677453469e+00 1.926636417652850763e+00 1.120222537837289146e-05 1.000000000000000000e+00 -2.506850954870466037e-04 2.812386505748401544e-04 1.995562340894707631e-03 1.074587867798346918e+00 1.058464181555291983e+00 1.090948793449087129e+00 0.000000000000000000e+00
6.440539443397706343e+00 1.925031114498011453e+00 -1.850744798563536443e-05 -1.000000000000000000e+00 -2.788806658044484799e-04 2.500200336817211982e-04 5.479098477437105430e-03 1.075965110671893266e+00 1.059946798360348330e+00 1.092217373937415470e+00 0.000000000000000000e+00
6.445910275177769044e+00 1.923427148906499795e+00 -6.980615436644173691e-05 -1.000000000000000000e+00 -3.294669439696418125e-04 1.980362024402168922e-04 7.802198201078169859e-02 1.075847940663794411e+00 1.059719661330456475e+00 1.092213184726009700e+00 0.000000000000000000e+00
6.451285585749439555e+00 1.921824519763838390e+00 -1.607470944442062645e-04 -1.000000000000000000e+00 -4.200107178316457536e-04 1.067581428225748490e-04 4.108103146082981993e-01 1.079239195093782300e+00 1.063079260122801850e+00 1.095635913728764343e+00 0.000000000000000000e+00
6.456665378847628034e+00 1.920223225956476210e+00 -2.441422966890741141e-04 -1.000000000000000000e+00 -5.039297219783716924e-04 2.395759005201225644e-05 9.361513865097208509e-01 1.080938687326108649e+00 1.064749683369601518e+00 1.097364695103985044e+00 0.000000000000000000e+00
6.462049658210359482e+00 1.918623266371792813e+00 -3.295455732642943686e-04 -1.000000000000000000e+00 -5.903537651708536029e-04 -6.037929993930418694e-05 1.678961944695132047e+00 1.087550202846530922e+00 1.071296133934275696e+00 1.104041368284009561e+00 0.000000000000000000e+00
6.467438427578775517e+00 1.917024639898092353e+00 -2.982002191178540536e-04 -1.000000000000000000e+00 -5.608806769450427020e-04 -2.717587711168774735e-05 1.364154763709052531e+00 1.082746445234482602e+00 1.066510202677603658e+00 1.099220102173689817e+00 0.000000000000000000e+00
6.472831690697137930e+00 1.915427345424606687e+00 -2.177145853888486787e-04 -1.000000000000000000e+00 -4.816881465235411030e-04 5.453502371907239317e-05 7.277787442885852442e-01 1.081116757372937887e+00 1.064888468180512637e+00 1.097582741093915404e+00 0.000000000000000000e+00
6.478229451312831344e+00 1.913831381841492263e+00 -8.742797705906719973e-05 -1.000000000000000000e+00 -3.520400958808847991e-04 1.853919387765420184e-04 1.185243474181163492e-01 1.080825496174177891e+00 1.064602781888943417e+00 1.097285904004462465e+00 0.000000000000000000e+00
6.483631713176364109e+00 1.912236748039830792e+00 9.300718939316668962e-05 1.000000000000000000e+00 -1.724945738546363144e-04 3.666486557954852076e-04 1.359755879781232579e-01 1.077059668084152877e+00 1.060868301007403147e+00 1.093488644032324153e+00 0.000000000000000000e+00
6.489038480041373624e+00 1.910643442911627687e+00 2.757358582040390178e-04 1.000000000000000000e+00 8.644689124998473483e-06 5.508643252307024799e-04 1.206125340915775723e+00 1.073262480932842822e+00 1.057102369882299664e+00 1.089660409067657154e+00 0.000000000000000000e+00
6.494449755664626345e+00 1.909051465349812737e+00 4.402001334311838199e-04 1.000000000000000000e+00 1.709677092313295404e-04 7.173348093641505972e-04 3.084621406468357918e+00 1.069240227468777338e+00 1.053098391954646829e+00 1.085620235080939633e+00 0.000000000000000000e+00
6.499865543806021329e+00 1.907460814248235881e+00 5.596474569251467298e-04 1.000000000000000000e+00 2.885003222840329764e-04 8.385510597434370737e-04 4.993319084005037212e+00 1.066884037630198900e+00 1.050632633726842124e+00 1.083377700595868909e+00 0.000000000000000000e+00
6.505285848228594681e+00 1.905871488501671207e+00 6.333728712756726961e-04 1.000000000000000000e+00 3.620665455697841457e-04 9.123357280692711169e-04 6.436034783786283242e+00 1.064147094486647793e+00 1.048017452416757811e+00 1.080516039898152147e+00 0.000000000000000000e+00
6.510710672698518664e+00 1.904283487005811404e+00 6.413483059563175994e-04 1.000000000000000000e+00 3.714311997517987353e-04 9.188682515485381693e-04 6.680281428206129135e+00 1.063766062102458498e+00 1.047625657477308847e+00 1.080145999212607677e+00 0.000000000000000000e+00
6.516140020985107917e+00 1.902696808657271088e+00 5.782306387157747129e-04 1.000000000000000000e+00 3.107934118166935569e-04 8.532501988642471769e-04 5.506481231006148391e+00 1.067461769639222346e+00 1.051173334897441025e+00 1.083993250167426314e+00 0.000000000000000000e+00
6.521573896860818564e+00 1.901111452353583031e+00 4.843159862493322297e-04 1.000000000000000000e+00 2.199107472377264207e-04 7.563082221387572822e-04 3.908299915439428673e+00 1.069627971897394891e+00 1.053429757859111637e+00 1.086065732280492746e+00 0.000000000000000000e+00
6.527012304101254436e+00 1.899527416993199491e+00 3.412454957963579109e-04 1.000000000000000000e+00 7.909377761815462480e-05 6.109694108672100981e-04 1.946703274327617805e+00 1.075502806687386181e+00 1.059136087965222739e+00 1.092112711166139505e+00 0.000000000000000000e+00
6.532455246485166178e+00 1.897944701475490215e+00 2.294376980005442238e-04 1.000000000000000000e+00 -3.120191658582309804e-05 4.976662153500614749e-04 8.802328049121115328e-01 1.072425728194469796e+00 1.056061178411429324e+00 1.089033911994630177e+00 0.000000000000000000e+00
6.537902727794456581e+00 1.896363304700741548e+00 8.155406463754488126e-05 1.000000000000000000e+00 -1.772543014591405897e-04 3.480175791901495615e-04 1.107636645991618707e-01 1.075358309223209075e+00 1.059075077668113263e+00 1.091882071200146909e+00 0.000000000000000000e+00
6.543354751814182357e+00 1.894783225570156437e+00 -3.388816469508235167e-05 -1.000000000000000000e+00 -2.913489165891608294e-04 2.313194060441713616e-04 1.909774445253731301e-02 1.075050186151108589e+00 1.058646588209994244e+00 1.091697599623257853e+00 0.000000000000000000e+00
6.548811322332555918e+00 1.893204462985853986e+00 -1.225694685568862142e-04 -1.000000000000000000e+00 -3.786202413094706459e-04 1.413114503663166440e-04 2.497765543222385531e-01 1.075465009052290588e+00 1.059047970748099088e+00 1.092125937623507514e+00 0.000000000000000000e+00
6.554272443140948923e+00 1.891627015850867455e+00 -1.743410626349379568e-04 -1.000000000000000000e+00 -4.296037694226646601e-04 8.879285053045043075e-05 5.048605473743208449e-01 1.076595845963294273e+00 1.060175175646038914e+00 1.093260296564493084e+00 0.000000000000000000e+00
6.559738118033894949e+00 1.890050883069143817e+00 -1.833244144410504971e-04 -1.000000000000000000e+00 -4.386175313770706869e-04 7.982692312512762629e-05 5.572951152052922907e-01 1.077790111313702281e+00 1.061351532891393168e+00 1.094473055801906236e+00 0.000000000000000000e+00
6.565208350809092153e+00 1.888476063545543981e+00 -1.376159371959372599e-04 -1.000000000000000000e+00 -3.934348600998521946e-04 1.260116705760051619e-04 3.143559703053426801e-01 1.075881712322135808e+00 1.059449568782336648e+00 1.092558685619548609e+00 0.000000000000000000e+00
6.570683145267405045e+00 1.886902556185840796e+00 -7.011110939335986954e-05 -1.000000000000000000e+00 -3.262019792658748542e-04 1.937513224690608216e-04 8.196266693587972441e-02 1.074396223447792176e+00 1.057987899610435489e+00 1.091049183198487871e+00 0.000000000000000000e+00
6.576162505212867160e+00 1.885330359896719488e+00 -6.192658127058621728e-06 -1.000000000000000000e+00 -2.623010156129443088e-04 2.576948850598742829e-04 6.430923100708696438e-04 1.074648815261985302e+00 1.058238082902658528e+00 1.091304541931567451e+00 0.000000000000000000e+00
6.581646434452685490e+00 1.883759473585775446e+00 6.469991567990050036e-05 1.000000000000000000e+00 -1.920846876833540271e-04 3.292851162053463598e-04 7.045198861572998794e-02 1.071620880933463971e+00 1.055118661510862310e+00 1.088371282679648555e+00 0.000000000000000000e+00
6.587134936797241380e+00 1.882189896161514886e+00 1.029361885043008512e-04 1.000000000000000000e+00 -1.546934261909213039e-04 3.683856828148774926e-04 1.776260803774505348e-01 1.070686303771525960e+00 1.054302529383691622e+00 1.087315157622777306e+00 0.000000000000000000e+00
6.592628016060094076e+00 1.880621626533353297e+00 1.124594477553154519e-04 1.000000000000000000e+00 -1.466650409184803343e-04 3.793885571618205665e-04 2.099624852137509379e-01 1.070342697001532839e+00 1.053940324101867221e+00 1.086990805743677013e+00 0.000000000000000000e+00
6.598125676057981615e+00 1.879054663611614329e+00 7.929057326228952098e-05 1.000000000000000000e+00 -1.809764103399954182e-04 3.473425763447107219e-04 1.032822400738524493e-01 1.073231621060459329e+00 1.056678807975574896e+00 1.090034151485320679e+00 0.000000000000000000e+00
6.603627920610826152e+00 1.877489006307530905e+00 4.629015270184746290e-05 1.000000000000000000e+00 -2.135929077539996783e-04 3.140092554119559300e-04 3.509862680995468054e-02 1.072206676249043200e+00 1.055771431120847703e+00 1.088888490001668874e+00 0.000000000000000000e+00
6.609134753541735741e+00 1.875924653533241671e+00 -1.888607804459647624e-05 -1.000000000000000000e+00 -2.775487865993719752e-04 2.477298996696500029e-04 5.853205074103584593e-03 1.074475610958329552e+00 1.057905809940330677e+00 1.091295049242972048e+00 0.000000000000000000e+00
6.614646178677005217e+00 1.874361604201792542e+00 -5.717617545670864023e-05 -1.000000000000000000e+00 -3.147404008326880982e-04 2.084993467403335862e-04 5.378822645808156722e-02 1.070636558435307917e+00 1.054081261761836918e+00 1.087441546267337467e+00 0.000000000000000000e+00
6.620162199846120643e+00 1.872799857227134490e+00 -1.309183306269038076e-04 -1.000000000000000000e+00 -3.882680073117154591e-04 1.346350499712239913e-04 2.794470559730086734e-01 1.074051658832993139e+00 1.057574736104068602e+00 1.090774943416747522e+00 0.000000000000000000e+00
6.625682820881761970e+00 1.871239411524124430e+00 -1.879997108279591841e-04 -1.000000000000000000e+00 -4.473735430396859054e-04 7.956134982692501605e-05 5.655994821497642988e-01 1.077566531448314047e+00 1.060922993035650519e+00 1.094460590889461349e+00 0.000000000000000000e+00
6.631208045619805702e+00 1.869680266008521441e+00 -1.758117364482711549e-04 -1.000000000000000000e+00 -4.379011954076365582e-04 9.444263839375208820e-05 4.865099431234654048e-01 1.074882064334997445e+00 1.058222994774330683e+00 1.091792820626414917e+00 0.000000000000000000e+00
6.636737877899325788e+00 1.868122419596990769e+00 -1.253406862388641171e-04 -1.000000000000000000e+00 -3.890296844196576044e-04 1.465319298734881425e-04 2.457364051197430399e-01 1.073779156441975413e+00 1.057130086768032662e+00 1.090679851361674668e+00 0.000000000000000000e+00
6.642272321562598059e+00 1.866565871207098271e+00 -3.860626396230520919e-05 -1.000000000000000000e+00 -3.025563964883531032e-04 2.335500125211410912e-04 2.345874094993405379e-02 1.073491833276322804e+00 1.056838754446721262e+00 1.090396914910960025e+00 0.000000000000000000e+00
6.647811380455102892e+00 1.865010619757312416e+00 9.544143026397807492e-05 1.000000000000000000e+00 -1.685312536653861169e-04 3.676242527153030458e-04 1.453025392913929181e-01 1.067937136575015877e+00 1.051324154859547111e+00 1.084802481124935714e+00 0.000000000000000000e+00
6.653355058425526991e+00 1.863456664167002952e+00 2.051398532189770943e-04 1.000000000000000000e+00 -5.925664815710759222e-05 4.777415264925377234e-04 6.765182909187643645e-01 1.065588443683136211e+00 1.049011664428896706e+00 1.082417245207758283e+00 0.000000000000000000e+00
6.658903359325766047e+00 1.861904003356439352e+00 2.601331916216567588e-04 1.000000000000000000e+00 -5.646862596087650482e-06 5.341066671562013897e-04 1.082917611816455405e+00 1.069006713739156567e+00 1.052385411381643765e+00 1.085880648012693017e+00 0.000000000000000000e+00
6.664456287010930069e+00 1.860352636246791480e+00 3.076267672512363115e-04 1.000000000000000000e+00 3.906157353344584440e-05 5.843786241743387146e-04 1.494917654856905642e+00 1.068037870044453941e+00 1.051285332079674228e+00 1.085047269706303386e+00 0.000000000000000000e+00
6.670013845339340719e+00 1.858802561760127592e+00 3.197815557333016554e-04 1.000000000000000000e+00 4.856858120200652522e-05 5.992179142922927871e-04 1.585639667299474809e+00 1.068324373774334868e+00 1.051663329668780067e+00 1.085239406966064690e+00 0.000000000000000000e+00
6.675576038172540194e+00 1.857253778819414780e+00 3.185148286587245856e-04 1.000000000000000000e+00 4.461424873888588305e-05 6.006979800643175420e-04 1.546766118015739266e+00 1.067722891306422284e+00 1.050919895255409742e+00 1.084783924059855353e+00 0.000000000000000000e+00
6.681142869375288562e+00 1.855706286348516532e+00 2.959107301723509992e-04 1.000000000000000000e+00 2.071329291747570555e-05 5.794581515958346614e-04 1.319933899630171936e+00 1.070110096160160840e+00 1.053255382138307050e+00 1.087223820671945118e+00 0.000000000000000000e+00
6.686714342815570866e+00 1.854160083272192949e+00 2.996092773246091835e-04 1.000000000000000000e+00 2.437481257906937366e-05 5.832465909372463401e-04 1.350546886061039231e+00 1.068889939735907735e+00 1.052155312511349194e+00 1.085880207333894898e+00 0.000000000000000000e+00
6.692290462364595349e+00 1.852615168516101862e+00 3.316787279094215047e-04 1.000000000000000000e+00 5.650089964954568790e-05 6.152995540197709560e-04 1.663285179960666937e+00 1.064304932140212046e+00 1.047480154127996776e+00 1.081303140057732204e+00 0.000000000000000000e+00
6.697871231896799671e+00 1.851071541006794829e+00 3.452444431240468182e-04 1.000000000000000000e+00 7.047351861388045187e-05 6.285183437229537474e-04 1.808623550592272977e+00 1.064259830123321038e+00 1.047416418755380496e+00 1.081277195390281110e+00 0.000000000000000000e+00
6.703456655289853572e+00 1.849529199671717139e+00 3.632014577941851635e-04 1.000000000000000000e+00 8.808616785894313184e-05 6.468670244793615432e-04 1.999192414122461514e+00 1.063901548788020346e+00 1.047067855958959459e+00 1.080909010084162736e+00 0.000000000000000000e+00
6.709046736424657986e+00 1.847988143439209141e+00 3.768137980797318432e-04 1.000000000000000000e+00 1.002964961186908238e-04 6.618882079723845558e-04 2.134033986495452950e+00 1.064451801017591404e+00 1.047580780059927497e+00 1.081497301279287004e+00 0.000000000000000000e+00
6.714641479185352146e+00 1.846448371238503361e+00 4.223378261076510417e-04 1.000000000000000000e+00 1.434748690861442394e-04 7.097593328932831624e-04 2.652377897086921621e+00 1.059663129835457740e+00 1.042788726668087973e+00 1.076712767773575052e+00 0.000000000000000000e+00
6.720240887459313583e+00 1.844909881999724721e+00 4.514091552935293387e-04 1.000000000000000000e+00 1.704068568933302260e-04 7.410042066521786274e-04 2.994673135779123641e+00 1.059075093566429704e+00 1.042200344225181263e+00 1.076125212042346790e+00 0.000000000000000000e+00
6.725844965137160791e+00 1.843372674653889876e+00 4.864331884010808515e-04 1.000000000000000000e+00 2.036882237723845659e-04 7.778198129737925754e-04 3.449096606083841721e+00 1.059394011916981126e+00 1.042481501194493010e+00 1.076482497430158114e+00 0.000000000000000000e+00
6.731453716112758556e+00 1.841836748132905655e+00 5.406969594689919022e-04 1.000000000000000000e+00 2.568454907598853782e-04 8.332050653483962389e-04 4.250691386691087814e+00 1.058276651989213057e+00 1.041379355275980689e+00 1.075350001871105521e+00 0.000000000000000000e+00
6.737067144283217068e+00 1.840302101369569288e+00 5.957443629616943851e-04 1.000000000000000000e+00 3.114340008613363116e-04 8.886840952589810869e-04 5.170341804222204019e+00 1.057812801065635133e+00 1.040895204792036788e+00 1.074906916887759634e+00 0.000000000000000000e+00
6.742685253548897251e+00 1.838768733297566405e+00 6.187468771850373767e-04 1.000000000000000000e+00 3.347551336494540282e-04 9.113500487237748051e-04 5.596310426368845015e+00 1.061776499070823609e+00 1.044807411516599727e+00 1.078922923512955157e+00 0.000000000000000000e+00
6.748308047813412536e+00 1.837236642851472368e+00 6.475971711606182037e-04 1.000000000000000000e+00 3.639987144348797257e-04 9.398419763576206908e-04 6.159560555909948221e+00 1.061212815817747179e+00 1.044262528294527925e+00 1.078340149313180785e+00 0.000000000000000000e+00
6.753935530983630642e+00 1.835705828966748943e+00 6.657942864286296638e-04 1.000000000000000000e+00 3.821280714721909293e-04 9.581679237758188635e-04 6.521315449055819613e+00 1.057680919469836223e+00 1.040727033786988942e+00 1.074812376587041651e+00 0.000000000000000000e+00
6.759567706969678902e+00 1.834176290579746293e+00 6.174234501173229452e-04 1.000000000000000000e+00 3.333543545014651908e-04 9.102286129809028124e-04 5.569770011499400653e+00 1.061083386454262145e+00 1.043959779906653784e+00 1.078387695653795220e+00 0.000000000000000000e+00
6.765204579684944264e+00 1.832648026627699211e+00 5.478279247646553399e-04 1.000000000000000000e+00 2.636279856089859754e-04 8.407683254067127359e-04 4.340314602972469515e+00 1.063527173824068139e+00 1.046486061981115601e+00 1.080746981426973008e+00 0.000000000000000000e+00
6.770846153046076843e+00 1.831121036048729556e+00 4.691942147690442177e-04 1.000000000000000000e+00 1.849698828169615123e-04 7.621561196422580679e-04 3.161341990655330392e+00 1.063748362889976207e+00 1.046557325708724395e+00 1.081121145622120805e+00 0.000000000000000000e+00
6.776492430972993475e+00 1.829595317781842700e+00 3.716430107538114215e-04 1.000000000000000000e+00 8.907681617272738325e-05 6.630134060207264288e-04 1.984678582106980116e+00 1.064922230734416608e+00 1.047685748565922781e+00 1.082341179423749189e+00 0.000000000000000000e+00
6.782143417388880380e+00 1.828070870766929312e+00 2.610078101156242179e-04 1.000000000000000000e+00 -1.812382657161810615e-05 5.490692704419378439e-04 9.873209408631140604e-01 1.067412916260233713e+00 1.050277710872944636e+00 1.084728082591267739e+00 0.000000000000000000e+00
6.787799116220194051e+00 1.826547693944761797e+00 1.606800702148786025e-04 1.000000000000000000e+00 -1.150861418358517952e-04 4.454601869036398706e-04 3.787436686122873652e-01 1.067685133820040377e+00 1.050418097097920445e+00 1.085134973438506734e+00 0.000000000000000000e+00
6.793459531396665696e+00 1.825025786256996740e+00 3.726298016003029128e-05 1.000000000000000000e+00 -2.352692223357113924e-04 3.188292469000997232e-04 2.051589855025781617e-02 1.071720864464518641e+00 1.054390965274996761e+00 1.089234093589447561e+00 0.000000000000000000e+00
6.799124666851304788e+00 1.823505146646170916e+00 -8.401640462071303678e-05 -1.000000000000000000e+00 -3.540365544264969643e-04 1.950281753835997095e-04 1.045378761973978499e-01 1.074301925105875410e+00 1.056961092523763579e+00 1.091826319608499629e+00 0.000000000000000000e+00
6.804794526520399067e+00 1.821985774055703944e+00 -2.364407683022095653e-04 -1.000000000000000000e+00 -5.040164867564894246e-04 4.017255128888343424e-05 8.266987955903459806e-01 1.081686118522991125e+00 1.064245879266270567e+00 1.099310769554908251e+00 0.000000000000000000e+00
6.810469114343518982e+00 1.820467667429894965e+00 -3.628554746285471660e-04 -1.000000000000000000e+00 -6.274947459608036862e-04 -8.909245515906639556e-05 1.951775763598050162e+00 1.083963412688600192e+00 1.066617283063653554e+00 1.101491886903612549e+00 0.000000000000000000e+00
6.816148434263521239e+00 1.818950825713921748e+00 -5.061033735469391923e-04 -1.000000000000000000e+00 -7.676641395751812071e-04 -2.353085054601713219e-04 3.809812567886353918e+00 1.090523329576669864e+00 1.072985681553873860e+00 1.108245937512088108e+00 0.000000000000000000e+00
6.821832490226549695e+00 1.817435247853842917e+00 -6.325447703873457884e-04 -1.000000000000000000e+00 -8.911788954508014643e-04 -3.645673564285711681e-04 5.967616402204484416e+00 1.095875484319992266e+00 1.078254756737850428e+00 1.113681877154758748e+00 0.000000000000000000e+00
6.827521286182038907e+00 1.815920932796593723e+00 -7.285767705709158713e-04 -1.000000000000000000e+00 -9.853347455507082287e-04 -4.624364819606104071e-04 7.914132767743282670e+00 1.097833220080359329e+00 1.080205632020223794e+00 1.115646705821962570e+00 0.000000000000000000e+00
6.833214826082717686e+00 1.814407879489987385e+00 -7.896455670444999572e-04 -1.000000000000000000e+00 -1.045593853040410921e-03 -5.243407675138498768e-04 9.281407629591768682e+00 1.096229188645482910e+00 1.078561787008111672e+00 1.114083566697948724e+00 0.000000000000000000e+00
6.838913113884609984e+00 1.812896086882713975e+00 -8.341724025116743768e-04 -1.000000000000000000e+00 -1.089262192257767128e-03 -5.696986749121086147e-04 1.036732646056309193e+01 1.095573558286880633e+00 1.077756776032851471e+00 1.113580736338964927e+00 0.000000000000000000e+00
6.844616153547039339e+00 1.811385553924339531e+00 -8.564553163584006290e-04 -1.000000000000000000e+00 -1.109791936458337687e-03 -5.936250872571582817e-04 1.098436319221909230e+01 1.094737197749055202e+00 1.077043604600405269e+00 1.112618811087124460e+00 0.000000000000000000e+00
6.850323949032630644e+00 1.809876279565305390e+00 -8.500060206477293417e-04 -1.000000000000000000e+00 -1.102495851083804988e-03 -5.879786543421506272e-04 1.087933948403230033e+01 1.091147959826838543e+00 1.073429544044551154e+00 1.109055399784361962e+00 0.000000000000000000e+00
6.856036504307313706e+00 1.808368262756926637e+00 -8.478594668098483325e-04 -1.000000000000000000e+00 -1.100573362283703126e-03 -5.856069381024741911e-04 1.082301878514891769e+01 1.090050769113760865e+00 1.072178434637574895e+00 1.108115695005243317e+00 0.000000000000000000e+00
6.861753823340325908e+00 1.806861502451392543e+00 -8.307256773669487041e-04 -1.000000000000000000e+00 -1.084233539032646628e-03 -5.676282502880099700e-04 1.033690577096922425e+01 1.087370365272447792e+00 1.069619499166699850e+00 1.105311664542952821e+00 0.000000000000000000e+00
6.867475910104213099e+00 1.805355997601766127e+00 -7.835208307617855424e-04 -1.000000000000000000e+00 -1.039356749656200792e-03 -5.180739634383280025e-04 9.125534912172412305e+00 1.080876053892117161e+00 1.063000705686036440e+00 1.098945642869364470e+00 0.000000000000000000e+00
6.873202768574835808e+00 1.803851747161981711e+00 -7.246798616936184689e-04 -1.000000000000000000e+00 -9.825978232587510852e-04 -4.571537111794923770e-04 7.747529945219980618e+00 1.075262046390005555e+00 1.057526778857450500e+00 1.093189580431624286e+00 0.000000000000000000e+00
6.878934402731368358e+00 1.802348750086846252e+00 -6.717318869846407477e-04 -1.000000000000000000e+00 -9.315348184127233630e-04 -4.023456037678090481e-04 6.627589498215201047e+00 1.074355108834476047e+00 1.056456185062829123e+00 1.092449824003372871e+00 0.000000000000000000e+00
6.884670816556305084e+00 1.800847005332036233e+00 -5.960780787080502711e-04 -1.000000000000000000e+00 -8.569258487765776941e-04 -3.256281556863088495e-04 5.228852049400359192e+00 1.071476568348749048e+00 1.053532684771866013e+00 1.089617843644590911e+00 0.000000000000000000e+00
6.890412014035459443e+00 1.799346511854099884e+00 -5.402451799718005531e-04 -1.000000000000000000e+00 -8.014705448228971740e-04 -2.693597725200647303e-04 4.300484927476972530e+00 1.072739421240046731e+00 1.054895010566230695e+00 1.090778873425162443e+00 0.000000000000000000e+00
6.896157999157970231e+00 1.797847268610453630e+00 -4.854885691285643285e-04 -1.000000000000000000e+00 -7.483772312644212900e-04 -2.128875102452556438e-04 3.459925227387458335e+00 1.072502163070617964e+00 1.054488754588811528e+00 1.090714409274806229e+00 0.000000000000000000e+00
6.901908775916301586e+00 1.796349274559382980e+00 -4.541499115926650606e-04 -1.000000000000000000e+00 -7.196822759620419806e-04 -1.788609423838579933e-04 2.986823412311892412e+00 1.074535045135661893e+00 1.056419245446523103e+00 1.092851339888111895e+00 0.000000000000000000e+00
6.907664348306248314e+00 1.794852528660041413e+00 -4.152743862685974387e-04 -1.000000000000000000e+00 -6.843902292016671926e-04 -1.363913647582430623e-04 2.450778426516521336e+00 1.073659191842705418e+00 1.055539473304872411e+00 1.091979685506135445e+00 0.000000000000000000e+00
6.913424720326936779e+00 1.793357029872449937e+00 -3.763619009634770795e-04 -1.000000000000000000e+00 -6.489813840363241977e-04 -9.400665523749186271e-05 1.978997261612519765e+00 1.073052237871247927e+00 1.054844622253226838e+00 1.091462813277201294e+00 0.000000000000000000e+00
6.919189895980827565e+00 1.791862777157495312e+00 -3.281124496642846269e-04 -1.000000000000000000e+00 -6.025343588863687041e-04 -4.394739490983456086e-05 1.493895009373005678e+00 1.071981110899518308e+00 1.053784882461772821e+00 1.090380097096539380e+00 0.000000000000000000e+00
6.924959879273719920e+00 1.790369769476931161e+00 -2.855166451122651298e-04 -1.000000000000000000e+00 -5.600305443390155838e-04 -1.181605047057487316e-06 1.135003950582287757e+00 1.072629534950071406e+00 1.054359466155254443e+00 1.091103798369370548e+00 0.000000000000000000e+00
6.930734674214753532e+00 1.788878005793375303e+00 -2.123615256293738161e-04 -1.000000000000000000e+00 -4.867151767730152571e-04 7.192501672507222777e-05 6.334827043298929539e-01 1.066094633488777754e+00 1.047812195660823953e+00 1.084582944611951705e+00 0.000000000000000000e+00
6.936514284816411191e+00 1.787387485070310644e+00 -1.853537554718557266e-04 -1.000000000000000000e+00 -4.600346304835864616e-04 9.934002992935679795e-05 4.824220727464023639e-01 1.065492317036463188e+00 1.047224426107170370e+00 1.083965610224277620e+00 0.000000000000000000e+00
6.942298715094520567e+00 1.785898206272082511e+00 -1.857629934000305176e-04 -1.000000000000000000e+00 -4.624334140508300217e-04 1.009473135783488012e-04 4.784740599925783044e-01 1.066926039784773295e+00 1.048557692658017793e+00 1.085501875464515376e+00 0.000000000000000000e+00
6.948087969068260428e+00 1.784410168363900873e+00 -1.873329918801174975e-04 -1.000000000000000000e+00 -4.673864115633760176e-04 1.027495884688497279e-04 4.771545959576997120e-01 1.066424087315606783e+00 1.047856339423644645e+00 1.085203901400055182e+00 0.000000000000000000e+00
6.953882050760158862e+00 1.782923370311836564e+00 -1.791856298101479085e-04 -1.000000000000000000e+00 -4.618610610157199712e-04 1.135330290757434934e-04 4.292344284854578973e-01 1.064154860678441228e+00 1.045698703387887507e+00 1.082821120572259321e+00 0.000000000000000000e+00
6.959680964196100383e+00 1.781437811082822398e+00 -1.897815545893527175e-04 -1.000000000000000000e+00 -4.737651876057713193e-04 1.042964093064358911e-04 4.774755202062692661e-01 1.067468254329439148e+00 1.048794616794633594e+00 1.086355996225885967e+00 0.000000000000000000e+00
6.965484713405325046e+00 1.779953489644652054e+00 -1.080131890317954224e-04 -1.000000000000000000e+00 -3.922407364933102117e-04 1.864380819251131027e-04 1.558621901179009228e-01 1.056062692550361781e+00 1.037412161420562917e+00 1.074928825423707046e+00 0.000000000000000000e+00
6.971293302420433768e+00 1.778470404965979412e+00 -7.465454155579854449e-05 -1.000000000000000000e+00 -3.581957685029696034e-04 2.192203335955075056e-04 7.492953380361200288e-02 1.055318660314860990e+00 1.036693511484961139e+00 1.074158964191054944e+00 0.000000000000000000e+00
6.977106735277391003e+00 1.776988556016316556e+00 -5.917096413823445697e-05 -1.000000000000000000e+00 -3.430980897959300916e-04 2.351194027696923775e-04 4.701847333085140690e-02 1.058213827864710188e+00 1.039487970685592177e+00 1.077156685693271276e+00 0.000000000000000000e+00
6.982925016015525621e+00 1.775507941766035547e+00 -1.968680006652744080e-05 -1.000000000000000000e+00 -3.053774808410023370e-04 2.763660768138996452e-04 5.161530633941424639e-03 1.055852945605128212e+00 1.037252638982223862e+00 1.074667963656793734e+00 0.000000000000000000e+00
6.988748148677535355e+00 1.774028561186365982e+00 -1.675879546743481942e-05 -1.000000000000000000e+00 -3.052508433689112401e-04 2.820712688417813599e-04 3.681565033019751354e-03 1.059648768607164282e+00 1.040816290288551826e+00 1.078700475563636685e+00 0.000000000000000000e+00
6.994576137309488573e+00 1.772550413249394330e+00 -1.626368100875474570e-05 -1.000000000000000000e+00 -3.070697823919215242e-04 2.848972848634075952e-04 3.417864904946554816e-03 1.063544860293957006e+00 1.044585367515252772e+00 1.082725941453261953e+00 0.000000000000000000e+00
7.000408985960828723e+00 1.771073496928063928e+00 9.025937941316197126e-06 1.000000000000000000e+00 -2.831098320797302342e-04 3.115945471797601052e-04 1.045904934599661829e-03 1.062985133916897862e+00 1.044034754215274141e+00 1.082156857185011090e+00 0.000000000000000000e+00
7.006246698684376106e+00 1.769597811196173431e+00 5.549454066093398601e-05 1.000000000000000000e+00 -2.375519911530565636e-04 3.590930311189549054e-04 3.950869329960937648e-02 1.058924854835076035e+00 1.039928114400748171e+00 1.078144600278533316e+00 0.000000000000000000e+00
7.012089279536330544e+00 1.768123355028376364e+00 8.609712176073446943e-05 1.000000000000000000e+00 -2.076945433607776980e-04 3.905641886857668635e-04 9.484697027068023090e-02 1.058256825788028488e+00 1.039275974417188886e+00 1.077460331622392076e+00 0.000000000000000000e+00
7.017936732576273151e+00 1.766650127400181791e+00 1.654573663830823051e-04 1.000000000000000000e+00 -1.306749216748437890e-04 4.723207903147210330e-04 3.486091213721635995e-01 1.048806392173353697e+00 1.029817589963430979e+00 1.068019881123189796e+00 0.000000000000000000e+00
7.023789061867172556e+00 1.765178127287950538e+00 2.034601673496750317e-04 1.000000000000000000e+00 -9.535172886861504227e-05 5.129740547927698477e-04 5.208932548575688770e-01 1.047547395767764122e+00 1.028474576780311178e+00 1.066847272401964419e+00 0.000000000000000000e+00
7.029646271475383124e+00 1.763707353668898525e+00 2.405280383591165542e-04 1.000000000000000000e+00 -6.060709850691568899e-05 5.523383455094633618e-04 7.200197205188203498e-01 1.046751495182679959e+00 1.027685485464894244e+00 1.066044728703933409e+00 0.000000000000000000e+00
7.035508365470652059e+00 1.762237805521092104e+00 2.925135771491162552e-04 1.000000000000000000e+00 -1.024315811387534886e-05 6.059887604331808467e-04 1.060704936252037101e+00 1.042986758149954563e+00 1.023865877198891328e+00 1.062337013713618994e+00 0.000000000000000000e+00
7.041375347926120298e+00 1.760769481823449834e+00 3.146985500772997652e-04 1.000000000000000000e+00 1.142807429932663280e-05 6.287818948408087881e-04 1.228045051500842533e+00 1.043733076931340209e+00 1.024414008235912332e+00 1.063285944168887998e+00 0.000000000000000000e+00
7.047247222918324283e+00 1.759302381555740702e+00 3.569513211837654475e-04 1.000000000000000000e+00 5.383369920501055199e-05 6.709923157221275077e-04 1.585606490014157544e+00 1.038924012535525909e+00 1.019771721886195470e+00 1.058307072957130890e+00 0.000000000000000000e+00
7.053123994527200402e+00 1.757836503698584130e+00 3.766517668591186688e-04 1.000000000000000000e+00 7.278257553930460528e-05 6.914863603493469867e-04 1.763974699481764219e+00 1.036012608531630130e+00 1.016688906514098045e+00 1.055571996924978162e+00 0.000000000000000000e+00
7.059005666836087656e+00 1.756371847233449524e+00 3.602288502281292010e-04 1.000000000000000000e+00 5.576382728158450590e-05 6.756855281795173546e-04 1.601192517406204274e+00 1.037429278664967924e+00 1.018204739461646691e+00 1.056887019921525006e+00 0.000000000000000000e+00
7.064892243931729432e+00 1.754908411142653613e+00 3.702612385539064848e-04 1.000000000000000000e+00 6.388982408801215616e-05 6.876505516599856413e-04 1.677656672451959707e+00 1.031970000395220577e+00 1.012582507033205736e+00 1.051595602091921267e+00 0.000000000000000000e+00
7.070783729904277948e+00 1.753446194409361780e+00 3.435339263231953740e-04 1.000000000000000000e+00 3.590325451320944272e-05 6.622625200782045109e-04 1.429680484682506858e+00 1.032511106707528770e+00 1.013016177004103291e+00 1.052246566764849955e+00 0.000000000000000000e+00
7.076680128847296025e+00 1.751985196017586288e+00 3.490533252119277477e-04 1.000000000000000000e+00 4.062045196965273107e-05 6.687162818115762169e-04 1.467427914124598942e+00 1.027897163228612465e+00 1.008554216109765589e+00 1.047477787375203029e+00 0.000000000000000000e+00
7.082581444857760644e+00 1.750525414952186498e+00 3.562652846423217351e-04 1.000000000000000000e+00 4.671928129922802223e-05 6.771253969364433422e-04 1.522383764317055466e+00 1.025267287577857678e+00 1.005741527012076864e+00 1.045035510278738977e+00 0.000000000000000000e+00
7.088487682036063831e+00 1.749066850198867318e+00 3.883020204108060037e-04 1.000000000000000000e+00 7.781166322247260510e-05 7.101326210336058719e-04 1.805557488504049957e+00 1.021069886929090398e+00 1.001488977335497577e+00 1.040895628476607770e+00 0.000000000000000000e+00
7.094398844486017985e+00 1.747609500744178535e+00 4.149319844999384971e-04 1.000000000000000000e+00 1.040373893967033790e-04 7.371569920505158333e-04 2.060231365555210914e+00 1.020510326311467431e+00 1.000948018053377853e+00 1.040317374109170245e+00 0.000000000000000000e+00
7.100314936314857661e+00 1.746153365575515037e+00 4.581630112539173240e-04 1.000000000000000000e+00 1.468726185194244114e-04 7.807824798616170691e-04 2.517986499765825670e+00 1.018329041122008949e+00 9.987009647178219929e-01 1.038204317694293666e+00 0.000000000000000000e+00
7.106235961633242226e+00 1.744698443681114597e+00 4.919009169399192602e-04 1.000000000000000000e+00 1.807926469634498672e-04 8.143804911015714836e-04 2.912766870316019663e+00 1.017617998242501764e+00 9.980159718397997315e-01 1.037466995575174522e+00 0.000000000000000000e+00
7.112161924555259418e+00 1.743244734050058975e+00 5.472016119425901146e-04 1.000000000000000000e+00 2.357950078371453357e-04 8.700397084915830782e-04 3.622487999220737720e+00 1.011053787048543651e+00 9.914257155629598861e-01 1.030930995967989316e+00 0.000000000000000000e+00
7.118092829198427118e+00 1.741792235672271039e+00 5.941271666665420706e-04 1.000000000000000000e+00 2.819629326256582009e-04 9.177611577740164102e-04 4.282420527546662470e+00 1.003089328245987399e+00 9.833301692232458979e-01 1.023102837575902591e+00 0.000000000000000000e+00
7.124028679683696907e+00 1.740340947538516092e+00 5.807749514391463740e-04 1.000000000000000000e+00 2.688075901392046781e-04 9.042380934460500768e-04 4.081273184433499068e+00 1.002873803048686785e+00 9.832397729947077725e-01 1.022759411024813936e+00 0.000000000000000000e+00
7.129969480135457616e+00 1.738890868640399878e+00 5.268174646540042458e-04 1.000000000000000000e+00 2.151810512241991973e-04 8.499608459687016393e-04 3.343468378652929118e+00 1.006482842988066118e+00 9.867184534744517510e-01 1.026501431293964206e+00 0.000000000000000000e+00
7.135915234681537100e+00 1.737441997970369245e+00 4.639506679180156832e-04 1.000000000000000000e+00 1.535661544204895788e-04 7.859083839645006949e-04 2.590893659514847513e+00 1.007973610364164774e+00 9.882077770935940864e-01 1.027993263912685862e+00 0.000000000000000000e+00
7.141865947453204910e+00 1.735994334521709703e+00 3.889655449654062574e-04 1.000000000000000000e+00 8.062702503070260729e-05 7.089992340477183595e-04 1.827599988213123083e+00 1.008278340621736380e+00 9.884212319916612088e-01 1.028391735344531543e+00 0.000000000000000000e+00
7.147821622585176726e+00 1.734547877288545648e+00 3.150115678816478712e-04 1.000000000000000000e+00 9.061796706380650587e-06 6.327691159442047977e-04 1.207115012740430871e+00 1.005268104782018002e+00 9.852408920814338389e-01 1.025556726349623471e+00 0.000000000000000000e+00
7.153782264215615250e+00 1.733102625265839913e+00 1.858758490769348243e-04 1.000000000000000000e+00 -1.165169859282104046e-04 5.002437571892380010e-04 4.212382283059667998e-01 1.010106116590387071e+00 9.901715335998008127e-01 1.030298531987279942e+00 0.000000000000000000e+00
7.159747876486134643e+00 1.731658577449392222e+00 5.691140867280917353e-05 1.000000000000000000e+00 -2.432185139838257304e-04 3.691852278712913450e-04 3.939755976873016152e-02 1.012464937038909829e+00 9.923060682371133145e-01 1.032886817601943896e+00 0.000000000000000000e+00
7.165718463541802308e+00 1.730215732835839626e+00 -6.527850478518222143e-05 -1.000000000000000000e+00 -3.636820438604235857e-04 2.455483419794258983e-04 5.137402892663089915e-02 1.011799510559003856e+00 9.917752350968570552e-01 1.032083524980971223e+00 0.000000000000000000e+00
7.171694029531142434e+00 1.728774090422655174e+00 -2.098490505691552978e-04 -1.000000000000000000e+00 -5.081724216353519438e-04 1.012367703894524989e-04 5.208499792761216440e-01 1.015718358629595697e+00 9.954402909056803139e-01 1.036261350319497954e+00 0.000000000000000000e+00
7.177674578606138667e+00 1.727333649208146804e+00 -3.381898197684327935e-04 -1.000000000000000000e+00 -6.379237903924013606e-04 -2.535656226177574564e-05 1.316465115544161790e+00 1.019755232048308535e+00 9.993266255457446956e-01 1.040451360458698460e+00 0.000000000000000000e+00
7.183660114922237661e+00 1.725894408191456675e+00 -4.083284485570166282e-04 -1.000000000000000000e+00 -7.110148127706874968e-04 -9.231599368566075934e-05 1.862274472995395058e+00 1.020067514684730448e+00 9.997467929278642806e-01 1.040652654504895747e+00 0.000000000000000000e+00
7.189650642638349964e+00 1.724456366372562499e+00 -4.076577539351218700e-04 -1.000000000000000000e+00 -7.146189824494568379e-04 -8.730817186435035904e-05 1.811937009065658799e+00 1.018619120887450213e+00 9.980877961844739632e-01 1.039420903173268185e+00 0.000000000000000000e+00
7.195646165916856241e+00 1.723019522752273547e+00 -3.325988974302987239e-04 -1.000000000000000000e+00 -6.419395136544401703e-04 -9.800528297468130614e-06 1.195716932241424502e+00 1.016295396954214780e+00 9.959256332755249685e-01 1.036932713965186048e+00 0.000000000000000000e+00
7.201646688923606376e+00 1.721583876332232421e+00 -2.421960852497190373e-04 -1.000000000000000000e+00 -5.525259372984375403e-04 8.167952869333984164e-05 6.362164691051646059e-01 1.020910830692416171e+00 1.000310939056792137e+00 1.041783426257707923e+00 0.000000000000000000e+00
7.207652215827925701e+00 1.720149426114913060e+00 -8.179768802150004590e-05 -1.000000000000000000e+00 -3.933578493569271791e-04 2.434054401704279706e-04 7.334974249437209437e-02 1.015618340623047233e+00 9.949981999085700801e-01 1.036513254712639887e+00 0.000000000000000000e+00
7.213662750802614987e+00 1.718716171103621404e+00 5.391635222175813130e-05 1.000000000000000000e+00 -2.597449062524378517e-04 3.812555565466560861e-04 3.194955570218382945e-02 1.012706641100526994e+00 9.921447557007081475e-01 1.033542840139148433e+00 0.000000000000000000e+00
7.219678298023954888e+00 1.717284110302493172e+00 1.584773897556912298e-04 1.000000000000000000e+00 -1.589708996055815471e-04 4.895705105234732582e-04 2.735852513136052266e-01 1.010104189961728460e+00 9.894612067082962925e-01 1.031024727309195255e+00 0.000000000000000000e+00
7.225698861671710382e+00 1.715853242716494531e+00 2.206588398239359942e-04 1.000000000000000000e+00 -1.011111423421899569e-04 5.560322395749072539e-04 5.210617971206090715e-01 1.008796388455271531e+00 9.881582462784335164e-01 1.029712448969882788e+00 0.000000000000000000e+00
7.231724445929129885e+00 1.714423567351419875e+00 2.302381584865345382e-04 1.000000000000000000e+00 -9.535585451887900756e-05 5.694066358493478407e-04 5.562007504479140607e-01 1.010878410150341633e+00 9.900851744821265177e-01 1.031953025508638877e+00 0.000000000000000000e+00
7.237755054982951464e+00 1.712995083213891823e+00 1.968558585374764476e-04 1.000000000000000000e+00 -1.306806567535848270e-04 5.379641431302654942e-04 4.014457308441023997e-01 1.015560841193340780e+00 9.944698822076178946e-01 1.036939826033068002e+00 0.000000000000000000e+00
7.243790693023404614e+00 1.711567789311361887e+00 1.667030828305456514e-04 1.000000000000000000e+00 -1.596017542220767122e-04 5.066356884831735383e-04 2.884892932908371677e-01 1.015745718235057549e+00 9.947730175479650994e-01 1.037003148183968104e+00 0.000000000000000000e+00
7.249831364244212040e+00 1.710141684652107807e+00 1.164992237990816672e-04 1.000000000000000000e+00 -2.065038065815668342e-04 4.531933075210015658e-04 1.427800136782479967e-01 1.017264919321940519e+00 9.961702963873355632e-01 1.038647011399525200e+00 0.000000000000000000e+00
7.255877072842594977e+00 1.708716768245233997e+00 6.242292166528100750e-05 1.000000000000000000e+00 -2.565714270859192903e-04 3.952002423199873831e-04 4.172873331414450604e-02 1.017537569413537568e+00 9.962182450810299628e-01 1.039150333732090425e+00 0.000000000000000000e+00
7.261927823019274086e+00 1.707293039100669763e+00 -5.678681385360426991e-06 -1.000000000000000000e+00 -3.207398406184854716e-04 3.233068851033297510e-04 3.494973440609783211e-04 1.018402063190504192e+00 9.972093233346667196e-01 1.039884512476377143e+00 0.000000000000000000e+00
7.267983618978473004e+00 1.705870496229170197e+00 -8.110853043334952984e-05 -1.000000000000000000e+00 -3.948884105509385461e-04 2.466827146348209046e-04 7.126991394724768725e-02 1.018620302233948616e+00 9.971804690683072625e-01 1.040356250686111039e+00 0.000000000000000000e+00
7.274044464927921894e+00 1.704449138642313732e+00 -1.692994971757678740e-04 -1.000000000000000000e+00 -4.832705611789532953e-04 1.587311722679652010e-04 3.063791937216251426e-01 1.020438451900673726e+00 9.990860158618626308e-01 1.042084016930343804e+00 0.000000000000000000e+00
7.280110365078859225e+00 1.703028965352503699e+00 -2.598153548711436387e-04 -1.000000000000000000e+00 -5.757975230806854994e-04 7.022555007849082698e-05 7.073761469292776383e-01 1.024557820254996310e+00 1.002893471754523924e+00 1.046522538453049656e+00 0.000000000000000000e+00
7.286181323646034436e+00 1.701609975372965211e+00 -2.871939811876774796e-04 -1.000000000000000000e+00 -6.046060363804235671e-04 4.437720934867978853e-05 8.533758476722255182e-01 1.022231437585952474e+00 1.000700122341685816e+00 1.044060075676068955e+00 0.000000000000000000e+00
7.292257344847713263e+00 1.700192167717745617e+00 -3.047590028274520181e-04 -1.000000000000000000e+00 -6.226474984614639892e-04 2.737701279368666158e-05 9.572194971134280195e-01 1.026662388918185176e+00 1.004841294969526899e+00 1.048787218556511025e+00 0.000000000000000000e+00
7.298338432905678630e+00 1.698775541401714717e+00 -1.998677776380761411e-04 -1.000000000000000000e+00 -5.180002534327543973e-04 1.325037312283502652e-04 4.167052415732257487e-01 1.015733825942446211e+00 9.939171429731499252e-01 1.037857685219718773e+00 0.000000000000000000e+00
7.304424592045234199e+00 1.697360095440562322e+00 -1.182371225996826979e-04 -1.000000000000000000e+00 -4.353554346804687112e-04 2.130261653467688590e-04 1.479133348025953865e-01 1.013853511477143865e+00 9.920935077027095428e-01 1.035920371652265581e+00 0.000000000000000000e+00
7.310515826495206149e+00 1.695945828850798032e+00 -3.415530931265860334e-05 -1.000000000000000000e+00 -3.506411452054142134e-04 2.964207901258075935e-04 1.251338732973295009e-02 1.011208782285050622e+00 9.893789965375430207e-01 1.033348780438295034e+00 0.000000000000000000e+00
7.316612140487947613e+00 1.694532740649751679e+00 1.918822540186121447e-05 1.000000000000000000e+00 -2.969724112987510273e-04 3.494770356440389915e-04 3.976675656360839639e-03 1.009990914837457288e+00 9.882001761093701653e-01 1.032091308865434875e+00 0.000000000000000000e+00
7.322713538259342236e+00 1.693120829855571774e+00 4.892908894205397674e-05 1.000000000000000000e+00 -2.682158315017563709e-04 3.802533582281360583e-04 2.581984134820913823e-02 1.005967867278320549e+00 9.840947212721664616e-01 1.028154482927418512e+00 0.000000000000000000e+00
7.328820024048804171e+00 1.691710095487224841e+00 -1.510888608677431942e-05 -1.000000000000000000e+00 -3.334288726789110479e-04 3.174113338062844536e-04 2.425952391675423314e-03 1.012661424582226743e+00 9.905772039900365700e-01 1.035063085890408852e+00 0.000000000000000000e+00
7.334931602099284298e+00 1.690300536564494527e+00 -9.214835172999076758e-05 -1.000000000000000000e+00 -4.116599216426806681e-04 2.416277953044892394e-04 8.871753474741694845e-02 1.014423977247489006e+00 9.923094755673710354e-01 1.036855980577298109e+00 0.000000000000000000e+00
7.341048276657271110e+00 1.688892152107981603e+00 -1.842849679190200799e-04 -1.000000000000000000e+00 -5.042643113449566880e-04 1.501217968346020397e-04 3.499940467372937292e-01 1.014438035478068434e+00 9.921747066859494257e-01 1.037022957059184902e+00 0.000000000000000000e+00
7.347170051972794269e+00 1.687484941139102412e+00 -2.947999070947741255e-04 -1.000000000000000000e+00 -6.131478490757145527e-04 3.825830629489509896e-05 8.892538570546548726e-01 1.016941456039676783e+00 9.946558672743383012e-01 1.039548113066111057e+00 0.000000000000000000e+00
7.353296932299427269e+00 1.686078902680089531e+00 -3.791405538240625434e-04 -1.000000000000000000e+00 -6.951460232054579563e-04 -4.814924483229553968e-05 1.472012671053988697e+00 1.016280413794216519e+00 9.938746181350697206e-01 1.039010438421989146e+00 0.000000000000000000e+00
7.359428921894291875e+00 1.684674035753989330e+00 -4.573494831052632740e-04 -1.000000000000000000e+00 -7.710915854543814877e-04 -1.284345873736019838e-04 2.146466886692593334e+00 1.017971165457543181e+00 9.952955153379227093e-01 1.040978409068942900e+00 0.000000000000000000e+00
7.365566025018059015e+00 1.683270339384662417e+00 -5.057775291824205457e-04 -1.000000000000000000e+00 -8.174475809539620292e-04 -1.789485470902648636e-04 2.631562486175795357e+00 1.017344216296135473e+00 9.948214706821510989e-01 1.040194779712307671e+00 0.000000000000000000e+00
7.371708245934952330e+00 1.681867812596783196e+00 -5.528133421160440252e-04 -1.000000000000000000e+00 -8.631946303742205583e-04 -2.273613367015280755e-04 3.151130801637577861e+00 1.019497390535370140e+00 9.966981572821183022e-01 1.042632352034062349e+00 0.000000000000000000e+00
7.377855588912752616e+00 1.680466454415837863e+00 -5.783586518658541094e-04 -1.000000000000000000e+00 -8.864172457391394531e-04 -2.550640569754296870e-04 3.467418909817894246e+00 1.019353860763946074e+00 9.967073509907816709e-01 1.042331819483568900e+00 0.000000000000000000e+00
7.384008058222798709e+00 1.679066263868125519e+00 -5.934916995247607350e-04 -1.000000000000000000e+00 -9.004269150523164320e-04 -2.710163333911107340e-04 3.662229944136299764e+00 1.017841562999400429e+00 9.949558776417772865e-01 1.041065662188062291e+00 0.000000000000000000e+00
7.390165658139991045e+00 1.677667239980756175e+00 -5.862722519012458344e-04 -1.000000000000000000e+00 -8.943692500450387125e-04 -2.623940346348756377e-04 3.551817378608902231e+00 1.011765655991590185e+00 9.887990915517979040e-01 1.035074681954800235e+00 0.000000000000000000e+00
7.396328392942796093e+00 1.676269381781650081e+00 -6.043813253250629762e-04 -1.000000000000000000e+00 -9.158778153018549452e-04 -2.770656432167669086e-04 3.695464735373064968e+00 1.012111015664630020e+00 9.891254360719908822e-01 1.035439529900581190e+00 0.000000000000000000e+00
7.402496266913247247e+00 1.674872688299538392e+00 -6.155433972873969621e-04 -1.000000000000000000e+00 -9.321147828005756086e-04 -2.832489150190008317e-04 3.733016761793180649e+00 1.015288330308724785e+00 9.920936063512033609e-01 1.038831288042919576e+00 0.000000000000000000e+00
7.408669284336948380e+00 1.673477158563960288e+00 -5.659894583440089376e-04 -1.000000000000000000e+00 -8.866634122112052648e-04 -2.295785546862652658e-04 3.106207677764317054e+00 1.014050939457480371e+00 9.908641630080770035e-01 1.037586125740677323e+00 0.000000000000000000e+00
7.414847449503079169e+00 1.672082791605264962e+00 -4.527865823705399194e-04 -1.000000000000000000e+00 -7.760883576064323951e-04 -1.136054580619859865e-04 1.987533094654708066e+00 1.008565758682911095e+00 9.853030449423882953e-01 1.032180817398246742e+00 0.000000000000000000e+00
7.421030766704393322e+00 1.670689586454608300e+00 -2.920764749218076640e-04 -1.000000000000000000e+00 -6.175530330079231781e-04 4.936491579053410138e-05 8.342249363283116281e-01 9.988987118486757355e-01 9.756183440454505584e-01 1.022535363751198689e+00 0.000000000000000000e+00
7.427219240237226572e+00 1.669297542143953983e+00 -1.576975622893719560e-04 -1.000000000000000000e+00 -4.854266851742263401e-04 1.860518074963063775e-04 2.439905980561576371e-01 9.957044045031823165e-01 9.724881494507195967e-01 1.019276383785514328e+00 0.000000000000000000e+00
7.433412874401496673e+00 1.667906657706072160e+00 -1.581079963610291730e-05 -1.000000000000000000e+00 -3.478060304352230099e-04 3.321602883583937133e-04 2.442854814901807003e-03 9.892021123298658791e-01 9.659152682508111987e-01 1.012849422097815921e+00 0.000000000000000000e+00
7.439611673500706956e+00 1.666516932174539223e+00 8.793557503750881147e-05 1.000000000000000000e+00 -2.488383936887346394e-04 4.406171884988268716e-04 7.456456847241099695e-02 9.867664140294108988e-01 9.635090601353601958e-01 1.010384593082522819e+00 0.000000000000000000e+00
7.445815641841948995e+00 1.665128364583736253e+00 1.758179813655703374e-04 1.000000000000000000e+00 -1.660668930498175328e-04 5.335704210957150761e-04 2.934956394106507105e-01 9.828739117753007015e-01 9.594970116587099307e-01 1.006616865358499036e+00 0.000000000000000000e+00
7.452024783735907043e+00 1.663740953968849468e+00 2.241958875654212013e-04 1.000000000000000000e+00 -1.212113555163903632e-04 5.855323055563931662e-04 4.706398381628957850e-01 9.817649857891436183e-01 9.584002329303652479e-01 1.005495793743068189e+00 0.000000000000000000e+00
7.458239103496859812e+00 1.662354699365868660e+00 2.425069652289917846e-04 1.000000000000000000e+00 -1.049084036545412896e-04 6.059887303901198173e-04 5.460970812003154151e-01 9.814173736358922095e-01 9.579021241884783100e-01 1.005303376139890847e+00 0.000000000000000000e+00
7.464458605442683137e+00 1.660969599811586539e+00 2.368759440118883516e-04 1.000000000000000000e+00 -1.111022698440123366e-04 6.010964345506285191e-04 5.197271061897197342e-01 9.807018552099524555e-01 9.569115631215415751e-01 1.004871561833895921e+00 0.000000000000000000e+00
7.470683293894854415e+00 1.659585654343599170e+00 1.741465004394064360e-04 1.000000000000000000e+00 -1.722459534245417243e-04 5.370094000133251652e-04 2.800503864089449735e-01 9.866557827487546506e-01 9.629499696721567359e-01 1.010736204659656634e+00 0.000000000000000000e+00
7.476913173178454386e+00 1.658202862000304201e+00 1.241632576803489521e-04 1.000000000000000000e+00 -2.217422250381758709e-04 4.867406959487720732e-04 1.419992265024205835e-01 9.858275548053360149e-01 9.618421957026749292e-01 1.010196408902392040e+00 0.000000000000000000e+00
7.483148247622170679e+00 1.656821221820899526e+00 3.184060228091568532e-05 1.000000000000000000e+00 -3.130100178348675481e-04 3.935599836334833981e-04 9.251941509006655906e-03 9.900162079699497131e-01 9.661223464963119012e-01 1.014288957819863057e+00 0.000000000000000000e+00
7.489388521558299594e+00 1.655440732845385288e+00 -3.960000136216833337e-05 -1.000000000000000000e+00 -3.850661202212278728e-04 3.228187985421717299e-04 1.416469574098755402e-02 9.878788984799803385e-01 9.637027314271724432e-01 1.012443635907179118e+00 0.000000000000000000e+00
7.495633999322752317e+00 1.654061394114560324e+00 -7.610944857446811057e-05 -1.000000000000000000e+00 -4.220954613178420976e-04 2.869089005689258540e-04 5.201454336693700498e-02 9.786679383062615312e-01 9.544292983624151905e-01 1.003300799354859718e+00 0.000000000000000000e+00
7.501884685255054031e+00 1.652683204670022832e+00 -1.602066308438120340e-04 -1.000000000000000000e+00 -5.043784787977693236e-04 2.011857705927129773e-04 2.296851249494835656e-01 9.806678678940503602e-01 9.564188304817842212e-01 1.005310655652580820e+00 0.000000000000000000e+00
7.508140583698349246e+00 1.651306163554170148e+00 -1.873558629177020807e-04 -1.000000000000000000e+00 -5.293504568623352271e-04 1.721159534804330370e-04 3.163718168738540726e-01 9.746152801122016651e-01 9.502934542955639996e-01 9.993351613570150560e-01 0.000000000000000000e+00
7.514401698999403578e+00 1.649930269810196748e+00 -2.342619423793995714e-04 -1.000000000000000000e+00 -5.732431818546796171e-04 1.223766113991453638e-04 4.978702948286439778e-01 9.757052352526014438e-01 9.514026456118479524e-01 1.000404969987698012e+00 0.000000000000000000e+00
7.520668035508609073e+00 1.648555522482095359e+00 -2.558128573263255558e-04 -1.000000000000000000e+00 -5.933622345917774835e-04 9.954883595332032244e-05 5.958555879105631448e-01 9.741181436449655173e-01 9.496904288260332727e-01 9.989482014513484387e-01 0.000000000000000000e+00
7.526939597579984209e+00 1.647181920614653627e+00 -2.630519360918022573e-04 -1.000000000000000000e+00 -6.003875912458245126e-04 9.223965732186797939e-05 6.281893267910163559e-01 9.710886686019351011e-01 9.468486685718238149e-01 9.957262842163756567e-01 0.000000000000000000e+00
7.533216389571179228e+00 1.645809463253457006e+00 -2.544340226268601807e-04 -1.000000000000000000e+00 -5.940986734708981250e-04 1.033152377511081712e-04 5.822058144869259877e-01 9.661339633116881043e-01 9.416518306926594528e-01 9.910236073953464508e-01 0.000000000000000000e+00
7.539498415843477019e+00 1.644438149444884756e+00 -2.569692360452689012e-04 -1.000000000000000000e+00 -5.994685207840826612e-04 1.036716109434364158e-04 5.853392524130072161e-01 9.651367533298419454e-01 9.404963159066207501e-01 9.901903801290046214e-01 0.000000000000000000e+00
7.545785680761798453e+00 1.643067978236111282e+00 -2.509110659244706185e-04 -1.000000000000000000e+00 -5.956973938941986834e-04 1.119957967931399186e-04 5.514560159222128277e-01 9.649467604494048611e-01 9.403133015275759732e-01 9.899937219109087305e-01 0.000000000000000000e+00
7.552078188694705041e+00 1.641698948675104575e+00 -2.147218594365232704e-04 -1.000000000000000000e+00 -5.608272992745945429e-04 1.495373980522310300e-04 4.030940718403996925e-01 9.615453473178828814e-01 9.368040142737874554e-01 9.867055642774934521e-01 0.000000000000000000e+00
7.558375944014398939e+00 1.640331059810627101e+00 -1.829372621128287971e-04 -1.000000000000000000e+00 -5.282679961949147702e-04 1.807563070458997618e-04 2.941532948921405932e-01 9.607527964517477148e-01 9.360534084315946801e-01 9.858700000808573449e-01 0.000000000000000000e+00
7.564678951096730941e+00 1.638964310692231585e+00 -1.428645818693999184e-04 -1.000000000000000000e+00 -4.876714975615132177e-04 2.205145636842053745e-04 1.806650267805167687e-01 9.580116259368340881e-01 9.332126824496780326e-01 9.832328840281304716e-01 0.000000000000000000e+00
7.570987214321198699e+00 1.637598700370265004e+00 -1.243942694107993626e-04 -1.000000000000000000e+00 -4.694780249410804036e-04 2.393348054296224475e-04 1.368726900739289931e-01 9.575490747629449295e-01 9.327764291332416580e-01 9.827436440425938446e-01 0.000000000000000000e+00
7.577300738070952946e+00 1.636234227895864146e+00 -1.705088128931886763e-04 -1.000000000000000000e+00 -5.169529968278242706e-04 1.944454158075338166e-04 2.538006666655121535e-01 9.669961071456756319e-01 9.419495413537547490e-01 9.924700553201349917e-01 0.000000000000000000e+00
7.583619526732800153e+00 1.634870892320956948e+00 -2.019221691333338258e-04 -1.000000000000000000e+00 -5.506249043919541133e-04 1.652357402017853220e-04 3.509918119318911067e-01 9.697836386939023834e-01 9.443974493330921094e-01 9.956079463019602560e-01 0.000000000000000000e+00
7.589943584697204315e+00 1.633508692698261822e+00 -2.509896156443935564e-04 -1.000000000000000000e+00 -5.997354810871722728e-04 1.164480349102116103e-04 5.366895219992500188e-01 9.730617023028385049e-01 9.477833362913279380e-01 9.987733677359810214e-01 0.000000000000000000e+00
7.596272916358290495e+00 1.632147628081284996e+00 -2.574180227720109285e-04 -1.000000000000000000e+00 -6.059066242798296763e-04 1.100882692740547076e-04 5.650715185854551237e-01 9.654272474142925331e-01 9.399539584282117222e-01 9.913432715589524102e-01 0.000000000000000000e+00
7.602607526113848380e+00 1.630787697524322288e+00 -2.992330941133074110e-04 -1.000000000000000000e+00 -6.453589446032044225e-04 6.632477566467516027e-05 7.649628882661829721e-01 9.634010475252084982e-01 9.381145229251478534e-01 9.891243881909194124e-01 0.000000000000000000e+00
7.608947418365335835e+00 1.629428900082457776e+00 -3.367986722436935149e-04 -1.000000000000000000e+00 -6.822624523086575363e-04 2.838512362319151093e-05 9.677666397897297657e-01 9.596458701659282831e-01 9.341112181853944429e-01 9.856271188221062962e-01 0.000000000000000000e+00
7.615292597517878903e+00 1.628071234811562906e+00 -3.937778964333170026e-04 -1.000000000000000000e+00 -7.392734543157740553e-04 -2.840100552732848773e-05 1.308834585484149216e+00 9.599934480040746010e-01 9.345931174277211095e-01 9.858355024261808985e-01 0.000000000000000000e+00
7.621643067980279795e+00 1.626714700768294497e+00 -4.413232816439591069e-04 -1.000000000000000000e+00 -7.892087383474038435e-04 -7.357728694003327474e-05 1.618084345836962257e+00 9.605203693166131096e-01 9.347922639390926491e-01 9.867014214075131573e-01 0.000000000000000000e+00
7.627998834165015118e+00 1.625359297010096737e+00 -4.573321628986506959e-04 -1.000000000000000000e+00 -8.074801767522922329e-04 -8.727960857773481252e-05 1.716051266184678070e+00 9.594080723946846190e-01 9.335158528256418675e-01 9.857595817993998200e-01 0.000000000000000000e+00
7.634359900488242090e+00 1.624005022595198744e+00 -4.441314922066979870e-04 -1.000000000000000000e+00 -7.950259389961900330e-04 -7.300272172466539975e-05 1.610239585040574184e+00 9.590123044082308201e-01 9.331416028704594412e-01 9.853413412194559351e-01 0.000000000000000000e+00
7.640726271369800315e+00 1.622651876582614117e+00 -3.799098368007600298e-04 -1.000000000000000000e+00 -7.322903089378505863e-04 -6.859031066275050794e-06 1.177563765669276563e+00 9.547825108504698344e-01 9.288103629981131482e-01 9.812178144259293688e-01 0.000000000000000000e+00
7.647097951233216229e+00 1.621299858032140939e+00 -3.025371470643365324e-04 -1.000000000000000000e+00 -6.580564637558388146e-04 7.377825051537492121e-05 7.417747495037616545e-01 9.528416369610158698e-01 9.269122993747466177e-01 9.792337888864184325e-01 0.000000000000000000e+00
7.653474944505703093e+00 1.619948966004359558e+00 -1.931041745954015178e-04 -1.000000000000000000e+00 -5.544831487353113226e-04 1.887803616467064155e-04 2.986912219259210133e-01 9.481551113860813285e-01 9.221092447277029480e-01 9.746710963166751451e-01 0.000000000000000000e+00
7.659857255618167216e+00 1.618599199560634805e+00 -8.328123462451731524e-05 -1.000000000000000000e+00 -4.498588365073024741e-04 3.035416269670301046e-04 5.494789708353664537e-02 9.454700021569225621e-01 9.194712920607375217e-01 9.719396957297612438e-01 0.000000000000000000e+00
7.666244889005210617e+00 1.617250557763112662e+00 5.149373782050579898e-07 1.000000000000000000e+00 -3.695784894957885387e-04 3.909056464186841363e-04 2.086600460415866110e-06 9.478082358831840804e-01 9.216141892779052824e-01 9.744794005640992074e-01 0.000000000000000000e+00
7.672637849105131913e+00 1.615903039674720043e+00 6.350769322073247227e-05 1.000000000000000000e+00 -3.089134402744939611e-04 4.564774794690861252e-04 3.163948526466242583e-02 9.514861432870600488e-01 9.249352936160403216e-01 9.785243176446688507e-01 0.000000000000000000e+00
7.679036140359931650e+00 1.614556644359165460e+00 1.257181090116647987e-04 1.000000000000000000e+00 -2.484823580091954334e-04 5.207726476963553917e-04 1.234927783361996489e-01 9.504912354419061682e-01 9.241235612875284833e-01 9.773400165323978817e-01 0.000000000000000000e+00
7.685439767215314077e+00 1.613211370880937023e+00 1.636662171849786616e-04 1.000000000000000000e+00 -2.142728332626673594e-04 5.625936732657867752e-04 2.068610855992858433e-01 9.487261344725357315e-01 9.220482468244095564e-01 9.758970734169052363e-01 0.000000000000000000e+00
7.691848734120691589e+00 1.611867218305303329e+00 1.597045435984621297e-04 1.000000000000000000e+00 -2.219774424808307225e-04 5.624925662575334245e-04 1.928512232620391842e-01 9.500905457656529940e-01 9.235344439954956686e-01 9.771346644265316295e-01 0.000000000000000000e+00
7.698263045529186499e+00 1.610524185698310351e+00 1.339008452639173740e-04 1.000000000000000000e+00 -2.525813255845971378e-04 5.416191767626063079e-04 1.323010907270969483e-01 9.517124245761283685e-01 9.247721260709332869e-01 9.791537454501278992e-01 0.000000000000000000e+00
7.704682705897634598e+00 1.609182272126782998e+00 9.516137364163127204e-05 1.000000000000000000e+00 -2.940976038655084327e-04 5.059653079930682626e-04 6.543618459943445487e-02 9.539045616593572197e-01 9.270768222670919823e-01 9.812277951233945306e-01 0.000000000000000000e+00
7.711107719686588702e+00 1.607841476658323998e+00 1.264759117229832949e-04 1.000000000000000000e+00 -2.658250373724136729e-04 5.406935530649134959e-04 1.146677254018158010e-01 9.429880359685117730e-01 9.159601899830625005e-01 9.705240540448576425e-01 0.000000000000000000e+00
7.717538091360320429e+00 1.606501798361312572e+00 1.124380585154092030e-04 1.000000000000000000e+00 -2.804140730046492981e-04 5.275363935011583060e-04 9.018052509330232169e-02 9.430025404969616387e-01 9.157952395470776441e-01 9.707241891219087204e-01 0.000000000000000000e+00
7.723973825386825531e+00 1.605163236304904206e+00 1.008231916893711838e-04 1.000000000000000000e+00 -2.913648263352610788e-04 5.154951933360596558e-04 7.233808991038870317e-02 9.453188992837180393e-01 9.182658407805419643e-01 9.728795611716178904e-01 0.000000000000000000e+00
7.730414926237823892e+00 1.603825789559029547e+00 1.052753116348400283e-04 1.000000000000000000e+00 -2.878077802063899499e-04 5.209387227036773715e-04 7.864866371869538852e-02 9.468538672220812025e-01 9.194502626680826074e-01 9.747776772304018733e-01 0.000000000000000000e+00
7.736861398388765743e+00 1.602489457194395728e+00 1.156753235461916080e-04 1.000000000000000000e+00 -2.782176686798660181e-04 5.322796793289331441e-04 9.439527841207961956e-02 9.486431802058792329e-01 9.213972390182849637e-01 9.764022914220403804e-01 0.000000000000000000e+00
7.743313246318833443e+00 1.601154238282482378e+00 1.319706730417478751e-04 1.000000000000000000e+00 -2.646060117188020564e-04 5.513997033861714079e-04 1.217380742222218259e-01 9.497419796108595991e-01 9.221366316432990651e-01 9.778733890044772892e-01 0.000000000000000000e+00
7.749770474510944140e+00 1.599820131895543396e+00 1.575068449769697070e-04 1.000000000000000000e+00 -2.417172065128775078e-04 5.798037258621792193e-04 1.713607063435489408e-01 9.491051471790877825e-01 9.216794893719115755e-01 9.770504292439948779e-01 0.000000000000000000e+00
7.756233087451753327e+00 1.598487137106606282e+00 1.945530829782861403e-04 1.000000000000000000e+00 -2.091374874299520867e-04 6.214942008793721603e-04 2.578700430831304402e-01 9.465805056529774664e-01 9.188302008882148764e-01 9.748644069620316932e-01 0.000000000000000000e+00
7.762701089631657503e+00 1.597155252989470364e+00 2.201223088785487462e-04 1.000000000000000000e+00 -1.873616963304463852e-04 6.510826672359834632e-04 3.246167120425695884e-01 9.475089330615984462e-01 9.199083860558034953e-01 9.756360206660501522e-01 0.000000000000000000e+00
7.769174485544799502e+00 1.595824478618706577e+00 2.277005404808344095e-04 1.000000000000000000e+00 -1.845627839982837322e-04 6.636060988264954512e-04 3.406630424714194305e-01 9.542059727258801471e-01 9.261445469044184975e-01 9.828075535003576446e-01 0.000000000000000000e+00
7.775653279689067610e+00 1.594494813069657235e+00 3.486857053515055017e-04 1.000000000000000000e+00 -6.995736223990554632e-05 7.910317446339665574e-04 7.897108170855631215e-01 9.426219093776296853e-01 9.145207155976915470e-01 9.712717878839842722e-01 0.000000000000000000e+00
7.782137476566102663e+00 1.593166255418435151e+00 4.379610274108331012e-04 1.000000000000000000e+00 1.490716362505814865e-05 8.845622298537553652e-04 1.233622843464956986e+00 9.405136983387313299e-01 9.124571823115376068e-01 9.691194793904235327e-01 0.000000000000000000e+00
7.788627080681298942e+00 1.591838804741922297e+00 5.367335608810638826e-04 1.000000000000000000e+00 1.109827995791960145e-04 9.858058782100304930e-04 1.852537037920015450e+00 9.381386133579701081e-01 9.099504997293498265e-01 9.668839514244454980e-01 0.000000000000000000e+00
7.795122096543806833e+00 1.590512460117771143e+00 6.232324840819131575e-04 1.000000000000000000e+00 1.980003959613261069e-04 1.071740845745645238e-03 2.523936895710832573e+00 9.361397850828639955e-01 9.080392446928707839e-01 9.647966310974362969e-01 0.000000000000000000e+00
7.801622528666539047e+00 1.589187220624400876e+00 6.442519947690775314e-04 1.000000000000000000e+00 2.219509368104173271e-04 1.089942681988329519e-03 2.736189752599472058e+00 9.408592870997233293e-01 9.125561494134046825e-01 9.697247270411534226e-01 0.000000000000000000e+00
7.808128381566169729e+00 1.587863085341000069e+00 6.402682586943176388e-04 1.000000000000000000e+00 2.219959096869388460e-04 1.082171188224936549e-03 2.745294999468974595e+00 9.410699445958474740e-01 9.128233034921947597e-01 9.698770601846357087e-01 0.000000000000000000e+00
7.814639659763139790e+00 1.586540053347523793e+00 5.750985997159943283e-04 1.000000000000000000e+00 1.603260870302450672e-04 1.013749550215305812e-03 2.231470506715510282e+00 9.417140416001616998e-01 9.132918739814431808e-01 9.707034128155768160e-01 0.000000000000000000e+00
7.821156367781661345e+00 1.585218123724693617e+00 4.560023542836133537e-04 1.000000000000000000e+00 4.315431272804441578e-05 8.930006538224336075e-04 1.396008899981801221e+00 9.404432753841203141e-01 9.116646067714359036e-01 9.698036485209557966e-01 0.000000000000000000e+00
7.827678510149716828e+00 1.583897295553998275e+00 2.353339978702179386e-04 1.000000000000000000e+00 -1.752785030142178823e-04 6.704812900228834284e-04 3.637937060231308806e-01 9.474222409311718884e-01 9.186911430904096676e-01 9.767276938579533274e-01 0.000000000000000000e+00
7.834206091399066985e+00 1.582577567917689887e+00 -1.360379715244104151e-05 -1.000000000000000000e+00 -4.236692670184100942e-04 4.213913505608266963e-04 1.182290274229558236e-03 9.499249726288758744e-01 9.207250274478667729e-01 9.797152391744492483e-01 0.000000000000000000e+00
7.840739116065250869e+00 1.581258939898786631e+00 -3.124404063810310773e-04 -1.000000000000000000e+00 -7.189062814830686834e-04 1.195373957280317957e-04 6.070244026754636479e-01 9.579656133360650028e-01 9.287903341309571292e-01 9.877252112356390557e-01 0.000000000000000000e+00
7.847277588687588512e+00 1.579941410581070071e+00 -5.801645189250207758e-04 -1.000000000000000000e+00 -9.804663022489898752e-04 -1.537370554790739533e-04 2.072852713529520940e+00 9.648155971097068795e-01 9.351457083493763811e-01 9.950843588557440889e-01 0.000000000000000000e+00
7.853821513809187138e+00 1.578624979049085830e+00 -7.386762323047327012e-04 -1.000000000000000000e+00 -1.127729013786063494e-03 -3.226377972872382588e-04 3.418013678195187310e+00 9.644926087143687043e-01 9.350681194706771393e-01 9.945058758402807175e-01 0.000000000000000000e+00
7.860370895976941163e+00 1.577309644388141585e+00 -8.029464261523320840e-04 -1.000000000000000000e+00 -1.181520332299502724e-03 -3.968229188763134339e-04 4.165274689976683931e+00 9.620045409447991469e-01 9.323088761447513306e-01 9.923013630928682050e-01 0.000000000000000000e+00
7.866925739741537527e+00 1.575995405684307737e+00 -8.397755750975685954e-04 -1.000000000000000000e+00 -1.210769203721631573e-03 -4.413012023869040111e-04 4.656361744979996331e+00 9.660891033835254937e-01 9.365893383597121424e-01 9.961817309747103000e-01 0.000000000000000000e+00
7.873486049657457464e+00 1.574682262024415857e+00 -8.129852027238115971e-04 -1.000000000000000000e+00 -1.183898892949084534e-03 -4.151098922291356660e-04 4.398803338573799238e+00 9.635320520720165316e-01 9.337172636892936417e-01 9.939559394086197042e-01 0.000000000000000000e+00
7.880051830282980951e+00 1.573370212496058462e+00 -7.962540769690462997e-04 -1.000000000000000000e+00 -1.168736648339122270e-03 -3.969893027290598004e-04 4.192180678431689955e+00 9.664553359608607508e-01 9.368017855953929551e-01 9.967110421175191526e-01 0.000000000000000000e+00
7.886623086180188480e+00 1.572059256187587906e+00 -7.234346460070717423e-04 -1.000000000000000000e+00 -1.100699329298998348e-03 -3.190766589076749014e-04 3.427245494545680060e+00 9.591133422903614925e-01 9.291852768743954494e-01 9.896588918372127841e-01 0.000000000000000000e+00
7.893199821914964609e+00 1.570749392188117488e+00 -6.953844937654977357e-04 -1.000000000000000000e+00 -1.077725272781297847e-03 -2.854987798901879891e-04 3.104345261426473712e+00 9.621156595832824898e-01 9.319289890169251134e-01 9.929278835566139882e-01 0.000000000000000000e+00
7.899782042057002407e+00 1.569440619587517682e+00 -6.393731418649235007e-04 -1.000000000000000000e+00 -1.028776563353156568e-03 -2.222000347567035174e-04 2.563188126394315702e+00 9.606094974592315205e-01 9.304354855182337403e-01 9.914092587454998995e-01 0.000000000000000000e+00
7.906369751179806116e+00 1.568132937476418354e+00 -5.552134065995923589e-04 -1.000000000000000000e+00 -9.531265839397833495e-04 -1.297130501089753963e-04 1.891227069171108610e+00 9.561123056027459599e-01 9.257781556563682290e-01 9.870823579693309702e-01 0.000000000000000000e+00
7.912962953860692039e+00 1.566826344946206540e+00 -4.639888589802603240e-04 -1.000000000000000000e+00 -8.678105766128053553e-04 -3.274380578067824640e-05 1.304151575959558329e+00 9.537918976158319406e-01 9.235042911292390411e-01 9.847159312186516411e-01 0.000000000000000000e+00
7.919561654680794760e+00 1.565520841089027337e+00 -3.666518659473971863e-04 -1.000000000000000000e+00 -7.733548876759269814e-04 6.769010360898280012e-05 8.142347901986397574e-01 9.522242219217303960e-01 9.217812250207298996e-01 9.833115072084956942e-01 0.000000000000000000e+00
7.926165858225068916e+00 1.564216424997781019e+00 -2.723661485145133102e-04 -1.000000000000000000e+00 -6.799376081247558799e-04 1.633616967348922706e-04 4.516725750370724768e-01 9.498758742708868219e-01 9.195174557388026138e-01 9.808762939645840895e-01 0.000000000000000000e+00
7.932775569082291867e+00 1.562913095766124583e+00 -1.964592379073250088e-04 -1.000000000000000000e+00 -6.064407684964033150e-04 2.421182961860467869e-04 2.347326423879323443e-01 9.468752720153000846e-01 9.163783197461126129e-01 9.780215494840008850e-01 0.000000000000000000e+00
7.939390791845069018e+00 1.561610852488469980e+00 -1.570470887449338759e-04 -1.000000000000000000e+00 -5.716444185092259224e-04 2.864126079003168849e-04 1.476254949150899165e-01 9.458881585130625158e-01 9.154100375022921066e-01 9.770154562299144807e-01 0.000000000000000000e+00
7.946011531109834714e+00 1.560309694259983226e+00 -1.609856224280674657e-04 -1.000000000000000000e+00 -5.829839844063824982e-04 2.899892468634531189e-04 1.503599038881020533e-01 9.490877093800105246e-01 9.183168297192880747e-01 9.805177811959079337e-01 0.000000000000000000e+00
7.952637791476856677e+00 1.559009620176584621e+00 -1.975654315825649569e-04 -1.000000000000000000e+00 -6.282457166411397004e-04 2.623072330330199989e-04 2.177622823344833591e-01 9.564868492085186746e-01 9.251427184061020714e-01 9.885088108722720479e-01 0.000000000000000000e+00
7.959269577550237784e+00 1.557710629334948083e+00 -1.943492801396587498e-04 -1.000000000000000000e+00 -6.325723821731564847e-04 2.737339154311445874e-04 2.036988283041623049e-01 9.574138247287687919e-01 9.262238563925498935e-01 9.892730616644669350e-01 0.000000000000000000e+00
7.965906893937922284e+00 1.556412720832499597e+00 -1.195725335651735431e-04 -1.000000000000000000e+00 -5.664754894501034801e-04 3.579392376138746919e-04 7.527667416808725420e-02 9.499641616619802775e-01 9.184526447674479233e-01 9.821617341685674463e-01 0.000000000000000000e+00
7.972549745251694908e+00 1.555115893767417656e+00 -2.790290307001608053e-05 -1.000000000000000000e+00 -4.818593250799468029e-04 4.571473440449332548e-04 4.017305397304937742e-03 9.471673040703330049e-01 9.159109357821723085e-01 9.791004975482865413e-01 0.000000000000000000e+00
7.979198136107187977e+00 1.553820147238631932e+00 1.112707725496124003e-04 1.000000000000000000e+00 -3.515660549978065898e-04 6.051894950012590667e-04 6.287734016694912498e-02 9.432820521525995261e-01 9.116882371997634404e-01 9.755709684449122010e-01 0.000000000000000000e+00
7.985852071123881402e+00 1.552525480345822828e+00 2.666431847598395907e-04 1.000000000000000000e+00 -2.033182047372223138e-04 7.676757358612485609e-04 3.564993168376986432e-01 9.420871086434460251e-01 9.107608852747418604e-01 9.740995697233384432e-01 0.000000000000000000e+00
7.992511554925108008e+00 1.551231892189421036e+00 4.299393804999751198e-04 1.000000000000000000e+00 -4.753081010262463118e-05 9.386473603658219544e-04 9.183339458359540686e-01 9.411866142982899808e-01 9.095025032804736620e-01 9.735740610829951569e-01 0.000000000000000000e+00
7.999176592138056208e+00 1.549939381870606869e+00 6.130527464195520328e-04 1.000000000000000000e+00 1.290988353362761869e-04 1.128666507796155776e-03 1.855899523751098457e+00 9.340000973629554171e-01 9.026793436215011512e-01 9.660139320291760701e-01 0.000000000000000000e+00
