# OBJ_NAME=4U1705-44
#         GRID_START=6.00
#         GRID_END=8.00
#         GRID_STEP_FRACTION=0.50
#         XSPEC_FITSTAT=cstat
#         XSPEC_CONTINUUM_MODEL=tbabs*(bbodyrad + pow)*constant
#         XSPEC_LINE_MODEL=gauss
#         LINE_VELOCITY_WIDTH=500
#         INPUT_FILE=/home/simon/Downloads/tgcat/obs_1923_tgid_3674/pm_heg_abs1.pha
#         SEARCH_MODE=Sliding window
#         FIT_REGION_WIDTH=30.00
#         RUNTIME=69
#         COLUMN_NAMES=ENERGY,WAVELENGTH,NORM,NORM_SIGN,NORM_ERR_LO,NORM_ERR_HI,DELTA_FITSTAT,CONSTANT_FACTOR,CONSTANT_FACTOR_ERR_LO,CONSTANT_FACTOR_ERR_HI,FIT_ERR
6.000000000000000000e+00 2.066373137115381287e+00 2.750639653856214650e-04 1.000000000000000000e+00 1.419253863846583119e-04 4.100552022138385455e-04 4.786523923652595158e+00 1.079152255464253196e+00 1.072294984124767314e+00 1.086052126710430388e+00 0.000000000000000000e+00
6.005003461427972589e+00 2.064651403172383937e+00 2.980203989075750725e-04 1.000000000000000000e+00 1.646037159262038008e-04 4.332966296678724284e-04 5.614273916659385577e+00 1.078663170621886103e+00 1.071745871365535896e+00 1.085623814860738667e+00 0.000000000000000000e+00
6.010011095293655181e+00 2.062931103804642063e+00 2.891039187227341465e-04 1.000000000000000000e+00 1.557394187233952928e-04 4.243323374467049399e-04 5.275337032715015084e+00 1.079095191792610597e+00 1.072215378493653226e+00 1.086017951250536795e+00 0.000000000000000000e+00
6.015022905076486737e+00 2.061212237816845594e+00 2.498022390127244662e-04 1.000000000000000000e+00 1.165690002730503420e-04 3.848981899371752002e-04 3.933180928794627107e+00 1.079957316536898304e+00 1.073047443535182000e+00 1.086910411486110783e+00 0.000000000000000000e+00
6.020038894258807005e+00 2.059494804014679215e+00 1.790914478230831513e-04 1.000000000000000000e+00 4.624821443133351074e-05 3.137943031391489260e-04 2.022575196770958428e+00 1.082487622294395768e+00 1.075503470198390765e+00 1.089515651315494216e+00 0.000000000000000000e+00
6.025059066325860080e+00 2.057778801204824592e+00 9.595378404797616869e-05 1.000000000000000000e+00 -3.608303836995173353e-05 2.298485302137968033e-04 5.831421213297289796e-01 1.085524283830970882e+00 1.078502893630610471e+00 1.092589995956412485e+00 0.000000000000000000e+00
6.030083424765796174e+00 2.056064228194956822e+00 2.377900263622988170e-05 1.000000000000000000e+00 -1.071207549338313138e-04 1.565338047785489102e-04 3.612149391938146437e-02 1.087422525212594859e+00 1.080433122838687643e+00 1.094455712939984560e+00 0.000000000000000000e+00
6.035111973069674285e+00 2.054351083793744426e+00 -2.748538110385573033e-05 -1.000000000000000000e+00 -1.574375116975329687e-04 1.043129192655908134e-04 4.878225207539799158e-02 1.088258940674253550e+00 1.081201927709089627e+00 1.095360547873020174e+00 0.000000000000000000e+00
6.040144714731465747e+00 2.052639366810848021e+00 -6.029644782879214980e-05 -1.000000000000000000e+00 -1.894134347380251309e-04 7.065857208938729694e-05 2.370930638089703280e-01 1.089299512664481773e+00 1.082214457678899899e+00 1.096429588631742114e+00 0.000000000000000000e+00
6.045181653248054232e+00 2.050929076056921652e+00 -6.880046679159153734e-05 -1.000000000000000000e+00 -1.973144366176486674e-04 6.154470388676890470e-05 3.109315716910714400e-01 1.089578275534375473e+00 1.082532335198284068e+00 1.096668694752779283e+00 0.000000000000000000e+00
6.050222792119239301e+00 2.049220210343609683e+00 -5.358747841472181317e-05 -1.000000000000000000e+00 -1.820827339271150142e-04 7.672934863557013727e-05 1.893893471633418812e-01 1.088791920663650714e+00 1.081683706482384988e+00 1.095945403574771770e+00 0.000000000000000000e+00
6.055268134847740846e+00 2.047512768483544576e+00 -3.897806514492185154e-05 -1.000000000000000000e+00 -1.676236346487441930e-04 9.148218155409938018e-05 1.002119777258485556e-01 1.090595781601247261e+00 1.083457502324675081e+00 1.097779549707644131e+00 0.000000000000000000e+00
6.060317684939197314e+00 2.045806749290351334e+00 -6.721921765040446708e-06 -1.000000000000000000e+00 -1.357083509798903968e-04 1.240739478972042130e-04 2.977728536279755645e-03 1.091148409072768999e+00 1.083984536981449143e+00 1.098358173206280375e+00 0.000000000000000000e+00
6.065371445902172809e+00 2.044102151578641724e+00 3.888320809529280836e-05 1.000000000000000000e+00 -9.045192157266246651e-05 1.700228601942713419e-04 9.960091958737393725e-02 1.090346317313538371e+00 1.083185055987221812e+00 1.097553416560753448e+00 0.000000000000000000e+00
6.070429421248155322e+00 2.042398974164015168e+00 7.746412129664615083e-05 1.000000000000000000e+00 -5.215267746254714537e-05 2.088808705240298067e-04 3.954350585054271505e-01 1.090660471905740447e+00 1.083476472140714630e+00 1.097890650815437352e+00 0.000000000000000000e+00
6.075491614491562942e+00 2.040697215863058300e+00 1.134616791882676694e-04 1.000000000000000000e+00 -1.633753262691885059e-05 2.450596718901387402e-04 8.495330811833810003e-01 1.090159700289135447e+00 1.082956142339707162e+00 1.097409760447791038e+00 0.000000000000000000e+00
6.080558029149742971e+00 2.038996875493343186e+00 1.362527905007081144e-04 1.000000000000000000e+00 6.351470527270392831e-06 2.679560570978669828e-04 1.225804029381833971e+00 1.089757185740363843e+00 1.082556253857254180e+00 1.097004632851384276e+00 0.000000000000000000e+00
6.085628668742976366e+00 2.037297951873428659e+00 1.313804395168609274e-04 1.000000000000000000e+00 1.305399844245497352e-06 2.632620616353101382e-04 1.136481559762188454e+00 1.091570268764001650e+00 1.084342169838370173e+00 1.098845004880515175e+00 0.000000000000000000e+00
6.090703536794479511e+00 2.035600443822857208e+00 1.174772691398393894e-04 1.000000000000000000e+00 -1.288040392220656677e-05 2.496454171153644373e-04 9.039208300869177037e-01 1.092526941120024686e+00 1.085274137125683325e+00 1.099826678910666544e+00 0.000000000000000000e+00
6.095782636830406886e+00 2.033904350162153651e+00 1.040382363213736256e-04 1.000000000000000000e+00 -2.667792566235384474e-05 2.365662044279669704e-04 7.053651591845664370e-01 1.091624068006157966e+00 1.084309256632209228e+00 1.098986723596677040e+00 0.000000000000000000e+00
6.100865972379854618e+00 2.032209669712826461e+00 8.213857288059462540e-05 1.000000000000000000e+00 -4.849740552967427389e-05 2.145946736090361708e-04 4.384598328606443829e-01 1.091216060958884126e+00 1.083947725750287638e+00 1.098531620631575390e+00 0.000000000000000000e+00
6.105953546974859592e+00 2.030516401297367324e+00 4.809163244649020911e-05 1.000000000000000000e+00 -8.238744257573732519e-05 1.804036934729668631e-04 1.502537302676500985e-01 1.092595143358522813e+00 1.085260885474847559e+00 1.099977427204274827e+00 0.000000000000000000e+00
6.111045364150406556e+00 2.028824543739246700e+00 3.453238520179758816e-06 1.000000000000000000e+00 -1.267446469537888585e-04 1.355001431122972817e-04 7.739609209238551557e-04 1.095943097615791118e+00 1.088581899921552631e+00 1.103352581470596006e+00 0.000000000000000000e+00
6.116141427444425460e+00 2.027134095862917373e+00 -3.653688800990421358e-05 -1.000000000000000000e+00 -1.666327615574814103e-04 9.541938773408498078e-05 8.621599906155097415e-02 1.099021431096996348e+00 1.091696668560132144e+00 1.106393697019507405e+00 0.000000000000000000e+00
6.121241740397799447e+00 2.025445056493809570e+00 -5.543241680606934141e-05 -1.000000000000000000e+00 -1.860265113801037060e-04 7.702541289424460775e-05 1.968699898861814290e-01 1.099686457128093098e+00 1.092296789261200329e+00 1.107124611892053245e+00 0.000000000000000000e+00
6.126346306554362187e+00 2.023757424458334508e+00 -6.282872592661179303e-05 -1.000000000000000000e+00 -1.939854137050097099e-04 7.019930020991559853e-05 2.506413356177290552e-01 1.100728163804907345e+00 1.093318019699844879e+00 1.108186834282719246e+00 0.000000000000000000e+00
6.131455129460903208e+00 2.022071198583879958e+00 -5.269694974936805040e-05 -1.000000000000000000e+00 -1.843745577598073144e-04 8.086464980479939556e-05 1.750988639237220923e-01 1.102016502609679982e+00 1.094588189295866654e+00 1.109493571279672741e+00 0.000000000000000000e+00
6.136568212667169675e+00 2.020386377698810687e+00 -1.133964775477327929e-05 -1.000000000000000000e+00 -1.435145439165155280e-04 1.227319101598649297e-04 8.075744767211290309e-03 1.101271083081526436e+00 1.093848621264567722e+00 1.108742246767876027e+00 0.000000000000000000e+00
6.141685559725869936e+00 2.018702960632467569e+00 4.369841770473828469e-05 1.000000000000000000e+00 -8.907608339216510694e-05 1.783785351309013210e-04 1.194835203086768161e-01 1.100692339779131945e+00 1.093261124507068027e+00 1.108172419197678282e+00 0.000000000000000000e+00
6.146807174192673529e+00 2.017020946215167587e+00 1.029785153119544463e-04 1.000000000000000000e+00 -3.054288098477312243e-05 2.384129518222961039e-04 6.599616620324013638e-01 1.100515616135452568e+00 1.093075091088926198e+00 1.108005214252354431e+00 0.000000000000000000e+00
6.151933059626216505e+00 2.015340333278202056e+00 1.653034114232342935e-04 1.000000000000000000e+00 3.090979771285323687e-05 3.016179347982401809e-04 1.688382476415426936e+00 1.099427982130941839e+00 1.091994664718267227e+00 1.106910427771139238e+00 0.000000000000000000e+00
6.157063219588101433e+00 2.013661120653835290e+00 2.105958779753241148e-04 1.000000000000000000e+00 7.532595784114749045e-05 3.477935670284898039e-04 2.716376338129066426e+00 1.099559707375022732e+00 1.092116012847956341e+00 1.107052637910939774e+00 0.000000000000000000e+00
6.162197657642900950e+00 2.011983307175305935e+00 2.274443799205425217e-04 1.000000000000000000e+00 9.148803731835993881e-05 3.653401785215470684e-04 3.139071908676214662e+00 1.101689796301734026e+00 1.094229985024625984e+00 1.109198996924693148e+00 0.000000000000000000e+00
6.167336377358160426e+00 2.010306891676824304e+00 2.231275655082087762e-04 1.000000000000000000e+00 8.658623043197652002e-05 3.616296337635303468e-04 2.993972691018825572e+00 1.103569143524652407e+00 1.096047088482073661e+00 1.111141385418520366e+00 0.000000000000000000e+00
6.172479382304400630e+00 2.008631872993570600e+00 1.880551895988413075e-04 1.000000000000000000e+00 5.118762474141553827e-05 3.269203664920253879e-04 2.102565644141122903e+00 1.106405816231066819e+00 1.098927550658802099e+00 1.113933420661842533e+00 0.000000000000000000e+00
6.177626676055119503e+00 2.006958249961698471e+00 1.300725606410394093e-04 1.000000000000000000e+00 -7.500886021563808476e-06 2.696825151269425505e-04 9.895632075576941133e-01 1.109032630087455784e+00 1.101487260278447344e+00 1.116628046360006010e+00 0.000000000000000000e+00
6.182778262186794827e+00 2.005286021418328790e+00 5.736235718248692005e-05 1.000000000000000000e+00 -8.113929111660552309e-05 1.979402615394937760e-04 1.882936183578749478e-01 1.111129407405421432e+00 1.103563740436620533e+00 1.118745405663488013e+00 0.000000000000000000e+00
6.187934144278887771e+00 2.003615186201552323e+00 -1.882315867440784748e-05 -1.000000000000000000e+00 -1.582767682727258469e-04 1.227432635439310363e-04 1.979962344694286003e-02 1.112823267334033916e+00 1.105301058034249273e+00 1.120395182085729191e+00 0.000000000000000000e+00
6.193094325913842901e+00 2.001945743150427948e+00 -8.173016869123076204e-05 -1.000000000000000000e+00 -2.220713266069592059e-04 6.074920279506846850e-05 3.664831371693253459e-01 1.113908820135727007e+00 1.106320231327964088e+00 1.121547928905265223e+00 0.000000000000000000e+00
6.198258810677093500e+00 2.000277691104981770e+00 -1.306967158704177374e-04 -1.000000000000000000e+00 -2.711400110479559081e-04 1.190511184408820570e-05 9.299676248197101813e-01 1.116476685134035973e+00 1.108867361386892902e+00 1.124136657654071891e+00 0.000000000000000000e+00
6.203427602157062459e+00 1.998611028906206677e+00 -1.411799213146265977e-04 -1.000000000000000000e+00 -2.810059304484093705e-04 8.236333786931370089e-07 1.089880361656469177e+00 1.116742049164030526e+00 1.109186832581265492e+00 1.124347168838089051e+00 0.000000000000000000e+00
6.208600703945164057e+00 1.996945755396060118e+00 -1.470380721838541061e-04 -1.000000000000000000e+00 -2.862141843181901808e-04 -5.677339472217013102e-06 1.192080426446864294e+00 1.119120901948157387e+00 1.111498846661282958e+00 1.126793701899984512e+00 0.000000000000000000e+00
6.213778119635809283e+00 1.995281869417466547e+00 -1.334968827081880484e-04 -1.000000000000000000e+00 -2.722689636858757712e-04 7.451884424619620697e-06 9.893747181481558073e-01 1.118841822272170328e+00 1.111207767362692556e+00 1.126526842744741241e+00 0.000000000000000000e+00
6.218959852826404955e+00 1.993619369814312314e+00 -1.361562218023700790e-04 -1.000000000000000000e+00 -2.747847000260781507e-04 4.628794887336762755e-06 1.031421666472425613e+00 1.120544036778373664e+00 1.112889502945579645e+00 1.128249823880541403e+00 0.000000000000000000e+00
6.224145907117359044e+00 1.991958255431448777e+00 -1.389812825969424456e-04 -1.000000000000000000e+00 -2.774404031407129239e-04 1.619740316138564484e-06 1.077153899542310000e+00 1.120593953386668229e+00 1.112939033911713782e+00 1.128300015522657018e+00 0.000000000000000000e+00
6.229336286112081567e+00 1.990298525114688521e+00 -1.667080937804432130e-04 -1.000000000000000000e+00 -3.046800822207575360e-04 -2.659375894103132524e-05 1.555853645350907755e+00 1.123219474873506041e+00 1.115541609633929232e+00 1.130948775295358644e+00 0.000000000000000000e+00
6.234530993416986355e+00 1.988640177710806478e+00 -1.962914232758905422e-04 -1.000000000000000000e+00 -3.337239601303656914e-04 -5.670762087105611659e-05 2.168820507345571968e+00 1.124390923348397520e+00 1.116644359032362033e+00 1.132189790525568007e+00 0.000000000000000000e+00
6.239730032641496393e+00 1.986983212067538140e+00 -2.341490009715553936e-04 -1.000000000000000000e+00 -3.710185128324863606e-04 -9.511941324837137651e-05 3.093115810415383748e+00 1.125609351798321445e+00 1.117910041244696950e+00 1.133360180330323708e+00 0.000000000000000000e+00
6.244933407398043812e+00 1.985327627033580011e+00 -2.825927581929053444e-04 -1.000000000000000000e+00 -4.193464693170564830e-04 -1.436827788394577816e-04 4.491922979262682247e+00 1.128190801609411320e+00 1.120467173933344496e+00 1.135966099310059763e+00 0.000000000000000000e+00
6.250141121302072555e+00 1.983673421458586272e+00 -3.145185004443661362e-04 -1.000000000000000000e+00 -4.514616734063339569e-04 -1.754278193981504590e-04 5.542936439358101097e+00 1.128819287332352372e+00 1.121025548599506427e+00 1.136665744866334649e+00 0.000000000000000000e+00
6.255353177972041934e+00 1.982020594193170782e+00 -3.324702219948758985e-04 -1.000000000000000000e+00 -4.692375245998869210e-04 -1.935519336716060436e-04 6.189499274890778224e+00 1.129628521505583238e+00 1.121883464399094699e+00 1.137425517066794622e+00 0.000000000000000000e+00
6.260569581029430175e+00 1.980369144088905076e+00 -3.241040295496433032e-04 -1.000000000000000000e+00 -4.606593216809730731e-04 -1.853889886212415467e-04 5.904167560421257122e+00 1.129196424516030417e+00 1.121441090836405197e+00 1.137003716617265958e+00 0.000000000000000000e+00
6.265790334098732650e+00 1.978719069998317037e+00 -3.068122150771492897e-04 -1.000000000000000000e+00 -4.433194499115132798e-04 -1.681471983445396057e-04 5.311306603545745020e+00 1.130204042396680597e+00 1.122381940678462087e+00 1.138079175134132814e+00 0.000000000000000000e+00
6.271015440807469865e+00 1.977070370774890451e+00 -2.911230360802459526e-04 -1.000000000000000000e+00 -4.277180030298053564e-04 -1.523822848602546937e-04 4.785694421864718606e+00 1.133514447332256703e+00 1.125670582979549472e+00 1.141411412704950168e+00 0.000000000000000000e+00
6.276244904786186574e+00 1.975423045273065226e+00 -2.475064140439864726e-04 -1.000000000000000000e+00 -3.844473370429961063e-04 -1.084293918823544763e-04 3.459931761492498481e+00 1.132761679075333872e+00 1.124920217168624115e+00 1.140656314029255158e+00 0.000000000000000000e+00
6.281478729668454442e+00 1.973777092348234952e+00 -2.119894548041337994e-04 -1.000000000000000000e+00 -3.493182750321531852e-04 -7.252736700227174500e-05 2.535284584952478326e+00 1.133619260791029149e+00 1.125763814082884950e+00 1.141527802149085558e+00 0.000000000000000000e+00
6.286716919090875599e+00 1.972132510856748011e+00 -1.731485784363204379e-04 -1.000000000000000000e+00 -3.108965924026121670e-04 -3.326867749232632595e-05 1.689297249367882614e+00 1.133423465110524164e+00 1.125558788839711832e+00 1.141341599137130070e+00 0.000000000000000000e+00
6.291959476693084419e+00 1.970489299655904469e+00 -1.363530438575077952e-04 -1.000000000000000000e+00 -2.745100670002014473e-04 3.932882201152572855e-06 1.046077595985480002e+00 1.132782809368017896e+00 1.124919529021141562e+00 1.140699551799458034e+00 0.000000000000000000e+00
6.297206406117751065e+00 1.968847457603957185e+00 -1.083589069395096395e-04 -1.000000000000000000e+00 -2.468784041279966008e-04 3.228614378417852865e-05 6.595742369981962838e-01 1.132743289551642496e+00 1.124870998576923631e+00 1.140669069867920937e+00 0.000000000000000000e+00
6.302457711010582386e+00 1.967206983560110700e+00 -9.746928922332755011e-05 -1.000000000000000000e+00 -2.362119995269474076e-04 4.339762659043829918e-05 5.327516251190900221e-01 1.134731813349287854e+00 1.126844950978977078e+00 1.142672233862950026e+00 0.000000000000000000e+00
6.307713395020327241e+00 1.965567876384518575e+00 -7.957007735522205307e-05 -1.000000000000000000e+00 -2.184820803893556672e-04 6.146867920586582745e-05 3.549198667728887813e-01 1.134418451221304247e+00 1.126532449127606306e+00 1.142358133630746675e+00 0.000000000000000000e+00
6.312973461798775610e+00 1.963930134938285832e+00 -8.255447919650406080e-05 -1.000000000000000000e+00 -2.215713573543986732e-04 5.859077988069797771e-05 3.814187151083388017e-01 1.136958727706091743e+00 1.129057174693951282e+00 1.144914080897279307e+00 0.000000000000000000e+00
6.318237915000763039e+00 1.962293758083465844e+00 -7.274569155019432935e-05 -1.000000000000000000e+00 -2.120686243283725729e-04 6.870459187448359933e-05 2.957602965452679200e-01 1.136631192758134290e+00 1.128665882260254882e+00 1.144650926689212644e+00 0.000000000000000000e+00
6.323506758284172413e+00 1.960658744683059451e+00 -8.234546763317392235e-05 -1.000000000000000000e+00 -2.217287104116315148e-04 5.916574801834163756e-05 3.777820532845908019e-01 1.139760077748984690e+00 1.131840702751492733e+00 1.147733322812152013e+00 0.000000000000000000e+00
6.328779995309938400e+00 1.959025093601015399e+00 -6.793439050233424862e-05 -1.000000000000000000e+00 -2.075593968224970719e-04 7.381836950328073252e-05 2.567688712679228047e-01 1.139132590499350117e+00 1.131208108985461092e+00 1.147111033098814570e+00 0.000000000000000000e+00
6.334057629742047446e+00 1.957392803702229900e+00 -4.825335037706891822e-05 -1.000000000000000000e+00 -1.881589681896317216e-04 9.377686412984461610e-05 1.295421310237543366e-01 1.138462415334216882e+00 1.130476003918622574e+00 1.146503640408433444e+00 0.000000000000000000e+00
6.339339665247542221e+00 1.955761873852543076e+00 -3.149156572082526114e-05 -1.000000000000000000e+00 -1.713180071488632904e-04 1.104569685340362303e-04 5.525504486286081374e-02 1.139074301772799336e+00 1.131143790097741464e+00 1.147058744433919086e+00 0.000000000000000000e+00
6.344626105496522506e+00 1.954132302918741848e+00 -2.314979314471480047e-05 -1.000000000000000000e+00 -1.628396549267847242e-04 1.186570152186119329e-04 2.993965574160029064e-02 1.141286625973488622e+00 1.133343129523994852e+00 1.149284093682314101e+00 0.000000000000000000e+00
6.349916954162148741e+00 1.952504089768555939e+00 -9.982565153995229037e-06 -1.000000000000000000e+00 -1.495814788974542749e-04 1.317293953458856931e-04 5.589281755874253577e-03 1.141748825241890586e+00 1.133740564486901414e+00 1.149811950981360686e+00 0.000000000000000000e+00
6.355212214920644698e+00 1.950877233270659206e+00 -2.367929686582843335e-05 -1.000000000000000000e+00 -1.630613203698135936e-04 1.178154295541993082e-04 3.149530062319172430e-02 1.145386697846550339e+00 1.137359042344975757e+00 1.153469407693092252e+00 0.000000000000000000e+00
6.360511891451300137e+00 1.949251732294668749e+00 -2.759158117564399431e-05 -1.000000000000000000e+00 -1.670046404515563741e-04 1.139371367232088351e-04 4.273401860837111599e-02 1.145457801230375328e+00 1.137428944384641039e+00 1.153541601507563685e+00 0.000000000000000000e+00
6.365815987436472589e+00 1.947627585711142251e+00 -5.295304569222911346e-05 -1.000000000000000000e+00 -1.926408718936144346e-04 8.885535126902530329e-05 1.564717449550698802e-01 1.148490450837846621e+00 1.140440030775909941e+00 1.156595851135077124e+00 0.000000000000000000e+00
6.371124506561590906e+00 1.946004792391578420e+00 -7.926128335923336081e-05 -1.000000000000000000e+00 -2.194790176682966392e-04 6.308071288442661955e-05 3.473289362909781630e-01 1.152524093387188753e+00 1.144447202923741358e+00 1.160656373128788887e+00 0.000000000000000000e+00
6.376437452515156146e+00 1.944383351208418098e+00 -6.525601263111132613e-05 -1.000000000000000000e+00 -2.061853543010149100e-04 7.779553264462604734e-05 2.336707159574871184e-01 1.152270258435861505e+00 1.144190413916956528e+00 1.160405413999628488e+00 0.000000000000000000e+00
6.381754828988746020e+00 1.942763261035039601e+00 -3.344653101190228048e-05 -1.000000000000000000e+00 -1.748911487085486115e-04 1.101108278568350464e-04 6.119065664506706526e-02 1.153122505394120978e+00 1.145028800968877380e+00 1.161271693926940518e+00 0.000000000000000000e+00
6.387076639677015777e+00 1.941144520745761159e+00 1.181457289771094077e-05 1.000000000000000000e+00 -1.297215580135299825e-04 1.554564528809372842e-04 7.659805343337211525e-03 1.155456758517428240e+00 1.147347189666729550e+00 1.163621905117148358e+00 0.000000000000000000e+00
6.392402888277703532e+00 1.939527129215838475e+00 8.739464320992826893e-05 1.000000000000000000e+00 -5.402223182231049908e-05 2.309154529710192758e-04 4.228584468037297484e-01 1.154073948234027203e+00 1.145973076812154101e+00 1.162230279091717167e+00 0.000000000000000000e+00
6.397733578491629380e+00 1.937911085321463833e+00 1.475195938609794434e-04 1.000000000000000000e+00 6.179949564231318471e-06 2.909580234122474164e-04 1.213350983021882712e+00 1.154269706414694951e+00 1.146161029542907661e+00 1.162434035531536347e+00 0.000000000000000000e+00
6.403068714022700725e+00 1.936296387939767438e+00 1.928694588457257101e-04 1.000000000000000000e+00 5.123914776699155650e-05 3.365858566201934839e-04 2.078933466590569878e+00 1.153645257256722623e+00 1.145470416803445746e+00 1.161876698389637808e+00 0.000000000000000000e+00
6.408408298577912277e+00 1.934683035948813856e+00 2.016115311430217950e-04 1.000000000000000000e+00 5.976234918473455468e-05 3.455391335700179608e-04 2.264464226453583251e+00 1.155139880794848750e+00 1.147015672108981255e+00 1.163319994786862877e+00 0.000000000000000000e+00
6.413752335867351384e+00 1.933071028227602239e+00 1.885262666763466450e-04 1.000000000000000000e+00 4.632641515404307725e-05 3.328052821706038136e-04 1.969658496745068987e+00 1.156481175998072430e+00 1.148337892280622441e+00 1.164680469104115712e+00 0.000000000000000000e+00
6.419100829604198033e+00 1.931460363656067436e+00 1.615761102238020630e-04 1.000000000000000000e+00 1.904057405037161703e-05 3.061986183144503517e-04 1.439594208458856883e+00 1.157907901593209665e+00 1.149686751540273555e+00 1.166185909895602890e+00 0.000000000000000000e+00
6.424453783504729287e+00 1.929851041115075327e+00 1.325477161129323840e-04 1.000000000000000000e+00 -9.970046405255168602e-06 2.771626944599813423e-04 9.652718388447283360e-01 1.159605092059318165e+00 1.151433091861593816e+00 1.167833279720598805e+00 0.000000000000000000e+00
6.429811201288321953e+00 1.928243059486426159e+00 1.095367276203562359e-04 1.000000000000000000e+00 -3.310095141859500858e-05 2.542713158439108994e-04 6.578875012041862647e-01 1.162181866069218472e+00 1.153930043899145108e+00 1.170490716030431866e+00 0.000000000000000000e+00
6.435173086677453469e+00 1.926636417652850763e+00 1.172480782933424712e-04 1.000000000000000000e+00 -2.538143470733527978e-05 2.619711942853001447e-04 7.547267590612136701e-01 1.162355759474236194e+00 1.154092010376964961e+00 1.170676729803363347e+00 0.000000000000000000e+00
6.440539443397706343e+00 1.925031114498011453e+00 1.313634449034663720e-04 1.000000000000000000e+00 -1.101043274712989670e-05 2.758273504416980403e-04 9.503860926238303364e-01 1.164294545263286906e+00 1.156083588855014499e+00 1.172561882974255232e+00 0.000000000000000000e+00
6.445910275177769044e+00 1.923427148906499795e+00 1.629536005066167326e-04 1.000000000000000000e+00 2.062316162143687818e-05 3.073659559283753928e-04 1.469954629405947344e+00 1.164754178735649903e+00 1.156475406922098159e+00 1.173090346821906937e+00 0.000000000000000000e+00
6.451285585749439555e+00 1.921824519763838390e+00 1.812628729860743667e-04 1.000000000000000000e+00 3.909186588044378423e-05 3.255099394264910012e-04 1.825778336651183054e+00 1.167481884429426797e+00 1.159185093918376319e+00 1.175836112979886217e+00 0.000000000000000000e+00
6.456665378847628034e+00 1.920223225956476210e+00 2.079083822857023096e-04 1.000000000000000000e+00 6.573348926274945759e-05 3.521555065859130213e-04 2.408167710059842648e+00 1.166970483883771781e+00 1.158676555621919846e+00 1.175321992048897313e+00 0.000000000000000000e+00
6.462049658210359482e+00 1.918623266371792813e+00 2.010408442263314607e-04 1.000000000000000000e+00 5.879191858952769888e-05 3.453568968721991254e-04 2.248375637175286101e+00 1.169840689165507541e+00 1.161525439643892987e+00 1.178213571951379990e+00 0.000000000000000000e+00
6.467438427578775517e+00 1.917024639898092353e+00 1.868358004606781783e-04 1.000000000000000000e+00 4.449764436162257611e-05 3.312349071991714912e-04 1.937615464294140111e+00 1.171108178751253392e+00 1.162776422500067630e+00 1.179497703565979938e+00 0.000000000000000000e+00
6.472831690697137930e+00 1.915427345424606687e+00 1.629735515946094382e-04 1.000000000000000000e+00 2.076223108632305279e-05 3.072438106276941059e-04 1.473577084815588023e+00 1.171565153962685901e+00 1.163230851313928449e+00 1.179957341578744989e+00 0.000000000000000000e+00
6.478229451312831344e+00 1.913831381841492263e+00 1.129103562907401851e-04 1.000000000000000000e+00 -2.884340791662657840e-05 2.567291789743736527e-04 7.082367688949489093e-01 1.174958253066217928e+00 1.166602204304266310e+00 1.183372327671712076e+00 0.000000000000000000e+00
6.483631713176364109e+00 1.912236748039830792e+00 7.098427903228546028e-05 1.000000000000000000e+00 -7.021806397912433700e-05 2.142624645561056363e-04 2.808784182730050816e-01 1.175985311512541820e+00 1.167615953196663670e+00 1.184412636028629340e+00 0.000000000000000000e+00
6.489038480041373624e+00 1.910643442911627687e+00 3.069934843226388175e-05 1.000000000000000000e+00 -1.100695609835618152e-04 1.735496617609119934e-04 5.263343400429221219e-02 1.176764582663422543e+00 1.168392218553471862e+00 1.185194924984751097e+00 0.000000000000000000e+00
6.494449755664626345e+00 1.909051465349812737e+00 -9.773048124135613301e-06 -1.000000000000000000e+00 -1.503602598368162515e-04 1.328915433632280269e-04 5.328725833805947332e-03 1.178613038931244139e+00 1.170223015489712859e+00 1.187061090450933776e+00 0.000000000000000000e+00
6.499865543806021329e+00 1.907460814248235881e+00 -2.891621403543504501e-05 -1.000000000000000000e+00 -1.695807721021301822e-04 1.138166261760934894e-04 4.660466522500428255e-02 1.178601218924885341e+00 1.170142540336315040e+00 1.187119049365137347e+00 0.000000000000000000e+00
6.505285848228594681e+00 1.905871488501671207e+00 -4.429493437130762744e-05 -1.000000000000000000e+00 -1.846356420922354974e-04 9.811138210062689204e-05 1.095137270267514396e-01 1.180519560509489363e+00 1.172112401663216730e+00 1.188985023540051422e+00 0.000000000000000000e+00
6.510710672698518664e+00 1.904283487005811404e+00 -2.798517240914036387e-05 -1.000000000000000000e+00 -1.679746705895479087e-04 1.140690231134471727e-04 4.399678369327375549e-02 1.179060735675247384e+00 1.170652290749018665e+00 1.187527577303017834e+00 0.000000000000000000e+00
6.516140020985107917e+00 1.902696808657271088e+00 -2.000346231367623466e-05 -1.000000000000000000e+00 -1.596134509360621907e-04 1.216679122185781265e-04 2.263971944285003701e-02 1.180344397796235345e+00 1.171869697495692142e+00 1.188878349871482110e+00 0.000000000000000000e+00
6.521573896860818564e+00 1.901111452353583031e+00 -4.185078719360465409e-06 -1.000000000000000000e+00 -1.433616523717639755e-04 1.370491707381510838e-04 9.967923683689150494e-04 1.179915947990730407e+00 1.171502335835733044e+00 1.188388115286985514e+00 0.000000000000000000e+00
6.527012304101254436e+00 1.899527416993199491e+00 -1.109239354750397897e-05 -1.000000000000000000e+00 -1.502273604633395801e-04 1.300906772277027053e-04 7.013454254774842411e-03 1.182224798738251703e+00 1.173739385508893118e+00 1.190769494511740190e+00 0.000000000000000000e+00
6.532455246485166178e+00 1.897944701475490215e+00 -3.444496585987741311e-05 -1.000000000000000000e+00 -1.735867648002941549e-04 1.067409160733616153e-04 6.749100990464285132e-02 1.185748059118630238e+00 1.177242351354859551e+00 1.194313211838876398e+00 0.000000000000000000e+00
6.537902727794456581e+00 1.896363304700741548e+00 -4.974105139272892305e-05 -1.000000000000000000e+00 -1.888968865819953206e-04 9.146244682423695233e-05 1.403706235696517979e-01 1.186496373973709328e+00 1.178042095133387646e+00 1.195009343290214243e+00 0.000000000000000000e+00
6.543354751814182357e+00 1.894783225570156437e+00 -5.810928235091408832e-05 -1.000000000000000000e+00 -1.975126726697903413e-04 8.334082295008901349e-05 1.911988043707424367e-01 1.185857363485112170e+00 1.177338332473832905e+00 1.194435876482875747e+00 0.000000000000000000e+00
6.548811322332555918e+00 1.893204462985853986e+00 -7.533255354871664646e-05 -1.000000000000000000e+00 -2.147285494182660855e-04 6.610434472305338224e-05 3.210120987087066169e-01 1.187946964530333327e+00 1.179411541134484542e+00 1.196542137400332440e+00 0.000000000000000000e+00
6.554272443140948923e+00 1.891627015850867455e+00 -7.056041869812299536e-05 -1.000000000000000000e+00 -2.097875503131430529e-04 7.070034185566390485e-05 2.825290799601134495e-01 1.187854251232587810e+00 1.179318217021780857e+00 1.196449947533183789e+00 0.000000000000000000e+00
6.559738118033894949e+00 1.890050883069143817e+00 -7.071840591304740604e-05 -1.000000000000000000e+00 -2.095547531042594351e-04 7.014868763796721729e-05 2.853560208900489670e-01 1.190419652942894979e+00 1.181868034798787770e+00 1.199031064405315261e+00 0.000000000000000000e+00
6.565208350809092153e+00 1.888476063545543981e+00 -5.207831554103683352e-05 -1.000000000000000000e+00 -1.905871595315733729e-04 8.846071213824942888e-05 1.557960774443927221e-01 1.190601025390561674e+00 1.182041231447569452e+00 1.199220642513786572e+00 0.000000000000000000e+00
6.570683145267405045e+00 1.886902556185840796e+00 -2.778110364048697739e-05 -1.000000000000000000e+00 -1.662180186078004540e-04 1.126800805663362751e-04 4.451447379778983304e-02 1.190107593396493302e+00 1.181547911624442504e+00 1.198727185548927654e+00 0.000000000000000000e+00
6.576162505212867160e+00 1.885330359896719488e+00 -3.754770558262136961e-06 -1.000000000000000000e+00 -1.424382358165334763e-04 1.369394229348673965e-04 8.136355681926943362e-04 1.189933284208575248e+00 1.181361212554338680e+00 1.198565303146733152e+00 0.000000000000000000e+00
6.581646434452685490e+00 1.883759473585775446e+00 9.823107834332321794e-06 1.000000000000000000e+00 -1.292817815520334564e-04 1.509210075103552262e-04 5.559808313137182267e-03 1.192504545047035736e+00 1.183851697004491665e+00 1.201218451362502160e+00 0.000000000000000000e+00
6.587134936797241380e+00 1.882189896161514886e+00 3.757007588346691711e-05 1.000000000000000000e+00 -1.016090333657042246e-04 1.787301783045933308e-04 8.144945252888646792e-02 1.194106625130237465e+00 1.185500289392866335e+00 1.202773220650256158e+00 0.000000000000000000e+00
6.592628016060094076e+00 1.880621626533353297e+00 6.967853521224888860e-05 1.000000000000000000e+00 -6.941277743192294798e-05 2.107353082026789347e-04 2.816803645268919354e-01 1.196913780292595542e+00 1.188285628813708250e+00 1.205602479226935309e+00 0.000000000000000000e+00
6.598125676057981615e+00 1.879054663611614329e+00 1.305693101058053496e-04 1.000000000000000000e+00 -8.402515007968527471e-06 2.714878311121800519e-04 9.990337678418654832e-01 1.195938108056199711e+00 1.187246059537033993e+00 1.204691573591680775e+00 0.000000000000000000e+00
6.603627920610826152e+00 1.877489006307530905e+00 1.953611518104029685e-04 1.000000000000000000e+00 5.677103805289444253e-05 3.358851024789800141e-04 2.260186105189859518e+00 1.194382055979139157e+00 1.185753652224119437e+00 1.203071066434945990e+00 0.000000000000000000e+00
6.609134753541735741e+00 1.875924653533241671e+00 2.347759756887170496e-04 1.000000000000000000e+00 9.623131527823595315e-05 3.752439537667773468e-04 3.284509264683038054e+00 1.196121014197854659e+00 1.187420664983889429e+00 1.204882890218211600e+00 0.000000000000000000e+00
6.614646178677005217e+00 1.874361604201792542e+00 2.601924155265197868e-04 1.000000000000000000e+00 1.214666146062593920e-04 4.008379758140677039e-04 4.035331603315171378e+00 1.197930648749004012e+00 1.189212696950497250e+00 1.206710302982107574e+00 0.000000000000000000e+00
6.620162199846120643e+00 1.872799857227134490e+00 2.753139733287867210e-04 1.000000000000000000e+00 1.361672852794646013e-04 4.163818169641452698e-04 4.492850679992415053e+00 1.198768785072388710e+00 1.190101813561856403e+00 1.207496662166530843e+00 0.000000000000000000e+00
6.625682820881761970e+00 1.871239411524124430e+00 2.751910285070366716e-04 1.000000000000000000e+00 1.352171125696123534e-04 4.170875556952128400e-04 4.446255753047353210e+00 1.200060573417781606e+00 1.191317727361782763e+00 1.208865306380727755e+00 0.000000000000000000e+00
6.631208045619805702e+00 1.869680266008521441e+00 2.696669753246319330e-04 1.000000000000000000e+00 1.290178774958600607e-04 4.122468173318222413e-04 4.229482956747233402e+00 1.201106684192233987e+00 1.192345192358510664e+00 1.209930224128766385e+00 0.000000000000000000e+00
6.636737877899325788e+00 1.868122419596990769e+00 2.700542469481737561e-04 1.000000000000000000e+00 1.289670173330683713e-04 4.130838076797931253e-04 4.215751766535959177e+00 1.201113903853753939e+00 1.192351925552840752e+00 1.209937981267994678e+00 0.000000000000000000e+00
6.642272321562598059e+00 1.866565871207098271e+00 2.603145500694770435e-04 1.000000000000000000e+00 1.190727552550700330e-04 4.035079564030909444e-04 3.903824063636420760e+00 1.203889338841104273e+00 1.195107139220385140e+00 1.212733771817053441e+00 0.000000000000000000e+00
6.647811380455102892e+00 1.865010619757312416e+00 2.724372000654940590e-04 1.000000000000000000e+00 1.311312525862617364e-04 4.157005371422160898e-04 4.275543699016907340e+00 1.203736819352776877e+00 1.194945561901433972e+00 1.212590497151619262e+00 0.000000000000000000e+00
6.653355058425526991e+00 1.863456664167002952e+00 2.886746333305694064e-04 1.000000000000000000e+00 1.473366182559134247e-04 4.319752139225218647e-04 4.802166526250857714e+00 1.203402906973450648e+00 1.194616634165228675e+00 1.212251443247712279e+00 0.000000000000000000e+00
6.658903359325766047e+00 1.861904003356439352e+00 2.912032856792325184e-04 1.000000000000000000e+00 1.497587577967890763e-04 4.346162190886449861e-04 4.878351016912802152e+00 1.205425265853182548e+00 1.196621593777194237e+00 1.214291402261345576e+00 0.000000000000000000e+00
6.664456287010930069e+00 1.860352636246791480e+00 2.925589669662308819e-04 1.000000000000000000e+00 1.507579014220510505e-04 4.363332518526833598e-04 4.906025929957195331e+00 1.206893143440232352e+00 1.198015721905455688e+00 1.215833999178782987e+00 0.000000000000000000e+00
6.670013845339340719e+00 1.858802561760127592e+00 2.895210081155527668e-04 1.000000000000000000e+00 1.474988668138264760e-04 4.335242980641242907e-04 4.779187325360908289e+00 1.208157921350333286e+00 1.199334103067102086e+00 1.217044302841910897e+00 0.000000000000000000e+00
6.675576038172540194e+00 1.857253778819414780e+00 2.818319202104526159e-04 1.000000000000000000e+00 1.393473877333341337e-04 4.263032151690387831e-04 4.502442333221097215e+00 1.209399601974865623e+00 1.200501351837465203e+00 1.218361402041161057e+00 0.000000000000000000e+00
6.681142869375288562e+00 1.855706286348516532e+00 2.605532600884256879e-04 1.000000000000000000e+00 1.178209190595741116e-04 4.052820762191047311e-04 3.825961802308029291e+00 1.212639226139929249e+00 1.203716317081291898e+00 1.221625974620961230e+00 0.000000000000000000e+00
6.686714342815570866e+00 1.854160083272192949e+00 2.561479792088646812e-04 1.000000000000000000e+00 1.133265224479625155e-04 4.009785151463726304e-04 3.684008242357776908e+00 1.212657913260215103e+00 1.203793667256485289e+00 1.221585068880527647e+00 0.000000000000000000e+00
6.692290462364595349e+00 1.852615168516101862e+00 2.519177149046073491e-04 1.000000000000000000e+00 1.088282345646365086e-04 3.970229931730334194e-04 3.552709685814079421e+00 1.212783330275523319e+00 1.203849448967988511e+00 1.221781158720507188e+00 0.000000000000000000e+00
6.697871231896799671e+00 1.851071541006794829e+00 2.408920952769579374e-04 1.000000000000000000e+00 9.768542573390339616e-05 3.861212619162649471e-04 3.238419404087380826e+00 1.214355127652553268e+00 1.205402539930356731e+00 1.223371748820355931e+00 0.000000000000000000e+00
6.703456655289853572e+00 1.849529199671717139e+00 2.386781809302159938e-04 1.000000000000000000e+00 9.534848807887967635e-05 3.840391248482552967e-04 3.170834858743546647e+00 1.214423154393728943e+00 1.205473460046305512e+00 1.223436960349096658e+00 0.000000000000000000e+00
6.709046736424657986e+00 1.847988143439209141e+00 2.318692218215580823e-04 1.000000000000000000e+00 8.837143164418370515e-05 3.774078181119996001e-04 2.982790956249573355e+00 1.215404732207445715e+00 1.206437016592012856e+00 1.224436675952594866e+00 0.000000000000000000e+00
6.714641479185352146e+00 1.846448371238503361e+00 2.243093933286510180e-04 1.000000000000000000e+00 8.060462566326117954e-05 3.700630513327474711e-04 2.780893707096311118e+00 1.216588668702400122e+00 1.207601819714086089e+00 1.225640033165749765e+00 0.000000000000000000e+00
6.720240887459313583e+00 1.844909881999724721e+00 2.234462976756088006e-04 1.000000000000000000e+00 7.953466574914911540e-05 3.694126519285368228e-04 2.749934783976186736e+00 1.216624597153360687e+00 1.207639813478858626e+00 1.225673874748888004e+00 0.000000000000000000e+00
6.725844965137160791e+00 1.843372674653889876e+00 1.995900279811570557e-04 1.000000000000000000e+00 5.558762300970316130e-05 3.456512216177586375e-04 2.185250318420457916e+00 1.220998527496599095e+00 1.211983014531144986e+00 1.230078852461996108e+00 0.000000000000000000e+00
6.731453716112758556e+00 1.841836748132905655e+00 1.986217266271723394e-04 1.000000000000000000e+00 5.459038529829999685e-05 3.447190943862687160e-04 2.161430089243822295e+00 1.221034060033452828e+00 1.212021718497893863e+00 1.230111120276875081e+00 0.000000000000000000e+00
6.737067144283217068e+00 1.840302101369569288e+00 1.879659668257841799e-04 1.000000000000000000e+00 4.398107812850085910e-05 3.340261195375416117e-04 1.934086217776666672e+00 1.222523456205673487e+00 1.213490835501036980e+00 1.231620913901048331e+00 0.000000000000000000e+00
6.742685253548897251e+00 1.838768733297566405e+00 1.862018962590144752e-04 1.000000000000000000e+00 4.220565371034572222e-05 3.322823436028849017e-04 1.896933100051683141e+00 1.221714807903269806e+00 1.212668938103605765e+00 1.230825863673729259e+00 0.000000000000000000e+00
6.748308047813412536e+00 1.837236642851472368e+00 1.745735011597274839e-04 1.000000000000000000e+00 3.054358526361468048e-05 3.206946461942289340e-04 1.663695753248248366e+00 1.221976004327105292e+00 1.212931663876933630e+00 1.231085509989947147e+00 0.000000000000000000e+00
6.753935530983630642e+00 1.835705828966748943e+00 1.529140958006758300e-04 1.000000000000000000e+00 8.782410528195054794e-06 2.991426693417327184e-04 1.271871387488076266e+00 1.223418046947346793e+00 1.214350210316539558e+00 1.232551243672174168e+00 0.000000000000000000e+00
6.759567706969678902e+00 1.834176290579746293e+00 1.343033708935928883e-04 1.000000000000000000e+00 -1.001083961966046693e-05 2.807196613610459185e-04 9.781961720018443884e-01 1.223849178819645722e+00 1.214704853903980641e+00 1.233059990176762488e+00 0.000000000000000000e+00
6.765204579684944264e+00 1.832648026627699211e+00 1.228710117933354425e-04 1.000000000000000000e+00 -2.128760954526906458e-05 2.691423269177562589e-04 8.179277636195365631e-01 1.222794908568639149e+00 1.213712721090226765e+00 1.231942770312277835e+00 0.000000000000000000e+00
6.770846153046076843e+00 1.831121036048729556e+00 9.494348510172085298e-05 1.000000000000000000e+00 -4.911288433650133959e-05 2.411216498085493737e-04 4.881143314457858651e-01 1.224872841249229793e+00 1.215709565725476393e+00 1.234102689193963043e+00 0.000000000000000000e+00
6.776492430972993475e+00 1.829595317781842700e+00 6.608391618582478127e-05 1.000000000000000000e+00 -7.773987083363481264e-05 2.120410447281508687e-04 2.364066773493505025e-01 1.227109768190265848e+00 1.217920322372437081e+00 1.236366235954784454e+00 0.000000000000000000e+00
6.782143417388880380e+00 1.828070870766929312e+00 4.804971358883790853e-05 1.000000000000000000e+00 -9.552422275996501724e-05 1.937662314473649638e-04 1.249021905152858380e-01 1.227040851945003785e+00 1.217910536042548841e+00 1.236237318157831222e+00 0.000000000000000000e+00
6.787799116220194051e+00 1.826547693944761797e+00 2.162058959150940326e-05 1.000000000000000000e+00 -1.219953113835572174e-04 1.673790269255422786e-04 2.523382573690469144e-02 1.228050990377983931e+00 1.218841805268116696e+00 1.237327469146776160e+00 0.000000000000000000e+00
6.793459531396665696e+00 1.825025786256996740e+00 -1.036286432837858149e-06 -1.000000000000000000e+00 -1.445952577752394614e-04 1.446701249742269398e-04 5.785230200672231149e-05 1.227689235258251799e+00 1.218460388095627733e+00 1.236985739074834667e+00 0.000000000000000000e+00
6.799124666851304788e+00 1.823505146646170916e+00 -3.227474510777623599e-05 -1.000000000000000000e+00 -1.756246624011102383e-04 1.132376873218201999e-04 5.605443875629134709e-02 1.228358129652669328e+00 1.219130575648399439e+00 1.237653288182521072e+00 0.000000000000000000e+00
6.804794526520399067e+00 1.821985774055703944e+00 -5.746570509730642134e-05 -1.000000000000000000e+00 -2.006846130881531805e-04 8.793374814558267585e-05 1.775044616374543693e-01 1.227512139354265619e+00 1.218265503026314311e+00 1.236826611008875476e+00 0.000000000000000000e+00
6.810469114343518982e+00 1.820467667429894965e+00 -9.513644393801610056e-05 -1.000000000000000000e+00 -2.381830465934488999e-04 5.010468242748665154e-05 4.847161166437672364e-01 1.229151539362213663e+00 1.219954606189717294e+00 1.238415378957451463e+00 0.000000000000000000e+00
6.816148434263521239e+00 1.818950825713921748e+00 -1.282979889665277384e-04 -1.000000000000000000e+00 -2.715781205706446896e-04 1.718030384549189315e-05 8.769045798524075508e-01 1.230702535909712791e+00 1.221421638515026276e+00 1.240051590633349354e+00 0.000000000000000000e+00
6.821832490226549695e+00 1.817435247853842917e+00 -1.476834994020378869e-04 -1.000000000000000000e+00 -2.911611328221367116e-04 -2.001119560500453330e-06 1.156615157968417407e+00 1.231167672398537638e+00 1.221859048659164948e+00 1.240544680849194892e+00 0.000000000000000000e+00
6.827521286182038907e+00 1.815920932796593723e+00 -1.544135793505877136e-04 -1.000000000000000000e+00 -2.979592223163730859e-04 -8.652025329460315186e-06 1.261308089827707590e+00 1.231298553943600549e+00 1.221992705763701448e+00 1.240672870169848174e+00 0.000000000000000000e+00
6.833214826082717686e+00 1.814407879489987385e+00 -1.458201142475135320e-04 -1.000000000000000000e+00 -2.894308769372378040e-04 1.619614895778838382e-08 1.124445898178237258e+00 1.230547725004568660e+00 1.221220481709521355e+00 1.239943770907076637e+00 0.000000000000000000e+00
6.838913113884609984e+00 1.812896086882713975e+00 -1.416826486074236190e-04 -1.000000000000000000e+00 -2.854419898679052474e-04 4.307099725130034357e-06 1.060738536462167758e+00 1.232124506385553708e+00 1.222712873575038550e+00 1.241606079965551501e+00 0.000000000000000000e+00
6.844616153547039339e+00 1.811385553924339531e+00 -1.231264651698106430e-04 -1.000000000000000000e+00 -2.669698094891566256e-04 2.295635940863959739e-05 7.999561538113084680e-01 1.231593229452145222e+00 1.222241695640839954e+00 1.241013987740452684e+00 0.000000000000000000e+00
6.850323949032630644e+00 1.809876279565305390e+00 -1.111506035255053603e-04 -1.000000000000000000e+00 -2.553970233131169884e-04 3.534464915239105389e-05 6.491499638259483618e-01 1.232378562909698827e+00 1.222996901208693199e+00 1.241829850023523862e+00 0.000000000000000000e+00
6.856036504307313706e+00 1.808368262756926637e+00 -1.020189921586820325e-04 -1.000000000000000000e+00 -2.469683719825033100e-04 4.518957562001801745e-05 5.430330901613160677e-01 1.233595386735260924e+00 1.224125581483014091e+00 1.243135962001404415e+00 0.000000000000000000e+00
6.861753823340325908e+00 1.806861502451392543e+00 -7.796058344869684592e-05 -1.000000000000000000e+00 -2.235890508232264901e-04 6.994109165849395938e-05 3.145725815406876791e-01 1.232132533300164257e+00 1.222722322683892804e+00 1.241612736109818815e+00 0.000000000000000000e+00
6.867475910104213099e+00 1.805355997601766127e+00 -5.094061887808381379e-05 -1.000000000000000000e+00 -1.975311222791734165e-04 9.792894445601087725e-05 1.332168236458528554e-01 1.230894925284948371e+00 1.221403556602056684e+00 1.240457539328321257e+00 0.000000000000000000e+00
6.873202768574835808e+00 1.803851747161981711e+00 -2.676853386562741080e-05 -1.000000000000000000e+00 -1.739038071406383344e-04 1.226528872273759086e-04 3.654728468040957523e-02 1.231413357376635931e+00 1.221975844902800645e+00 1.240921431632013405e+00 0.000000000000000000e+00
6.878934402731368358e+00 1.802348750086846252e+00 4.338416410169176898e-06 1.000000000000000000e+00 -1.433571321676153291e-04 1.543258028945557962e-04 9.571188963946042350e-04 1.231711622202494416e+00 1.222189912295754910e+00 1.241305032430150224e+00 0.000000000000000000e+00
6.884670816556305084e+00 1.800847005332036233e+00 3.465155675009666552e-05 1.000000000000000000e+00 -1.133425888612214354e-04 1.849503519744509646e-04 6.098710338142154797e-02 1.232614003105166001e+00 1.223059996155921425e+00 1.242240192916277186e+00 0.000000000000000000e+00
6.890412014035459443e+00 1.799346511854099884e+00 7.270983688183997541e-05 1.000000000000000000e+00 -7.553674431455968306e-05 2.232772070981180299e-04 2.681169893733112986e-01 1.231570212332695924e+00 1.222077945471810034e+00 1.241133810535627546e+00 0.000000000000000000e+00
6.896157999157970231e+00 1.797847268610453630e+00 9.679149673056579393e-05 1.000000000000000000e+00 -5.215006488535265901e-05 2.480594435317157133e-04 4.726479227729214472e-01 1.232087047278885850e+00 1.222506528134872372e+00 1.241740113343872354e+00 0.000000000000000000e+00
6.901908775916301586e+00 1.796349274559382980e+00 1.026299024317090138e-04 1.000000000000000000e+00 -4.704313529472543181e-05 2.546307018706137591e-04 5.268181396018007945e-01 1.234723511474443924e+00 1.225097703315546127e+00 1.244422442132457229e+00 0.000000000000000000e+00
6.907664348306248314e+00 1.794852528660041413e+00 1.168623904917555692e-04 1.000000000000000000e+00 -3.347134119772475556e-05 2.695297684135606600e-04 6.779478430896688224e-01 1.234428171931772678e+00 1.224804406654063316e+00 1.244124982225465414e+00 0.000000000000000000e+00
6.913424720326936779e+00 1.793357029872449937e+00 1.222927218532408921e-04 1.000000000000000000e+00 -2.849062453344608351e-05 2.754243785325651808e-04 7.386269313637967571e-01 1.234754744047387831e+00 1.225094330963784728e+00 1.244488800034746268e+00 0.000000000000000000e+00
6.919189895980827565e+00 1.791862777157495312e+00 1.248400358812621041e-04 1.000000000000000000e+00 -2.608610295694356943e-05 2.781359128898352236e-04 7.677842201887870033e-01 1.234712530293699873e+00 1.225056384622745353e+00 1.244442218148835266e+00 0.000000000000000000e+00
6.924959879273719920e+00 1.790369769476931161e+00 1.268384347708365143e-04 1.000000000000000000e+00 -2.425593806844596428e-05 2.803189719114518134e-04 7.909862558735767379e-01 1.233866929700514481e+00 1.224178852743519341e+00 1.243629067773110330e+00 0.000000000000000000e+00
6.930734674214753532e+00 1.788878005793375303e+00 1.207775243467826943e-04 1.000000000000000000e+00 -3.057434572148474744e-05 2.745240667171149084e-04 7.144890269548795914e-01 1.233685503556720464e+00 1.223960393467372398e+00 1.243485305029244925e+00 0.000000000000000000e+00
6.936514284816411191e+00 1.787387485070310644e+00 1.089875756120074182e-04 1.000000000000000000e+00 -4.265782400029994020e-05 2.630363025467924356e-04 5.785681277836829395e-01 1.233949550484464641e+00 1.224225268094209618e+00 1.243748386671999606e+00 0.000000000000000000e+00
6.942298715094520567e+00 1.785898206272082511e+00 8.235612616821943576e-05 1.000000000000000000e+00 -6.963994208749608300e-05 2.367687290802897055e-04 3.280845388110265048e-01 1.236946761133743911e+00 1.227169690406573865e+00 1.246799083500276240e+00 0.000000000000000000e+00
6.948087969068260428e+00 1.784410168363900873e+00 6.879752502404550517e-05 1.000000000000000000e+00 -8.367129508373849641e-05 2.236979345044502461e-04 2.276320424866753456e-01 1.238037880817472791e+00 1.228158033383485170e+00 1.247994436847939204e+00 0.000000000000000000e+00
6.953882050760158862e+00 1.782923370311836564e+00 7.042867017339678214e-05 1.000000000000000000e+00 -8.224159463363385080e-05 2.255436390518953641e-04 2.375582615425173572e-01 1.237511874087295682e+00 1.227691511877222474e+00 1.247408086143340311e+00 0.000000000000000000e+00
6.959680964196100383e+00 1.781437811082822398e+00 8.241209310236945174e-05 1.000000000000000000e+00 -7.066688785056818875e-05 2.379360535669054755e-04 3.245171831370043947e-01 1.236593827575839022e+00 1.226678177663595770e+00 1.246586817896663479e+00 0.000000000000000000e+00
6.965484713405325046e+00 1.779953489644652054e+00 1.122011084201182392e-04 1.000000000000000000e+00 -4.109039601763813082e-05 2.679390941801898214e-04 6.019285629718069686e-01 1.233512328718726847e+00 1.223565673175433632e+00 1.243536973066621920e+00 0.000000000000000000e+00
6.971293302420433768e+00 1.778470404965979412e+00 1.297756565139224325e-04 1.000000000000000000e+00 -2.344105913944263234e-05 2.854455738434668330e-04 8.066152135065749462e-01 1.233137460367804028e+00 1.223198265452581035e+00 1.243154690373478255e+00 0.000000000000000000e+00
6.977106735277391003e+00 1.776988556016316556e+00 1.405654176799699768e-04 1.000000000000000000e+00 -1.260325408051880553e-05 2.961946715970872456e-04 9.479131519478869450e-01 1.233216989684516207e+00 1.223234937268029787e+00 1.243277717061222143e+00 0.000000000000000000e+00
6.982925016015525621e+00 1.775507941766035547e+00 1.504116841222587415e-04 1.000000000000000000e+00 -2.638460190158153787e-06 3.059325444966433816e-04 1.085890809673173862e+00 1.231501474172021382e+00 1.221586041930954547e+00 1.241494619204047023e+00 0.000000000000000000e+00
6.988748148677535355e+00 1.774028561186365982e+00 1.342308758348072879e-04 1.000000000000000000e+00 -1.904051247465305330e-05 2.899781287096921904e-04 8.622598346325958119e-01 1.232309424920498886e+00 1.222289127243621820e+00 1.242409077257845329e+00 0.000000000000000000e+00
6.994576137309488573e+00 1.772550413249394330e+00 1.126963296425888668e-04 1.000000000000000000e+00 -4.081631347087020265e-05 2.686951388743328249e-04 6.049423184417719312e-01 1.231709218477913259e+00 1.221642735563293058e+00 1.241855835127137819e+00 0.000000000000000000e+00
7.000408985960828723e+00 1.771073496928063928e+00 7.593373874781417601e-05 1.000000000000000000e+00 -7.773606003741849349e-05 2.321084930530479282e-04 2.729094984563289472e-01 1.232527848824410688e+00 1.222459206331891979e+00 1.242676614320951778e+00 0.000000000000000000e+00
7.006246698684376106e+00 1.769597811196173431e+00 4.403177205508973968e-05 1.000000000000000000e+00 -1.099479996735371019e-04 2.005396815908774193e-04 9.116325313084416848e-02 1.232308524916886361e+00 1.222190492222192004e+00 1.242507381910159747e+00 0.000000000000000000e+00
7.012089279536330544e+00 1.768123355028376364e+00 1.608322151217222014e-05 1.000000000000000000e+00 -1.382083027751306124e-04 1.729251037020636348e-04 1.207283208759690751e-02 1.232927152435436602e+00 1.222807550323976811e+00 1.243127498048091750e+00 0.000000000000000000e+00
7.017936732576273151e+00 1.766650127400181791e+00 6.748914642761843718e-06 1.000000000000000000e+00 -1.480761620715817105e-04 1.641347857013173187e-04 2.110906731559225591e-03 1.232976198910217702e+00 1.222805774249565713e+00 1.243228191082545120e+00 0.000000000000000000e+00
7.023789061867172556e+00 1.765178127287950538e+00 1.434423772045631640e-05 1.000000000000000000e+00 -1.409740254091463674e-04 1.722245693074895341e-04 9.489368089589333977e-03 1.233483928612292502e+00 1.223261935937237199e+00 1.243788306786252740e+00 0.000000000000000000e+00
7.029646271475383124e+00 1.763707353668898525e+00 4.487415863859916892e-05 1.000000000000000000e+00 -1.106222613990071209e-04 2.029356301257392739e-04 9.284774980324073113e-02 1.232811642961001208e+00 1.222598640380969215e+00 1.243107017708462880e+00 0.000000000000000000e+00
7.035508365470652059e+00 1.762237805521092104e+00 8.883641552906994829e-05 1.000000000000000000e+00 -6.664135536653532606e-05 2.468862886412696660e-04 3.655057051551011682e-01 1.231061678095214384e+00 1.220811306126257767e+00 1.241395109612555947e+00 0.000000000000000000e+00
7.041375347926120298e+00 1.760769481823449834e+00 1.308289433651578699e-04 1.000000000000000000e+00 -2.458863275731922688e-05 2.888275466005332456e-04 7.974640513371014094e-01 1.228782855316898015e+00 1.218440276326096416e+00 1.239210257061342801e+00 0.000000000000000000e+00
7.047247222918324283e+00 1.759302381555740702e+00 1.391061222718642705e-04 1.000000000000000000e+00 -1.599210704697576766e-05 2.967978395880115387e-04 9.035558402647438925e-01 1.230013226484300670e+00 1.219730977349593459e+00 1.240379263698908385e+00 0.000000000000000000e+00
7.053123994527200402e+00 1.757836503698584130e+00 1.286292693121443402e-04 1.000000000000000000e+00 -2.669950011704425009e-05 2.865573142573578759e-04 7.706104445474011300e-01 1.230373675636024400e+00 1.219982336173974335e+00 1.240850486267285779e+00 0.000000000000000000e+00
7.059005666836087656e+00 1.756371847233449524e+00 1.009620623997739330e-04 1.000000000000000000e+00 -5.454930592518445907e-05 2.590863327689637576e-04 4.715481026598808967e-01 1.229310762126290646e+00 1.218981621148657712e+00 1.239724388056114623e+00 0.000000000000000000e+00
7.064892243931729432e+00 1.754908411142653613e+00 4.811570624753903002e-05 1.000000000000000000e+00 -1.078539355981749553e-04 2.067112050205822103e-04 1.061235030374518828e-01 1.229437065734679146e+00 1.218993977873334522e+00 1.239966553080076528e+00 0.000000000000000000e+00
7.070783729904277948e+00 1.753446194409361780e+00 -2.334920908239918006e-05 -1.000000000000000000e+00 -1.794259655229523721e-04 1.353714136193777775e-04 2.478853392062774219e-02 1.231381885494412076e+00 1.220874509474521918e+00 1.241976482274515847e+00 0.000000000000000000e+00
7.076680128847296025e+00 1.751985196017586288e+00 -8.235987491540472123e-05 -1.000000000000000000e+00 -2.380360593728793979e-04 7.598445013566910511e-05 3.073640366044401162e-01 1.231281388218912198e+00 1.220834905302984330e+00 1.241814091594323877e+00 0.000000000000000000e+00
7.082581444857760644e+00 1.750525414952186498e+00 -1.344623227552057957e-04 -1.000000000000000000e+00 -2.897261827934981358e-04 2.349085778400323145e-05 8.196945117995255714e-01 1.232082779170532882e+00 1.221524285613807770e+00 1.242729256976295105e+00 0.000000000000000000e+00
7.088487682036063831e+00 1.749066850198867318e+00 -1.714085415615703377e-04 -1.000000000000000000e+00 -3.261067087122704539e-04 -1.399904406133032145e-05 1.335339450477704304e+00 1.233022360847064958e+00 1.222409905825389220e+00 1.243723633914610938e+00 0.000000000000000000e+00
7.094398844486017985e+00 1.747609500744178535e+00 -1.900968659792190288e-04 -1.000000000000000000e+00 -3.443608080700258128e-04 -3.310557538684755869e-05 1.645193363634462003e+00 1.233425976909214850e+00 1.222819459773251793e+00 1.244121351136025178e+00 0.000000000000000000e+00
7.100314936314857661e+00 1.746153365575515037e+00 -1.927329483056997646e-04 -1.000000000000000000e+00 -3.469970725882243158e-04 -3.573625031513339226e-05 1.690564180185219811e+00 1.233206929880831249e+00 1.222549220012586035e+00 1.243954315041226222e+00 0.000000000000000000e+00
7.106235961633242226e+00 1.744698443681114597e+00 -1.856806689951971277e-04 -1.000000000000000000e+00 -3.400391579661948003e-04 -2.858513262563716888e-05 1.566608950275394818e+00 1.233024361468482377e+00 1.222373588593940852e+00 1.243764925431240176e+00 0.000000000000000000e+00
7.112161924555259418e+00 1.743244734050058975e+00 -1.801465243309194276e-04 -1.000000000000000000e+00 -3.346638979943324490e-04 -2.288438434551394495e-05 1.472302450457846135e+00 1.234522284122506308e+00 1.223812978524211559e+00 1.245322260265297354e+00 0.000000000000000000e+00
7.118092829198427118e+00 1.741792235672271039e+00 -1.575106122823447809e-04 -1.000000000000000000e+00 -3.122650499227083210e-04 2.676777839693330469e-09 1.126124976328810590e+00 1.233157140536866203e+00 1.222340984052252111e+00 1.244065692583764760e+00 0.000000000000000000e+00
7.124028679683696907e+00 1.740340947538516092e+00 -1.356013123913912160e-04 -1.000000000000000000e+00 -2.902815672962356843e-04 2.186040316177358914e-05 8.351092297443187817e-01 1.231735190886358078e+00 1.220992503653975936e+00 1.242569284031709742e+00 0.000000000000000000e+00
7.129969480135457616e+00 1.738890868640399878e+00 -1.296234833147141667e-04 -1.000000000000000000e+00 -2.844678437298843519e-04 2.801530741244797739e-05 7.619459586373409365e-01 1.232734981459536749e+00 1.221933528112528755e+00 1.243628665297280556e+00 0.000000000000000000e+00
7.135915234681537100e+00 1.737441997970369245e+00 -1.239184598501855876e-04 -1.000000000000000000e+00 -2.789255870388881119e-04 3.389289253818026574e-05 6.946438979064168961e-01 1.232590719359286213e+00 1.221794981108986988e+00 1.243478598608944052e+00 0.000000000000000000e+00
7.141865947453204910e+00 1.735994334521709703e+00 -1.212429920679336916e-04 -1.000000000000000000e+00 -2.764895595270515784e-04 3.682098525099606668e-05 6.633626830993648582e-01 1.231899969800001493e+00 1.221049724332369912e+00 1.242843364566420750e+00 0.000000000000000000e+00
7.147821622585176726e+00 1.734547877288545648e+00 -1.310281133159993990e-04 -1.000000000000000000e+00 -2.864980649955541255e-04 2.728086157413492190e-05 7.727390054670308928e-01 1.232959134380217314e+00 1.221986580034936098e+00 1.244026815649012407e+00 0.000000000000000000e+00
7.153782264215615250e+00 1.733102625265839913e+00 -1.428672627843449294e-04 -1.000000000000000000e+00 -2.983137798556265022e-04 1.544814031429107512e-05 9.155622085763184259e-01 1.234188550486967406e+00 1.223274738500072845e+00 1.245196378683462779e+00 0.000000000000000000e+00
7.159747876486134643e+00 1.731658577449392222e+00 -1.515021446344150138e-04 -1.000000000000000000e+00 -3.074670609796065256e-04 7.347296316122784755e-06 1.023750577795851768e+00 1.235269378637600557e+00 1.224229951821655282e+00 1.246404960634200698e+00 0.000000000000000000e+00
7.165718463541802308e+00 1.730215732835839626e+00 -1.379042168317107621e-04 -1.000000000000000000e+00 -2.944329775503590359e-04 2.152055874446058147e-05 8.424036013989848470e-01 1.233185245736699631e+00 1.222215799355040433e+00 1.244249769867785460e+00 0.000000000000000000e+00
7.171694029531142434e+00 1.728774090422655174e+00 -1.125688634897996793e-04 -1.000000000000000000e+00 -2.700613967415905776e-04 4.782070538128015971e-05 5.575277774311189205e-01 1.231007375091355049e+00 1.219924157899105577e+00 1.242187854453051354e+00 0.000000000000000000e+00
7.177674578606138667e+00 1.727333649208146804e+00 -9.538857343933714115e-05 -1.000000000000000000e+00 -2.535015055941502570e-04 6.562758692383860502e-05 3.982054557376528692e-01 1.233132990391753836e+00 1.221979767831492758e+00 1.244384450540772402e+00 0.000000000000000000e+00
7.183660114922237661e+00 1.725894408191456675e+00 -5.992974894987756113e-05 -1.000000000000000000e+00 -2.182641789750545535e-04 1.013257694230489656e-04 1.569710606108998263e-01 1.233428190431610894e+00 1.222341740327300919e+00 1.244611893773813316e+00 0.000000000000000000e+00
7.189650642638349964e+00 1.724456366372562499e+00 -2.261947107807565818e-05 -1.000000000000000000e+00 -1.813831870560829928e-04 1.390806174831120900e-04 2.235896342131127312e-02 1.233836382461604986e+00 1.222629964919835555e+00 1.245141978935864646e+00 0.000000000000000000e+00
7.195646165916856241e+00 1.723019522752273547e+00 2.005717762625643070e-05 1.000000000000000000e+00 -1.390037931717258467e-04 1.820717818475720213e-04 1.755898922283449792e-02 1.231905275370535069e+00 1.220774933897069037e+00 1.243133637172872730e+00 0.000000000000000000e+00
7.201646688923606376e+00 1.721583876332232421e+00 4.061362606390418864e-05 1.000000000000000000e+00 -1.191839662741059363e-04 2.033684710156991222e-04 7.162860461318132366e-02 1.232085416629178809e+00 1.220831735395171647e+00 1.243439414209288607e+00 0.000000000000000000e+00
7.207652215827925701e+00 1.720149426114913060e+00 5.588804006945265657e-05 1.000000000000000000e+00 -1.046457579138135492e-04 2.193820909780528987e-04 1.347738677099954430e-01 1.230114600446532203e+00 1.218804364665970752e+00 1.241526275410467006e+00 0.000000000000000000e+00
7.213662750802614987e+00 1.718716171103621404e+00 4.497654391286851164e-05 1.000000000000000000e+00 -1.159442627521935107e-04 2.088686956743771744e-04 8.671681098427086454e-02 1.230375899441725762e+00 1.219066843080655271e+00 1.241786406335925852e+00 0.000000000000000000e+00
7.219678298023954888e+00 1.717284110302493172e+00 1.780468217353010837e-05 1.000000000000000000e+00 -1.432618946679881274e-04 1.818635525438836028e-04 1.352980532652736656e-02 1.231281269181434102e+00 1.219902475720177959e+00 1.242762541089073247e+00 0.000000000000000000e+00
7.225698861671710382e+00 1.715853242716494531e+00 -1.820066750176892786e-05 -1.000000000000000000e+00 -1.790474491915328961e-04 1.456717560677602062e-04 1.410222114458292708e-02 1.232124962325959805e+00 1.220747046229609056e+00 1.243605294922866644e+00 0.000000000000000000e+00
7.231724445929129885e+00 1.714423567351419875e+00 -5.971860543984205261e-05 -1.000000000000000000e+00 -2.204596819408268307e-04 1.040804796188255236e-04 1.513280552388209799e-01 1.233210337074335028e+00 1.221762154719944649e+00 1.244762093302119510e+00 0.000000000000000000e+00
7.237755054982951464e+00 1.712995083213891823e+00 -1.067281525195786575e-04 -1.000000000000000000e+00 -2.676790454871923511e-04 5.730172292010933999e-05 4.803343422387911232e-01 1.235616965714404936e+00 1.224026724855707737e+00 1.247312993802144110e+00 0.000000000000000000e+00
7.243790693023404614e+00 1.711567789311361887e+00 -1.315525600494429957e-04 -1.000000000000000000e+00 -2.927152967828883907e-04 3.270347494466771619e-05 7.246149227622709077e-01 1.234678424699526822e+00 1.223156934019004938e+00 1.246304602578497622e+00 0.000000000000000000e+00
7.249831364244212040e+00 1.710141684652107807e+00 -1.498074765413949516e-04 -1.000000000000000000e+00 -3.113613828286083485e-04 1.484397347807915970e-05 9.340405842708037198e-01 1.234786005556207211e+00 1.223195015711613820e+00 1.246483039808432114e+00 0.000000000000000000e+00
7.255877072842594977e+00 1.708716768245233997e+00 -1.378680398258169356e-04 -1.000000000000000000e+00 -2.997030324345418824e-04 2.707714763654209592e-05 7.907219530986253631e-01 1.231445808555048593e+00 1.219739935433642675e+00 1.243260004936137308e+00 0.000000000000000000e+00
7.261927823019274086e+00 1.707293039100669763e+00 -1.316994869346669456e-04 -1.000000000000000000e+00 -2.931294875908435063e-04 3.286953658472612817e-05 7.232760539721425630e-01 1.231629194202929822e+00 1.219995527497428567e+00 1.243370003818122571e+00 0.000000000000000000e+00
7.267983618978473004e+00 1.705870496229170197e+00 -1.185010645738965459e-04 -1.000000000000000000e+00 -2.798745870192999741e-04 4.602582785245953791e-05 5.873244842737790350e-01 1.231189532107619611e+00 1.219430928566971550e+00 1.243057626699417995e+00 0.000000000000000000e+00
7.274044464927921894e+00 1.704449138642313732e+00 -1.011368528259304556e-04 -1.000000000000000000e+00 -2.624116258196757499e-04 6.329938790875689226e-05 4.281106385433872674e-01 1.229056112471455853e+00 1.217378453339906574e+00 1.240842053105815523e+00 0.000000000000000000e+00
7.280110365078859225e+00 1.703028965352503699e+00 -1.082653677149689284e-04 -1.000000000000000000e+00 -2.699304317680026842e-04 5.656427119284107444e-05 4.886295078824218763e-01 1.230212045080520289e+00 1.218396501940753884e+00 1.242138314859236869e+00 0.000000000000000000e+00
7.286181323646034436e+00 1.701609975372965211e+00 -1.159929659072044363e-04 -1.000000000000000000e+00 -2.779219468975628929e-04 4.912756281313425139e-05 5.574491930466365375e-01 1.229151431283698637e+00 1.217407300513293267e+00 1.241005073156035365e+00 0.000000000000000000e+00
7.292257344847713263e+00 1.700192167717745617e+00 -1.284443001439705689e-04 -1.000000000000000000e+00 -2.910881778226817118e-04 3.742438929521508216e-05 6.780507229651107082e-01 1.227344498504159276e+00 1.215471306059054957e+00 1.239329703280251271e+00 0.000000000000000000e+00
7.298338432905678630e+00 1.698775541401714717e+00 -1.309926454866620004e-04 -1.000000000000000000e+00 -2.944850512940540028e-04 3.575979765165057580e-05 6.987176998347877088e-01 1.223052706277247159e+00 1.211122583789955520e+00 1.235096022916762015e+00 0.000000000000000000e+00
7.304424592045234199e+00 1.697360095440562322e+00 -1.483343849801145933e-04 -1.000000000000000000e+00 -3.126283749640530957e-04 1.924902354701209630e-05 8.853278955678547391e-01 1.223450355348458585e+00 1.211518409198740764e+00 1.235495541248117890e+00 0.000000000000000000e+00
7.310515826495206149e+00 1.695945828850798032e+00 -1.404538679070913747e-04 -1.000000000000000000e+00 -3.058183476486989096e-04 2.822116643324049361e-05 7.854526237420600410e-01 1.221908573155796374e+00 1.209906369658766856e+00 1.234025571557873180e+00 0.000000000000000000e+00
7.316612140487947613e+00 1.694532740649751679e+00 -1.149207680053420657e-04 -1.000000000000000000e+00 -2.811383334384343654e-04 5.462553533776539553e-05 5.217649541567652705e-01 1.221274669662315349e+00 1.209279010256085973e+00 1.233384850575092173e+00 0.000000000000000000e+00
7.322713538259342236e+00 1.693120829855571774e+00 -3.070640690199015694e-05 -1.000000000000000000e+00 -1.979198562681936790e-04 1.398439390277900782e-04 3.721069198073223561e-02 1.212814746941028199e+00 1.200786458975114046e+00 1.224959044451532142e+00 0.000000000000000000e+00
7.328820024048804171e+00 1.691710095487224841e+00 4.355395273907224074e-05 1.000000000000000000e+00 -1.243218882471505736e-04 2.147685769864440841e-04 7.494039089360171602e-02 1.209427372401167933e+00 1.197345019471779626e+00 1.221627126125518270e+00 0.000000000000000000e+00
7.334931602099284298e+00 1.690300536564494527e+00 1.123726043233219489e-04 1.000000000000000000e+00 -5.589534531687536073e-05 2.839892895365910539e-04 4.997402574636851114e-01 1.207769979701777352e+00 1.195707154799113825e+00 1.219950096840149767e+00 0.000000000000000000e+00
7.341048276657271110e+00 1.688892152107981603e+00 1.961766342237585264e-04 1.000000000000000000e+00 2.717080277667052301e-05 3.685449102589732320e-04 1.525452679926218025e+00 1.200975180565153622e+00 1.188873447749172696e+00 1.213195606158939510e+00 0.000000000000000000e+00
7.347170051972794269e+00 1.687484941139102412e+00 2.352996019922078846e-04 1.000000000000000000e+00 6.560083345209769706e-05 4.083756738616299000e-04 2.184693645849506538e+00 1.200057425619418527e+00 1.187966536997715039e+00 1.212267036764508976e+00 0.000000000000000000e+00
7.353296932299427269e+00 1.686078902680089531e+00 2.894901632517836139e-04 1.000000000000000000e+00 1.186076929140547317e-04 4.637613863860846203e-04 3.286912940247219694e+00 1.191355614855773570e+00 1.179226834260660217e+00 1.203604598157072880e+00 0.000000000000000000e+00
7.359428921894291875e+00 1.684674035753989330e+00 2.962887492846026996e-04 1.000000000000000000e+00 1.242608199811341869e-04 4.717209788278857322e-04 3.408920467934052567e+00 1.188422468067868554e+00 1.176159651416681218e+00 1.200808405852590521e+00 0.000000000000000000e+00
7.365566025018059015e+00 1.683270339384662417e+00 2.944145023490421964e-04 1.000000000000000000e+00 1.217462863127158281e-04 4.705259781733684343e-04 3.336082830333822358e+00 1.183847314895606795e+00 1.171673722355489833e+00 1.196142777110463351e+00 0.000000000000000000e+00
7.371708245934952330e+00 1.681867812596783196e+00 2.593110864581134800e-04 1.000000000000000000e+00 8.604855903398341173e-05 4.360579643536039731e-04 2.565522362642383314e+00 1.184319099148311905e+00 1.171994542577687648e+00 1.196768245742784620e+00 0.000000000000000000e+00
7.377855588912752616e+00 1.680466454415837863e+00 2.422776572435417610e-04 1.000000000000000000e+00 6.884079729003612772e-05 4.192436290983321545e-04 2.226728591848598171e+00 1.180687520839135862e+00 1.168450608084514730e+00 1.193047716911718181e+00 0.000000000000000000e+00
7.384008058222798709e+00 1.679066263868125519e+00 2.185492414500752765e-04 1.000000000000000000e+00 4.465224281061363478e-05 3.960067463476721035e-04 1.801016987529237667e+00 1.179768984895274819e+00 1.167388737674533772e+00 1.192275275596399009e+00 0.000000000000000000e+00
7.390165658139991045e+00 1.677667239980756175e+00 2.282346043533105707e-04 1.000000000000000000e+00 5.370271443810940284e-05 4.063612756838164272e-04 1.954475397739656728e+00 1.174402164388538283e+00 1.161966360818937671e+00 1.186965782179009832e+00 0.000000000000000000e+00
7.396328392942796093e+00 1.676269381781650081e+00 2.287137018103513602e-04 1.000000000000000000e+00 5.359580854655588453e-05 4.074557925117500536e-04 1.948190085956980511e+00 1.174426009498591439e+00 1.161994299340252779e+00 1.186985324991059798e+00 0.000000000000000000e+00
7.402496266913247247e+00 1.674872688299538392e+00 2.730852997287765258e-04 1.000000000000000000e+00 9.690492541731757095e-05 4.528989020512047005e-04 2.761738686157684697e+00 1.169059632995275599e+00 1.156571406221343024e+00 1.181677328468246468e+00 0.000000000000000000e+00
7.408669284336948380e+00 1.673477158563960288e+00 3.122449839832107084e-04 1.000000000000000000e+00 1.353107253712476090e-04 4.928131942440411393e-04 3.592371103480559213e+00 1.168136708719523575e+00 1.155660525930894522e+00 1.180742346808107301e+00 0.000000000000000000e+00
7.414847449503079169e+00 1.672082791605264962e+00 4.110763244604804210e-04 1.000000000000000000e+00 2.331985335929035309e-04 5.925967009854664260e-04 6.237766916845998821e+00 1.156739618818316107e+00 1.144242100491368763e+00 1.169368376854840186e+00 0.000000000000000000e+00
7.421030766704393322e+00 1.670689586454608300e+00 5.279435068735967079e-04 1.000000000000000000e+00 3.492148678368907095e-04 7.103407497115818295e-04 1.034338798989870156e+01 1.141648410232630084e+00 1.129150048432719045e+00 1.154279568460438110e+00 0.000000000000000000e+00
7.427219240237226572e+00 1.669297542143953983e+00 5.703352275487155948e-04 1.000000000000000000e+00 3.912037334684375853e-04 7.531691400656699304e-04 1.206222485258967936e+01 1.140681565530506036e+00 1.128199151987681281e+00 1.153296493574689441e+00 0.000000000000000000e+00
7.433412874401496673e+00 1.667906657706072160e+00 6.366502629651778428e-04 1.000000000000000000e+00 4.564228614961330591e-04 8.206069805587602566e-04 1.498480042766158249e+01 1.132218579538217584e+00 1.119695246069329242e+00 1.144876242572937741e+00 0.000000000000000000e+00
7.439611673500706956e+00 1.666516932174539223e+00 6.515686952225255377e-04 1.000000000000000000e+00 4.702343170251077555e-04 8.366493430211382597e-04 1.552103082763824204e+01 1.131949069167613064e+00 1.119428923824149491e+00 1.144603651543671941e+00 0.000000000000000000e+00
7.445815641841948995e+00 1.665128364583736253e+00 7.004368000500870795e-04 1.000000000000000000e+00 5.174605742972804897e-04 8.871680078687774890e-04 1.774843459356588937e+01 1.122240566442794352e+00 1.109678219848534875e+00 1.134939364915369842e+00 0.000000000000000000e+00
7.452024783735907043e+00 1.663740953968849468e+00 6.927975555374810222e-04 1.000000000000000000e+00 5.089069728535031015e-04 8.804582044848899367e-04 1.716435460713125849e+01 1.122538985157984559e+00 1.109975824343654827e+00 1.135238633789380724e+00 0.000000000000000000e+00
7.458239103496859812e+00 1.662354699365868660e+00 7.160283354523851174e-04 1.000000000000000000e+00 5.314942931038054178e-04 9.043608662109489920e-04 1.828296613255787406e+01 1.115214392499697116e+00 1.102602582980474422e+00 1.127964706163565367e+00 0.000000000000000000e+00
7.464458605442683137e+00 1.660969599811586539e+00 7.121596511394365009e-04 1.000000000000000000e+00 5.276015382154478420e-04 9.005560833136562688e-04 1.811292832617471049e+01 1.112679270242117546e+00 1.099928273352430041e+00 1.125571929238138758e+00 0.000000000000000000e+00
7.470683293894854415e+00 1.659585654343599170e+00 7.274391390703602344e-04 1.000000000000000000e+00 5.433264048948830381e-04 9.154392041247513779e-04 1.899452816598557092e+01 1.105536952166523923e+00 1.092905053947795579e+00 1.118308786628295914e+00 0.000000000000000000e+00
7.476913173178454386e+00 1.658202862000304201e+00 7.120788953649448329e-04 1.000000000000000000e+00 5.279888019620738570e-04 9.000835913778122612e-04 1.820767990188721797e+01 1.104230039550815556e+00 1.091451287049199248e+00 1.117152111755242094e+00 0.000000000000000000e+00
7.483148247622170679e+00 1.656821221820899526e+00 7.199473037207461141e-04 1.000000000000000000e+00 5.356835418338933051e-04 9.081412394324030538e-04 1.856376379740197535e+01 1.097444585783004189e+00 1.084777018411394955e+00 1.110253851650825130e+00 0.000000000000000000e+00
7.489388521558299594e+00 1.655440732845385288e+00 6.940589748333833965e-04 1.000000000000000000e+00 5.092200033631098192e-04 8.828243321253309702e-04 1.712381546352906980e+01 1.097002733452455914e+00 1.084177215360729418e+00 1.109973647785974737e+00 0.000000000000000000e+00
7.495633999322752317e+00 1.654061394114560324e+00 7.075736083891229038e-04 1.000000000000000000e+00 5.222017911807752153e-04 8.968803757084910840e-04 1.774901203704405361e+01 1.087549345920378885e+00 1.074685874584382583e+00 1.100560342422826965e+00 0.000000000000000000e+00
7.501884685255054031e+00 1.652683204670022832e+00 6.663790126037315732e-04 1.000000000000000000e+00 4.814219064176462871e-04 8.553051283982309556e-04 1.571910375457275677e+01 1.088712687871708384e+00 1.075851944533566140e+00 1.101720676873489513e+00 0.000000000000000000e+00
7.508140583698349246e+00 1.651306163554170148e+00 6.812809660591147938e-04 1.000000000000000000e+00 4.966375873801906786e-04 8.699453106715566292e-04 1.654323715928887850e+01 1.077561248793993842e+00 1.064680787142856966e+00 1.090590892011571222e+00 0.000000000000000000e+00
7.514401698999403578e+00 1.649930269810196748e+00 6.348035923947864100e-04 1.000000000000000000e+00 4.510324286532702421e-04 8.226459523259835836e-04 1.440096875054700831e+01 1.078856408212172102e+00 1.065981392152229201e+00 1.091880346204483043e+00 0.000000000000000000e+00
7.520668035508609073e+00 1.648555522482095359e+00 6.389442079270840928e-04 1.000000000000000000e+00 4.552030130690297438e-04 8.267859596598700362e-04 1.462235428964049788e+01 1.069288432793578769e+00 1.056381224777451111e+00 1.082346578159698369e+00 0.000000000000000000e+00
7.526939597579984209e+00 1.647181920614653627e+00 6.241564977384908910e-04 1.000000000000000000e+00 4.403912254295808647e-04 8.120367579843269182e-04 1.389941856763402939e+01 1.063708422775556661e+00 1.050906607325694964e+00 1.076659690381647883e+00 0.000000000000000000e+00
7.533216389571179228e+00 1.645809463253457006e+00 6.021983876332719131e-04 1.000000000000000000e+00 4.179111629703385900e-04 7.906034116159697898e-04 1.285833009780299108e+01 1.059874997802076058e+00 1.046934632312940705e+00 1.072968476462092147e+00 0.000000000000000000e+00
7.539498415843477019e+00 1.644438149444884756e+00 6.118522702770332533e-04 1.000000000000000000e+00 4.271831703775001189e-04 8.006597188069011599e-04 1.325522722127152520e+01 1.049919517293854465e+00 1.036946966312840779e+00 1.063047568319293479e+00 0.000000000000000000e+00
7.545785680761798453e+00 1.643067978236111282e+00 5.722293279930306840e-04 1.000000000000000000e+00 3.880873828957695742e-04 7.605507428014015789e-04 1.158792945884806613e+01 1.051041741192671797e+00 1.038073621884415321e+00 1.064165122125047436e+00 0.000000000000000000e+00
7.552078188694705041e+00 1.641698948675104575e+00 5.930784738941269861e-04 1.000000000000000000e+00 4.091956378906525730e-04 7.811861774464510990e-04 1.253266205462614380e+01 1.040327741756971180e+00 1.027337544406720538e+00 1.053475136149802704e+00 0.000000000000000000e+00
7.558375944014398939e+00 1.640331059810627101e+00 5.625720836928059477e-04 1.000000000000000000e+00 3.793943039833100068e-04 7.500082498690954997e-04 1.130151371161775842e+01 1.041211602327941854e+00 1.028229761122976926e+00 1.054350408842418929e+00 0.000000000000000000e+00
7.564678951096730941e+00 1.638964310692231585e+00 5.847684782588451202e-04 1.000000000000000000e+00 4.014908558477194695e-04 7.723170147102167808e-04 1.224624907317036104e+01 1.031309861459538402e+00 1.018299185865891410e+00 1.044479739377234484e+00 0.000000000000000000e+00
7.570987214321198699e+00 1.637598700370265004e+00 5.563179618014445519e-04 1.000000000000000000e+00 3.731903168554996523e-04 7.437199391765024091e-04 1.104341723647280560e+01 1.032144370121938159e+00 1.019137991374813756e+00 1.045309941714176016e+00 0.000000000000000000e+00
7.577300738070952946e+00 1.636234227895864146e+00 6.003897506277436650e-04 1.000000000000000000e+00 4.167939087320717342e-04 7.882701900876781147e-04 1.289100952614421658e+01 1.016889201148242439e+00 1.003884660124777950e+00 1.030055385222351738e+00 0.000000000000000000e+00
7.583619526732800153e+00 1.634870892320956948e+00 5.987832270407008857e-04 1.000000000000000000e+00 4.151651985684206582e-04 7.867103417371880620e-04 1.284246303414158774e+01 1.010202637667194647e+00 9.970800967990116614e-01 1.023490723415164450e+00 0.000000000000000000e+00
7.589943584697204315e+00 1.633508692698261822e+00 5.886743842411464641e-04 1.000000000000000000e+00 4.058026771957933942e-04 7.759025606829268165e-04 1.247006257632256165e+01 1.003541580423612967e+00 9.905450283030452496e-01 1.016701718057088533e+00 0.000000000000000000e+00
7.596272916358290495e+00 1.632147628081284996e+00 5.543551273898530887e-04 1.000000000000000000e+00 3.722264287577413573e-04 7.408773171701285142e-04 1.111445128821094386e+01 9.997958594782954123e-01 9.866686114593328227e-01 1.013090475505297405e+00 0.000000000000000000e+00
7.602607526113848380e+00 1.630787697524322288e+00 5.170958639319659733e-04 1.000000000000000000e+00 3.361592419972921509e-04 7.024609123600091768e-04 9.724832004707081978e+00 9.938067772369000297e-01 9.808017110029252361e-01 1.006977402778872488e+00 0.000000000000000000e+00
7.608947418365335835e+00 1.629428900082457776e+00 4.549046710703205762e-04 1.000000000000000000e+00 2.749294280155599349e-04 6.393277775309882428e-04 7.552976122227732958e+00 9.899810165135367601e-01 9.768418736241205602e-01 1.003289757153967843e+00 0.000000000000000000e+00
7.615292597517878903e+00 1.628071234811562906e+00 3.859863232940087519e-04 1.000000000000000000e+00 2.074269617240673833e-04 5.690298438103071933e-04 5.458418420001294180e+00 9.841686840614146670e-01 9.711472717016249590e-01 9.973578600409496175e-01 0.000000000000000000e+00
7.621643067980279795e+00 1.626714700768294497e+00 2.967213903582986440e-04 1.000000000000000000e+00 1.194977194728386038e-04 4.784635613929951229e-04 3.238424407546858674e+00 9.797624952442256507e-01 9.666090464336283272e-01 9.930877916622394830e-01 0.000000000000000000e+00
7.627998834165015118e+00 1.625359297010096737e+00 2.239934268893850014e-04 1.000000000000000000e+00 4.834940505812128863e-05 4.042135550927700898e-04 1.860082827192400146e+00 9.693874286046919586e-01 9.562090099378495189e-01 9.827399667092258095e-01 0.000000000000000000e+00
7.634359900488242090e+00 1.624005022595198744e+00 8.229015191088267665e-05 1.000000000000000000e+00 -9.092961531692173298e-05 2.601414298820372228e-04 2.519778429134476028e-01 9.731149229160469538e-01 9.599253654255999191e-01 9.864783108061930816e-01 0.000000000000000000e+00
7.640726271369800315e+00 1.622651876582614117e+00 -2.123505344498336235e-05 -1.000000000000000000e+00 -1.923263766502394684e-04 1.545299618548469204e-04 1.691510281875707733e-02 9.682673253600827534e-01 9.550180416025970676e-01 9.816928678408149977e-01 0.000000000000000000e+00
7.647097951233216229e+00 1.621299858032140939e+00 -1.579363753278522535e-04 -1.000000000000000000e+00 -3.263873875539656760e-04 1.522680115773262285e-05 9.410609059161743062e-01 9.718163895099833915e-01 9.585579598082631936e-01 9.852510175373564438e-01 0.000000000000000000e+00
7.653474944505703093e+00 1.619948966004359558e+00 -2.045242099037184662e-04 -1.000000000000000000e+00 -3.709823039661108062e-04 -3.333405326489237777e-05 1.602562718137050979e+00 9.565691365408756086e-01 9.433202850694427655e-01 9.699968489722321507e-01 0.000000000000000000e+00
7.659857255618167216e+00 1.618599199560634805e+00 -3.224068271197253746e-04 -1.000000000000000000e+00 -4.858932508939739362e-04 -1.541657715453305258e-04 4.027802573190456314e+00 9.595988893976782341e-01 9.463476665491047379e-01 9.730287090718746645e-01 0.000000000000000000e+00
7.666244889005210617e+00 1.617250557763112662e+00 -3.708080260173762192e-04 -1.000000000000000000e+00 -5.316763756587131445e-04 -2.051448556708628185e-04 5.437925617872224393e+00 9.484758847711990404e-01 9.352129922541170259e-01 9.619198175254610739e-01 0.000000000000000000e+00
7.672637849105131913e+00 1.615903039674720043e+00 -4.409656421193589092e-04 -1.000000000000000000e+00 -5.992016799217770272e-04 -2.778983566086861584e-04 7.826862723634576469e+00 9.434643265663258394e-01 9.300770049167397246e-01 9.570370446232137063e-01 0.000000000000000000e+00
7.679036140359931650e+00 1.614556644359165460e+00 -5.074352590607153534e-04 -1.000000000000000000e+00 -6.631443577737939406e-04 -3.468668111998894697e-04 1.050410315055182764e+01 9.376060724575085992e-01 9.243456102145352071e-01 9.510497496605465617e-01 0.000000000000000000e+00
7.685439767215314077e+00 1.613211370880937023e+00 -5.780569495261973301e-04 -1.000000000000000000e+00 -7.321493383280557564e-04 -4.190938278691984809e-04 1.373060659914449388e+01 9.323196081174617289e-01 9.189279776084148255e-01 9.458992623101335484e-01 0.000000000000000000e+00
7.691848734120691589e+00 1.611867218305303329e+00 -6.497069807778528159e-04 -1.000000000000000000e+00 -8.020326702604354185e-04 -4.924930304688562681e-04 1.742644319661212648e+01 9.273926248955685070e-01 9.141144339108485672e-01 9.408568749196749570e-01 0.000000000000000000e+00
7.698263045529186499e+00 1.610524185698310351e+00 -7.284451599121039402e-04 -1.000000000000000000e+00 -8.790214019319172317e-04 -5.729597414697256254e-04 2.204470689322533872e+01 9.256909650223715813e-01 9.122569675174265758e-01 9.393157355407470988e-01 0.000000000000000000e+00
7.704682705897634598e+00 1.609182272126782998e+00 -7.794873237746579491e-04 -1.000000000000000000e+00 -9.275265942738084631e-04 -6.264899841237849985e-04 2.561431505752193516e+01 9.197802712385160229e-01 9.064748388283712099e-01 9.332742328741168159e-01 0.000000000000000000e+00
7.711107719686588702e+00 1.607841476658323998e+00 -8.272849081105697767e-04 -1.000000000000000000e+00 -9.728258762624998135e-04 -6.767661076745675906e-04 2.939418934982086284e+01 9.152787861295426097e-01 9.018456540571557767e-01 9.289050908602163314e-01 0.000000000000000000e+00
7.717538091360320429e+00 1.606501798361312572e+00 -8.370070760251173718e-04 -1.000000000000000000e+00 -9.802607331561366544e-04 -6.887690676618782619e-04 3.079278574051249961e+01 9.018326042601757520e-01 8.884062978339500871e-01 9.154549090418439006e-01 0.000000000000000000e+00
7.723973825386825531e+00 1.605163236304904206e+00 -8.852861342971238712e-04 -1.000000000000000000e+00 -1.026006273834826656e-03 -7.395600777623952647e-04 3.499168589259716100e+01 8.970238564348459454e-01 8.837188168873417737e-01 9.105226485408958181e-01 0.000000000000000000e+00
7.730414926237823892e+00 1.603825789559029547e+00 -9.187382742624877188e-04 -1.000000000000000000e+00 -1.057698570595832447e-03 -7.747596938335660948e-04 3.822500314000853905e+01 8.865606627605164825e-01 8.731649313193180495e-01 9.001551925092950990e-01 0.000000000000000000e+00
7.736861398388765743e+00 1.602489457194395728e+00 -9.777314999893501821e-04 -1.000000000000000000e+00 -1.114520539733072826e-03 -8.358735636440736867e-04 4.366812293111729559e+01 8.809416165595208570e-01 8.676670276974263185e-01 8.944127007017029785e-01 0.000000000000000000e+00
7.743313246318833443e+00 1.601154238282482378e+00 -1.016049592124231146e-03 -1.000000000000000000e+00 -1.151240470077363092e-03 -8.757290751428387868e-04 4.763349262757242286e+01 8.693586896265090846e-01 8.559991868757415023e-01 8.829197716012807673e-01 0.000000000000000000e+00
7.749770474510944140e+00 1.599820131895543396e+00 -1.075663676313320591e-03 -1.000000000000000000e+00 -1.208785618074441869e-03 -9.373761411291736331e-04 5.377421397653620261e+01 8.641180763244992180e-01 8.508765256727899295e-01 8.775589424174841113e-01 0.000000000000000000e+00
7.756233087451753327e+00 1.598487137106606282e+00 -1.125802511408813917e-03 -1.000000000000000000e+00 -1.257117153256616902e-03 -9.893286460083167578e-04 5.956145839722375968e+01 8.590882228362992645e-01 8.457170120484256426e-01 8.726640417914404146e-01 0.000000000000000000e+00
7.762701089631657503e+00 1.597155252989470364e+00 -1.162658137417726728e-03 -1.000000000000000000e+00 -1.291261625525504803e-03 -1.028901360482159999e-03 6.476361194598439397e+01 8.544505831541234775e-01 8.412018804169978381e-01 8.679015486060592810e-01 0.000000000000000000e+00
7.769174485544799502e+00 1.595824478618706577e+00 -1.156860294447255647e-03 -1.000000000000000000e+00 -1.282553853473222078e-03 -1.026005549617654963e-03 6.625121007700022346e+01 8.414194433088844072e-01 8.281163409088909688e-01 8.548612320741026949e-01 0.000000000000000000e+00
7.775653279689067610e+00 1.594494813069657235e+00 -1.162490829667306609e-03 -1.000000000000000000e+00 -1.284896398277358357e-03 -1.034869473043547152e-03 6.905934953624296213e+01 8.302995772709004241e-01 8.169991575321202681e-01 8.437405659153542903e-01 0.000000000000000000e+00
7.782137476566102663e+00 1.593166255418435151e+00 -1.234380623197835767e-03 -1.000000000000000000e+00 -1.353889597826395423e-03 -1.109620900190373162e-03 7.882305247064368814e+01 8.319914491349088559e-01 8.186927012736203713e-01 8.454305655090816884e-01 0.000000000000000000e+00
7.788627080681298942e+00 1.591838804741922297e+00 -1.262389615715698741e-03 -1.000000000000000000e+00 -1.380655697771533642e-03 -1.138865348036584117e-03 8.311365189322509650e+01 8.146542265237640690e-01 8.013856750174915833e-01 8.280654965702478609e-01 0.000000000000000000e+00
7.795122096543806833e+00 1.590512460117771143e+00 -1.374725888238279622e-03 -1.000000000000000000e+00 -1.491095240836807318e-03 -1.253016532204083129e-03 9.766660068255191618e+01 8.174008468625548751e-01 8.041109846837193320e-01 8.308334344059713494e-01 0.000000000000000000e+00
7.801622528666539047e+00 1.589187220624400876e+00 -1.420998385332977688e-03 -1.000000000000000000e+00 -1.535194610809655384e-03 -1.301334255377692211e-03 1.051331412992067271e+02 8.051367768473080000e-01 7.918433846726743441e-01 8.185748654158352400e-01 0.000000000000000000e+00
7.808128381566169729e+00 1.587863085341000069e+00 -1.489334501156795243e-03 -1.000000000000000000e+00 -1.600237538998415575e-03 -1.372886522791143954e-03 1.168263407842971446e+02 8.066731834815109581e-01 7.933832947514840583e-01 8.201074986326071237e-01 0.000000000000000000e+00
7.814639659763139790e+00 1.586540053347523793e+00 -1.464125676749559969e-03 -1.000000000000000000e+00 -1.572532860895098882e-03 -1.350119270161680238e-03 1.162990338625322693e+02 7.899547780957087983e-01 7.767108581289775548e-01 8.033452910797066471e-01 0.000000000000000000e+00
7.821156367781661345e+00 1.585218123724693617e+00 -1.422171311027388809e-03 -1.000000000000000000e+00 -1.529115018337153355e-03 -1.309688297579510987e-03 1.129705372861151318e+02 7.728069041493680347e-01 7.595395968387104180e-01 7.862246671438311019e-01 0.000000000000000000e+00
7.827678510149716828e+00 1.583897295553998275e+00 -1.422269992926314831e-03 -1.000000000000000000e+00 -1.527559979200259020e-03 -1.311451532952804654e-03 1.149116809925365033e+02 7.694831839513152083e-01 7.563283418568956806e-01 7.827867524446027181e-01 0.000000000000000000e+00
7.834206091399066985e+00 1.582577567917689887e+00 -1.375824878463746508e-03 -1.000000000000000000e+00 -1.480703482921197486e-03 -1.265534854841528093e-03 1.099626619377049792e+02 7.529981035183418436e-01 7.398148283476960740e-01 7.663341646391997886e-01 0.000000000000000000e+00
7.840739116065250869e+00 1.581258939898786631e+00 -1.366597375586920717e-03 -1.000000000000000000e+00 -1.469947127707238758e-03 -1.257819153988086469e-03 1.102425985217248581e+02 7.467846711053207631e-01 7.337382176281227464e-01 7.599821339372944129e-01 0.000000000000000000e+00
7.847277588687588512e+00 1.579941410581070071e+00 -1.350501769978457774e-03 -1.000000000000000000e+00 -1.452361357088185296e-03 -1.243128789333537579e-03 1.094540746073478203e+02 7.361472507212727390e-01 7.230268752956302558e-01 7.494224667363561521e-01 0.000000000000000000e+00
7.853821513809187138e+00 1.578624979049085830e+00 -1.373346043471124819e-03 -1.000000000000000000e+00 -1.491428416113782041e-03 -1.266875179341340595e-03 1.131537614428682446e+02 7.316078072018099565e-01 7.186024768242122995e-01 7.447660468094718933e-01 0.000000000000000000e+00
7.860370895976941163e+00 1.577309644388141585e+00 -1.386380008673358030e-03 -1.000000000000000000e+00 -1.491269120875520892e-03 -1.278687615107870594e-03 1.141315166105443950e+02 7.195071638887694521e-01 7.064197784050864071e-01 7.327520977797148394e-01 0.000000000000000000e+00
7.866925739741537527e+00 1.575995405684307737e+00 -1.405877037933312129e-03 -1.000000000000000000e+00 -1.507351723999941252e-03 -1.298853912804740851e-03 1.172239822249448480e+02 7.148333922774626759e-01 7.018589463863988964e-01 7.279638046841773180e-01 0.000000000000000000e+00
7.873486049657457464e+00 1.574682262024415857e+00 -1.336834954397908646e-03 -1.000000000000000000e+00 -1.435529864383638075e-03 -1.232440177073743266e-03 1.106016587168787737e+02 6.957413197114078462e-01 6.827893799508226724e-01 7.088528434505876330e-01 0.000000000000000000e+00
7.880051830282980951e+00 1.573370212496058462e+00 -1.307909995308254546e-03 -1.000000000000000000e+00 -1.403735231157962485e-03 -1.206423837117567843e-03 1.097347638691176144e+02 6.887106823291453406e-01 6.759170060113284251e-01 7.016618279980809669e-01 0.000000000000000000e+00
7.886623086180188480e+00 1.572059256187587906e+00 -1.269363773655338276e-03 -1.000000000000000000e+00 -1.364104887703838052e-03 -1.169019722076259770e-03 1.061374801639810812e+02 6.711313179578520804e-01 6.583375031120485277e-01 6.840868514438149806e-01 0.000000000000000000e+00
7.893199821914964609e+00 1.570749392188117488e+00 -1.271721486427590661e-03 -1.000000000000000000e+00 -1.365947144887511228e-03 -1.171811878863009745e-03 1.069504435955936970e+02 6.569886795715981220e-01 6.442222168918912972e-01 6.699195026594952918e-01 0.000000000000000000e+00
7.899782042057002407e+00 1.569440619587517682e+00 -4.137708029874896318e-03 -1.000000000000000000e+00 0.000000000000000000e+00 0.000000000000000000e+00 0.000000000000000000e+00 7.030121631276603500e-01 0.000000000000000000e+00 0.000000000000000000e+00 1.000000000000000000e+00
7.906369751179806116e+00 1.568132937476418354e+00 -7.380776784113554818e-03 -1.000000000000000000e+00 0.000000000000000000e+00 0.000000000000000000e+00 0.000000000000000000e+00 7.151630169758100841e-01 0.000000000000000000e+00 0.000000000000000000e+00 1.000000000000000000e+00
7.912962953860692039e+00 1.566826344946206540e+00 -8.017441120059549259e-03 -1.000000000000000000e+00 0.000000000000000000e+00 0.000000000000000000e+00 0.000000000000000000e+00 6.944769583543521918e-01 0.000000000000000000e+00 0.000000000000000000e+00 1.000000000000000000e+00
7.919561654680794760e+00 1.565520841089027337e+00 -1.252563479869812013e-03 -1.000000000000000000e+00 -1.340575157622080418e-03 -1.158591067011891960e-03 1.100581130991655527e+02 6.123298479302359265e-01 5.998204009626054711e-01 6.250085034191215083e-01 0.000000000000000000e+00
7.926165858225068916e+00 1.564216424997781019e+00 -8.086560306351835842e-03 -1.000000000000000000e+00 0.000000000000000000e+00 0.000000000000000000e+00 0.000000000000000000e+00 6.480616533664709245e-01 0.000000000000000000e+00 0.000000000000000000e+00 1.000000000000000000e+00
7.932775569082291867e+00 1.562913095766124583e+00 -1.204658625002776691e-03 -1.000000000000000000e+00 -1.291263787070136022e-03 -1.112189256219392897e-03 1.056698282658462631e+02 5.928619728468428329e-01 5.804632481682557854e-01 6.054327153216101376e-01 0.000000000000000000e+00
7.939390791845069018e+00 1.561610852488469980e+00 -8.185538835918382272e-03 -1.000000000000000000e+00 0.000000000000000000e+00 0.000000000000000000e+00 0.000000000000000000e+00 6.558250478914050552e-01 0.000000000000000000e+00 0.000000000000000000e+00 1.000000000000000000e+00
7.946011531109834714e+00 1.560309694259983226e+00 -6.379421694514504637e-03 -1.000000000000000000e+00 0.000000000000000000e+00 0.000000000000000000e+00 0.000000000000000000e+00 6.414278161110517074e-01 0.000000000000000000e+00 0.000000000000000000e+00 1.000000000000000000e+00
7.952637791476856677e+00 1.559009620176584621e+00 -8.624621326401737953e-03 -1.000000000000000000e+00 0.000000000000000000e+00 0.000000000000000000e+00 0.000000000000000000e+00 6.086307302401009478e-01 0.000000000000000000e+00 0.000000000000000000e+00 1.000000000000000000e+00
7.959269577550237784e+00 1.557710629334948083e+00 -9.228827551228623721e-03 -1.000000000000000000e+00 0.000000000000000000e+00 0.000000000000000000e+00 0.000000000000000000e+00 5.771595522238757159e-01 0.000000000000000000e+00 0.000000000000000000e+00 1.000000000000000000e+00
7.965906893937922284e+00 1.556412720832499597e+00 -6.161718718576195998e-03 -1.000000000000000000e+00 0.000000000000000000e+00 0.000000000000000000e+00 0.000000000000000000e+00 5.543201568019144876e-01 0.000000000000000000e+00 0.000000000000000000e+00 1.000000000000000000e+00
7.972549745251694908e+00 1.555115893767417656e+00 -4.783226207870318845e-03 -1.000000000000000000e+00 0.000000000000000000e+00 0.000000000000000000e+00 0.000000000000000000e+00 5.566114965868423914e-01 0.000000000000000000e+00 0.000000000000000000e+00 1.000000000000000000e+00
7.979198136107187977e+00 1.553820147238631932e+00 -5.945797854402575661e-03 -1.000000000000000000e+00 0.000000000000000000e+00 0.000000000000000000e+00 0.000000000000000000e+00 5.330182097507033534e-01 0.000000000000000000e+00 0.000000000000000000e+00 1.000000000000000000e+00
7.985852071123881402e+00 1.552525480345822828e+00 -4.973108492650832844e-03 -1.000000000000000000e+00 0.000000000000000000e+00 0.000000000000000000e+00 0.000000000000000000e+00 5.334133041141566611e-01 0.000000000000000000e+00 0.000000000000000000e+00 1.000000000000000000e+00
7.992511554925108008e+00 1.551231892189421036e+00 -9.295131985971487928e-04 -1.000000000000000000e+00 0.000000000000000000e+00 0.000000000000000000e+00 0.000000000000000000e+00 4.914778842333472064e-01 0.000000000000000000e+00 0.000000000000000000e+00 1.000000000000000000e+00
7.999176592138056208e+00 1.549939381870606869e+00 -9.067290924017036916e-03 -1.000000000000000000e+00 0.000000000000000000e+00 0.000000000000000000e+00 0.000000000000000000e+00 5.301604747604218293e-01 0.000000000000000000e+00 0.000000000000000000e+00 1.000000000000000000e+00
