# OBJ_NAME=4U1820-30
#         GRID_START=6.00
#         GRID_END=8.00
#         GRID_STEP_FRACTION=0.50
#         XSPEC_FITSTAT=cstat
#         XSPEC_CONTINUUM_MODEL=tbabs*(bbodyrad + pow)*constant
#         XSPEC_LINE_MODEL=gauss
#         LINE_VELOCITY_WIDTH=500
#         INPUT_FILE=/home/simon/Downloads/tgcat/obs_25031_tgid_6251/pm_heg_abs1.pha
#         SEARCH_MODE=Sliding window
#         FIT_REGION_WIDTH=30.00
#         RUNTIME=207
#         COLUMN_NAMES=ENERGY,WAVELENGTH,NORM,NORM_SIGN,NORM_ERR_LO,NORM_ERR_HI,DELTA_FITSTAT,CONSTANT_FACTOR,CONSTANT_FACTOR_ERR_LO,CONSTANT_FACTOR_ERR_HI,FIT_ERR
6.000000000000000000e+00 2.066373137115381287e+00 -1.654718892814183420e-05 -1.000000000000000000e+00 -9.416008398727192339e-05 6.275711507975466764e-05 4.929125972304859715e-02 9.116332665301905003e-01 9.025459790464691601e-01 9.208093682713079930e-01 0.000000000000000000e+00
6.005003461427972589e+00 2.064651403172383937e+00 -1.456922671923553554e-05 -1.000000000000000000e+00 -9.252281677492091077e-05 6.507646868947384005e-05 3.797472907945120824e-02 9.104302710586242853e-01 9.012774690064122574e-01 9.196732620043310824e-01 0.000000000000000000e+00
6.010011095293655181e+00 2.062931103804642063e+00 -2.509247348961511339e-05 -1.000000000000000000e+00 -1.031953496051698366e-04 5.470372237595454661e-05 1.117645097518789044e-01 9.133962133071880096e-01 9.042831241545228327e-01 9.225984600711809591e-01 0.000000000000000000e+00
6.015022905076486737e+00 2.061212237816845594e+00 -2.643491860819623858e-05 -1.000000000000000000e+00 -1.046273197527558887e-04 5.345505568303204696e-05 1.237277691085125753e-01 9.132660439053841284e-01 9.041390360314093266e-01 9.224824748822796350e-01 0.000000000000000000e+00
6.020038894258807005e+00 2.059494804014679215e+00 -2.717608724282894353e-05 -1.000000000000000000e+00 -1.053207346325958052e-04 5.267323763741937448e-05 1.309933949560218025e-01 9.132882228977222683e-01 9.040936035217936872e-01 9.225735586833587742e-01 0.000000000000000000e+00
6.025059066325860080e+00 2.057778801204824592e+00 -2.158908449094300598e-05 -1.000000000000000000e+00 -9.963236527576567329e-05 5.816617077283445702e-05 8.297409742408490274e-02 9.110286771033269115e-01 9.018328432965326824e-01 9.203154915463218622e-01 0.000000000000000000e+00
6.030083424765796174e+00 2.056064228194956822e+00 -2.620658318147756546e-05 -1.000000000000000000e+00 -1.041601940088288103e-04 5.346416541129406577e-05 1.221650181027769122e-01 9.120884140068576951e-01 9.029443119488486102e-01 9.213224041086101046e-01 0.000000000000000000e+00
6.035111973069674285e+00 2.054351083793744426e+00 -2.719415924093586466e-05 -1.000000000000000000e+00 -1.053705548979692647e-04 5.270028067099114845e-05 1.309975810324033318e-01 9.113665216501042332e-01 9.021545797607942729e-01 9.206696811880209497e-01 0.000000000000000000e+00
6.040144714731465747e+00 2.052639366810848021e+00 -2.772660289952653541e-05 -1.000000000000000000e+00 -1.061569883497889242e-04 5.242269314756161269e-05 1.353858424500060664e-01 9.104289029584822224e-01 9.012041775644183961e-01 9.197451473893888396e-01 0.000000000000000000e+00
6.045181653248054232e+00 2.050929076056921652e+00 -2.802671725651959163e-05 -1.000000000000000000e+00 -1.065518130516324662e-04 5.221997077055544974e-05 1.378217229237463926e-01 9.099172446958565530e-01 9.007501692429444873e-01 9.191748483963499972e-01 0.000000000000000000e+00
6.050222792119239301e+00 2.049220210343609683e+00 -2.841466909713263186e-05 -1.000000000000000000e+00 -1.069544268086922904e-04 5.184981892284343491e-05 1.417343423495935895e-01 9.101729084776586376e-01 9.009359321709822233e-01 9.195017444911748328e-01 0.000000000000000000e+00
6.055268134847740846e+00 2.047512768483544576e+00 -2.244708502764134093e-05 -1.000000000000000000e+00 -1.008781542221771351e-04 5.771678934858761993e-05 8.879314686862471717e-02 9.085732755797049087e-01 8.993318428713563684e-01 9.179068043962461676e-01 0.000000000000000000e+00
6.060317684939197314e+00 2.045806749290351334e+00 -2.737965010833764645e-05 -1.000000000000000000e+00 -1.057516702572965073e-04 5.273424397703760196e-05 1.320531197623324715e-01 9.109580583601597503e-01 9.016913566750383024e-01 9.203170757933852864e-01 0.000000000000000000e+00
6.065371445902172809e+00 2.044102151578641724e+00 -2.557710198204749406e-05 -1.000000000000000000e+00 -1.042014353387598198e-04 5.479659426834920604e-05 1.145753232278252653e-01 9.108884337238516427e-01 9.016213254898058915e-01 9.202478224731719392e-01 0.000000000000000000e+00
6.070429421248155322e+00 2.042398974164015168e+00 -1.359333747088793333e-05 -1.000000000000000000e+00 -9.279602360676553316e-05 6.735889053421359246e-05 3.204732423915856998e-02 9.077993482020626503e-01 8.985273757956493412e-01 9.171640211061479198e-01 0.000000000000000000e+00
6.075491614491562942e+00 2.040697215863058300e+00 -7.317970330348912155e-06 -1.000000000000000000e+00 -8.703398614885332369e-05 7.414036435726207219e-05 9.195431696724654103e-03 9.083459798271588115e-01 8.990522075926835610e-01 9.177328933919900456e-01 0.000000000000000000e+00
6.080558029149742971e+00 2.038996875493343186e+00 6.959402273402730187e-06 1.000000000000000000e+00 -7.295161766925866277e-05 8.861042704021995179e-05 8.305266434177838164e-03 9.078115235445549658e-01 8.985225246937756927e-01 9.171936356729940565e-01 0.000000000000000000e+00
6.085628668742976366e+00 2.037297951873428659e+00 2.378074459790399751e-05 1.000000000000000000e+00 -5.599684025499931115e-05 1.053073507641914282e-04 9.764420421012687257e-02 9.071213017436545734e-01 8.978255188037123080e-01 9.165103836612200627e-01 0.000000000000000000e+00
6.090703536794479511e+00 2.035600443822857208e+00 2.989708194512444148e-05 1.000000000000000000e+00 -4.964841352657807527e-05 1.112015622941787561e-04 1.552994371495515225e-01 9.092560314078012018e-01 8.999395753762182704e-01 9.186659714253300191e-01 0.000000000000000000e+00
6.095782636830406886e+00 2.033904350162153651e+00 3.411285865062965093e-05 1.000000000000000000e+00 -4.550137694126336918e-05 1.154844604430954158e-04 2.022863574001689813e-01 9.093762043486036672e-01 8.999884920495923035e-01 9.188588783872309040e-01 0.000000000000000000e+00
6.100865972379854618e+00 2.032209669712826461e+00 3.211706340353763284e-05 1.000000000000000000e+00 -4.768475382998678798e-05 1.136704675632841386e-04 1.782256362919838466e-01 9.082781129181464186e-01 8.989507091739792344e-01 9.176994286158651759e-01 0.000000000000000000e+00
6.105953546974859592e+00 2.030516401297367324e+00 2.123589355778756580e-05 1.000000000000000000e+00 -5.884745377932175690e-05 1.030706932058274305e-04 7.731685059320625442e-02 9.073454150730365653e-01 8.979460217598340677e-01 9.168401901804158483e-01 0.000000000000000000e+00
6.111045364150406556e+00 2.028824543739246700e+00 1.131532502203815230e-05 1.000000000000000000e+00 -6.881769353342120520e-05 9.321683412996260767e-05 2.187797118216394665e-02 9.044038534787758321e-01 8.950004419902640729e-01 9.139029745995782550e-01 0.000000000000000000e+00
6.116141427444425460e+00 2.027134095862917373e+00 -9.878749518717177945e-06 -1.000000000000000000e+00 -8.977067431967429307e-05 7.180299049734857088e-05 1.664691800945661271e-02 9.056373900143875888e-01 8.962852522971744840e-01 9.150840434544821322e-01 0.000000000000000000e+00
6.121241740397799447e+00 2.025445056493809570e+00 -2.226413839428188678e-05 -1.000000000000000000e+00 -1.020912552338974484e-04 5.935799682089422770e-05 8.450765541417126769e-02 9.051761585647021269e-01 8.957535606913201720e-01 9.146946905671158312e-01 0.000000000000000000e+00
6.126346306554362187e+00 2.023757424458334508e+00 -2.998368503912659098e-05 -1.000000000000000000e+00 -1.097716473088419342e-04 5.159383362890781197e-05 1.531118368426689358e-01 9.051535733298149422e-01 8.957149460216424774e-01 9.146885557703368086e-01 0.000000000000000000e+00
6.131455129460903208e+00 2.022071198583879958e+00 -3.288219996066413725e-05 -1.000000000000000000e+00 -1.126143984882840940e-04 4.863917218819372958e-05 1.842145462007067636e-01 9.054902534605610009e-01 8.960347976665041791e-01 9.150424091233672064e-01 0.000000000000000000e+00
6.136568212667169675e+00 2.020386377698810687e+00 -3.004398889838591499e-05 -1.000000000000000000e+00 -1.096978015712923231e-04 5.141113910114301141e-05 1.540560626307581060e-01 9.053797816337840754e-01 8.959284622851161339e-01 9.149276817085837399e-01 0.000000000000000000e+00
6.141685559725869936e+00 2.018702960632467569e+00 -2.568762112825672458e-05 -1.000000000000000000e+00 -1.054311300006537566e-04 5.586876124975420643e-05 1.124785007813500215e-01 9.058106911442496134e-01 8.963414099371416199e-01 9.153768587407820068e-01 0.000000000000000000e+00
6.146807174192673529e+00 2.017020946215167587e+00 -2.109962426379034188e-05 -1.000000000000000000e+00 -1.012040309454772212e-04 6.081701293693088850e-05 7.535445064280565930e-02 9.070545726484634530e-01 8.975601029200678260e-01 9.166462642225052804e-01 0.000000000000000000e+00
6.151933059626216505e+00 2.015340333278202056e+00 -8.738471314838921103e-06 -1.000000000000000000e+00 -8.937799354775770571e-05 7.370685799481958963e-05 1.280776698814634074e-02 9.065839873225466361e-01 8.970897300650862993e-01 9.161756214626340933e-01 0.000000000000000000e+00
6.157063219588101433e+00 2.013661120653835290e+00 7.554426321853050393e-06 1.000000000000000000e+00 -7.353335838843132015e-05 9.044549287984797068e-05 9.516151846696629946e-03 9.059674885623071328e-01 8.964576023522438097e-01 9.155751128686415719e-01 0.000000000000000000e+00
6.162197657642900950e+00 2.011983307175305935e+00 2.121367243523077320e-05 1.000000000000000000e+00 -6.005083979403605182e-05 1.042874376043478180e-04 7.496990069734010831e-02 9.071741145238356729e-01 8.976427175437277084e-01 9.168035322847690738e-01 0.000000000000000000e+00
6.167336377358160426e+00 2.010306891676824304e+00 3.687707770117821404e-05 1.000000000000000000e+00 -4.450243616215346782e-05 1.200732586596613442e-04 2.270417269065205801e-01 9.075622270746058762e-01 8.979569323852026885e-01 9.172670556361511851e-01 0.000000000000000000e+00
6.172479382304400630e+00 2.008631872993570600e+00 5.097097031008279879e-05 1.000000000000000000e+00 -3.049702542130339807e-05 1.342617692408878873e-04 4.336646954453158287e-01 9.073412126050147686e-01 8.977981769159656400e-01 9.169825388907609787e-01 0.000000000000000000e+00
6.177626676055119503e+00 2.006958249961698471e+00 6.391038095187363290e-05 1.000000000000000000e+00 -1.796837185499208518e-05 1.476102232798467105e-04 6.785730537310996624e-01 9.056931589811905159e-01 8.960818435685495853e-01 9.154043778020092281e-01 0.000000000000000000e+00
6.182778262186794827e+00 2.005286021418328790e+00 6.449557639449823680e-05 1.000000000000000000e+00 -1.779803806262231670e-05 1.486114860800967366e-04 6.847062597597357581e-01 9.066788640874123839e-01 8.970415290220593585e-01 9.164164263925036469e-01 0.000000000000000000e+00
6.187934144278887771e+00 2.003615186201552323e+00 6.534996841977601194e-05 1.000000000000000000e+00 -1.725452003420800521e-05 1.497858268069662249e-04 6.971903184814891574e-01 9.063384042565699739e-01 8.967590416623388849e-01 9.160168926877038098e-01 0.000000000000000000e+00
6.193094325913842901e+00 2.001945743150427948e+00 6.451378881868788352e-05 1.000000000000000000e+00 -1.836311707961355531e-05 1.492300658584831425e-04 6.759779922950031050e-01 9.062255478279203080e-01 8.965693780601029506e-01 9.159824002237771934e-01 0.000000000000000000e+00
6.198258810677093500e+00 2.000277691104981770e+00 5.965714050690517782e-05 1.000000000000000000e+00 -2.323876414798522111e-05 1.443972769287553653e-04 5.769262035787789955e-01 9.077175110598373342e-01 8.980366383986198020e-01 9.174994286115528697e-01 0.000000000000000000e+00
6.203427602157062459e+00 1.998611028906206677e+00 5.961499936747701936e-05 1.000000000000000000e+00 -2.312323156287058543e-05 1.442018248871654339e-04 5.771089387893937328e-01 9.075789590126330797e-01 8.979608769359108678e-01 9.172968428358122539e-01 0.000000000000000000e+00
6.208600703945164057e+00 1.996945755396060118e+00 6.346669562985659272e-05 1.000000000000000000e+00 -1.921416880677496433e-05 1.480002054180169259e-04 6.563170358666354787e-01 9.055475018485981131e-01 8.958663087080477316e-01 9.153300032682829546e-01 0.000000000000000000e+00
6.213778119635809283e+00 1.995281869417466547e+00 6.062280148155368151e-05 1.000000000000000000e+00 -2.197599035977541507e-05 1.450814354474345958e-04 5.994327757159112480e-01 9.048380479903839202e-01 8.951439080820532412e-01 9.146338421177513389e-01 0.000000000000000000e+00
6.218959852826404955e+00 1.993619369814312314e+00 5.432567055958543046e-05 1.000000000000000000e+00 -2.832957184610755490e-05 1.388485600941292617e-04 4.800090348997514411e-01 9.041754268138268991e-01 8.944655665712840653e-01 9.139872844421315090e-01 0.000000000000000000e+00
6.224145907117359044e+00 1.991958255431448777e+00 4.338789671873376203e-05 1.000000000000000000e+00 -3.945138514065156109e-05 1.281037189472313551e-04 3.039666198216366411e-01 9.046004289293603229e-01 8.948868165073056158e-01 9.144160720595831959e-01 0.000000000000000000e+00
6.229336286112081567e+00 1.990298525114688521e+00 3.851555302415991984e-05 1.000000000000000000e+00 -4.466146229566171757e-05 1.235775883516772593e-04 2.375022413823160150e-01 9.035155335533465726e-01 8.937848894922169052e-01 9.133486205623763121e-01 0.000000000000000000e+00
6.234530993416986355e+00 1.988640177710806478e+00 3.260749708017165582e-05 1.000000000000000000e+00 -5.092333462134385143e-05 1.180278288607569800e-04 1.688477815389433090e-01 9.048680851863684094e-01 8.950490145971782274e-01 9.147913069430492206e-01 0.000000000000000000e+00
6.239730032641496393e+00 1.986983212067538140e+00 3.691075647037003879e-05 1.000000000000000000e+00 -4.675829036874529904e-05 1.224741528514692950e-04 2.155322361343792181e-01 9.055278436558016342e-01 8.957666141911736490e-01 9.153919069874552061e-01 0.000000000000000000e+00
6.244933407398043812e+00 1.985327627033580011e+00 5.024517613017144633e-05 1.000000000000000000e+00 -3.353326660695466523e-05 1.359205188106771310e-04 3.996311912590329030e-01 9.057591404403504409e-01 8.959805288820972269e-01 9.156409130643935468e-01 0.000000000000000000e+00
6.250141121302072555e+00 1.983673421458586272e+00 7.504408350758967291e-05 1.000000000000000000e+00 -8.926158120364758534e-06 1.609138282698733917e-04 8.941982849197529504e-01 9.035844321333622586e-01 8.937419217354281020e-01 9.135317491835159842e-01 0.000000000000000000e+00
6.255353177972041934e+00 1.982020594193170782e+00 9.053789106757392498e-05 1.000000000000000000e+00 6.432561786499653000e-06 1.765478262932075105e-04 1.300094681328005208e+00 9.050759032766901857e-01 8.952893523804389408e-01 9.149659844600742664e-01 0.000000000000000000e+00
6.260569581029430175e+00 1.980369144088905076e+00 1.069055713156546908e-04 1.000000000000000000e+00 2.237242416051494760e-05 1.933440303725968775e-04 1.802728414824514402e+00 9.055089631883357359e-01 8.957002571835008808e-01 9.154215612870109098e-01 0.000000000000000000e+00
6.265790334098732650e+00 1.978719069998317037e+00 1.193804128398194987e-04 1.000000000000000000e+00 3.426610396636635934e-05 2.063948618372474448e-04 2.228831439249773894e+00 9.059608803961832768e-01 8.960678187815661611e-01 9.159595949003385140e-01 0.000000000000000000e+00
6.271015440807469865e+00 1.977070370774890451e+00 1.187054825554341924e-04 1.000000000000000000e+00 3.325764947844102293e-05 2.060472611347563977e-04 2.186433585388641632e+00 9.092798626030891285e-01 8.993482164916523081e-01 9.193176673405214494e-01 0.000000000000000000e+00
6.276244904786186574e+00 1.975423045273065226e+00 1.208480531201951380e-04 1.000000000000000000e+00 3.540152686473473738e-05 2.081890970397874826e-04 2.265934335473730243e+00 9.092094459089870018e-01 8.992816117328444880e-01 9.192434535995221978e-01 0.000000000000000000e+00
6.281478729668454442e+00 1.973777092348234952e+00 1.157790247790473618e-04 1.000000000000000000e+00 3.066937793849924972e-05 2.027955271522947152e-04 2.092185864039066701e+00 9.087227746861347155e-01 8.987824730969060649e-01 9.187695251236259741e-01 0.000000000000000000e+00
6.286716919090875599e+00 1.972132510856748011e+00 9.457317464664669016e-05 1.000000000000000000e+00 9.950872174918060000e-06 1.811207983132969248e-04 1.402983071937939030e+00 9.106297492746580069e-01 9.006639538240673870e-01 9.207023636219987539e-01 0.000000000000000000e+00
6.291959476693084419e+00 1.970489299655904469e+00 6.593853846993761583e-05 1.000000000000000000e+00 -1.834836445830470314e-05 1.521622170937613275e-04 6.817041292343333225e-01 9.117492116262514434e-01 9.017795237590654489e-01 9.218255360291309763e-01 0.000000000000000000e+00
6.297206406117751065e+00 1.968847457603957185e+00 2.973293686741032687e-05 1.000000000000000000e+00 -5.445258448724476326e-05 1.158534956652842790e-04 1.376710074956690733e-01 9.126773636140780299e-01 9.026790953479543189e-01 9.227829156067123284e-01 0.000000000000000000e+00
6.302457711010582386e+00 1.967206983560110700e+00 -1.196135451473889597e-05 -1.000000000000000000e+00 -9.601886855689692457e-05 7.403107665439335983e-05 2.211382951819018672e-02 9.140207176553138968e-01 9.039908012022375150e-01 9.241583677876928915e-01 0.000000000000000000e+00
6.307713395020327241e+00 1.965567876384518575e+00 -5.292755658217454453e-05 -1.000000000000000000e+00 -1.365361631451830543e-04 3.263522572211435499e-05 4.323683548226711082e-01 9.156063743862430382e-01 9.055693726043601011e-01 9.257510817752907517e-01 0.000000000000000000e+00
6.312973461798775610e+00 1.963930134938285832e+00 -8.785332000486842960e-05 -1.000000000000000000e+00 -1.707854924883006956e-04 -2.939465397239091277e-06 1.196981863491458853e+00 9.173857721148596100e-01 9.073227519937322461e-01 9.275567912544133709e-01 0.000000000000000000e+00
6.318237915000763039e+00 1.962293758083465844e+00 -1.101588177752580989e-04 -1.000000000000000000e+00 -1.926191970634567191e-04 -2.570528015999401169e-05 1.891546665217191503e+00 9.177634934636768049e-01 9.076196824881715974e-01 9.280168916905303655e-01 0.000000000000000000e+00
6.323506758284172413e+00 1.960658744683059451e+00 -1.281009934771540554e-04 -1.000000000000000000e+00 -2.103011789320149072e-04 -4.390814780695793051e-05 2.555533506392322352e+00 9.197703541253076098e-01 9.096805493578106194e-01 9.299684795418025063e-01 0.000000000000000000e+00
6.328779995309938400e+00 1.959025093601015399e+00 -1.314920676018253767e-04 -1.000000000000000000e+00 -2.138608055388299374e-04 -4.713427012628010847e-05 2.680955303531106892e+00 9.196537106111249971e-01 9.095424218805008287e-01 9.298738228834356745e-01 0.000000000000000000e+00
6.334057629742047446e+00 1.957392803702229900e+00 -1.297446288983095108e-04 -1.000000000000000000e+00 -2.124254570586111461e-04 -4.507616917497143569e-05 2.596832416983716030e+00 9.209508256487084488e-01 9.107486747663403603e-01 9.312636445407076469e-01 0.000000000000000000e+00
6.339339665247542221e+00 1.955761873852543076e+00 -1.190544417051129042e-04 -1.000000000000000000e+00 -2.018924957393251440e-04 -3.422276203820797888e-05 2.180679593230763658e+00 9.220324149025402871e-01 9.118893569715743608e-01 9.322847944642665974e-01 0.000000000000000000e+00
6.344626105496522506e+00 1.954132302918741848e+00 -9.560575695136876314e-05 -1.000000000000000000e+00 -1.787152808584430283e-04 -1.049812952954769848e-05 1.406198723049669752e+00 9.206019057395606886e-01 9.104473976742814001e-01 9.308660664388140882e-01 0.000000000000000000e+00
6.349916954162148741e+00 1.952504089768555939e+00 -7.129830222381209183e-05 -1.000000000000000000e+00 -1.547845244642300075e-04 1.418346065811656109e-05 7.814282728248542753e-01 9.196283339754309782e-01 9.093976106135385207e-01 9.299705086474543414e-01 0.000000000000000000e+00
6.355212214920644698e+00 1.950877233270659206e+00 -4.180968987443862755e-05 -1.000000000000000000e+00 -1.256885821531905558e-04 4.405907360812655825e-05 2.685232114128837111e-01 9.159525464258010397e-01 9.057212449744891369e-01 9.262958122489274304e-01 0.000000000000000000e+00
6.360511891451300137e+00 1.949251732294668749e+00 -2.684086612372901923e-05 -1.000000000000000000e+00 -1.109540038328195549e-04 5.925792633287904740e-05 1.104703097926744704e-01 9.153612737376212172e-01 9.051362620959502170e-01 9.256983416935872233e-01 0.000000000000000000e+00
6.365815987436472589e+00 1.947627585711142251e+00 -2.060365377287559088e-05 -1.000000000000000000e+00 -1.047998019910195309e-04 6.558215490137285302e-05 6.506843409857765437e-02 9.145475262461651988e-01 9.043067495101876352e-01 9.249007376643439970e-01 0.000000000000000000e+00
6.371124506561590906e+00 1.946004792391578420e+00 -3.063521566356840480e-05 -1.000000000000000000e+00 -1.147577985717873909e-04 5.549322321120720000e-05 1.436454971942282555e-01 9.158253156804261330e-01 9.055568371385054327e-01 9.262066393612941040e-01 0.000000000000000000e+00
6.376437452515156146e+00 1.944383351208418098e+00 -4.852260092813734323e-05 -1.000000000000000000e+00 -1.326115158729678325e-04 3.759502764017896571e-05 3.586607769691170233e-01 9.165217889130194973e-01 9.062497946849589203e-01 9.269065628496713227e-01 0.000000000000000000e+00
6.381754828988746020e+00 1.942763261035039601e+00 -7.250382620015141861e-05 -1.000000000000000000e+00 -1.567845566657873405e-04 1.382048085077255658e-05 7.925428805597505288e-01 9.174241838283412331e-01 9.071199922110283476e-01 9.278416286343645902e-01 0.000000000000000000e+00
6.387076639677015777e+00 1.941144520745761159e+00 -9.219303359289276643e-05 -1.000000000000000000e+00 -1.768457655155184795e-04 -5.493021096782018981e-06 1.265454393203413019e+00 9.170176569251469179e-01 9.066863491510785966e-01 9.274628495052782418e-01 0.000000000000000000e+00
6.392402888277703532e+00 1.939527129215838475e+00 -1.066067473283305420e-04 -1.000000000000000000e+00 -1.914955647148505334e-04 -1.966431366176802026e-05 1.676808784269297803e+00 9.175706694620275883e-01 9.072340053745537869e-01 9.280212421715897664e-01 0.000000000000000000e+00
6.397733578491629380e+00 1.937911085321463833e+00 -1.037461953137402032e-04 -1.000000000000000000e+00 -1.886703231534248037e-04 -1.675173038177681735e-05 1.587288777284584285e+00 9.164880216638784383e-01 9.061360752590065237e-01 9.269543038588072825e-01 0.000000000000000000e+00
6.403068714022700725e+00 1.936296387939767438e+00 -9.744184761948054916e-05 -1.000000000000000000e+00 -1.823232837022250653e-04 -1.047817504990155256e-05 1.404223035323241220e+00 9.187317165855723999e-01 9.082856041604171482e-01 9.292938844879509164e-01 0.000000000000000000e+00
6.408408298577912277e+00 1.934683035948813856e+00 -7.125266322462515023e-05 -1.000000000000000000e+00 -1.562230012492303588e-04 1.580073676794998497e-05 7.530413474358965686e-01 9.168679026640648155e-01 9.065021040780335548e-01 9.273483065575952589e-01 0.000000000000000000e+00
6.413752335867351384e+00 1.933071028227602239e+00 -3.497135351386735042e-05 -1.000000000000000000e+00 -1.204415419624515820e-04 5.257421137052351642e-05 1.812304653029741530e-01 9.126832637412474192e-01 9.023186336109729755e-01 9.231631148410949228e-01 0.000000000000000000e+00
6.419100829604198033e+00 1.931460363656067436e+00 3.405653191795984588e-07 1.000000000000000000e+00 -8.588028098936611771e-05 8.863286027202087051e-05 1.706618954244731867e-05 9.089303891943016911e-01 8.984979382320971153e-01 9.194800011442892940e-01 0.000000000000000000e+00
6.424453783504729287e+00 1.929851041115075327e+00 2.389746085884570946e-05 1.000000000000000000e+00 -6.294221915809401096e-05 1.128157278081444638e-04 8.343152966298816864e-02 9.087671478072815168e-01 8.983991238643160848e-01 9.192509393401286921e-01 0.000000000000000000e+00
6.429811201288321953e+00 1.928243059486426159e+00 4.288656321043057276e-05 1.000000000000000000e+00 -4.464220046896836077e-05 1.324955098012287362e-04 2.663975788175605430e-01 9.091206448890792879e-01 8.986612268413353144e-01 9.196977962180790112e-01 0.000000000000000000e+00
6.435173086677453469e+00 1.926636417652850763e+00 6.061671723034555326e-05 1.000000000000000000e+00 -2.736413326674780013e-05 1.506766764591769279e-04 5.294614233265519943e-01 9.083672084970473293e-01 8.978881275624719382e-01 9.189645990368758843e-01 0.000000000000000000e+00
6.440539443397706343e+00 1.925031114498011453e+00 7.020243318659362744e-05 1.000000000000000000e+00 -1.784972073191118923e-05 1.603374412811600029e-04 7.093564757053059111e-01 9.083412586307297865e-01 8.979307350437201185e-01 9.188686288005867286e-01 0.000000000000000000e+00
6.445910275177769044e+00 1.923427148906499795e+00 7.414562899034845569e-05 1.000000000000000000e+00 -1.389449339206810005e-05 1.642798031993555809e-04 7.930164112606234994e-01 9.073658324703403055e-01 8.968763848210952183e-01 9.179739879884235565e-01 0.000000000000000000e+00
6.451285585749439555e+00 1.921824519763838390e+00 6.735654180162749889e-05 1.000000000000000000e+00 -2.055436126359466188e-05 1.573803182147299443e-04 6.549464448266348882e-01 9.068376346895226092e-01 8.963294549542730749e-01 9.174649756300509162e-01 0.000000000000000000e+00
6.456665378847628034e+00 1.920223225956476210e+00 4.816434100069170857e-05 1.000000000000000000e+00 -3.971427174188225099e-05 1.381714605480667535e-04 3.332631415532034680e-01 9.076024066900247877e-01 8.970904383920972336e-01 9.182334353051639919e-01 0.000000000000000000e+00
6.462049658210359482e+00 1.918623266371792813e+00 2.108225587233977769e-05 1.000000000000000000e+00 -6.695611479172148487e-05 1.112560639249580123e-04 6.320556180165226579e-02 9.089790669521504718e-01 8.984301752863816937e-01 9.196476415515284497e-01 0.000000000000000000e+00
6.467438427578775517e+00 1.917024639898092353e+00 -1.358006948515703849e-07 -1.000000000000000000e+00 -8.839318198399290357e-05 9.026312659094319906e-05 2.594948227852000855e-06 9.077180702501346232e-01 8.971460272485582976e-01 9.184105385981462533e-01 0.000000000000000000e+00
6.472831690697137930e+00 1.915427345424606687e+00 -2.317485277018740711e-05 -1.000000000000000000e+00 -1.113774311694317294e-04 6.718411958975460218e-05 7.525065399576646996e-02 9.086251738585403581e-01 8.980478088519113777e-01 9.193228969623333802e-01 0.000000000000000000e+00
6.478229451312831344e+00 1.913831381841492263e+00 -3.785652007175512951e-05 -1.000000000000000000e+00 -1.258012808047701534e-04 5.226483680404124104e-05 2.010111110358820952e-01 9.095499386947042408e-01 8.989449279766326129e-01 9.202758137439862596e-01 0.000000000000000000e+00
6.483631713176364109e+00 1.912236748039830792e+00 -4.097203261345641660e-05 -1.000000000000000000e+00 -1.286789989880881516e-04 4.892563438263560508e-05 2.363061482234343202e-01 9.097167587555506918e-01 8.990897221797814476e-01 9.204650445972032413e-01 0.000000000000000000e+00
6.489038480041373624e+00 1.910643442911627687e+00 -3.501206406833157555e-05 -1.000000000000000000e+00 -1.227203503932762876e-04 5.489037039864119299e-05 1.726869166210747153e-01 9.094772321626350964e-01 8.988560464712910258e-01 9.202195480280860318e-01 0.000000000000000000e+00
6.494449755664626345e+00 1.909051465349812737e+00 -2.205888997521919984e-05 -1.000000000000000000e+00 -1.101218923274546144e-04 6.819544349860377460e-05 6.827758822342389067e-02 9.088167519113842241e-01 8.981735019330118197e-01 9.195818728284788079e-01 0.000000000000000000e+00
6.499865543806021329e+00 1.907460814248235881e+00 1.257285419674059882e-06 1.000000000000000000e+00 -8.747236314029869359e-05 9.217659629302449894e-05 2.204773469998144719e-04 9.060070801551556308e-01 8.952856324007874012e-01 9.168524969478706321e-01 0.000000000000000000e+00
6.505285848228594681e+00 1.905871488501671207e+00 2.062641447778038023e-05 1.000000000000000000e+00 -6.864055672047774889e-05 1.120901165737467418e-04 5.886062458412766318e-02 9.059971327440276001e-01 8.953412265392051150e-01 9.167755567057964683e-01 0.000000000000000000e+00
6.510710672698518664e+00 1.904283487005811404e+00 4.449820912112578420e-05 1.000000000000000000e+00 -4.540419190344989871e-05 1.366045660826387402e-04 2.720338348747191048e-01 9.056228647555739641e-01 8.949410355814074736e-01 9.164277701560347156e-01 0.000000000000000000e+00
6.516140020985107917e+00 1.902696808657271088e+00 7.237866222849826563e-05 1.000000000000000000e+00 -1.822611758184519151e-05 1.651903216743745378e-04 7.153453491982872947e-01 9.048721850060795768e-01 8.941010331339241946e-01 9.157685355039287822e-01 0.000000000000000000e+00
6.521573896860818564e+00 1.901111452353583031e+00 1.074432217048009288e-04 1.000000000000000000e+00 1.626276451957920971e-05 2.008325486626567750e-04 1.569095846743294942e+00 9.021485778909605902e-01 8.914600742951640511e-01 9.129607945657429724e-01 0.000000000000000000e+00
6.527012304101254436e+00 1.899527416993199491e+00 1.403453172794501616e-04 1.000000000000000000e+00 4.852650617897936287e-05 2.343680396521212028e-04 2.667754104333397436e+00 8.999469173030825164e-01 8.891787307846731325e-01 9.108409420368616116e-01 0.000000000000000000e+00
6.532455246485166178e+00 1.897944701475490215e+00 1.623098228880322312e-04 1.000000000000000000e+00 7.011329632213430813e-05 2.567079680657488811e-04 3.559137929393642708e+00 9.001985748670878751e-01 8.894035843416641107e-01 9.111201228276146757e-01 0.000000000000000000e+00
6.537902727794456581e+00 1.896363304700741548e+00 1.769032662920301850e-04 1.000000000000000000e+00 8.458425191878211501e-05 2.714303131234128540e-04 4.224252293265237768e+00 9.004158605215435429e-01 8.896897770097776936e-01 9.112669254547250963e-01 0.000000000000000000e+00
6.543354751814182357e+00 1.894783225570156437e+00 1.880137194241981969e-04 1.000000000000000000e+00 9.547889247208455308e-05 2.827675159846385457e-04 4.770286108436408767e+00 8.983691648959197806e-01 8.875632399056571087e-01 9.093021619350299956e-01 0.000000000000000000e+00
6.548811322332555918e+00 1.893204462985853986e+00 1.858254630290958362e-04 1.000000000000000000e+00 9.314678263332612615e-05 2.807354583198082678e-04 4.644744170354272228e+00 8.974053024025364644e-01 8.865763261732634293e-01 9.083619717015538608e-01 0.000000000000000000e+00
6.554272443140948923e+00 1.891627015850867455e+00 1.700278982258178657e-04 1.000000000000000000e+00 7.723265641267899504e-05 2.650623935439155453e-04 3.862511250149509578e+00 8.980576032687972443e-01 8.872237603535712003e-01 9.090191150993667257e-01 0.000000000000000000e+00
6.559738118033894949e+00 1.890050883069143817e+00 1.530148745621654263e-04 1.000000000000000000e+00 6.009949410385966961e-05 2.481748211358799803e-04 3.108683877573071186e+00 8.967508862373512191e-01 8.858926127505900583e-01 9.077375303020931430e-01 0.000000000000000000e+00
6.565208350809092153e+00 1.888476063545543981e+00 1.213871794739236870e-04 1.000000000000000000e+00 2.861907221568752292e-05 2.164101738306394409e-04 1.946785083020500906e+00 8.994522559264560568e-01 8.885481014979067504e-01 9.104854988616561950e-01 0.000000000000000000e+00
6.570683145267405045e+00 1.886902556185840796e+00 9.454086409935624942e-05 1.000000000000000000e+00 2.144139525383039792e-06 1.892123907262889060e-04 1.181049997399583162e+00 9.005389999778310450e-01 8.896318610470084209e-01 9.115751049401265016e-01 0.000000000000000000e+00
6.576162505212867160e+00 1.885330359896719488e+00 7.175474245996327899e-05 1.000000000000000000e+00 -2.024893355004954735e-05 1.660556615215093594e-04 6.816940587308693011e-01 9.013746375798684651e-01 8.904365488267411699e-01 9.124422521935909858e-01 0.000000000000000000e+00
6.581646434452685490e+00 1.883759473585775446e+00 5.607162615954196727e-05 1.000000000000000000e+00 -3.581575870950632181e-05 1.502711199005637055e-04 4.160662837554696125e-01 9.016361696022380245e-01 8.906009533637011533e-01 9.128030147376732240e-01 0.000000000000000000e+00
6.587134936797241380e+00 1.882189896161514886e+00 4.529959439959559847e-05 1.000000000000000000e+00 -4.662682127832025724e-05 1.395432870435833490e-04 2.700917246160656759e-01 9.026181313819481300e-01 8.916454800104354206e-01 9.137208423823279801e-01 0.000000000000000000e+00
6.592628016060094076e+00 1.880621626533353297e+00 5.436971287926890199e-05 1.000000000000000000e+00 -3.796979221730052419e-05 1.490188483789375786e-04 3.869425344239516562e-01 8.993283599770337533e-01 8.883429863881325828e-01 9.104446527187340932e-01 0.000000000000000000e+00
6.598125676057981615e+00 1.879054663611614329e+00 6.538499538608065779e-05 1.000000000000000000e+00 -2.731521197963132262e-05 1.603884420473089371e-04 5.578851627339815877e-01 8.981067390049264354e-01 8.870314998943678031e-01 9.093152847311405385e-01 0.000000000000000000e+00
6.603627920610826152e+00 1.877489006307530905e+00 7.783580183404987065e-05 1.000000000000000000e+00 -1.482121777053231908e-05 1.728061675261207005e-04 7.919495591930285627e-01 8.983423291992944648e-01 8.873401711820776416e-01 9.094761435069645961e-01 0.000000000000000000e+00
6.609134753541735741e+00 1.875924653533241671e+00 9.561517107559279092e-05 1.000000000000000000e+00 2.947071744768543604e-06 1.906046518353246284e-04 1.201288104829245640e+00 8.971396746349875606e-01 8.860537367444785151e-01 9.083594531852758891e-01 0.000000000000000000e+00
6.614646178677005217e+00 1.874361604201792542e+00 1.085356072980265407e-04 1.000000000000000000e+00 1.592742261088866528e-05 2.034613537424365972e-04 1.554362262255637006e+00 8.962545207630391308e-01 8.851496391349933379e-01 9.074939246643081159e-01 0.000000000000000000e+00
6.620162199846120643e+00 1.872799857227134490e+00 1.098969653897938686e-04 1.000000000000000000e+00 1.746469693029478645e-05 2.046369355095613209e-04 1.596424791005915722e+00 8.962430961473097923e-01 8.852121458054039715e-01 9.074070292912598257e-01 0.000000000000000000e+00
6.625682820881761970e+00 1.871239411524124430e+00 1.093579374097998253e-04 1.000000000000000000e+00 1.698580907207835049e-05 2.040372283686424761e-04 1.584825423693985158e+00 8.921627030409364778e-01 8.810607373092020911e-01 9.033999599301967276e-01 0.000000000000000000e+00
6.631208045619805702e+00 1.869680266008521441e+00 7.820565075807447638e-05 1.000000000000000000e+00 -1.381248000230031340e-05 1.725543285002333104e-04 8.096320270091155180e-01 8.941710984261401762e-01 8.830275510606168110e-01 9.054504860880416839e-01 0.000000000000000000e+00
6.636737877899325788e+00 1.868122419596990769e+00 3.640754513297029128e-05 1.000000000000000000e+00 -5.522615145704151847e-05 1.304073551868468127e-04 1.747890453437719316e-01 8.958715695100181176e-01 8.847185252999099081e-01 9.071603569132764555e-01 0.000000000000000000e+00
6.642272321562598059e+00 1.866565871207098271e+00 -2.609910089069724721e-05 -1.000000000000000000e+00 -1.174555370804002607e-04 6.764720365358740006e-05 8.882045727028753390e-02 9.029229544239435468e-01 8.916915581255955292e-01 9.142907551533494548e-01 0.000000000000000000e+00
6.647811380455102892e+00 1.865010619757312416e+00 -6.832134759370734223e-05 -1.000000000000000000e+00 -1.597297013707807368e-04 2.548395565016180122e-05 6.017383348925307018e-01 9.030544357377245923e-01 8.917828565364764870e-01 9.144633888042548175e-01 0.000000000000000000e+00
6.653355058425526991e+00 1.863456664167002952e+00 -1.044995732383048094e-04 -1.000000000000000000e+00 -1.958136054088982557e-04 -1.078701690169146224e-05 1.396827585989854015e+00 9.045097266070468711e-01 8.932270602672495174e-01 9.159298633720597271e-01 0.000000000000000000e+00
6.658903359325766047e+00 1.861904003356439352e+00 -1.187559307743352887e-04 -1.000000000000000000e+00 -2.096510592749326616e-04 -2.545439466913492876e-05 1.811732510802244178e+00 9.036345473258484695e-01 8.923290050369340198e-01 9.150782678184666841e-01 0.000000000000000000e+00
6.664456287010930069e+00 1.860352636246791480e+00 -1.231385511912970443e-04 -1.000000000000000000e+00 -2.133019692613074962e-04 -3.055953788225326730e-05 1.974416751852629659e+00 9.044906268682434414e-01 8.930893312146491736e-01 9.160323434634255468e-01 0.000000000000000000e+00
6.670013845339340719e+00 1.858802561760127592e+00 -1.190722052447628504e-04 -1.000000000000000000e+00 -2.083902326806960290e-04 -2.733208404797191256e-05 1.873977077959125381e+00 9.051057163586444521e-01 8.937854816621769727e-01 9.165644522476847911e-01 0.000000000000000000e+00
6.675576038172540194e+00 1.857253778819414780e+00 -1.189164948223113514e-04 -1.000000000000000000e+00 -2.079249490963089330e-04 -2.749195842587816969e-05 1.882177599278378466e+00 9.070356021475833863e-01 8.956089658183173929e-01 9.186031807401926486e-01 0.000000000000000000e+00
6.681142869375288562e+00 1.855706286348516532e+00 -1.168217575808651451e-04 -1.000000000000000000e+00 -2.060030151573578037e-04 -2.522818022926229676e-05 1.811711554696614712e+00 9.060879584057611735e-01 8.946336839882884640e-01 9.176839963795416777e-01 0.000000000000000000e+00
6.686714342815570866e+00 1.854160083272192949e+00 -1.199936773813611954e-04 -1.000000000000000000e+00 -2.096007956739624257e-04 -2.796862308213580040e-05 1.891127494650874041e+00 9.047109650232283418e-01 8.933306653615996629e-01 9.162314388895993478e-01 0.000000000000000000e+00
6.692290462364595349e+00 1.852615168516101862e+00 -1.314242521079261362e-04 -1.000000000000000000e+00 -2.216570659698522436e-04 -3.876367910246047185e-05 2.237488579318437587e+00 9.053021180981797311e-01 8.938072691241086831e-01 9.169398524211616053e-01 0.000000000000000000e+00
6.697871231896799671e+00 1.851071541006794829e+00 -1.456203498005533828e-04 -1.000000000000000000e+00 -2.362229784776144329e-04 -5.257256098760335983e-05 2.716543937944322806e+00 9.078200867311978506e-01 8.962705772005277183e-01 9.195132826699161654e-01 0.000000000000000000e+00
6.703456655289853572e+00 1.849529199671717139e+00 -1.459726660124046141e-04 -1.000000000000000000e+00 -2.367241560364760091e-04 -5.276115824529405748e-05 2.719073815011142869e+00 9.078157271877682621e-01 8.962680443497776928e-01 9.195070540432366268e-01 0.000000000000000000e+00
6.709046736424657986e+00 1.847988143439209141e+00 -1.377122827980825171e-04 -1.000000000000000000e+00 -2.284814950591055227e-04 -4.448039737030145288e-05 2.423897044749395491e+00 9.076195820653721880e-01 8.960421076503458648e-01 9.193415223000035441e-01 0.000000000000000000e+00
6.714641479185352146e+00 1.846448371238503361e+00 -1.148700826389547643e-04 -1.000000000000000000e+00 -2.056390586594883732e-04 -2.164134594047956888e-05 1.696767294892680411e+00 9.039358046300426386e-01 8.923515782205905245e-01 9.156653183540299779e-01 0.000000000000000000e+00
6.720240887459313583e+00 1.844909881999724721e+00 -1.003509019320115796e-04 -1.000000000000000000e+00 -1.910226592692340413e-04 -7.220478557809484593e-06 1.301204607044894601e+00 9.033221799124574458e-01 8.917500758773454494e-01 9.150394139880579925e-01 0.000000000000000000e+00
6.725844965137160791e+00 1.843372674653889876e+00 -9.627984535509666471e-05 -1.000000000000000000e+00 -1.869189221146884546e-04 -3.181979679184437893e-06 1.199465619080228862e+00 9.046918686733160797e-01 8.930798354720066445e-01 9.164499823191905037e-01 0.000000000000000000e+00
6.731453716112758556e+00 1.841836748132905655e+00 -9.707800941373176504e-05 -1.000000000000000000e+00 -1.877706884172664428e-04 -3.919731484882757618e-06 1.216951126270458872e+00 9.047121420277555170e-01 8.931029662930967117e-01 9.164672569691719728e-01 0.000000000000000000e+00
6.737067144283217068e+00 1.840302101369569288e+00 -1.158346016533025124e-04 -1.000000000000000000e+00 -2.066528914254506396e-04 -2.253603380542317132e-05 1.719195051488838999e+00 9.081379170197978468e-01 8.964689033725142808e-01 9.199537852285264439e-01 0.000000000000000000e+00
6.742685253548897251e+00 1.838768733297566405e+00 -1.257949833026566469e-04 -1.000000000000000000e+00 -2.169218451220921730e-04 -3.216792245600041174e-05 2.010558125366713966e+00 9.058238094868428236e-01 8.941272274384494123e-01 9.176682692711186640e-01 0.000000000000000000e+00
6.748308047813412536e+00 1.837236642851472368e+00 -1.457496322044366183e-04 -1.000000000000000000e+00 -2.371077866609599158e-04 -5.187726052883874180e-05 2.671234295776343970e+00 9.066310633556016185e-01 8.949260724064170835e-01 9.184839135191845694e-01 0.000000000000000000e+00
6.753935530983630642e+00 1.835705828966748943e+00 -1.630687801174232610e-04 -1.000000000000000000e+00 -2.545748731141361451e-04 -6.903842579184575016e-05 3.319021968851700422e+00 9.078524815809321247e-01 8.960997930576052317e-01 9.197539809805770350e-01 0.000000000000000000e+00
6.759567706969678902e+00 1.834176290579746293e+00 -1.700578911325394658e-04 -1.000000000000000000e+00 -2.616146644101169502e-04 -7.596192385850251689e-05 3.602547911266327674e+00 9.081711344332413782e-01 8.963084847036640879e-01 9.201852044716789525e-01 0.000000000000000000e+00
6.765204579684944264e+00 1.832648026627699211e+00 -1.643962605557550344e-04 -1.000000000000000000e+00 -2.558146623138806471e-04 -7.041551350550228933e-05 3.371526280360882311e+00 9.071511069272034655e-01 8.953731178395260004e-01 9.190785529774692098e-01 0.000000000000000000e+00
6.770846153046076843e+00 1.831121036048729556e+00 -1.496642329931807203e-04 -1.000000000000000000e+00 -2.413547683922518923e-04 -5.539951484918164153e-05 2.793118499681639832e+00 9.056330870242141895e-01 8.937584470004756865e-01 9.176598755975940991e-01 0.000000000000000000e+00
6.776492430972993475e+00 1.829595317781842700e+00 -1.267215472953103577e-04 -1.000000000000000000e+00 -2.190142653628155572e-04 -3.185022338128406648e-05 1.991663340024047102e+00 9.032603926271034478e-01 8.913626952818685112e-01 9.153112416003912344e-01 0.000000000000000000e+00
6.782143417388880380e+00 1.828070870766929312e+00 -1.008783196755952183e-04 -1.000000000000000000e+00 -1.939597407234666714e-04 -5.217776213903619243e-06 1.249528756423387676e+00 9.016014863359039788e-01 8.897858393274050703e-01 9.135684987206895702e-01 0.000000000000000000e+00
6.787799116220194051e+00 1.826547693944761797e+00 -7.107178368927593356e-05 -1.000000000000000000e+00 -1.651748058415047188e-04 2.560599799575147891e-05 6.138823451952362120e-01 8.999014828667405430e-01 8.879844676277063309e-01 9.119727982106112796e-01 0.000000000000000000e+00
6.793459531396665696e+00 1.825025786256996740e+00 -3.297186890441412463e-05 -1.000000000000000000e+00 -1.278945825303031889e-04 6.453047292562957317e-05 1.313719197509044534e-01 8.958820403222481632e-01 8.839528419730124931e-01 9.079666029788127091e-01 0.000000000000000000e+00
6.799124666851304788e+00 1.823505146646170916e+00 -3.547790413008027327e-06 -1.000000000000000000e+00 -9.896267081319278663e-05 9.446073874843449617e-05 1.516526944442375680e-03 8.946484124381230973e-01 8.827334669361280861e-01 9.067184933951409898e-01 0.000000000000000000e+00
6.804794526520399067e+00 1.821985774055703944e+00 2.666563607044113296e-05 1.000000000000000000e+00 -6.922171047700989989e-05 1.251647787174302025e-04 8.554604890571226861e-02 8.915306179122095553e-01 8.796004755042792222e-01 9.036168398644763844e-01 0.000000000000000000e+00
6.810469114343518982e+00 1.820467667429894965e+00 4.177149990910279865e-05 1.000000000000000000e+00 -5.451206843384444312e-05 1.406842983906068706e-04 2.086797323469795629e-01 8.916159371591717564e-01 8.797599040250505542e-01 9.036261421461966314e-01 0.000000000000000000e+00
6.816148434263521239e+00 1.818950825713921748e+00 4.468266294376202377e-05 1.000000000000000000e+00 -5.226044076385650872e-05 1.442577798962159244e-04 2.362210284105685787e-01 8.935359528059764189e-01 8.815543227919039326e-01 9.056746618527664605e-01 0.000000000000000000e+00
6.821832490226549695e+00 1.817435247853842917e+00 4.233228825999652776e-05 1.000000000000000000e+00 -5.518449195605613201e-05 1.424799220589394709e-04 2.096095964192272731e-01 8.948608129147356260e-01 8.828263912807958746e-01 9.070534915388589470e-01 0.000000000000000000e+00
6.827521286182038907e+00 1.815920932796593723e+00 3.714851842239289567e-05 1.000000000000000000e+00 -6.063352905703749184e-05 1.375706100944599228e-04 1.602730698837149248e-01 8.950837061940625228e-01 8.830489669291511357e-01 9.072767847311700162e-01 0.000000000000000000e+00
6.833214826082717686e+00 1.814407879489987385e+00 2.571090902088705936e-05 1.000000000000000000e+00 -7.198362566535583345e-05 1.260713714555203747e-04 7.664585453036920626e-02 8.959577712165124330e-01 8.838786813744139437e-01 9.081960475688057866e-01 0.000000000000000000e+00
6.838913113884609984e+00 1.812896086882713975e+00 1.177120225082341043e-05 1.000000000000000000e+00 -8.571761514984426367e-05 1.119570337235781146e-04 1.608217138149825587e-02 8.965805912157397417e-01 8.843866857250961555e-01 9.089364382162382627e-01 0.000000000000000000e+00
6.844616153547039339e+00 1.811385553924339531e+00 -5.436980769672832795e-06 -1.000000000000000000e+00 -1.026633242723975245e-04 9.451213054325775516e-05 3.424018850751053833e-03 8.976866083007762898e-01 8.855631760328566138e-01 9.099699173800077645e-01 0.000000000000000000e+00
6.850323949032630644e+00 1.809876279565305390e+00 -2.566429735046005069e-05 -1.000000000000000000e+00 -1.230162914155380114e-04 7.441778959950095238e-05 7.570439830496411560e-02 8.997349856271669166e-01 8.875538369598768851e-01 9.120772074878417124e-01 0.000000000000000000e+00
6.856036504307313706e+00 1.808368262756926637e+00 -3.821338266134306403e-05 -1.000000000000000000e+00 -1.359842047445084206e-04 6.228726795721843418e-05 1.662623606957538414e-01 8.996119296089548634e-01 8.873109554314516645e-01 9.120771577222730464e-01 0.000000000000000000e+00
6.861753823340325908e+00 1.806861502451392543e+00 -5.318097913975508350e-05 -1.000000000000000000e+00 -1.510487090791464001e-04 4.742919716843518662e-05 3.194679021990793899e-01 9.019837537321666598e-01 8.897414581435489911e-01 9.143883801432592939e-01 0.000000000000000000e+00
6.867475910104213099e+00 1.805355997601766127e+00 -5.465777747929334330e-05 -1.000000000000000000e+00 -1.526380767465811746e-04 4.608441990106252342e-05 3.369359943179546235e-01 9.016529232268606364e-01 8.892981453901537270e-01 9.141730195297242956e-01 0.000000000000000000e+00
6.873202768574835808e+00 1.803851747161981711e+00 -5.876538116357515337e-05 -1.000000000000000000e+00 -1.565158156747080084e-04 4.176951954909586309e-05 3.895673369953698284e-01 9.044118526710862582e-01 8.921204845767559677e-01 9.168663601663267215e-01 0.000000000000000000e+00
6.878934402731368358e+00 1.802348750086846252e+00 -4.655497237148153956e-05 -1.000000000000000000e+00 -1.444820952859527427e-04 5.416360253909379037e-05 2.447372569193362324e-01 9.025578066769914809e-01 8.901655198591078566e-01 9.151162322101784596e-01 0.000000000000000000e+00
6.884670816556305084e+00 1.800847005332036233e+00 -4.119612758983057699e-05 -1.000000000000000000e+00 -1.394081469598774177e-04 5.981034175379553580e-05 1.908518878216654002e-01 9.037829804432506720e-01 8.913395458259578685e-01 9.163938065230702312e-01 0.000000000000000000e+00
6.890412014035459443e+00 1.799346511854099884e+00 -2.900200891578201697e-05 -1.000000000000000000e+00 -1.276375202472255057e-04 7.243682714928921604e-05 9.396857867825758603e-02 9.024408946841468993e-01 8.900811821255002476e-01 9.149660559646957125e-01 0.000000000000000000e+00
6.896157999157970231e+00 1.797847268610453630e+00 -9.367984768354130649e-06 -1.000000000000000000e+00 -1.087565355725443215e-04 9.283116234145538897e-05 9.735886205575638996e-03 8.982253284686565475e-01 8.857720795009609294e-01 9.108472266451655974e-01 0.000000000000000000e+00
6.901908775916301586e+00 1.796349274559382980e+00 1.793670859573823250e-06 1.000000000000000000e+00 -9.820056920622147873e-05 1.046121403306691437e-04 3.540995378159550455e-04 8.972258663332837170e-01 8.847305165374951264e-01 9.098911626135979258e-01 0.000000000000000000e+00
6.907664348306248314e+00 1.794852528660041413e+00 1.289846623706729896e-05 1.000000000000000000e+00 -8.760398194201128510e-05 1.162448935121007275e-04 1.817764143522992981e-02 8.967595266889343275e-01 8.842683606400977281e-01 9.094205757655599021e-01 0.000000000000000000e+00
6.913424720326936779e+00 1.793357029872449937e+00 2.396599254823293261e-05 1.000000000000000000e+00 -7.707248442105803232e-05 1.278619838026926869e-04 6.232389465057508460e-02 8.971816267474705953e-01 8.846393527689987435e-01 9.098949358959815825e-01 0.000000000000000000e+00
6.919189895980827565e+00 1.791862777157495312e+00 4.052858817408033841e-05 1.000000000000000000e+00 -6.100997149927016831e-05 1.449260612765154114e-04 1.772528650692208885e-01 8.964899336161552545e-01 8.839546947787527698e-01 9.091962135557425384e-01 0.000000000000000000e+00
6.924959879273719920e+00 1.790369769476931161e+00 5.965197280947316942e-05 1.000000000000000000e+00 -4.232043724953268426e-05 1.644753844990326833e-04 3.829092304986403406e-01 8.951850402138062934e-01 8.826126644561840262e-01 9.079298642469717517e-01 0.000000000000000000e+00
6.930734674214753532e+00 1.788878005793375303e+00 7.262540134031428426e-05 1.000000000000000000e+00 -2.949079022793501257e-05 1.775896995392667603e-04 5.678729860806015495e-01 8.952557628620886332e-01 8.826396006230895486e-01 9.080456333002849822e-01 0.000000000000000000e+00
6.936514284816411191e+00 1.787387485070310644e+00 8.019211164184056860e-05 1.000000000000000000e+00 -2.175513424036282825e-05 1.849987484596416691e-04 6.950396178896767196e-01 8.949493032189489439e-01 8.823453014001819694e-01 9.077268823231621209e-01 0.000000000000000000e+00
6.942298715094520567e+00 1.785898206272082511e+00 8.274129882833867393e-05 1.000000000000000000e+00 -1.901718378873406656e-05 1.873805595384774123e-04 7.429506802310186231e-01 8.929284057227309113e-01 8.802950997059583171e-01 9.057364257857923873e-01 0.000000000000000000e+00
6.948087969068260428e+00 1.784410168363900873e+00 5.983800203671259412e-05 1.000000000000000000e+00 -4.182792605545437045e-05 1.644068384324478432e-04 3.872706698576138251e-01 8.963712621577240025e-01 8.835911249770987963e-01 9.093293850508384901e-01 0.000000000000000000e+00
6.953882050760158862e+00 1.782923370311836564e+00 3.400576258768934980e-05 1.000000000000000000e+00 -6.770414721091275873e-05 1.386423234616006219e-04 1.238992546959707397e-01 8.974204217555362684e-01 8.847061610839317414e-01 9.103106356605438210e-01 0.000000000000000000e+00
6.959680964196100383e+00 1.781437811082822398e+00 8.426910881468368275e-06 1.000000000000000000e+00 -9.376107530593700873e-05 1.135511580897582956e-04 7.508636089298192928e-03 8.963958480776196280e-01 8.835531350870475809e-01 9.094181137154451200e-01 0.000000000000000000e+00
6.965484713405325046e+00 1.779953489644652054e+00 -7.058903502597389127e-06 -1.000000000000000000e+00 -1.096589164698545682e-04 9.848964648016043206e-05 5.214829485694849609e-03 8.920591006068248063e-01 8.791863622315487792e-01 9.051129951811834884e-01 0.000000000000000000e+00
6.971293302420433768e+00 1.778470404965979412e+00 -2.941670402888441307e-05 -1.000000000000000000e+00 -1.319590060445028582e-04 7.610526645048032240e-05 9.004294928234912732e-02 8.930142913652401315e-01 8.801363649244959841e-01 9.060733114778893871e-01 0.000000000000000000e+00
6.977106735277391003e+00 1.776988556016316556e+00 -3.923080868508740932e-05 -1.000000000000000000e+00 -1.415528178963078396e-04 6.611304316882346457e-05 1.602505741592352706e-01 8.938673795412486189e-01 8.809363031227507301e-01 9.069805798731858104e-01 0.000000000000000000e+00
6.982925016015525621e+00 1.775507941766035547e+00 -3.805068603620662642e-05 -1.000000000000000000e+00 -1.401442805341552645e-04 6.708740408702316385e-05 1.509708614394895676e-01 8.954150598671976047e-01 8.825586437132946216e-01 9.084513254044594976e-01 0.000000000000000000e+00
6.988748148677535355e+00 1.774028561186365982e+00 -1.118475233898984498e-05 -1.000000000000000000e+00 -1.137003673350503024e-04 9.435556068912522877e-05 1.306023504685072112e-02 8.912736568042749496e-01 8.783228653038697153e-01 9.044079240799539621e-01 0.000000000000000000e+00
6.994576137309488573e+00 1.772550413249394330e+00 2.297617745447298922e-05 1.000000000000000000e+00 -8.004177533100267613e-05 1.289929918514503106e-04 5.513235436072250195e-02 8.863987682895487774e-01 8.734339283072348747e-01 8.995488025287357026e-01 0.000000000000000000e+00
7.000408985960828723e+00 1.771073496928063928e+00 4.628947863323027551e-05 1.000000000000000000e+00 -5.701284465374611147e-05 1.525932390160921772e-04 2.236923300085891242e-01 8.854077488201348434e-01 8.724601234533571059e-01 8.985404566084849165e-01 0.000000000000000000e+00
7.006246698684376106e+00 1.769597811196173431e+00 5.044701319411450211e-05 1.000000000000000000e+00 -5.300102062163538372e-05 1.569229703445454232e-04 2.649719479207561790e-01 8.894669157982493246e-01 8.764446519094353238e-01 9.026755203354237533e-01 0.000000000000000000e+00
7.012089279536330544e+00 1.768123355028376364e+00 5.710829418228096879e-05 1.000000000000000000e+00 -4.657196156543044101e-05 1.638452482846173674e-04 3.382239237870408033e-01 8.891980708474580553e-01 8.761859917007559506e-01 9.023963223380213616e-01 0.000000000000000000e+00
7.017936732576273151e+00 1.766650127400181791e+00 4.347806462057085666e-05 1.000000000000000000e+00 -6.055021714539477232e-05 1.505752535992694197e-04 1.940015415579097180e-01 8.924240426111967883e-01 8.793352151044884213e-01 9.057006540291088204e-01 0.000000000000000000e+00
7.023789061867172556e+00 1.765178127287950538e+00 2.798565646961312305e-05 1.000000000000000000e+00 -7.649180404655157146e-05 1.355440782914043945e-04 7.940894899954287212e-02 8.923739955225080678e-01 8.792266911663314533e-01 9.057108036728908074e-01 0.000000000000000000e+00
7.029646271475383124e+00 1.763707353668898525e+00 7.967870596049497683e-07 1.000000000000000000e+00 -1.038660760471554414e-04 1.085726836201168305e-04 6.362813286386881373e-05 8.935327223983356992e-01 8.803778546229339419e-01 9.068769354769085078e-01 0.000000000000000000e+00
7.035508365470652059e+00 1.762237805521092104e+00 -2.355106393232770238e-05 -1.000000000000000000e+00 -1.282182340345908449e-04 8.427803260758080155e-05 5.520853447268336822e-02 8.919817386519238722e-01 8.787795869120987868e-01 9.053747536503968796e-01 0.000000000000000000e+00
7.041375347926120298e+00 1.760769481823449834e+00 -5.875938716540100078e-05 -1.000000000000000000e+00 -1.632179837766788871e-04 4.890290562330593430e-05 3.419077446925484765e-01 8.943776357945233402e-01 8.810244912280408291e-01 9.079252506475870010e-01 0.000000000000000000e+00
7.047247222918324283e+00 1.759302381555740702e+00 -8.892047551765930183e-05 -1.000000000000000000e+00 -1.929475285256860065e-04 1.833479501459528470e-05 7.804663406379717117e-01 8.962079353705151297e-01 8.829234042027734874e-01 9.096846591924249159e-01 0.000000000000000000e+00
7.053123994527200402e+00 1.757836503698584130e+00 -1.180025024398632737e-04 -1.000000000000000000e+00 -2.217862666750367831e-04 -1.099343225007837633e-05 1.371142590147798046e+00 8.997649679073259632e-01 8.863207266100471271e-01 9.134054041684477321e-01 0.000000000000000000e+00
7.059005666836087656e+00 1.756371847233449524e+00 -1.288629828822305070e-04 -1.000000000000000000e+00 -2.322296653039419042e-04 -2.226319070573400084e-05 1.638546156216264649e+00 8.990722833852797802e-01 8.857164833766261181e-01 9.126219665404929904e-01 0.000000000000000000e+00
7.064892243931729432e+00 1.754908411142653613e+00 -1.394626840132134752e-04 -1.000000000000000000e+00 -2.425151901452718200e-04 -3.315882601377259599e-05 1.925593521065209757e+00 9.005589025436236961e-01 8.870604406797066854e-01 9.142550565963877274e-01 0.000000000000000000e+00
7.070783729904277948e+00 1.753446194409361780e+00 -1.530746390899727881e-04 -1.000000000000000000e+00 -2.558227383241916657e-04 -4.705358417030590379e-05 2.321847871799917584e+00 9.049013188345023107e-01 8.913140677211569551e-01 9.186877918282676525e-01 0.000000000000000000e+00
7.076680128847296025e+00 1.751985196017586288e+00 -1.516986813151812710e-04 -1.000000000000000000e+00 -2.544650246731768560e-04 -4.564965448719068993e-05 2.275804945807294644e+00 9.047523335956549895e-01 8.912465921315955164e-01 9.184550813073844022e-01 0.000000000000000000e+00
7.082581444857760644e+00 1.750525414952186498e+00 -1.432868167704868937e-04 -1.000000000000000000e+00 -2.466649406204930706e-04 -3.663409045345265912e-05 2.018064742772850195e+00 9.029766274471199283e-01 8.893403710666493156e-01 9.168140772150612516e-01 0.000000000000000000e+00
7.088487682036063831e+00 1.749066850198867318e+00 -1.384546485570095425e-04 -1.000000000000000000e+00 -2.424621334261062202e-04 -3.117072939497227873e-05 1.867386996476938066e+00 9.038747882772999453e-01 8.901639862373644796e-01 9.177888430993599300e-01 0.000000000000000000e+00
7.094398844486017985e+00 1.747609500744178535e+00 -1.249504313915015424e-04 -1.000000000000000000e+00 -2.295371785018965674e-04 -1.706419622618857547e-05 1.509710671523350811e+00 9.032630133330441513e-01 8.895586587789382493e-01 9.171704923263538367e-01 0.000000000000000000e+00
7.100314936314857661e+00 1.746153365575515037e+00 -1.000890753972109593e-04 -1.000000000000000000e+00 -2.053920344494733182e-04 8.546127860358879451e-06 9.632620783785910135e-01 9.003226601483463876e-01 8.865743302390574065e-01 9.142758675597660867e-01 0.000000000000000000e+00
7.106235961633242226e+00 1.744698443681114597e+00 -7.516609699908486254e-05 -1.000000000000000000e+00 -1.812491839834566966e-04 3.427500825557434471e-05 5.390461713876959493e-01 8.992219828955930749e-01 8.854848819898241130e-01 9.131638363050562646e-01 0.000000000000000000e+00
7.112161924555259418e+00 1.743244734050058975e+00 -4.850780903534266108e-05 -1.000000000000000000e+00 -1.556457253676490481e-04 6.199317214362255898e-05 2.221328457431184233e-01 8.991847069059283326e-01 8.853796263269184674e-01 9.131965769219603235e-01 0.000000000000000000e+00
7.118092829198427118e+00 1.741792235672271039e+00 -1.892099875320004188e-05 -1.000000000000000000e+00 -1.273077151317209910e-04 9.282460399833210730e-05 3.340160516921741873e-02 8.995738811815922054e-01 8.856165079711421084e-01 9.137424820702145789e-01 0.000000000000000000e+00
7.124028679683696907e+00 1.740340947538516092e+00 1.316061101747103786e-05 1.000000000000000000e+00 -9.621512691888937886e-05 1.259094577598865320e-04 1.598664770516222688e-02 9.001000788754908166e-01 8.862219854581535605e-01 9.141870577561675981e-01 0.000000000000000000e+00
7.129969480135457616e+00 1.738890868640399878e+00 4.942423234546946306e-05 1.000000000000000000e+00 -6.101678923690976707e-05 1.632620902417825624e-04 2.235310574529734140e-01 8.994601923579537139e-01 8.855201130460031989e-01 9.136110612960708366e-01 0.000000000000000000e+00
7.135915234681537100e+00 1.737441997970369245e+00 8.770806824913145194e-05 1.000000000000000000e+00 -2.373363178272827677e-05 2.025750277979524209e-04 6.983295038239134556e-01 8.978168416756938663e-01 8.838937308551796379e-01 9.119505021868784533e-01 0.000000000000000000e+00
7.141865947453204910e+00 1.735994334521709703e+00 1.202555777225982421e-04 1.000000000000000000e+00 7.669507120766505949e-06 2.362876244573126373e-04 1.298876189787975477e+00 8.976937024383360164e-01 8.837019078197678734e-01 9.118980531160252312e-01 0.000000000000000000e+00
7.147821622585176726e+00 1.734547877288545648e+00 1.497814397945297681e-04 1.000000000000000000e+00 3.580357880598078772e-05 2.672180453601568761e-04 1.986817623114163212e+00 8.981778335389585255e-01 8.840275379571774783e-01 9.125452191565895932e-01 0.000000000000000000e+00
7.153782264215615250e+00 1.733102625265839913e+00 1.885314525068629548e-04 1.000000000000000000e+00 7.316039248467699904e-05 3.073782088903682973e-04 3.101090065916309868e+00 8.952390612173801721e-01 8.811890322894587735e-01 9.095039240149541682e-01 0.000000000000000000e+00
7.159747876486134643e+00 1.731658577449392222e+00 2.243242962781242969e-04 1.000000000000000000e+00 1.073804464245771607e-04 3.447521685347914645e-04 4.324376858743875118e+00 8.937033086427299544e-01 8.795073690359550556e-01 9.080461604592302560e-01 0.000000000000000000e+00
7.165718463541802308e+00 1.730215732835839626e+00 2.595054046550625943e-04 1.000000000000000000e+00 1.414489489098538148e-04 3.810593234327555655e-04 5.719355595731983044e+00 8.926457860904057906e-01 8.785417758554348033e-01 9.069668619144429789e-01 0.000000000000000000e+00
7.171694029531142434e+00 1.728774090422655174e+00 2.996534474976704694e-04 1.000000000000000000e+00 1.805769678357814620e-04 4.222356782628216383e-04 7.584937795199238053e+00 8.893503170987201445e-01 8.751231763278438658e-01 9.037257407227229367e-01 0.000000000000000000e+00
7.177674578606138667e+00 1.727333649208146804e+00 3.374962998005071285e-04 1.000000000000000000e+00 2.178418409515732197e-04 4.606718206587302701e-04 9.621046845634936062e+00 8.850822221852039373e-01 8.708257930471149377e-01 8.994884306332914248e-01 0.000000000000000000e+00
7.183660114922237661e+00 1.725894408191456675e+00 3.530182368576511415e-04 1.000000000000000000e+00 2.332894787092713016e-04 4.762939266518991226e-04 1.052474627513004179e+01 8.855979990058238105e-01 8.714340636936390716e-01 8.999098139982244504e-01 0.000000000000000000e+00
7.189650642638349964e+00 1.724456366372562499e+00 3.520199453498492020e-04 1.000000000000000000e+00 2.320817034472529516e-04 4.755304936114949357e-04 1.043696502823708272e+01 8.878061970121740032e-01 8.734797889234487966e-01 9.022834881175147981e-01 0.000000000000000000e+00
7.195646165916856241e+00 1.723019522752273547e+00 3.408285266389188858e-04 1.000000000000000000e+00 2.207837109201105444e-04 4.644781648829721782e-04 9.718324377735228836e+00 8.889424204608759039e-01 8.746949159733081736e-01 9.033389775972237024e-01 0.000000000000000000e+00
7.201646688923606376e+00 1.721583876332232421e+00 3.209302562442389135e-04 1.000000000000000000e+00 2.004309557269521723e-04 4.450560980331271237e-04 8.526413522075202422e+00 8.886094206478455382e-01 8.742057768708415555e-01 9.031653646762078935e-01 0.000000000000000000e+00
7.207652215827925701e+00 1.720149426114913060e+00 2.941994928128003673e-04 1.000000000000000000e+00 1.733330451677711774e-04 4.187136500326718146e-04 7.082360099329235936e+00 8.870023153404246186e-01 8.725301813317911659e-01 9.016283211143542031e-01 0.000000000000000000e+00
7.213662750802614987e+00 1.718716171103621404e+00 2.513144497369764331e-04 1.000000000000000000e+00 1.304950220827105550e-04 3.758110903039837839e-04 5.114095755907186458e+00 8.889393226681495674e-01 8.744507513670441989e-01 9.035818769718890753e-01 0.000000000000000000e+00
7.219678298023954888e+00 1.717284110302493172e+00 2.076839173616030598e-04 1.000000000000000000e+00 8.724669241647356151e-05 3.318385367699282999e-04 3.477279761408013314e+00 8.907439107255382682e-01 8.761672418610008117e-01 9.054760674745883087e-01 0.000000000000000000e+00
7.225698861671710382e+00 1.715853242716494531e+00 1.674807976787774308e-04 1.000000000000000000e+00 4.790067462814302085e-05 2.908209147163315529e-04 2.266192095754689717e+00 8.925411584986296942e-01 8.779622364024667336e-01 9.072752549001217304e-01 0.000000000000000000e+00
7.231724445929129885e+00 1.714423567351419875e+00 1.162600764248788917e-04 1.000000000000000000e+00 -2.178721055079622612e-06 2.384796771109983925e-04 1.096310562401868083e+00 9.002033469490083872e-01 8.855026964146647250e-01 9.150605319023098483e-01 0.000000000000000000e+00
7.237755054982951464e+00 1.712995083213891823e+00 9.019790743656690504e-05 1.000000000000000000e+00 -2.735357901669721256e-05 2.115336234895014243e-04 6.653171098152910190e-01 9.001887975662247188e-01 8.853397186509872618e-01 9.151977231908852151e-01 0.000000000000000000e+00
7.243790693023404614e+00 1.711567789311361887e+00 6.237638016524660052e-05 1.000000000000000000e+00 -5.409949480437975912e-05 1.826516516154915283e-04 3.203678006250925137e-01 9.009893983822386820e-01 8.862372297824530065e-01 9.158994025979406706e-01 0.000000000000000000e+00
7.249831364244212040e+00 1.710141684652107807e+00 2.997348972631436404e-05 1.000000000000000000e+00 -8.569922673423383951e-05 1.494706868349661162e-04 7.425513810339623433e-02 9.025090055515920806e-01 8.876775406727736017e-01 9.174998945833037212e-01 0.000000000000000000e+00
7.255877072842594977e+00 1.708716768245233997e+00 -4.008265021115529659e-06 -1.000000000000000000e+00 -1.191930385543567240e-04 1.150295299090175983e-04 1.327588361831999464e-03 9.030304303745401162e-01 8.880351242089873365e-01 9.181884981110323141e-01 0.000000000000000000e+00
7.261927823019274086e+00 1.707293039100669763e+00 -4.430950352240692791e-05 -1.000000000000000000e+00 -1.590067039186891275e-04 7.427512525962064475e-05 1.613190743345285227e-01 9.045281326485313800e-01 8.896117554504028302e-01 9.196053542650867163e-01 0.000000000000000000e+00
7.267983618978473004e+00 1.705870496229170197e+00 -9.191123094541708166e-05 -1.000000000000000000e+00 -2.065154601818441796e-04 2.661130325765265236e-05 6.870534485413770653e-01 9.084428215691242592e-01 8.933260302193902769e-01 9.237239436544985027e-01 0.000000000000000000e+00
7.274044464927921894e+00 1.704449138642313732e+00 -1.275280283473532897e-04 -1.000000000000000000e+00 -2.419388637629403776e-04 -9.151983650880713079e-06 1.310526823667089502e+00 9.093112497650323034e-01 8.942758379636340793e-01 9.245090707678378372e-01 0.000000000000000000e+00
7.280110365078859225e+00 1.703028965352503699e+00 -1.517439195083241646e-04 -1.000000000000000000e+00 -2.661918702945594950e-04 -3.330868465826476146e-05 1.844655162880528110e+00 9.092150850907747550e-01 8.940128058926363197e-01 9.245833721629462820e-01 0.000000000000000000e+00
7.286181323646034436e+00 1.701609975372965211e+00 -1.554083273077381231e-04 -1.000000000000000000e+00 -2.695722010057902325e-04 -3.724662517517392008e-05 1.936493126933200415e+00 9.058509855614520490e-01 8.907736093074384298e-01 9.210924914321206858e-01 0.000000000000000000e+00
7.292257344847713263e+00 1.700192167717745617e+00 -1.588729812355988834e-04 -1.000000000000000000e+00 -2.727218454424027924e-04 -4.101151409271080225e-05 2.032450443579463695e+00 9.066809403397358968e-01 8.914408642867691634e-01 9.220885834894606559e-01 0.000000000000000000e+00
7.298338432905678630e+00 1.698775541401714717e+00 -1.496820584673004128e-04 -1.000000000000000000e+00 -2.632376779334968161e-04 -3.206986951212409344e-05 1.814375989533530742e+00 9.056970643224730999e-01 8.903967378058873505e-01 9.211664266599592921e-01 0.000000000000000000e+00
7.304424592045234199e+00 1.697360095440562322e+00 -1.384842499631565348e-04 -1.000000000000000000e+00 -2.521382625383822599e-04 -2.073586381048850822e-05 1.552105500828531603e+00 9.051629467729138678e-01 8.898794541423767912e-01 9.206152370414703023e-01 0.000000000000000000e+00
7.310515826495206149e+00 1.695945828850798032e+00 -1.143375998824907951e-04 -1.000000000000000000e+00 -2.289651136428182739e-04 4.381877122899754127e-06 1.049867096974352876e+00 8.997487836541159245e-01 8.844252374261397653e-01 9.152431352657025565e-01 0.000000000000000000e+00
7.316612140487947613e+00 1.694532740649751679e+00 -1.033482647982130338e-04 -1.000000000000000000e+00 -2.191071002539972303e-04 1.648187035893223086e-05 8.449614749786178436e-01 8.992323490618080450e-01 8.839121884690060993e-01 9.147234818601508444e-01 0.000000000000000000e+00
7.322713538259342236e+00 1.693120829855571774e+00 -8.365943260999324509e-05 -1.000000000000000000e+00 -2.005282751873593383e-04 3.729317187848641595e-05 5.473485017294308363e-01 8.955430517237893406e-01 8.801672588519131590e-01 9.110918583420355432e-01 0.000000000000000000e+00
7.328820024048804171e+00 1.691710095487224841e+00 -6.336000823541938906e-05 -1.000000000000000000e+00 -1.809034258223661908e-04 5.832727481895799476e-05 3.121783803767641530e-01 8.917385733007043846e-01 8.763145055675106709e-01 9.073373026830729993e-01 0.000000000000000000e+00
7.334931602099284298e+00 1.690300536564494527e+00 -5.249336029938954671e-05 -1.000000000000000000e+00 -1.703368287697232220e-04 6.956341612243769354e-05 2.133502851442017345e-01 8.912401494381629874e-01 8.758338285567769388e-01 9.068207495652778061e-01 0.000000000000000000e+00
7.341048276657271110e+00 1.688892152107981603e+00 -5.363011302367943177e-05 -1.000000000000000000e+00 -1.719236688528460067e-04 6.892028242020257806e-05 2.208011198446513390e-01 8.945417703312449342e-01 8.790293717915915739e-01 9.102301494603645127e-01 0.000000000000000000e+00
7.347170051972794269e+00 1.687484941139102412e+00 -4.763687555950971684e-05 -1.000000000000000000e+00 -1.667564311439587513e-04 7.577189290119185799e-05 1.720021092907302318e-01 8.942612942566735557e-01 8.787565475316799768e-01 9.099420344229632862e-01 0.000000000000000000e+00
7.353296932299427269e+00 1.686078902680089531e+00 -3.423707274641053696e-05 -1.000000000000000000e+00 -1.546657122198410029e-04 9.051032661320552878e-05 8.743536406655039173e-02 8.906576676299290396e-01 8.750913252730803116e-01 9.064019993266902997e-01 0.000000000000000000e+00
7.359428921894291875e+00 1.684674035753989330e+00 -2.962353428545090779e-05 -1.000000000000000000e+00 -1.514499785684140782e-04 9.655431577480193402e-05 6.425694114876989715e-02 8.906813417185742709e-01 8.749288587459560507e-01 9.066160097610425073e-01 0.000000000000000000e+00
7.365566025018059015e+00 1.683270339384662417e+00 -1.146771637023001963e-05 -1.000000000000000000e+00 -1.343780182379101173e-04 1.158451626226670141e-04 9.496380307041363267e-03 8.870339479067711475e-01 8.714056901407032374e-01 9.028421856042292415e-01 0.000000000000000000e+00
7.371708245934952330e+00 1.681867812596783196e+00 -3.898858497396882966e-06 -1.000000000000000000e+00 -1.277358366298436871e-04 1.243736251741737922e-04 1.085607804199639759e-03 8.892038470749475954e-01 8.733786400945439121e-01 9.052130520601582298e-01 0.000000000000000000e+00
7.377855588912752616e+00 1.680466454415837863e+00 1.507103605500855442e-05 1.000000000000000000e+00 -1.092002730700744579e-04 1.437998740653656960e-04 1.614694029480290283e-02 8.888623741013605972e-01 8.731450661407916813e-01 9.047615112286673256e-01 0.000000000000000000e+00
7.384008058222798709e+00 1.679066263868125519e+00 5.299281669791723094e-05 1.000000000000000000e+00 -7.189194427381909636e-05 1.823437816832336705e-04 2.000887582973547296e-01 8.819972425161159979e-01 8.661679985016323968e-01 8.980124363316462910e-01 0.000000000000000000e+00
7.390165658139991045e+00 1.677667239980756175e+00 6.650925802172204010e-05 1.000000000000000000e+00 -5.855103300960984552e-05 1.960581454136436496e-04 3.152384829702725710e-01 8.828860753541989403e-01 8.669717211351652963e-01 8.989883174631297935e-01 0.000000000000000000e+00
7.396328392942796093e+00 1.676269381781650081e+00 7.577402268899189003e-05 1.000000000000000000e+00 -4.942651564608569641e-05 2.055001213204314106e-04 4.085877409684428585e-01 8.825053140788535755e-01 8.666083921210876451e-01 8.985897956261144071e-01 0.000000000000000000e+00
7.402496266913247247e+00 1.674872688299538392e+00 6.082279613928295251e-05 1.000000000000000000e+00 -6.464788609033877758e-05 1.908537454126336063e-04 2.609600683881296845e-01 8.874249444892682304e-01 8.713986137193895365e-01 9.036409380185096429e-01 0.000000000000000000e+00
7.408669284336948380e+00 1.673477158563960288e+00 4.698195796354434254e-05 1.000000000000000000e+00 -7.901684023199807708e-05 1.775884751176030104e-04 1.537214495968015626e-01 8.880419933555213641e-01 8.720113102716036124e-01 9.042621785584187277e-01 0.000000000000000000e+00
7.414847449503079169e+00 1.672082791605264962e+00 1.653966156579758193e-05 1.000000000000000000e+00 -1.102048996335296496e-04 1.479527412881899797e-04 1.868968624656019983e-02 8.920904729890150042e-01 8.759234573378249511e-01 9.084491308569411228e-01 0.000000000000000000e+00
7.421030766704393322e+00 1.670689586454608300e+00 -4.991273949388999263e-06 -1.000000000000000000e+00 -1.327057652302695830e-04 1.274582084578725169e-04 1.669477057291146593e-03 8.920823864468965247e-01 8.758095762634956483e-01 9.085491070171825001e-01 0.000000000000000000e+00
7.427219240237226572e+00 1.669297542143953983e+00 -2.358022234503621663e-05 -1.000000000000000000e+00 -1.521013890234367547e-04 1.097191496460281650e-04 3.661800254997160664e-02 8.928842207464949832e-01 8.765993566893355293e-01 9.093630359751253556e-01 0.000000000000000000e+00
7.433412874401496673e+00 1.667906657706072160e+00 -4.255622694677405364e-05 -1.000000000000000000e+00 -1.715584478905080067e-04 9.123374098055745556e-05 1.178580207996446916e-01 8.978231273827710357e-01 8.813983012174110288e-01 9.144442658098363985e-01 0.000000000000000000e+00
7.439611673500706956e+00 1.666516932174539223e+00 -3.341914734088940759e-05 -1.000000000000000000e+00 -1.624333559223795629e-04 1.003991033131769819e-04 7.271830095538689420e-02 8.974178829840800953e-01 8.810109552081980544e-01 9.140209789144899677e-01 0.000000000000000000e+00
7.445815641841948995e+00 1.665128364583736253e+00 -8.499750433774948328e-06 -1.000000000000000000e+00 -1.372689149657496373e-04 1.251017651881643168e-04 4.748635858121019737e-03 8.948832369325588898e-01 8.784189433909684874e-01 9.115455882339084104e-01 0.000000000000000000e+00
7.452024783735907043e+00 1.663740953968849468e+00 1.543748058693221364e-05 1.000000000000000000e+00 -1.129445086070635508e-04 1.486740729535116737e-04 1.582142760908311629e-02 8.938477752207014682e-01 8.774152016388587771e-01 9.104780070354654420e-01 0.000000000000000000e+00
7.458239103496859812e+00 1.662354699365868660e+00 2.839497408825223800e-05 1.000000000000000000e+00 -1.000028757537167192e-04 1.616448422621392239e-04 5.369324881631598601e-02 8.956221578077162571e-01 8.790862572487267990e-01 9.123579650416830944e-01 0.000000000000000000e+00
7.464458605442683137e+00 1.660969599811586539e+00 3.181858776128677712e-05 1.000000000000000000e+00 -9.717267594049310963e-05 1.656514230014629620e-04 6.701996840568824609e-02 8.980102296504380854e-01 8.812561089102253220e-01 9.149691481739120613e-01 0.000000000000000000e+00
7.470683293894854415e+00 1.659585654343599170e+00 2.781587591000383707e-05 1.000000000000000000e+00 -1.018690953698489775e-04 1.623573716751810201e-04 5.056456422391875094e-02 8.996886762447181551e-01 8.830133446599139901e-01 9.165665636218174317e-01 0.000000000000000000e+00
7.476913173178454386e+00 1.658202862000304201e+00 1.630237790287139072e-05 1.000000000000000000e+00 -1.143999277314912389e-04 1.518823695589540702e-04 1.710593202193422258e-02 9.012814957128222337e-01 8.843799777011727148e-01 9.183905121461903853e-01 0.000000000000000000e+00
7.483148247622170679e+00 1.656821221820899526e+00 7.713958790176882900e-07 1.000000000000000000e+00 -1.304174654575411302e-04 1.368812281642461969e-04 3.780910552109162381e-05 9.030079328650006953e-01 8.861848784509729349e-01 9.200361493539133129e-01 0.000000000000000000e+00
7.489388521558299594e+00 1.655440732845385288e+00 -8.174527946540390699e-06 -1.000000000000000000e+00 -1.398432432579961397e-04 1.284554453300534079e-04 4.214786354523880618e-03 9.026613294145833244e-01 8.856358090055165277e-01 9.198968481934852726e-01 0.000000000000000000e+00
7.495633999322752317e+00 1.654061394114560324e+00 -3.219976063386256439e-05 -1.000000000000000000e+00 -1.637664539054145877e-04 1.043652249272766276e-04 6.503709781802058387e-02 9.094330060142499228e-01 8.922458976439758827e-01 9.268324985377096592e-01 0.000000000000000000e+00
7.501884685255054031e+00 1.652683204670022832e+00 -3.333322972717612566e-05 -1.000000000000000000e+00 -1.647249340231068948e-04 1.030810129766829042e-04 6.972493342830432539e-02 9.094751044725839506e-01 8.923016143599589167e-01 9.268608294306253104e-01 0.000000000000000000e+00
7.508140583698349246e+00 1.651306163554170148e+00 -2.213617326086523559e-05 -1.000000000000000000e+00 -1.535255587791434305e-04 1.142901975319067032e-04 3.084408119937620540e-02 9.059312881709261633e-01 8.886946267258738485e-01 9.233826789996780748e-01 0.000000000000000000e+00
7.514401698999403578e+00 1.649930269810196748e+00 -2.024663340681147333e-05 -1.000000000000000000e+00 -1.515270956922580602e-04 1.161030010221299137e-04 2.580982644826690375e-02 9.058415844662268679e-01 8.886197316984015826e-01 9.232777885934351225e-01 0.000000000000000000e+00
7.520668035508609073e+00 1.648555522482095359e+00 -2.275053841105508320e-05 -1.000000000000000000e+00 -1.542899235190280419e-04 1.139027546830638797e-04 3.244244991491029850e-02 9.065657871574983595e-01 8.892351941242466751e-01 9.241132203140407508e-01 0.000000000000000000e+00
7.526939597579984209e+00 1.647181920614653627e+00 -2.846510816044030674e-05 -1.000000000000000000e+00 -1.604813946319143562e-04 1.087128117745108779e-04 5.024442932226236280e-02 9.074072299133350006e-01 8.901714749352364064e-01 9.248573127985636466e-01 0.000000000000000000e+00
7.533216389571179228e+00 1.645809463253457006e+00 -2.927727678133054570e-05 -1.000000000000000000e+00 -1.624913910402766702e-04 1.091120871071903792e-04 5.238743949468016581e-02 9.058825948858963972e-01 8.884443551252907412e-01 9.235404297496959680e-01 0.000000000000000000e+00
7.539498415843477019e+00 1.644438149444884756e+00 -2.441406490226982797e-05 -1.000000000000000000e+00 -1.587594027562078223e-04 1.151023088480147323e-04 3.595958732621795662e-02 9.027689307286537179e-01 8.852435712627454434e-01 9.205169246622567636e-01 0.000000000000000000e+00
7.545785680761798453e+00 1.643067978236111282e+00 -2.421121366450033048e-05 -1.000000000000000000e+00 -1.589638972525873081e-04 1.157180000540934136e-04 3.513019419389706854e-02 9.027532553516310898e-01 8.852347150330167613e-01 9.204943617898196928e-01 0.000000000000000000e+00
7.552078188694705041e+00 1.641698948675104575e+00 -1.908960338333447323e-05 -1.000000000000000000e+00 -1.536169618443882358e-04 1.206478019139194764e-04 2.192519104940515717e-02 9.022227959920281481e-01 8.846138935505600820e-01 9.200568635578905141e-01 0.000000000000000000e+00
7.558375944014398939e+00 1.640331059810627101e+00 -1.456792963997657091e-05 -1.000000000000000000e+00 -1.482736656419399320e-04 1.244041362443735544e-04 1.289577895093430016e-02 9.020163721620105823e-01 8.844346010465968799e-01 9.198226970101144317e-01 0.000000000000000000e+00
7.564678951096730941e+00 1.638964310692231585e+00 -1.942032861942222810e-06 -1.000000000000000000e+00 -1.351551547767958748e-04 1.365718315684786720e-04 2.314760138517613086e-04 8.970292899764298333e-01 8.794015664608652028e-01 9.148840249091759746e-01 0.000000000000000000e+00
7.570987214321198699e+00 1.637598700370265004e+00 -1.226239342730178650e-05 -1.000000000000000000e+00 -1.451557491773227196e-04 1.259313632046518716e-04 9.230604392485020071e-03 8.974894117140548300e-01 8.798702632451653738e-01 9.153354811894144349e-01 0.000000000000000000e+00
7.577300738070952946e+00 1.636234227895864146e+00 -1.028497986292636161e-05 -1.000000000000000000e+00 -1.435318138145610608e-04 1.282506539905761851e-04 6.474523968321932443e-03 8.890383912821256951e-01 8.713883843942278329e-01 9.069184192194683636e-01 0.000000000000000000e+00
7.583619526732800153e+00 1.634870892320956948e+00 -3.028313257867223078e-05 -1.000000000000000000e+00 -1.637740797309665335e-04 1.085115986378816077e-04 5.576265527338364336e-02 8.848485543444375434e-01 8.670198199249308235e-01 9.029131708463852268e-01 0.000000000000000000e+00
7.589943584697204315e+00 1.633508692698261822e+00 -6.685691835859774361e-05 -1.000000000000000000e+00 -1.996954869041159351e-04 7.136607391491503547e-05 2.706801797036320067e-01 8.835742132514581293e-01 8.658690526352331718e-01 9.015122039668058695e-01 0.000000000000000000e+00
7.596272916358290495e+00 1.632147628081284996e+00 -1.220662840119168016e-04 -1.000000000000000000e+00 -2.538766695075793606e-04 1.522441320337004076e-05 9.011023648557028309e-01 8.873841270377273993e-01 8.694322553711294477e-01 9.055739704158825010e-01 0.000000000000000000e+00
7.602607526113848380e+00 1.630787697524322288e+00 -1.677990671944693056e-04 -1.000000000000000000e+00 -2.982094428143805586e-04 -3.180966890736585100e-05 1.706245623419675894e+00 8.868883325723370126e-01 8.690597907777661835e-01 9.049516606623155823e-01 0.000000000000000000e+00
7.608947418365335835e+00 1.629428900082457776e+00 -2.148716507340108623e-04 -1.000000000000000000e+00 -3.444579149708748350e-04 -7.966118060224585415e-05 2.793781625293803472e+00 8.872461317446758144e-01 8.691992267851487153e-01 9.055333642393519344e-01 0.000000000000000000e+00
7.615292597517878903e+00 1.628071234811562906e+00 -2.661839591564284040e-04 -1.000000000000000000e+00 -3.949334964987855339e-04 -1.317748753800038111e-04 4.259804975910469693e+00 8.906501043037322596e-01 8.726803640529291473e-01 9.088576530641203632e-01 0.000000000000000000e+00
7.621643067980279795e+00 1.626714700768294497e+00 -3.018661782369228604e-04 -1.000000000000000000e+00 -4.303207836565131486e-04 -1.677468749418759518e-04 5.453756076038672518e+00 8.909948390559216946e-01 8.728008647875021842e-01 9.094325224710922972e-01 0.000000000000000000e+00
7.627998834165015118e+00 1.625359297010096737e+00 -3.280451103654118041e-04 -1.000000000000000000e+00 -4.557818512194786306e-04 -1.945929558458222208e-04 6.446833909011246533e+00 8.920010294444827847e-01 8.736888496934390735e-01 9.105597544767594087e-01 0.000000000000000000e+00
7.634359900488242090e+00 1.624005022595198744e+00 -3.415920912018973171e-04 -1.000000000000000000e+00 -4.682930309588116289e-04 -2.091116229679564878e-04 7.035054123663528003e+00 8.925308311146228357e-01 8.742344579715095598e-01 9.110731852004883002e-01 0.000000000000000000e+00
7.640726271369800315e+00 1.622651876582614117e+00 -3.410246585815940919e-04 -1.000000000000000000e+00 -4.671309174137588472e-04 -2.091272867897573935e-04 7.063925873547901801e+00 8.905522733804311919e-01 8.721729812682782468e-01 9.091804839675149408e-01 0.000000000000000000e+00
7.647097951233216229e+00 1.621299858032140939e+00 -3.426443044638504743e-04 -1.000000000000000000e+00 -4.683834593695999264e-04 -2.111084365960228697e-04 7.149430987014383732e+00 8.905355930648624074e-01 8.721726789028958482e-01 9.091472857803476471e-01 0.000000000000000000e+00
7.653474944505703093e+00 1.619948966004359558e+00 -3.569536368555557815e-04 -1.000000000000000000e+00 -4.827027694285730480e-04 -2.253695664858445646e-04 7.717485772553317247e+00 8.952893736029691185e-01 8.767656630546347696e-01 9.140648862670227581e-01 0.000000000000000000e+00
7.659857255618167216e+00 1.618599199560634805e+00 -3.618422565830669364e-04 -1.000000000000000000e+00 -4.880791440180829821e-04 -2.297088921951502419e-04 7.851472032380797827e+00 8.954136481331068653e-01 8.768912769174653787e-01 9.141876850843527746e-01 0.000000000000000000e+00
7.666244889005210617e+00 1.617250557763112662e+00 -3.629054818018228397e-04 -1.000000000000000000e+00 -4.902687720742643059e-04 -2.296112005268642186e-04 7.783471492656573787e+00 8.936578027578524486e-01 8.750233416276090859e-01 9.125473715547068876e-01 0.000000000000000000e+00
7.672637849105131913e+00 1.615903039674720043e+00 -3.802653903834770288e-04 -1.000000000000000000e+00 -5.088170667178418130e-04 -2.457405112518728021e-04 8.381823411637512322e+00 8.995202168903051465e-01 8.805830394285923957e-01 9.187188855519068387e-01 0.000000000000000000e+00
7.679036140359931650e+00 1.614556644359165460e+00 -3.784004529763857123e-04 -1.000000000000000000e+00 -5.079349254470330588e-04 -2.427722835542842322e-04 8.162495579364531295e+00 9.011003325666312458e-01 8.822582179097072652e-01 9.202005956609686788e-01 0.000000000000000000e+00
7.685439767215314077e+00 1.613211370880937023e+00 -3.589573101319961193e-04 -1.000000000000000000e+00 -4.902724084217618353e-04 -2.214318521850602178e-04 7.220342194764725718e+00 9.005675245191027134e-01 8.814864516105584968e-01 9.199127789189955884e-01 0.000000000000000000e+00
7.691848734120691589e+00 1.611867218305303329e+00 -3.337434487946335155e-04 -1.000000000000000000e+00 -4.672277816907784219e-04 -1.939784361290422825e-04 6.097071998730697828e+00 9.036955749326374132e-01 8.846898275289784008e-01 9.229623368628201430e-01 0.000000000000000000e+00
7.698263045529186499e+00 1.610524185698310351e+00 -2.635049462833545888e-04 -1.000000000000000000e+00 -4.007373488329228021e-04 -1.200335415665256683e-04 3.714149863482575142e+00 8.970011537349277253e-01 8.778059546411369762e-01 9.164643555828452248e-01 0.000000000000000000e+00
7.704682705897634598e+00 1.609182272126782998e+00 -1.834300532372902786e-04 -1.000000000000000000e+00 -3.240599590137588359e-04 -3.659456183477733282e-05 1.761166094655351344e+00 8.946115790466071527e-01 8.755501198683318664e-01 9.139384547266439229e-01 0.000000000000000000e+00
7.711107719686588702e+00 1.607841476658323998e+00 -9.924571623286449666e-05 -1.000000000000000000e+00 -2.430743129790841886e-04 5.075236463763222708e-05 5.075826243006389404e-01 8.971422408881675192e-01 8.778167402958412247e-01 9.167399012991971352e-01 0.000000000000000000e+00
7.717538091360320429e+00 1.606501798361312572e+00 2.117049554008635704e-05 1.000000000000000000e+00 -1.254990917102438903e-04 1.739916364660046505e-04 2.301845211235331590e-02 8.892824583936720373e-01 8.699256843175315890e-01 9.089147891885508423e-01 0.000000000000000000e+00
7.723973825386825531e+00 1.605163236304904206e+00 1.241880417943854820e-04 1.000000000000000000e+00 -2.443701188077043902e-05 2.789550382552425083e-04 7.912881267302509514e-01 8.862553143649735121e-01 8.670717104651350926e-01 9.057109855569133172e-01 0.000000000000000000e+00
7.730414926237823892e+00 1.603825789559029547e+00 2.168775271135554720e-04 1.000000000000000000e+00 6.619936099464294533e-05 3.736903769853706903e-04 2.411885384375565877e+00 8.814503527731136767e-01 8.620945027660379401e-01 9.010849179591966518e-01 0.000000000000000000e+00
7.736861398388765743e+00 1.602489457194395728e+00 2.778135198013486295e-04 1.000000000000000000e+00 1.255678667825344051e-04 4.362296337729038411e-04 3.930082135435895907e+00 8.802548442853375121e-01 8.610421618305633684e-01 8.997426265434851356e-01 0.000000000000000000e+00
7.743313246318833443e+00 1.601154238282482378e+00 3.173368970097077625e-04 1.000000000000000000e+00 1.630260307813312674e-04 4.778726365302320687e-04 5.057620701370666438e+00 8.775343445571722745e-01 8.581060961727556835e-01 8.972443820930703362e-01 0.000000000000000000e+00
7.749770474510944140e+00 1.599820131895543396e+00 3.221890190974406034e-04 1.000000000000000000e+00 1.660971385920781136e-04 4.845893623628728941e-04 5.095276744497553523e+00 8.783528670542918304e-01 8.590209802665439431e-01 8.979632384536871959e-01 0.000000000000000000e+00
7.756233087451753327e+00 1.598487137106606282e+00 2.955524157265837786e-04 1.000000000000000000e+00 1.374427203165114512e-04 4.600449266491551427e-04 4.163779745663134690e+00 8.826212980703946887e-01 8.629760365275407352e-01 9.025522689646464647e-01 0.000000000000000000e+00
7.762701089631657503e+00 1.597155252989470364e+00 2.623135549547473246e-04 1.000000000000000000e+00 1.026880499700786697e-04 4.284203261882862284e-04 3.188811364150296868e+00 8.837123875549647289e-01 8.641513027005804926e-01 9.035560359374193995e-01 0.000000000000000000e+00
7.769174485544799502e+00 1.595824478618706577e+00 2.259789424341703055e-04 1.000000000000000000e+00 6.497442033834280512e-05 3.935742571065964802e-04 2.313618911134014411e+00 8.839788231183177691e-01 8.641478928803584258e-01 9.040993949597476709e-01 0.000000000000000000e+00
7.775653279689067610e+00 1.594494813069657235e+00 1.808846230003392764e-04 1.000000000000000000e+00 1.947193436717842719e-05 3.490201876045263309e-04 1.459126857982255387e+00 8.890936364372742373e-01 8.690737513530149005e-01 9.094064306082210170e-01 0.000000000000000000e+00
7.782137476566102663e+00 1.593166255418435151e+00 1.614884551454649872e-04 1.000000000000000000e+00 1.426401546372930724e-07 3.296716229411856365e-04 1.156027262784320442e+00 8.900514308450877543e-01 8.700360087468984593e-01 9.103590784000100689e-01 0.000000000000000000e+00
7.788627080681298942e+00 1.591838804741922297e+00 1.851298972687114475e-04 1.000000000000000000e+00 2.343317391385508239e-05 3.537209311292825861e-04 1.522592110077212624e+00 8.819478662911047762e-01 8.619062183725197945e-01 9.022852001087037221e-01 0.000000000000000000e+00
7.795122096543806833e+00 1.590512460117771143e+00 2.023087436765453142e-04 1.000000000000000000e+00 4.052133332435028587e-05 3.710074535911026331e-04 1.820037753050314677e+00 8.812311282516460675e-01 8.612244658983779777e-01 9.015332119423929980e-01 0.000000000000000000e+00
7.801622528666539047e+00 1.589187220624400876e+00 2.308411309313749215e-04 1.000000000000000000e+00 6.852783991872897170e-05 4.000633811690461773e-04 2.370904391248117804e+00 8.799187029754014233e-01 8.598168195725065521e-01 9.003195698110865175e-01 0.000000000000000000e+00
7.808128381566169729e+00 1.587863085341000069e+00 2.628531956420434852e-04 1.000000000000000000e+00 9.991834882966510564e-05 4.326969534688339348e-04 3.070363346549228822e+00 8.785400738616151450e-01 8.584761609245447067e-01 8.989028217500616424e-01 0.000000000000000000e+00
7.814639659763139790e+00 1.586540053347523793e+00 3.042424128843674615e-04 1.000000000000000000e+00 1.402715246978804937e-04 4.751270399701298464e-04 4.107352941641210009e+00 8.728442932780731134e-01 8.527257792176143880e-01 8.932654631359072672e-01 0.000000000000000000e+00
7.821156367781661345e+00 1.585218123724693617e+00 3.188196402561801839e-04 1.000000000000000000e+00 1.539050948695641879e-04 4.906671936760169253e-04 4.481752250793675785e+00 8.741432084393782054e-01 8.537669676841769251e-01 8.948295096585725528e-01 0.000000000000000000e+00
7.827678510149716828e+00 1.583897295553998275e+00 3.280251596114193142e-04 1.000000000000000000e+00 1.625061206641353190e-04 5.005390479714032573e-04 4.708684204643120097e+00 8.736956800042489091e-01 8.534589042423510463e-01 8.942386833548410241e-01 0.000000000000000000e+00
7.834206091399066985e+00 1.582577567917689887e+00 3.101016546734122335e-04 1.000000000000000000e+00 1.439022179102616181e-04 4.833463843876745257e-04 4.161242424007667751e+00 8.788758183017878478e-01 8.583277492408059040e-01 8.997375667284182033e-01 0.000000000000000000e+00
7.840739116065250869e+00 1.581258939898786631e+00 2.972268082237252947e-04 1.000000000000000000e+00 1.307674118751781455e-04 4.707756507789143639e-04 3.790113049947649415e+00 8.782607097749017822e-01 8.578475267115144298e-01 8.989839600989529833e-01 0.000000000000000000e+00
7.847277588687588512e+00 1.579941410581070071e+00 2.846994865761396428e-04 1.000000000000000000e+00 1.179108470801119065e-04 4.585881997165965128e-04 3.461831138174687794e+00 8.740997546307359700e-01 8.534741187340841861e-01 8.950433472788384970e-01 0.000000000000000000e+00
7.853821513809187138e+00 1.578624979049085830e+00 2.527373150775418594e-04 1.000000000000000000e+00 8.673469349238682085e-05 4.258864496010946843e-04 2.724408847224438546e+00 8.740967053183460456e-01 8.536053945577530833e-01 8.949020381915467892e-01 0.000000000000000000e+00
7.860370895976941163e+00 1.577309644388141585e+00 2.149218896661358709e-04 1.000000000000000000e+00 4.988014905406230924e-05 3.871949443127703874e-04 1.976807169123162566e+00 8.742374268729272702e-01 8.534950816445090460e-01 8.953011751109645200e-01 0.000000000000000000e+00
7.866925739741537527e+00 1.575995405684307737e+00 1.736606787403190361e-04 1.000000000000000000e+00 1.028285536599043396e-05 3.443867523444920633e-04 1.298039560715523066e+00 8.743392771311793155e-01 8.537394607110011524e-01 8.952560307251441474e-01 0.000000000000000000e+00
7.873486049657457464e+00 1.574682262024415857e+00 1.313261211940580674e-04 1.000000000000000000e+00 -3.083502264348929583e-05 3.008825904821085047e-04 7.456860988680347191e-01 8.740475462834325082e-01 8.532017607009663163e-01 8.952180520025754262e-01 0.000000000000000000e+00
7.880051830282980951e+00 1.573370212496058462e+00 7.842765716928070373e-05 1.000000000000000000e+00 -8.220218435872815002e-05 2.464457348997289919e-04 2.661286836535481370e-01 8.769501551699446784e-01 8.562111749932330707e-01 8.980100839565630100e-01 0.000000000000000000e+00
7.886623086180188480e+00 1.572059256187587906e+00 1.718092535938694021e-05 1.000000000000000000e+00 -1.421728218945548356e-04 1.839022758013738473e-04 1.276761122325353881e-02 8.822731188850527762e-01 8.612193112290739139e-01 9.036560924131888939e-01 0.000000000000000000e+00
7.893199821914964609e+00 1.570749392188117488e+00 -3.595765151300533741e-05 -1.000000000000000000e+00 -1.936022184677053731e-04 1.291276064029166898e-04 5.619212729344269519e-02 8.840619824338317168e-01 8.628609101442388241e-01 9.055962163672232057e-01 0.000000000000000000e+00
7.899782042057002407e+00 1.569440619587517682e+00 -9.267123620308853594e-05 -1.000000000000000000e+00 -2.479853390436644457e-04 7.024088891895166283e-05 3.760914671360922057e-01 8.866807009069089807e-01 8.654785004030814966e-01 9.082149523016639359e-01 0.000000000000000000e+00
7.906369751179806116e+00 1.568132937476418354e+00 -1.612252086572166698e-04 -1.000000000000000000e+00 -3.143397559759054244e-04 -3.700899722099647553e-07 1.142348726392157232e+00 8.931873735837476680e-01 8.717872778183580751e-01 9.149231503232533314e-01 0.000000000000000000e+00
7.912962953860692039e+00 1.566826344946206540e+00 -2.221080962691248826e-04 -1.000000000000000000e+00 -3.738058814219353881e-04 -6.256948796416793648e-05 2.159110496975927163e+00 8.959459127811768564e-01 8.745274222634827899e-01 9.176996675185702390e-01 0.000000000000000000e+00
7.919561654680794760e+00 1.565520841089027337e+00 -2.726984747024920877e-04 -1.000000000000000000e+00 -4.243391027572678410e-04 -1.131353657600122503e-04 3.210177557509680923e+00 8.946383092527311343e-01 8.730798377403657939e-01 9.165366373676616663e-01 0.000000000000000000e+00
7.926165858225068916e+00 1.564216424997781019e+00 -3.269177768551829663e-04 -1.000000000000000000e+00 -4.789627101559731839e-04 -1.667950770067254504e-04 4.511417583619788729e+00 8.970368497341137948e-01 8.754388490466717965e-01 9.189748215512347773e-01 0.000000000000000000e+00
7.932775569082291867e+00 1.562913095766124583e+00 -3.635259654690104706e-04 -1.000000000000000000e+00 -5.165798186750644554e-04 -2.022542660728935272e-04 5.455850977186926798e+00 8.990684101803952943e-01 8.772840922288613896e-01 9.211973132739501580e-01 0.000000000000000000e+00
7.939390791845069018e+00 1.561610852488469980e+00 -3.675805038077203696e-04 -1.000000000000000000e+00 -5.217176940062446091e-04 -2.051222640772014502e-04 5.492898341100257653e+00 8.991185816408263642e-01 8.773352483218896936e-01 9.212462957746667680e-01 0.000000000000000000e+00
7.946011531109834714e+00 1.560309694259983226e+00 -3.421800169174000778e-04 -1.000000000000000000e+00 -4.976216155357882044e-04 -1.784015761413609803e-04 4.724404709526254464e+00 9.000432769847899195e-01 8.781114909034077876e-01 9.223239372203466679e-01 0.000000000000000000e+00
7.952637791476856677e+00 1.559009620176584621e+00 -2.854839488704814321e-04 -1.000000000000000000e+00 -4.425872204812881573e-04 -1.200948774113730008e-04 3.285467014129153540e+00 8.996424726362630686e-01 8.774508979852505552e-01 9.221916834380041728e-01 0.000000000000000000e+00
7.959269577550237784e+00 1.557710629334948083e+00 -2.145915946251515595e-04 -1.000000000000000000e+00 -3.731948137346245828e-04 -4.769163068634384942e-05 1.854721790397604764e+00 9.003704990455206891e-01 8.783390722913055892e-01 9.227547877736863580e-01 0.000000000000000000e+00
7.965906893937922284e+00 1.556412720832499597e+00 -1.060091547289917255e-04 -1.000000000000000000e+00 -2.676266106279615812e-04 6.387490884295841638e-05 4.523451879591533498e-01 8.890643192140921247e-01 8.668952601035722072e-01 9.115952544455042661e-01 0.000000000000000000e+00
7.972549745251694908e+00 1.555115893767417656e+00 -2.997207492479009013e-05 -1.000000000000000000e+00 -1.942309145778525130e-04 1.425158068766757308e-04 3.576169936664541638e-02 8.888979527036482420e-01 8.668835279794436799e-01 9.112700434903560076e-01 0.000000000000000000e+00
7.979198136107187977e+00 1.553820147238631932e+00 4.413322581372696932e-05 1.000000000000000000e+00 -1.235068161873590785e-04 2.199872149581016316e-04 7.637585679371738934e-02 8.861685083052418532e-01 8.638979463033727990e-01 9.088062246567777391e-01 0.000000000000000000e+00
7.985852071123881402e+00 1.552525480345822828e+00 1.023458631885061160e-04 1.000000000000000000e+00 -6.831216061187711617e-05 2.812936111511081874e-04 4.025171089737540342e-01 8.850519702812077449e-01 8.629312339470986970e-01 9.075352858277997425e-01 0.000000000000000000e+00
7.992511554925108008e+00 1.551231892189421036e+00 1.477540094741662383e-04 1.000000000000000000e+00 -2.647062379291422319e-05 3.303705844541031931e-04 8.185592299251993609e-01 8.843995616035861262e-01 8.619778702506427637e-01 9.071931873064243979e-01 0.000000000000000000e+00
7.999176592138056208e+00 1.549939381870606869e+00 1.731850931180963936e-04 1.000000000000000000e+00 -4.170133161923608549e-06 3.590343030997299851e-04 1.091939030967623125e+00 8.879218069513676870e-01 8.655812424019057039e-01 9.106298223305401285e-01 0.000000000000000000e+00
