# OBJ_NAME=4U1820-30
#         GRID_START=6.00
#         GRID_END=8.00
#         GRID_STEP_FRACTION=0.50
#         XSPEC_FITSTAT=cstat
#         XSPEC_CONTINUUM_MODEL=tbabs*(bbodyrad + pow)*constant
#         XSPEC_LINE_MODEL=gauss
#         LINE_VELOCITY_WIDTH=500
#         INPUT_FILE=/home/simon/Downloads/tgcat/obs_25032_tgid_6250/pm_heg_abs1.pha
#         SEARCH_MODE=Sliding window
#         FIT_REGION_WIDTH=30.00
#         RUNTIME=208
#         COLUMN_NAMES=ENERGY,WAVELENGTH,NORM,NORM_SIGN,NORM_ERR_LO,NORM_ERR_HI,DELTA_FITSTAT,CONSTANT_FACTOR,CONSTANT_FACTOR_ERR_LO,CONSTANT_FACTOR_ERR_HI,FIT_ERR
6.000000000000000000e+00 2.066373137115381287e+00 3.877561847519104448e-05 1.000000000000000000e+00 -4.802379455304255925e-05 1.275003191589769796e-04 2.198027654191889724e-01 8.939018176627574475e-01 8.846511861630681484e-01 9.032462489109992498e-01 0.000000000000000000e+00
6.005003461427972589e+00 2.064651403172383937e+00 3.750640796779894387e-05 1.000000000000000000e+00 -4.937436426128880110e-05 1.263112925085771378e-04 2.054643515770635531e-01 8.939018324624740108e-01 8.845810544838856870e-01 9.033178468551533724e-01 0.000000000000000000e+00
6.010011095293655181e+00 2.062931103804642063e+00 2.838419357342380144e-05 1.000000000000000000e+00 -5.830569773557992339e-05 1.170115193368866005e-04 1.176878067437314712e-01 8.953963586356480375e-01 8.861263639969082506e-01 9.047603785960243172e-01 0.000000000000000000e+00
6.015022905076486737e+00 2.061212237816845594e+00 1.235487305390534825e-05 1.000000000000000000e+00 -7.419474331128271137e-05 1.008525092755910345e-04 2.227023409761841322e-02 8.981455064276909761e-01 8.888479772681053825e-01 9.075373633842289678e-01 0.000000000000000000e+00
6.020038894258807005e+00 2.059494804014679215e+00 2.537928386666958544e-06 1.000000000000000000e+00 -8.409375718500924142e-05 9.111829330405666477e-05 9.370496280212137208e-04 8.980910740847042328e-01 8.887220866217517834e-01 9.075558460618314838e-01 0.000000000000000000e+00
6.025059066325860080e+00 2.057778801204824592e+00 -1.114920626515250159e-05 -1.000000000000000000e+00 -9.786670451020879850e-05 7.751819897589435357e-05 1.799071309659439066e-02 8.992028545520814875e-01 8.898117860161437465e-01 9.086900146769075759e-01 0.000000000000000000e+00
6.030083424765796174e+00 2.056064228194956822e+00 -1.597953859229825330e-05 -1.000000000000000000e+00 -1.027178894702946994e-04 7.271939169912434108e-05 3.684152409960006480e-02 8.979970587227485979e-01 8.886685206991263852e-01 9.074205535514197063e-01 0.000000000000000000e+00
6.035111973069674285e+00 2.054351083793744426e+00 -1.870115129122555239e-05 -1.000000000000000000e+00 -1.055268924074771991e-04 7.009511111327858398e-05 5.038476203077379978e-02 8.973670504953571436e-01 8.879705972098422828e-01 9.068598604933296725e-01 0.000000000000000000e+00
6.040144714731465747e+00 2.052639366810848021e+00 -7.879558962644352273e-06 -1.000000000000000000e+00 -9.480596499413635435e-05 8.102242462749239974e-05 8.950447137067385484e-03 8.937390149733203115e-01 8.843462964696474637e-01 9.032284187273555975e-01 0.000000000000000000e+00
6.045181653248054232e+00 2.050929076056921652e+00 -1.905408247452003628e-06 -1.000000000000000000e+00 -8.884326097624684168e-05 8.700679321692289081e-05 5.232813216480280971e-04 8.929998096064897251e-01 8.836688771517954288e-01 9.024262033329840671e-01 0.000000000000000000e+00
6.050222792119239301e+00 2.049220210343609683e+00 3.929441080787599994e-06 1.000000000000000000e+00 -8.312070921305711425e-05 9.295085126572187649e-05 2.225410916281589380e-03 8.930137600781850038e-01 8.836125343433136603e-01 9.025119207353015094e-01 0.000000000000000000e+00
6.055268134847740846e+00 2.047512768483544576e+00 7.811300994285023277e-06 1.000000000000000000e+00 -7.927174578667638648e-05 9.687164488953779544e-05 8.794889167660357998e-03 8.937353033791493040e-01 8.843163282275736670e-01 9.032515650187437073e-01 0.000000000000000000e+00
6.060317684939197314e+00 2.045806749290351334e+00 1.239005890583631763e-05 1.000000000000000000e+00 -7.482623929253434658e-05 1.015926773815355058e-04 2.208648783678768268e-02 8.939097274169753859e-01 8.844743281612895691e-01 9.034426677409820305e-01 0.000000000000000000e+00
6.065371445902172809e+00 2.044102151578641724e+00 1.753119256081041156e-05 1.000000000000000000e+00 -7.000035984125360352e-05 1.070546072504619867e-04 4.396962209906973840e-02 8.937325323246577691e-01 8.842970751301753030e-01 9.032655509203736388e-01 0.000000000000000000e+00
6.070429421248155322e+00 2.042398974164015168e+00 2.380069767682262767e-05 1.000000000000000000e+00 -6.422675572419575150e-05 1.138215216868614143e-04 8.033850304309453350e-02 8.936826626808173080e-01 8.842281558321827273e-01 9.032350825092535507e-01 0.000000000000000000e+00
6.075491614491562942e+00 2.040697215863058300e+00 2.358421072333938186e-05 1.000000000000000000e+00 -6.488185709318893381e-05 1.140432193496117492e-04 7.814830957619278706e-02 8.970375233040396301e-01 8.875472685564840258e-01 9.066260631767080191e-01 0.000000000000000000e+00
6.080558029149742971e+00 2.038996875493343186e+00 3.997185962642836994e-05 1.000000000000000000e+00 -4.881456554460544020e-05 1.307520513538265572e-04 2.237695735671536568e-01 8.964717972342483021e-01 8.869854435110439139e-01 9.060564204433405600e-01 0.000000000000000000e+00
6.085628668742976366e+00 2.037297951873428659e+00 6.574156776816903391e-05 1.000000000000000000e+00 -2.320741609738446337e-05 1.566874195495160588e-04 6.069207832277925263e-01 8.937886393546266017e-01 8.843025734373127777e-01 9.033732953423329048e-01 0.000000000000000000e+00
6.090703536794479511e+00 2.035600443822857208e+00 8.585313144795769520e-05 1.000000000000000000e+00 -3.135651134402611152e-06 1.768423874357756803e-04 1.038927854204047208e+00 8.926651318698334281e-01 8.831723185719579927e-01 9.022568579483544182e-01 0.000000000000000000e+00
6.095782636830406886e+00 2.033904350162153651e+00 9.654134195470018840e-05 1.000000000000000000e+00 7.421235266930742685e-06 1.876626120312073509e-04 1.314661441618795834e+00 8.930217589101622222e-01 8.834554482260007502e-01 9.026884228250091624e-01 0.000000000000000000e+00
6.100865972379854618e+00 2.032209669712826461e+00 9.624240097720999042e-05 1.000000000000000000e+00 7.005748990436503764e-06 1.874833261488230440e-04 1.301068990777991985e+00 8.945404431178552995e-01 8.850245684480653185e-01 9.041554946141238114e-01 0.000000000000000000e+00
6.105953546974859592e+00 2.030516401297367324e+00 9.138214965166669649e-05 1.000000000000000000e+00 1.810269263753259885e-06 1.829596748155624866e-04 1.164899474237643062e+00 8.949733371177921448e-01 8.853785074934216182e-01 9.046689107082999115e-01 0.000000000000000000e+00
6.111045364150406556e+00 2.028824543739246700e+00 8.018570628905566172e-05 1.000000000000000000e+00 -9.593653916000898126e-06 1.719757306131370668e-04 8.908022738523584394e-01 8.955701894918405293e-01 8.859528521284047997e-01 9.052887081825323756e-01 0.000000000000000000e+00
6.116141427444425460e+00 2.027134095862917373e+00 6.635181768331985957e-05 1.000000000000000000e+00 -2.338008655607916786e-05 1.581056196851072561e-04 6.076093356476803820e-01 8.961548858560950404e-01 8.865924047569587740e-01 9.058172925046751311e-01 0.000000000000000000e+00
6.121241740397799447e+00 2.025445056493809570e+00 5.150357791493329339e-05 1.000000000000000000e+00 -3.813609079222338491e-05 1.431760393269857455e-04 3.658586889683590471e-01 8.971676904818540743e-01 8.875263409781208868e-01 9.069104091003542534e-01 0.000000000000000000e+00
6.126346306554362187e+00 2.023757424458334508e+00 4.052685880190542891e-05 1.000000000000000000e+00 -4.891653335484901210e-05 1.320105397529942035e-04 2.268043115322484482e-01 8.974920862925013232e-01 8.878341975315252599e-01 9.072516841223590145e-01 0.000000000000000000e+00
6.131455129460903208e+00 2.022071198583879958e+00 2.988962305809753127e-05 1.000000000000000000e+00 -5.938316246076686875e-05 1.212035484018142602e-04 1.234615038876256676e-01 8.982775609221811397e-01 8.886006045755860949e-01 9.080565704579073305e-01 0.000000000000000000e+00
6.136568212667169675e+00 2.020386377698810687e+00 2.132270748247415870e-05 1.000000000000000000e+00 -6.781098061965693099e-05 1.125000068693336307e-04 6.284814169194419264e-02 8.985805129197206309e-01 8.889048458828037180e-01 9.083582359491727543e-01 0.000000000000000000e+00
6.141685559725869936e+00 2.018702960632467569e+00 1.327758008038227645e-05 1.000000000000000000e+00 -7.574159624586099867e-05 1.043451017817364861e-04 2.437662555931296993e-02 8.984327556116199487e-01 8.887421619188154986e-01 9.082257354363035828e-01 0.000000000000000000e+00
6.146807174192673529e+00 2.017020946215167587e+00 -6.407819485021713835e-06 -1.000000000000000000e+00 -9.518836295250603292e-05 8.442031329789238467e-05 5.676514291991452410e-03 9.013410530066175985e-01 8.916200791343766863e-01 9.111647735868478870e-01 0.000000000000000000e+00
6.151933059626216505e+00 2.015340333278202056e+00 -2.377196744125241703e-05 -1.000000000000000000e+00 -1.121676539122992803e-04 6.666778658014807892e-05 7.837422811252281463e-02 9.019487581095121387e-01 8.922287765024767836e-01 9.117715024363362009e-01 0.000000000000000000e+00
6.157063219588101433e+00 2.013661120653835290e+00 -4.756926767955192980e-05 -1.000000000000000000e+00 -1.353827462327323445e-04 4.229416406310308778e-05 3.156935063896924021e-01 9.025553375192718608e-01 8.928189322695411212e-01 9.123948339096265014e-01 0.000000000000000000e+00
6.162197657642900950e+00 2.011983307175305935e+00 -7.860536622083474196e-05 -1.000000000000000000e+00 -1.657567313955570778e-04 1.061562683164520287e-05 8.668147908265382284e-01 9.031383855184379472e-01 8.933849309848710396e-01 9.129951570920860071e-01 0.000000000000000000e+00
6.167336377358160426e+00 2.010306891676824304e+00 -1.174555983749082770e-04 -1.000000000000000000e+00 -2.042096579244747300e-04 -2.861120033487060113e-05 1.934036435461280234e+00 9.043554670920852523e-01 8.945186924315277066e-01 9.142971061251196074e-01 0.000000000000000000e+00
6.172479382304400630e+00 2.008631872993570600e+00 -1.611189933935860301e-04 -1.000000000000000000e+00 -2.477664439744857146e-04 -7.236486170926430110e-05 3.601923665065555724e+00 9.067681920790727768e-01 8.969743388086116598e-01 9.166656379198145910e-01 0.000000000000000000e+00
6.177626676055119503e+00 2.006958249961698471e+00 -1.893523956150652018e-04 -1.000000000000000000e+00 -2.764546986455568593e-04 -1.001381583386236481e-04 4.903515464316797079e+00 9.064502815241274325e-01 8.965727069311406616e-01 9.164331875107103453e-01 0.000000000000000000e+00
6.182778262186794827e+00 2.005286021418328790e+00 -1.966913983643835042e-04 -1.000000000000000000e+00 -2.842250578290815132e-04 -1.070434866841988127e-04 5.238242472801772465e+00 9.052085664074671634e-01 8.953143138816714863e-01 9.152086005982164041e-01 0.000000000000000000e+00
6.187934144278887771e+00 2.003615186201552323e+00 -1.808779025638884241e-04 -1.000000000000000000e+00 -2.684631747916854465e-04 -9.117379345949312599e-05 4.433755317565612586e+00 9.042810142645104632e-01 8.944549129384046227e-01 9.142116408772665848e-01 0.000000000000000000e+00
6.193094325913842901e+00 2.001945743150427948e+00 -1.444405427315474677e-04 -1.000000000000000000e+00 -2.320061778610332348e-04 -5.475525888635458750e-05 2.855086061210556636e+00 9.031102655120546441e-01 8.932206992973312776e-01 9.131058921117342075e-01 0.000000000000000000e+00
6.198258810677093500e+00 2.000277691104981770e+00 -9.579115695634970984e-05 -1.000000000000000000e+00 -1.834249062031629218e-04 -6.041531136036646841e-06 1.268497548613311210e+00 9.006795690418354372e-01 8.907926837839277301e-01 9.106728057245396801e-01 0.000000000000000000e+00
6.203427602157062459e+00 1.998611028906206677e+00 -5.251256008900149217e-05 -1.000000000000000000e+00 -1.404712882105498581e-04 3.755331003606658744e-05 3.821268905451233877e-01 8.991359368103395422e-01 8.893214992796816265e-01 9.090554671267797593e-01 0.000000000000000000e+00
6.208600703945164057e+00 1.996945755396060118e+00 -2.158583935563335174e-05 -1.000000000000000000e+00 -1.102808283768131703e-04 6.920411704144893066e-05 6.416802212714856068e-02 8.984278981108493323e-01 8.885383734687204438e-01 9.084242936047123296e-01 0.000000000000000000e+00
6.213778119635809283e+00 1.995281869417466547e+00 -1.410904691661182998e-06 -1.000000000000000000e+00 -9.084868978865395220e-05 9.011939257461404741e-05 2.713844375534790743e-04 8.970316606886455935e-01 8.871266972936053818e-01 9.070439691264955417e-01 0.000000000000000000e+00
6.218959852826404955e+00 1.993619369814312314e+00 5.266459619183327204e-06 1.000000000000000000e+00 -8.470789974299134805e-05 9.734177962014111112e-05 3.747190258138743957e-03 8.961249601402884180e-01 8.862018532224724687e-01 9.061558422201424490e-01 0.000000000000000000e+00
6.224145907117359044e+00 1.991958255431448777e+00 -4.232610436700015438e-07 -1.000000000000000000e+00 -9.059266619715907289e-05 9.186256744015365767e-05 2.405932093552110018e-05 8.963273678906169550e-01 8.864024349536631098e-01 9.063600590674477653e-01 0.000000000000000000e+00
6.229336286112081567e+00 1.990298525114688521e+00 -1.452331958922066240e-05 -1.000000000000000000e+00 -1.046623522350941958e-04 7.774759837944491094e-05 2.824594937450797261e-02 8.975594641850999089e-01 8.876085281367723789e-01 9.076184514156043770e-01 0.000000000000000000e+00
6.234530993416986355e+00 1.988640177710806478e+00 -2.500851745713712155e-05 -1.000000000000000000e+00 -1.151488883098771834e-04 6.727565060971543048e-05 8.363069173398685052e-02 8.968765637164666238e-01 8.868491048659409293e-01 9.070137478665704078e-01 0.000000000000000000e+00
6.239730032641496393e+00 1.986983212067538140e+00 -3.630196388969474878e-05 -1.000000000000000000e+00 -1.263547442779520036e-04 5.590541046807615542e-05 1.757453197225231634e-01 8.965850287277954411e-01 8.866210258098832231e-01 9.066574874386205130e-01 0.000000000000000000e+00
6.244933407398043812e+00 1.985327627033580011e+00 -4.834333411918078299e-05 -1.000000000000000000e+00 -1.384328753830949693e-04 4.390354778322522953e-05 3.105096372534603688e-01 8.972638944762296731e-01 8.872761539237064010e-01 9.073605611512327584e-01 0.000000000000000000e+00
6.250141121302072555e+00 1.983673421458586272e+00 -5.538091159112333529e-05 -1.000000000000000000e+00 -1.455513226250592393e-04 3.694768559621662291e-05 4.066019539983187769e-01 8.973734467308656093e-01 8.873046319137565252e-01 9.075528386821695159e-01 0.000000000000000000e+00
6.255353177972041934e+00 1.982020594193170782e+00 -5.929678834926968377e-05 -1.000000000000000000e+00 -1.493360583011927797e-04 3.291257754678323131e-05 4.659949935090139661e-01 8.977059648774061706e-01 8.876994232359745052e-01 9.078217028020142410e-01 0.000000000000000000e+00
6.260569581029430175e+00 1.980369144088905076e+00 -5.746632140289203430e-05 -1.000000000000000000e+00 -1.475202296519238852e-04 3.477260677319403881e-05 4.375677201726659860e-01 8.973030896454091687e-01 8.872806561543739035e-01 9.074351349380403997e-01 0.000000000000000000e+00
6.265790334098732650e+00 1.978719069998317037e+00 -5.063145107353460690e-05 -1.000000000000000000e+00 -1.409901366076334256e-04 4.191957690737328264e-05 3.385337232387541917e-01 8.963124264794656293e-01 8.862141446145123114e-01 9.065220684682535612e-01 0.000000000000000000e+00
6.271015440807469865e+00 1.977070370774890451e+00 -4.715703874331069313e-05 -1.000000000000000000e+00 -1.379343892764014351e-04 4.580826034047569154e-05 2.914679874811270111e-01 8.975517825945042993e-01 8.874246383093274959e-01 9.077907394715760692e-01 0.000000000000000000e+00
6.276244904786186574e+00 1.975423045273065226e+00 -3.588107840910375153e-05 -1.000000000000000000e+00 -1.270547490053444890e-04 5.747056700873137285e-05 1.678259629342448989e-01 8.971426353262207387e-01 8.870180347742658844e-01 9.073791429412425558e-01 0.000000000000000000e+00
6.281478729668454442e+00 1.973777092348234952e+00 -2.823972800442176264e-05 -1.000000000000000000e+00 -1.194908966792411487e-04 6.518684935137080631e-05 1.039512432808464837e-01 8.982527870119462188e-01 8.881045119184930448e-01 9.085134075720667779e-01 0.000000000000000000e+00
6.286716919090875599e+00 1.972132510856748011e+00 -1.138907247542772891e-05 -1.000000000000000000e+00 -1.024479298967281583e-04 8.185509226697228256e-05 1.703681239507659484e-02 8.951170523079995389e-01 8.849712084576909499e-01 9.053755625188057987e-01 0.000000000000000000e+00
6.291959476693084419e+00 1.970489299655904469e+00 -1.200393329220792247e-05 -1.000000000000000000e+00 -1.026957522960931287e-04 8.088568738513303490e-05 1.904470843285821502e-02 8.951379645886268221e-01 8.849990428320947400e-01 9.053894323276892031e-01 0.000000000000000000e+00
6.297206406117751065e+00 1.968847457603957185e+00 -2.558384932819940337e-05 -1.000000000000000000e+00 -1.160939265723605058e-04 6.713259546275062090e-05 8.651075665102325729e-02 8.957859489500364925e-01 8.856245329836015534e-01 9.060603690982281799e-01 0.000000000000000000e+00
6.302457711010582386e+00 1.967206983560110700e+00 -4.844926485726521907e-05 -1.000000000000000000e+00 -1.390631359135979285e-04 4.438014051176143157e-05 3.079001476033340623e-01 8.959409527982318266e-01 8.857544142939323129e-01 9.062410329559283939e-01 0.000000000000000000e+00
6.307713395020327241e+00 1.965567876384518575e+00 -8.024686490053086439e-05 -1.000000000000000000e+00 -1.711043971878716159e-04 1.284114443481459392e-05 8.338276219827207569e-01 8.970755497717219917e-01 8.868775248215352569e-01 9.073871047692939618e-01 0.000000000000000000e+00
6.312973461798775610e+00 1.963930134938285832e+00 -9.915073462435738299e-05 -1.000000000000000000e+00 -1.903455252728990374e-04 -5.705328497978792062e-06 1.259079163415833591e+00 8.946784710060440293e-01 8.844660972519844400e-01 9.050048437037713223e-01 0.000000000000000000e+00
6.318237915000763039e+00 1.962293758083465844e+00 -1.165386024168680321e-04 -1.000000000000000000e+00 -2.079751449879815818e-04 -2.283319865275796993e-05 1.725599278979416340e+00 8.956827687698902807e-01 8.853776418330556730e-01 9.061037239815411537e-01 0.000000000000000000e+00
6.323506758284172413e+00 1.960658744683059451e+00 -1.161707045471580354e-04 -1.000000000000000000e+00 -2.076413342602942478e-04 -2.241797646235738170e-05 1.710045511957332565e+00 8.966014752650336428e-01 8.863565971631329754e-01 9.069607477377172877e-01 0.000000000000000000e+00
6.328779995309938400e+00 1.959025093601015399e+00 -9.739587958304447314e-05 -1.000000000000000000e+00 -1.890296477778118144e-04 -3.483559147329098687e-06 1.203223801771997614e+00 8.971644579434057132e-01 8.868988495423004714e-01 9.075449609762729075e-01 0.000000000000000000e+00
6.334057629742047446e+00 1.957392803702229900e+00 -5.477217465407268840e-05 -1.000000000000000000e+00 -1.467609802849773352e-04 3.948203395816694562e-05 3.823022057515288452e-01 8.936021024621136899e-01 8.832766960309543780e-01 9.040442626696549855e-01 0.000000000000000000e+00
6.339339665247542221e+00 1.955761873852543076e+00 -1.691824363487272998e-05 -1.000000000000000000e+00 -1.090852758208920898e-04 7.750759877626667597e-05 3.661102365725810159e-02 8.925579005506572017e-01 8.823081346052752405e-01 9.029229868050003827e-01 0.000000000000000000e+00
6.344626105496522506e+00 1.954132302918741848e+00 1.711925381486666643e-05 1.000000000000000000e+00 -7.536653657735119174e-05 1.118634451549852573e-04 3.755161858620681414e-02 8.908877927132357044e-01 8.806296061538826381e-01 9.012617554709494438e-01 0.000000000000000000e+00
6.349916954162148741e+00 1.952504089768555939e+00 3.765669824881989509e-05 1.000000000000000000e+00 -5.531096474239480091e-05 1.328886386226417536e-04 1.810577761975764588e-01 8.901069795990534939e-01 8.797690660365479198e-01 9.005624753768303181e-01 0.000000000000000000e+00
6.355212214920644698e+00 1.950877233270659206e+00 4.661972114304052835e-05 1.000000000000000000e+00 -4.695905745267254513e-05 1.424768236159591208e-04 2.747967197072966883e-01 8.892786162557309027e-01 8.789195584358551194e-01 8.997557913934529639e-01 0.000000000000000000e+00
6.360511891451300137e+00 1.949251732294668749e+00 4.462465937968092044e-05 1.000000000000000000e+00 -4.970320776906533432e-05 1.412469650144726105e-04 2.479236334745280601e-01 8.893561224493501394e-01 8.789907699116514816e-01 8.998396568795166139e-01 0.000000000000000000e+00
6.365815987436472589e+00 1.947627585711142251e+00 4.384556028739992195e-05 1.000000000000000000e+00 -5.130234602006304354e-05 1.412981186136221402e-04 2.356009718311042889e-01 8.883385664675560456e-01 8.779487713969664764e-01 8.988471684242688164e-01 0.000000000000000000e+00
6.371124506561590906e+00 1.946004792391578420e+00 3.822007129397480293e-05 1.000000000000000000e+00 -5.746033335647763733e-05 1.362101959001809769e-04 1.769399199107795084e-01 8.903424037132713353e-01 8.799147690703311708e-01 9.008894165855877434e-01 0.000000000000000000e+00
6.376437452515156146e+00 1.944383351208418098e+00 4.754605392220820565e-05 1.000000000000000000e+00 -4.829645707424255627e-05 1.457084685075174307e-04 2.733582235501899049e-01 8.900099895791688809e-01 8.795876825506100394e-01 9.005515722062481521e-01 0.000000000000000000e+00
6.381754828988746020e+00 1.942763261035039601e+00 7.255723060293098694e-05 1.000000000000000000e+00 -2.327237796771577710e-05 1.707223881083652390e-04 6.403571707657818024e-01 8.867591171622533075e-01 8.763385542677655238e-01 8.972993306870892249e-01 0.000000000000000000e+00
6.387076639677015777e+00 1.941144520745761159e+00 9.293595843985060043e-05 1.000000000000000000e+00 -2.917519894822924670e-06 1.911365695936173429e-04 1.054781339347925950e+00 8.859844941260928142e-01 8.755511057145616283e-01 8.965379254091423444e-01 0.000000000000000000e+00
6.392402888277703532e+00 1.939527129215838475e+00 1.121851702082645130e-04 1.000000000000000000e+00 1.598755585282659783e-05 2.107323950195152409e-04 1.532856170090383330e+00 8.852998852697296917e-01 8.748731448663275012e-01 8.958466832865489282e-01 0.000000000000000000e+00
6.397733578491629380e+00 1.937911085321463833e+00 1.265173197892478796e-04 1.000000000000000000e+00 2.963258006528259460e-05 2.257467513416125729e-04 1.930403663514653090e+00 8.853083205525293931e-01 8.748551297783797587e-01 8.958821717633290715e-01 0.000000000000000000e+00
6.403068714022700725e+00 1.936296387939767438e+00 1.355506235942326632e-04 1.000000000000000000e+00 3.786079906879341291e-05 2.355793736944612553e-04 2.189326707006415518e+00 8.860528489256820350e-01 8.755021352426729520e-01 8.967263698578373798e-01 0.000000000000000000e+00
6.408408298577912277e+00 1.934683035948813856e+00 1.510929624032819282e-04 1.000000000000000000e+00 5.294891382154380760e-05 2.515821187945838479e-04 2.702353123777868404e+00 8.838621607162298055e-01 8.733882356738984498e-01 8.944575011473129278e-01 0.000000000000000000e+00
6.413752335867351384e+00 1.933071028227602239e+00 1.589757489858890449e-04 1.000000000000000000e+00 6.071083673397433694e-05 2.595969033432445668e-04 2.990014116371270347e+00 8.834557248959942211e-01 8.729624917430413023e-01 8.940707839743643470e-01 0.000000000000000000e+00
6.419100829604198033e+00 1.931460363656067436e+00 1.674272860408715661e-04 1.000000000000000000e+00 6.924248724080508803e-05 2.679776268293136872e-04 3.332011687621616147e+00 8.817384707504523078e-01 8.711709260448918801e-01 8.924297145253641261e-01 0.000000000000000000e+00
6.424453783504729287e+00 1.929851041115075327e+00 1.660683843524888377e-04 1.000000000000000000e+00 6.822571492443579172e-05 2.662844599106696476e-04 3.292420150672569434e+00 8.814219559787130898e-01 8.709275838255906566e-01 8.920384410708457334e-01 0.000000000000000000e+00
6.429811201288321953e+00 1.928243059486426159e+00 1.591611305935971101e-04 1.000000000000000000e+00 6.141428407997534186e-05 2.592843127297613372e-04 3.028629169514687192e+00 8.804145720322754665e-01 8.698393082889770422e-01 8.911139838502418753e-01 0.000000000000000000e+00
6.435173086677453469e+00 1.926636417652850763e+00 1.432237039110041319e-04 1.000000000000000000e+00 4.553421287733555231e-05 2.432967673779866987e-04 2.446317588772643603e+00 8.795834904576436131e-01 8.689881470084356296e-01 8.903035721094296751e-01 0.000000000000000000e+00
6.440539443397706343e+00 1.925031114498011453e+00 1.158188189920181325e-04 1.000000000000000000e+00 1.828771560908763532e-05 2.157447084458795155e-04 1.591578916520830944e+00 8.801112648711292286e-01 8.695774013413846149e-01 8.907684430701169331e-01 0.000000000000000000e+00
6.445910275177769044e+00 1.923427148906499795e+00 8.041856262079491143e-05 1.000000000000000000e+00 -1.698223016413652345e-05 1.802237979073917958e-04 7.637045290136086351e-01 8.818595458260407582e-01 8.712245162206950777e-01 8.926199798686984543e-01 0.000000000000000000e+00
6.451285585749439555e+00 1.921824519763838390e+00 5.489666182633703116e-05 1.000000000000000000e+00 -4.222968700895056091e-05 1.544471640359225883e-04 3.556067554359003680e-01 8.803446832446588655e-01 8.696938239269802473e-01 8.911213958691213133e-01 0.000000000000000000e+00
6.456665378847628034e+00 1.920223225956476210e+00 2.574607451509621856e-05 1.000000000000000000e+00 -7.098157372643889229e-05 1.249233583736830612e-04 7.819280851879284455e-02 8.814145632955371346e-01 8.707608601575945739e-01 8.921940439024373948e-01 0.000000000000000000e+00
6.462049658210359482e+00 1.918623266371792813e+00 1.855611007326245835e-06 1.000000000000000000e+00 -9.461908052324349220e-05 1.007942695654581418e-04 4.056070446267767693e-04 8.830687835981538836e-01 8.723822288556078997e-01 8.938815865483734635e-01 0.000000000000000000e+00
6.467438427578775517e+00 1.917024639898092353e+00 -9.793419388999224161e-06 -1.000000000000000000e+00 -1.062335851033233060e-04 8.910740880689366379e-05 1.127209173648680007e-02 8.833558570531844234e-01 8.726436496394283093e-01 8.941949673380635844e-01 0.000000000000000000e+00
6.472831690697137930e+00 1.915427345424606687e+00 -1.347230528426881253e-05 -1.000000000000000000e+00 -1.098948189529940444e-04 8.540597674259132121e-05 2.130537201117022050e-02 8.834886587071715258e-01 8.727793936575285461e-01 8.943248395767110503e-01 0.000000000000000000e+00
6.478229451312831344e+00 1.913831381841492263e+00 -7.253930323437421478e-06 -1.000000000000000000e+00 -1.036095766772371758e-04 9.156429804280101666e-05 6.191818401021009777e-03 8.820753130291681954e-01 8.713532596975197553e-01 8.929248585536833094e-01 0.000000000000000000e+00
6.483631713176364109e+00 1.912236748039830792e+00 -1.035654649744796298e-05 -1.000000000000000000e+00 -1.065090019507785614e-04 8.827057683518445643e-05 1.265086779324064992e-02 8.844079127619385305e-01 8.736521003565752563e-01 8.952916904493131156e-01 0.000000000000000000e+00
6.489038480041373624e+00 1.910643442911627687e+00 -7.763541053774366019e-06 -1.000000000000000000e+00 -1.038421519650802082e-04 9.079832326739682648e-05 7.117490738011156282e-03 8.843123713874595504e-01 8.735621679080176616e-01 8.951903748055450860e-01 0.000000000000000000e+00
6.494449755664626345e+00 1.909051465349812737e+00 -2.067490920644528752e-06 -1.000000000000000000e+00 -9.835855525896669050e-05 9.671111848377803532e-05 5.035234858610238007e-04 8.819896046791977362e-01 8.712273255607159150e-01 8.928803286571621589e-01 0.000000000000000000e+00
6.499865543806021329e+00 1.907460814248235881e+00 -8.257523318344620668e-06 -1.000000000000000000e+00 -1.049451480932938458e-04 9.092130862775368969e-05 7.969903760397301085e-03 8.826012755124833520e-01 8.717397143860238229e-01 8.935935468373730206e-01 0.000000000000000000e+00
6.505285848228594681e+00 1.905871488501671207e+00 -1.535791983490549146e-05 -1.000000000000000000e+00 -1.123299089712047978e-04 8.411786277691622987e-05 2.732632467328244275e-02 8.832002783716855765e-01 8.724004075714580919e-01 8.941293205275219202e-01 0.000000000000000000e+00
6.510710672698518664e+00 1.904283487005811404e+00 -2.405562916085005222e-05 -1.000000000000000000e+00 -1.213173271128946911e-04 7.572323931348393967e-05 6.652583047565485685e-02 8.851057098094859965e-01 8.742660491546202506e-01 8.960751886497675400e-01 0.000000000000000000e+00
6.516140020985107917e+00 1.902696808657271088e+00 -3.220646192022566463e-05 -1.000000000000000000e+00 -1.297055695909890452e-04 6.781982408493583887e-05 1.185803172618307144e-01 8.885257716318656351e-01 8.775717891244582125e-01 8.996117573021421565e-01 0.000000000000000000e+00
6.521573896860818564e+00 1.901111452353583031e+00 -2.644344417069279066e-05 -1.000000000000000000e+00 -1.240227140979740031e-04 7.367059613979927250e-05 7.976717473033545502e-02 8.893312572844819242e-01 8.784430764707151784e-01 9.003497619474354341e-01 0.000000000000000000e+00
6.527012304101254436e+00 1.899527416993199491e+00 -1.163259650232855946e-05 -1.000000000000000000e+00 -1.094896135746126621e-04 8.875790834212154859e-05 1.542892390625638654e-02 8.887753962029378840e-01 8.777985458343476877e-01 8.998847987840716822e-01 0.000000000000000000e+00
6.532455246485166178e+00 1.897944701475490215e+00 5.955656168475363179e-06 1.000000000000000000e+00 -9.217144375473800195e-05 1.066207348157696390e-04 4.040426303333788383e-03 8.881984988071023324e-01 8.771998942389489518e-01 8.993302825707969461e-01 0.000000000000000000e+00
6.537902727794456581e+00 1.896363304700741548e+00 2.456071821960869681e-05 1.000000000000000000e+00 -7.386971967042384743e-05 1.255399438240502785e-04 6.850623904247754581e-02 8.873810945773751291e-01 8.764570447811121934e-01 8.984367221614156795e-01 0.000000000000000000e+00
6.543354751814182357e+00 1.894783225570156437e+00 4.273288116318422455e-05 1.000000000000000000e+00 -5.629977155195400380e-05 1.443149988504375159e-04 2.062384723407433285e-01 8.862117800246452903e-01 8.751989280875439592e-01 8.973584781849919256e-01 0.000000000000000000e+00
6.548811322332555918e+00 1.893204462985853986e+00 5.745666515483932281e-05 1.000000000000000000e+00 -4.208725074039979598e-05 1.595429264348146984e-04 3.706593441396250910e-01 8.851838435937613436e-01 8.741479091942082613e-01 8.963543982476855909e-01 0.000000000000000000e+00
6.554272443140948923e+00 1.891627015850867455e+00 6.488939427269556858e-05 1.000000000000000000e+00 -3.485325194072128269e-05 1.671693125399014010e-04 4.715366913235357060e-01 8.849176322701155506e-01 8.738865762094302214e-01 8.960833689519255296e-01 0.000000000000000000e+00
6.559738118033894949e+00 1.890050883069143817e+00 6.537709419979105530e-05 1.000000000000000000e+00 -3.420306478059657472e-05 1.675037195861727650e-04 4.800055994838317019e-01 8.844382096026150997e-01 8.733860452553338094e-01 8.956256319696097590e-01 0.000000000000000000e+00
6.565208350809092153e+00 1.888476063545543981e+00 5.390714267207312086e-05 1.000000000000000000e+00 -4.523433739038754066e-05 1.556185347177051724e-04 3.279662967523790940e-01 8.846685045539692815e-01 8.735917413960230249e-01 8.958810455473023016e-01 0.000000000000000000e+00
6.570683145267405045e+00 1.886902556185840796e+00 2.971956375689315585e-05 1.000000000000000000e+00 -6.897817897609632932e-05 1.310116751226060908e-04 9.982202629100811464e-02 8.855649851928735217e-01 8.744877317729032873e-01 8.967778365475683744e-01 0.000000000000000000e+00
6.576162505212867160e+00 1.885330359896719488e+00 -4.574122201213495001e-06 -1.000000000000000000e+00 -1.031239000041641940e-04 9.658382309736689608e-05 2.351005450407228636e-03 8.866551174576347005e-01 8.755398738348293408e-01 8.979066493108973646e-01 0.000000000000000000e+00
6.581646434452685490e+00 1.883759473585775446e+00 -5.011631317902299056e-05 -1.000000000000000000e+00 -1.488038823369043639e-04 5.118738846025278489e-05 2.787596400447682754e-01 8.897167622647337293e-01 8.784784155538505335e-01 9.010939189462356946e-01 0.000000000000000000e+00
6.587134936797241380e+00 1.882189896161514886e+00 -8.582256865575481483e-05 -1.000000000000000000e+00 -1.845717952772101260e-04 1.556772812249686126e-05 8.080917044343607358e-01 8.901157524915700447e-01 8.789390026260565092e-01 9.014296496625610056e-01 0.000000000000000000e+00
6.592628016060094076e+00 1.880621626533353297e+00 -1.087102608305361053e-04 -1.000000000000000000e+00 -2.075115010611954772e-04 -7.236837964673544475e-06 1.287871369027357105e+00 8.898163544397170721e-01 8.786080599880663478e-01 9.011624827174714580e-01 0.000000000000000000e+00
6.598125676057981615e+00 1.879054663611614329e+00 -1.145698662122156779e-04 -1.000000000000000000e+00 -2.134104215219993848e-04 -1.304464559026060494e-05 1.428896952217826311e+00 8.894085181083934977e-01 8.781043550980995871e-01 9.008528593013633845e-01 0.000000000000000000e+00
6.603627920610826152e+00 1.877489006307530905e+00 -1.004464173405570987e-04 -1.000000000000000000e+00 -1.991459152078200838e-04 9.285182205877681337e-07 1.102906780491110794e+00 8.879849753384139177e-01 8.767651379400169809e-01 8.993433564974327998e-01 0.000000000000000000e+00
6.609134753541735741e+00 1.875924653533241671e+00 -7.796718170865495263e-05 -1.000000000000000000e+00 -1.766101546399666895e-04 2.333165713713134220e-05 6.696069169010741007e-01 8.875940965206803313e-01 8.762851030761947824e-01 8.990440773843362265e-01 0.000000000000000000e+00
6.614646178677005217e+00 1.874361604201792542e+00 -5.454673233734789821e-05 -1.000000000000000000e+00 -1.529957077468722113e-04 4.655152341730362181e-05 3.306650639314341333e-01 8.877229457592795692e-01 8.763910338927302091e-01 8.991964645227079611e-01 0.000000000000000000e+00
6.620162199846120643e+00 1.872799857227134490e+00 -3.386038600114172617e-05 -1.000000000000000000e+00 -1.321252147404563192e-04 6.705872545471030903e-05 1.282406352568159491e-01 8.866179380616251438e-01 8.753696210594349436e-01 8.980061085648655128e-01 0.000000000000000000e+00
6.625682820881761970e+00 1.871239411524124430e+00 -2.140628201290431599e-05 -1.000000000000000000e+00 -1.199110753144602595e-04 7.975725083611258457e-05 5.125602526041461715e-02 8.842521885464188491e-01 8.729198240772251260e-01 8.957267697346055213e-01 0.000000000000000000e+00
6.631208045619805702e+00 1.869680266008521441e+00 -2.864814031574810968e-05 -1.000000000000000000e+00 -1.275547469859469667e-04 7.292669099351765309e-05 9.098636432071316449e-02 8.842684033765374485e-01 8.728993408706143819e-01 8.957806340398126732e-01 0.000000000000000000e+00
6.636737877899325788e+00 1.868122419596990769e+00 -4.743542737875305621e-05 -1.000000000000000000e+00 -1.468480379404080724e-04 5.465887415821943395e-05 2.459634449217276142e-01 8.849678056971161944e-01 8.735878944990774775e-01 8.964908799324012856e-01 0.000000000000000000e+00
6.642272321562598059e+00 1.866565871207098271e+00 -7.111718775028011603e-05 -1.000000000000000000e+00 -1.709724087783908320e-04 3.143460836210903195e-05 5.454506859498735594e-01 8.862905928294049218e-01 8.748619672287804017e-01 8.978632750332093959e-01 0.000000000000000000e+00
6.647811380455102892e+00 1.865010619757312416e+00 -8.967746131472066487e-05 -1.000000000000000000e+00 -1.896792947687790448e-04 1.303845684331135578e-05 8.611179249488998266e-01 8.873309587920931163e-01 8.758593913878088832e-01 8.989474449875995976e-01 0.000000000000000000e+00
6.653355058425526991e+00 1.863456664167002952e+00 -9.665643525601379823e-05 -1.000000000000000000e+00 -1.964649632237757868e-04 5.883781265299779795e-06 1.001115268444777939e+00 8.875826568378069048e-01 8.761141317854134192e-01 8.991960381438210970e-01 0.000000000000000000e+00
6.658903359325766047e+00 1.861904003356439352e+00 -9.736119130885191684e-05 -1.000000000000000000e+00 -1.968727450494214717e-04 4.892378820934927637e-06 1.020420808163095217e+00 8.889302119258676305e-01 8.774256512172611266e-01 9.005803402508342215e-01 0.000000000000000000e+00
6.664456287010930069e+00 1.860352636246791480e+00 -8.906407953463176929e-05 -1.000000000000000000e+00 -1.885160514077749102e-04 1.313182171456236719e-05 8.573569788466386399e-01 8.893472890292726252e-01 8.777415830493165982e-01 9.011010748556732564e-01 0.000000000000000000e+00
6.670013845339340719e+00 1.858802561760127592e+00 -6.775449207368448162e-05 -1.000000000000000000e+00 -1.673381799312219159e-04 3.457427604519824015e-05 4.967939283209545920e-01 8.859628161666451840e-01 8.744524714064314530e-01 8.976195080901128165e-01 0.000000000000000000e+00
6.675576038172540194e+00 1.857253778819414780e+00 -5.790408482233447925e-05 -1.000000000000000000e+00 -1.579591375407893284e-04 4.488744968885786620e-05 3.611694531900866423e-01 8.860809194950660661e-01 8.744649426141770654e-01 8.978458942874772974e-01 0.000000000000000000e+00
6.681142869375288562e+00 1.855706286348516532e+00 -4.545953679448548894e-05 -1.000000000000000000e+00 -1.460087669492308375e-04 5.782636714757488671e-05 2.213892629555687108e-01 8.843660622701391416e-01 8.727238594934852989e-01 8.961581989784845881e-01 0.000000000000000000e+00
6.686714342815570866e+00 1.854160083272192949e+00 -3.221777204028212073e-05 -1.000000000000000000e+00 -1.330834438062294641e-04 7.140199596677545874e-05 1.107398557473970868e-01 8.813523026144852723e-01 8.697994376164903674e-01 8.930533724907376847e-01 0.000000000000000000e+00
6.692290462364595349e+00 1.852615168516101862e+00 -2.654283682973413688e-05 -1.000000000000000000e+00 -1.277575794311045952e-04 7.744180008512973289e-05 7.489393346008910157e-02 8.800535123440014207e-01 8.684032514009853987e-01 8.918544952128053538e-01 0.000000000000000000e+00
6.697871231896799671e+00 1.851071541006794829e+00 -2.083733265940826686e-05 -1.000000000000000000e+00 -1.222649325683110061e-04 8.336572074155622553e-05 4.605503158188639645e-02 8.780042625616047980e-01 8.663313898071168806e-01 8.898288314300625279e-01 0.000000000000000000e+00
6.703456655289853572e+00 1.849529199671717139e+00 -2.371796320662710540e-05 -1.000000000000000000e+00 -1.251616159590582169e-04 8.049975657526919318e-05 5.957118871168631813e-02 8.781115775827093017e-01 8.664414212397062443e-01 8.899334393565820900e-01 0.000000000000000000e+00
6.709046736424657986e+00 1.847988143439209141e+00 -3.363546753237784239e-05 -1.000000000000000000e+00 -1.349547552248424982e-04 7.046759347763472683e-05 1.197433347572882667e-01 8.796841206897002552e-01 8.679705693172015124e-01 8.915502602331089044e-01 0.000000000000000000e+00
6.714641479185352146e+00 1.846448371238503361e+00 -4.566124584199841949e-05 -1.000000000000000000e+00 -1.468011057851224485e-04 5.828655396493265923e-05 2.206194755386832185e-01 8.808972359741437108e-01 8.691424774755330818e-01 8.928053381156584312e-01 0.000000000000000000e+00
6.720240887459313583e+00 1.844909881999724721e+00 -5.850196138928626956e-05 -1.000000000000000000e+00 -1.595674425511254646e-04 4.539274767369216607e-05 3.611279965019207339e-01 8.813815659554625759e-01 8.696263465931209913e-01 8.932900231382482348e-01 0.000000000000000000e+00
6.725844965137160791e+00 1.843372674653889876e+00 -6.414998263418108062e-05 -1.000000000000000000e+00 -1.654830484414307858e-04 4.002235452215247003e-05 4.316964650123793490e-01 8.789398426379756435e-01 8.671614215883285404e-01 8.908725299813290421e-01 0.000000000000000000e+00
6.731453716112758556e+00 1.841836748132905655e+00 -7.664024134635866767e-05 -1.000000000000000000e+00 -1.783022725807056484e-04 2.787265756867543444e-05 6.103393533481096256e-01 8.794072439861184698e-01 8.676237320030976141e-01 8.913450150884182355e-01 0.000000000000000000e+00
6.737067144283217068e+00 1.840302101369569288e+00 -8.198635678226186708e-05 -1.000000000000000000e+00 -1.840476281156393158e-04 2.294442068829396337e-05 6.926447461623013169e-01 8.793192288599546158e-01 8.674966393794741881e-01 8.912970303249989623e-01 0.000000000000000000e+00
6.742685253548897251e+00 1.838768733297566405e+00 -7.293109760019716743e-05 -1.000000000000000000e+00 -1.753841656076268415e-04 3.240836351635420357e-05 5.455809478743844920e-01 8.772379567889603269e-01 8.653911975745752772e-01 8.892408364743255023e-01 0.000000000000000000e+00
6.748308047813412536e+00 1.837236642851472368e+00 -5.915733688586306740e-05 -1.000000000000000000e+00 -1.618906967994343516e-04 4.646879875044510185e-05 3.581341960390602708e-01 8.767026375300699392e-01 8.648631659974483910e-01 8.886981870527690397e-01 0.000000000000000000e+00
6.753935530983630642e+00 1.835705828966748943e+00 -4.003699312345344326e-05 -1.000000000000000000e+00 -1.430766531126735186e-04 6.589524357415631954e-05 1.639031028980753035e-01 8.769387168047467762e-01 8.650640981752144576e-01 8.889702971782623697e-01 0.000000000000000000e+00
6.759567706969678902e+00 1.834176290579746293e+00 -3.962628165386808152e-06 -1.000000000000000000e+00 -1.075414433214640173e-04 1.025113848694841234e-04 1.607042956322857208e-03 8.728830126023093827e-01 8.609275526468899153e-01 8.849983650776809263e-01 0.000000000000000000e+00
6.765204579684944264e+00 1.832648026627699211e+00 2.553235714713696374e-05 1.000000000000000000e+00 -7.847192713824394626e-05 1.324395601238246927e-04 6.657302625990269007e-02 8.712053170126128343e-01 8.593379429958346583e-01 8.832305962258917287e-01 0.000000000000000000e+00
6.770846153046076843e+00 1.831121036048729556e+00 5.485401917900357331e-05 1.000000000000000000e+00 -4.989823515206751178e-05 1.625049181779240470e-04 3.059412520715056871e-01 8.687134194948717969e-01 8.567514350449659810e-01 8.808362722816760471e-01 0.000000000000000000e+00
6.776492430972993475e+00 1.829595317781842700e+00 7.786578244987201207e-05 1.000000000000000000e+00 -2.755120772093471251e-05 1.861789648938177641e-04 6.129240599333343198e-01 8.667881398715509000e-01 8.547997601689292235e-01 8.789384574343493961e-01 0.000000000000000000e+00
6.782143417388880380e+00 1.828070870766929312e+00 9.175111307397490284e-05 1.000000000000000000e+00 -1.408939829008639788e-05 2.005016180138684170e-04 8.459627960534703561e-01 8.660543931675341867e-01 8.541452746257959250e-01 8.781234497417016449e-01 0.000000000000000000e+00
6.787799116220194051e+00 1.826547693944761797e+00 1.000278091400983848e-04 1.000000000000000000e+00 -6.337974712914483757e-06 2.093248165965611940e-04 9.996669506156479201e-01 8.654908259948775884e-01 8.534727292685890809e-01 8.776717200620709480e-01 0.000000000000000000e+00
6.793459531396665696e+00 1.825025786256996740e+00 1.037585335142672614e-04 1.000000000000000000e+00 -3.076845721893160736e-06 2.135480165088519391e-04 1.067948623925971674e+00 8.653480469299130728e-01 8.532901725359728351e-01 8.775697562914474004e-01 0.000000000000000000e+00
6.799124666851304788e+00 1.823505146646170916e+00 1.067862082213427054e-04 1.000000000000000000e+00 -5.914762592531261961e-07 2.171334616612766947e-04 1.120772161841628645e+00 8.652458756095693371e-01 8.531873149969825265e-01 8.774682031724260201e-01 0.000000000000000000e+00
6.804794526520399067e+00 1.821985774055703944e+00 1.095802583331427510e-04 1.000000000000000000e+00 1.565234042571133450e-06 2.205711486034148106e-04 1.168174756013499405e+00 8.659063543899588877e-01 8.538005564422115334e-01 8.781771308067521931e-01 0.000000000000000000e+00
6.810469114343518982e+00 1.820467667429894965e+00 1.180988409702877313e-04 1.000000000000000000e+00 9.664780817297978954e-06 2.295132514678621411e-04 1.347103537599593892e+00 8.657975267442220568e-01 8.537672455715191733e-01 8.779908648433150109e-01 0.000000000000000000e+00
6.816148434263521239e+00 1.818950825713921748e+00 1.237418500501726872e-04 1.000000000000000000e+00 1.502299831998855895e-05 2.354412172203576657e-04 1.474909432518529684e+00 8.675362362664346128e-01 8.553849704627068951e-01 8.798535962609644878e-01 0.000000000000000000e+00
6.821832490226549695e+00 1.817435247853842917e+00 1.362003334580958564e-04 1.000000000000000000e+00 2.751238519619922753e-05 2.478804389370822293e-04 1.792308740472080331e+00 8.669750617414356819e-01 8.547952443847913750e-01 8.793218533152312721e-01 0.000000000000000000e+00
6.827521286182038907e+00 1.815920932796593723e+00 1.437457770232237315e-04 1.000000000000000000e+00 3.524460976310004180e-05 2.552596478265550719e-04 2.003931288508027819e+00 8.667086208750175436e-01 8.545416146632077714e-01 8.790423666387631174e-01 0.000000000000000000e+00
6.833214826082717686e+00 1.814407879489987385e+00 1.428899324119951278e-04 1.000000000000000000e+00 3.441150232411778703e-05 2.543988910968337722e-04 1.979716572262987029e+00 8.668401682250169715e-01 8.546370747825441372e-01 8.792109826338941891e-01 0.000000000000000000e+00
6.838913113884609984e+00 1.812896086882713975e+00 1.341217835869151743e-04 1.000000000000000000e+00 2.534999243410499296e-05 2.459329405663757909e-04 1.733717823192293395e+00 8.666556828998551731e-01 8.543378206792777707e-01 8.791443962779943444e-01 0.000000000000000000e+00
6.844616153547039339e+00 1.811385553924339531e+00 1.155033385971840045e-04 1.000000000000000000e+00 6.501271314713870722e-06 2.275573322507050877e-04 1.272357878021978195e+00 8.669688193170785873e-01 8.547228367199607435e-01 8.793837121597078976e-01 0.000000000000000000e+00
6.850323949032630644e+00 1.809876279565305390e+00 9.669749107532532790e-05 1.000000000000000000e+00 -1.260449430604958666e-05 2.090690843801083830e-04 8.834285829609171969e-01 8.653599616330496236e-01 8.530792031744954818e-01 8.778109267688276596e-01 0.000000000000000000e+00
6.856036504307313706e+00 1.808368262756926637e+00 6.444031616731517439e-05 1.000000000000000000e+00 -4.484592632920120637e-05 1.768204797882923251e-04 3.897807942836237771e-01 8.674892762173286309e-01 8.550760832475140516e-01 8.800757626335127259e-01 0.000000000000000000e+00
6.861753823340325908e+00 1.806861502451392543e+00 2.973378930421563678e-05 1.000000000000000000e+00 -7.894592112175842806e-05 1.415374901302105979e-04 8.290054131349222644e-02 8.707890194386912475e-01 8.584357438047679478e-01 8.833133771871538586e-01 0.000000000000000000e+00
6.867475910104213099e+00 1.805355997601766127e+00 6.229586258749211181e-06 1.000000000000000000e+00 -1.018857423296182035e-04 1.174859315371347196e-04 3.655194130644190409e-03 8.711566490290723053e-01 8.586903934314700226e-01 8.837969981263414931e-01 0.000000000000000000e+00
6.873202768574835808e+00 1.803851747161981711e+00 -1.400469442585932798e-05 -1.000000000000000000e+00 -1.213472800081382737e-04 9.649708001350711269e-05 1.857321643595355454e-02 8.709791684773801057e-01 8.585995407934119417e-01 8.835307143861684809e-01 0.000000000000000000e+00
6.878934402731368358e+00 1.802348750086846252e+00 -3.949798647760511297e-05 -1.000000000000000000e+00 -1.463826075367473053e-04 7.055912488047478962e-05 1.480383936663258737e-01 8.726230336326890047e-01 8.601194516626597952e-01 8.853016044440835675e-01 0.000000000000000000e+00
6.884670816556305084e+00 1.800847005332036233e+00 -5.595787165724008642e-05 -1.000000000000000000e+00 -1.626476444049128160e-04 5.392225608585723485e-05 2.968481045367923343e-01 8.708957399669806643e-01 8.583613703191597111e-01 8.836062807389605256e-01 0.000000000000000000e+00
6.890412014035459443e+00 1.799346511854099884e+00 -8.132132351293688778e-05 -1.000000000000000000e+00 -1.878807852381088263e-04 2.844813430867015208e-05 6.228720531586873221e-01 8.722351420812263223e-01 8.597672695024605183e-01 8.848771709687158760e-01 0.000000000000000000e+00
6.896157999157970231e+00 1.797847268610453630e+00 -9.967767427524455389e-05 -1.000000000000000000e+00 -2.065053952776762071e-04 1.037539418627161773e-05 9.284882625786963217e-01 8.721719305810269329e-01 8.595819020652635256e-01 8.849393867589500084e-01 0.000000000000000000e+00
6.901908775916301586e+00 1.796349274559382980e+00 -1.192375793572272288e-04 -1.000000000000000000e+00 -2.262460757437276303e-04 -8.982663098994607431e-06 1.317627698155177995e+00 8.748442363996676852e-01 8.621878571534391522e-01 8.876794100640926777e-01 0.000000000000000000e+00
6.907664348306248314e+00 1.794852528660041413e+00 -1.209098476388400085e-04 -1.000000000000000000e+00 -2.281285082555336565e-04 -1.042275318777276011e-05 1.347964135426195753e+00 8.748885132724099067e-01 8.622348960710570775e-01 8.877207451253166237e-01 0.000000000000000000e+00
6.913424720326936779e+00 1.793357029872449937e+00 -1.007190711636190742e-04 -1.000000000000000000e+00 -2.083441713683557134e-04 1.018448683309295896e-05 9.338218763622023744e-01 8.713067360168685882e-01 8.586335504076847425e-01 8.841598566776609491e-01 0.000000000000000000e+00
6.919189895980827565e+00 1.791862777157495312e+00 -7.941138857686845195e-05 -1.000000000000000000e+00 -1.873650541883268325e-04 3.181717514703970447e-05 5.798301283353026747e-01 8.704631095799736373e-01 8.578034497152394744e-01 8.833026480708112693e-01 0.000000000000000000e+00
6.924959879273719920e+00 1.790369769476931161e+00 -4.927826341559473445e-05 -1.000000000000000000e+00 -1.575930646212585196e-04 6.230197755578413565e-05 2.235851106189272741e-01 8.681523104104306165e-01 8.554682902345558393e-01 8.810175248080810428e-01 0.000000000000000000e+00
6.930734674214753532e+00 1.788878005793375303e+00 -3.447957237605664611e-05 -1.000000000000000000e+00 -1.429249356074383144e-04 7.722974582469513665e-05 1.095370187733806233e-01 8.704649529427480603e-01 8.577251603570148486e-01 8.833872787721172015e-01 0.000000000000000000e+00
6.936514284816411191e+00 1.787387485070310644e+00 -1.922093485627794992e-05 -1.000000000000000000e+00 -1.277269816040299555e-04 9.256400868584984017e-05 3.408374467734631708e-02 8.698679773869546494e-01 8.571429587861256749e-01 8.827753400468465461e-01 0.000000000000000000e+00
6.942298715094520567e+00 1.785898206272082511e+00 -1.772285768329975912e-05 -1.000000000000000000e+00 -1.263504998900026642e-04 9.420381224491656841e-05 2.891425722077656246e-02 8.697542288477662087e-01 8.569853240996613275e-01 8.827066967762441374e-01 0.000000000000000000e+00
6.948087969068260428e+00 1.784410168363900873e+00 -3.318534858921632513e-05 -1.000000000000000000e+00 -1.420636408814040423e-04 7.900860276272727678e-05 1.006419277002663648e-01 8.707207195190566074e-01 8.578201856071759890e-01 8.838084252759537129e-01 0.000000000000000000e+00
6.953882050760158862e+00 1.782923370311836564e+00 -6.579865686837556564e-05 -1.000000000000000000e+00 -1.747171126193727722e-04 4.646027847927106840e-05 3.911796603150889950e-01 8.732953040594622074e-01 8.604510234953014480e-01 8.863246090991577786e-01 0.000000000000000000e+00
6.959680964196100383e+00 1.781437811082822398e+00 -1.116941619686509393e-04 -1.000000000000000000e+00 -2.207009176496555337e-04 6.832828250274020901e-07 1.113239767917164613e+00 8.775004574868441320e-01 8.644965746203719936e-01 8.906929848693545537e-01 0.000000000000000000e+00
6.965484713405325046e+00 1.779953489644652054e+00 -1.459956606661758202e-04 -1.000000000000000000e+00 -2.549060620247645039e-04 -3.366813542354777267e-05 1.887265836858176726e+00 8.767896253608402635e-01 8.637369780908318306e-01 8.900323310720390513e-01 0.000000000000000000e+00
6.971293302420433768e+00 1.778470404965979412e+00 -1.833321842126604242e-04 -1.000000000000000000e+00 -2.918596236995772263e-04 -7.134603693200482200e-05 2.960060439013474820e+00 8.781999116096983471e-01 8.651425208317109483e-01 8.914471272440682714e-01 0.000000000000000000e+00
6.977106735277391003e+00 1.776988556016316556e+00 -2.067467869010786695e-04 -1.000000000000000000e+00 -3.149596538630567073e-04 -9.504584209338525250e-05 3.757204650039369653e+00 8.772808027505488715e-01 8.641811946287832891e-01 8.905716205427808285e-01 0.000000000000000000e+00
6.982925016015525621e+00 1.775507941766035547e+00 -2.207913354387670076e-04 -1.000000000000000000e+00 -3.286335349099574698e-04 -1.094093896499821159e-04 4.279527737066644022e+00 8.761854344323279919e-01 8.631765228805097223e-01 8.893833129196494491e-01 0.000000000000000000e+00
6.988748148677535355e+00 1.774028561186365982e+00 -2.271581026416536224e-04 -1.000000000000000000e+00 -3.351320537580295788e-04 -1.156060629012391124e-04 4.512984571302354198e+00 8.755334451266346685e-01 8.624040723370869355e-01 8.888553345725389576e-01 0.000000000000000000e+00
6.994576137309488573e+00 1.772550413249394330e+00 -2.326318713339782117e-04 -1.000000000000000000e+00 -3.410484928351743003e-04 -1.206277652687376162e-04 4.691532110995041194e+00 8.775692968069100930e-01 8.643686951136388963e-01 8.909640128073680332e-01 0.000000000000000000e+00
7.000408985960828723e+00 1.771073496928063928e+00 -2.216596935086904432e-04 -1.000000000000000000e+00 -3.308276437903100793e-04 -1.089126664696703895e-04 4.219177823370017677e+00 8.771057250879511491e-01 8.639083122452868579e-01 8.904973660259867252e-01 0.000000000000000000e+00
7.006246698684376106e+00 1.769597811196173431e+00 -2.014155965365657045e-04 -1.000000000000000000e+00 -3.113852906239389373e-04 -8.787126834675486418e-05 3.459141616588198076e+00 8.768078337593858684e-01 8.635534098744467313e-01 8.902581850289660315e-01 0.000000000000000000e+00
7.012089279536330544e+00 1.768123355028376364e+00 -1.697910072946585036e-04 -1.000000000000000000e+00 -2.803807690708820066e-04 -5.561019418303621883e-05 2.451662765813921396e+00 8.755651121663597936e-01 8.623234173119048718e-01 8.890026401564276037e-01 0.000000000000000000e+00
7.017936732576273151e+00 1.766650127400181791e+00 -1.390924513630949059e-04 -1.000000000000000000e+00 -2.502700955842329395e-04 -2.432316209754734374e-05 1.643161927340827333e+00 8.765367094678853110e-01 8.632313864517610069e-01 8.900395368579488986e-01 0.000000000000000000e+00
7.023789061867172556e+00 1.765178127287950538e+00 -9.681203543332866912e-05 -1.000000000000000000e+00 -2.086954079168427804e-04 1.864752746218699148e-05 7.963754365224104959e-01 8.740087673677451319e-01 8.606635786322296422e-01 8.875532571515850622e-01 0.000000000000000000e+00
7.029646271475383124e+00 1.763707353668898525e+00 -6.019060737484818833e-05 -1.000000000000000000e+00 -1.727092350633344141e-04 5.588874941634163678e-05 3.075121471938899731e-01 8.725723739897361941e-01 8.592410415766966736e-01 8.861030824930665739e-01 0.000000000000000000e+00
7.035508365470652059e+00 1.762237805521092104e+00 -3.415869560262643035e-05 -1.000000000000000000e+00 -1.473327846352022073e-04 8.257363473826220541e-05 9.870262454505507321e-02 8.728651986832165477e-01 8.594707503613996380e-01 8.864608209469674316e-01 0.000000000000000000e+00
7.041375347926120298e+00 1.760769481823449834e+00 -1.357665077468957070e-05 -1.000000000000000000e+00 -1.275139952557385512e-04 1.039322669499396996e-04 1.550885056552431251e-02 8.724816311425517279e-01 8.589503568412151235e-01 8.862180920109768989e-01 0.000000000000000000e+00
7.047247222918324283e+00 1.759302381555740702e+00 -5.444834323857119459e-06 -1.000000000000000000e+00 -1.199527567812367637e-04 1.126586551233711107e-04 2.472050356345789623e-03 8.738106549415564084e-01 8.603445102813983558e-01 8.874797429401820592e-01 0.000000000000000000e+00
7.053123994527200402e+00 1.757836503698584130e+00 6.803612189454752111e-06 1.000000000000000000e+00 -1.086297582876365729e-04 1.258422648512300915e-04 3.823094671218996154e-03 8.716199969405180603e-01 8.580248326726073183e-01 8.854223483202221523e-01 0.000000000000000000e+00
7.059005666836087656e+00 1.756371847233449524e+00 1.401000605185757908e-05 1.000000000000000000e+00 -1.020537950821870664e-04 1.336935760156161682e-04 1.605578679424013444e-02 8.699119877034006132e-01 8.564028705122335161e-01 8.836261228586284044e-01 0.000000000000000000e+00
7.064892243931729432e+00 1.754908411142653613e+00 6.882670719086696743e-06 1.000000000000000000e+00 -1.097334124479602943e-04 1.271331966556429188e-04 3.840214955545206976e-03 8.727116337505042010e-01 8.590376405793431758e-01 8.865948307414817098e-01 0.000000000000000000e+00
7.070783729904277948e+00 1.753446194409361780e+00 1.600705627828482544e-05 1.000000000000000000e+00 -1.009875920500443803e-04 1.366601173353377717e-04 2.070586610486202517e-02 8.703681230264718183e-01 8.566465059175639718e-01 8.843007764349177791e-01 0.000000000000000000e+00
7.076680128847296025e+00 1.751985196017586288e+00 2.718676523328399309e-05 1.000000000000000000e+00 -8.993421041231572767e-05 1.479929145227049895e-04 5.965930667125007858e-02 8.680578149335457239e-01 8.544355659633331435e-01 8.818886296149054393e-01 0.000000000000000000e+00
7.082581444857760644e+00 1.750525414952186498e+00 3.385483905130915616e-05 1.000000000000000000e+00 -8.366840194929978471e-05 1.550820686390205099e-04 9.221589712440447784e-02 8.681927048355085885e-01 8.544280033632440929e-01 8.820998312017722665e-01 0.000000000000000000e+00
7.088487682036063831e+00 1.749066850198867318e+00 3.923528496880827519e-05 1.000000000000000000e+00 -7.883275922194226608e-05 1.610244764429263258e-04 1.229946180913117360e-01 8.697756068834686660e-01 8.559319698429563861e-01 8.837630450057628595e-01 0.000000000000000000e+00
7.094398844486017985e+00 1.747609500744178535e+00 5.433090311873575723e-05 1.000000000000000000e+00 -6.449872617027892913e-05 1.768852330041153218e-04 2.338029099626055540e-01 8.691710645351459208e-01 8.553316521272334993e-01 8.831542985822509184e-01 0.000000000000000000e+00
7.100314936314857661e+00 1.746153365575515037e+00 6.688163699859648811e-05 1.000000000000000000e+00 -5.272769145997587730e-05 1.902020738610589717e-04 3.512473716199480123e-01 8.704468296252527715e-01 8.565293979672632396e-01 8.845096050108404162e-01 0.000000000000000000e+00
7.106235961633242226e+00 1.744698443681114597e+00 8.739089270377029591e-05 1.000000000000000000e+00 -3.269215978766941530e-05 2.111846621778258940e-04 5.977511276500138138e-01 8.696272483068862025e-01 8.557215740056963726e-01 8.836782803215873505e-01 0.000000000000000000e+00
7.112161924555259418e+00 1.743244734050058975e+00 1.071249952781078401e-04 1.000000000000000000e+00 -1.317850796798062773e-05 2.311622544892698067e-04 8.993771859833969984e-01 8.688095893191747354e-01 8.548501185816490544e-01 8.829154799028239298e-01 0.000000000000000000e+00
7.118092829198427118e+00 1.741792235672271039e+00 1.230750774926029343e-04 1.000000000000000000e+00 2.584960924222761986e-06 2.473259287008752706e-04 1.189734547023078903e+00 8.680190286702745839e-01 8.539239245269343304e-01 8.822635365164679389e-01 0.000000000000000000e+00
7.124028679683696907e+00 1.740340947538516092e+00 1.281043234112872039e-04 1.000000000000000000e+00 7.613765008550752648e-06 2.523702663794103081e-04 1.287209471004217676e+00 8.687444733530808039e-01 8.547347864875376455e-01 8.829017689328299001e-01 0.000000000000000000e+00
7.129969480135457616e+00 1.738890868640399878e+00 1.338636773310694216e-04 1.000000000000000000e+00 1.303499850365867304e-05 2.584625258239053522e-04 1.400614411388417579e+00 8.662388977376096477e-01 8.521826628043668306e-01 8.804442490917789854e-01 0.000000000000000000e+00
7.135915234681537100e+00 1.737441997970369245e+00 1.207413464648704666e-04 1.000000000000000000e+00 -2.197595563688703891e-07 2.454829542451242622e-04 1.132259451406355311e+00 8.668019043165632320e-01 8.527454682562417565e-01 8.810074762245436730e-01 0.000000000000000000e+00
7.141865947453204910e+00 1.735994334521709703e+00 9.462087825989165025e-05 1.000000000000000000e+00 -2.631912143422345213e-05 2.193854034116222507e-04 6.910538478393988271e-01 8.686196368785736865e-01 8.544812004416211249e-01 8.829085815737879317e-01 0.000000000000000000e+00
7.147821622585176726e+00 1.734547877288545648e+00 7.319238076717736376e-05 1.000000000000000000e+00 -4.776447027908402494e-05 1.980377856866192003e-04 4.118062341544685978e-01 8.665741328631425544e-01 8.522993442722230917e-01 8.810022448859751165e-01 0.000000000000000000e+00
7.153782264215615250e+00 1.733102625265839913e+00 4.855363098588052345e-05 1.000000000000000000e+00 -7.222833018885228026e-05 1.732784416888279719e-04 1.801863045615306191e-01 8.646644994163301678e-01 8.504903462758185428e-01 8.789901974165021947e-01 0.000000000000000000e+00
7.159747876486134643e+00 1.731658577449392222e+00 1.503526155241318875e-05 1.000000000000000000e+00 -1.058891259869230176e-04 1.399122239235020939e-04 1.712159026571669074e-02 8.662623079391652547e-01 8.519194231855418131e-01 8.807599750739323330e-01 0.000000000000000000e+00
7.165718463541802308e+00 1.730215732835839626e+00 -1.472490489040249565e-05 -1.000000000000000000e+00 -1.355269181654059183e-04 1.100367769119726231e-04 1.629077142871437900e-02 8.683624676659357222e-01 8.540899020085905846e-01 8.827881458064489317e-01 0.000000000000000000e+00
7.171694029531142434e+00 1.728774090422655174e+00 -2.924892068532476767e-05 -1.000000000000000000e+00 -1.500284430436025856e-04 9.552255300498437279e-05 6.412303190272439224e-02 8.680611790906381797e-01 8.536408831384584284e-01 8.826377506956685215e-01 0.000000000000000000e+00
7.177674578606138667e+00 1.727333649208146804e+00 -3.997848733417780934e-05 -1.000000000000000000e+00 -1.604883298555738979e-04 8.458896087071187861e-05 1.198030123349411724e-01 8.695321223150856982e-01 8.550376084617034023e-01 8.841841941606451982e-01 0.000000000000000000e+00
7.183660114922237661e+00 1.725894408191456675e+00 -3.745618768138304385e-05 -1.000000000000000000e+00 -1.578887351520234751e-04 8.708739636612418226e-05 1.049887981342436660e-01 8.692074974442649538e-01 8.548115368982467377e-01 8.837589032185482196e-01 0.000000000000000000e+00
7.189650642638349964e+00 1.724456366372562499e+00 -2.111527194924881919e-05 -1.000000000000000000e+00 -1.423676243427270821e-04 1.042501531905469444e-04 3.313857843713208240e-02 8.662998087271333025e-01 8.517728461339496571e-01 8.809856833121015862e-01 0.000000000000000000e+00
7.195646165916856241e+00 1.723019522752273547e+00 -9.044099977357766140e-06 -1.000000000000000000e+00 -1.311574956263423944e-04 1.171736404265543558e-04 6.005517574109831003e-03 8.665827387282825089e-01 8.521405453503819727e-01 8.811822631032644182e-01 0.000000000000000000e+00
7.201646688923606376e+00 1.721583876332232421e+00 2.223530713091937357e-05 1.000000000000000000e+00 -1.011232088585152543e-04 1.497056033874099733e-04 3.597221731565980463e-02 8.617736156876867337e-01 8.472121208058341901e-01 8.764958321099438621e-01 0.000000000000000000e+00
7.207652215827925701e+00 1.720149426114913060e+00 3.930060064872219986e-05 1.000000000000000000e+00 -8.485377381363814824e-05 1.676069218134660754e-04 1.114641007320500421e-01 8.628624959042180409e-01 8.482214161914243267e-01 8.776657430987644393e-01 0.000000000000000000e+00
7.213662750802614987e+00 1.718716171103621404e+00 6.438792709964747784e-05 1.000000000000000000e+00 -6.045944480116158617e-05 1.934371400177764782e-04 2.974912372162208385e-01 8.618540610921916478e-01 8.472299832908469774e-01 8.766400146836011986e-01 0.000000000000000000e+00
7.219678298023954888e+00 1.717284110302493172e+00 8.707958654514197578e-05 1.000000000000000000e+00 -3.866021537305481170e-05 2.170433716126810996e-04 5.398421374957251828e-01 8.618174429546647808e-01 8.471226879739163218e-01 8.766757852252523575e-01 0.000000000000000000e+00
7.225698861671710382e+00 1.715853242716494531e+00 1.111737751494612752e-04 1.000000000000000000e+00 -1.553460825245878032e-05 2.421018324451938773e-04 8.714084630106384566e-01 8.608694702304912072e-01 8.461887875636338041e-01 8.757137403669319475e-01 0.000000000000000000e+00
7.231724445929129885e+00 1.714423567351419875e+00 1.276659122855462920e-04 1.000000000000000000e+00 5.004996422083157759e-08 2.594979553632891021e-04 1.138003724557407281e+00 8.612961059568932098e-01 8.465400746997794323e-01 8.762175423063575108e-01 0.000000000000000000e+00
7.237755054982951464e+00 1.712995083213891823e+00 1.409424551872110506e-04 1.000000000000000000e+00 1.261358498257686054e-05 2.735198651143310377e-04 1.378165879957663265e+00 8.607682506562691627e-01 8.458589734310165698e-01 8.758463661082082075e-01 0.000000000000000000e+00
7.243790693023404614e+00 1.711567789311361887e+00 1.464102593018817811e-04 1.000000000000000000e+00 1.787085232672503006e-05 2.792703315191484245e-04 1.480172852317465981e+00 8.603104498974614156e-01 8.455030702303852896e-01 8.752844323226458556e-01 0.000000000000000000e+00
7.249831364244212040e+00 1.710141684652107807e+00 1.491633187949952118e-04 1.000000000000000000e+00 2.020021396033209364e-05 2.825026459959317825e-04 1.527757299985353256e+00 8.580691003690643637e-01 8.432072663932658196e-01 8.730990788034390659e-01 0.000000000000000000e+00
7.255877072842594977e+00 1.708716768245233997e+00 1.327760506965104973e-04 1.000000000000000000e+00 3.293883796856632382e-06 2.666486482615932491e-04 1.197660755056176640e+00 8.598301551683767974e-01 8.447889540815415321e-01 8.750432447378021505e-01 0.000000000000000000e+00
7.261927823019274086e+00 1.707293039100669763e+00 1.143403279661821590e-04 1.000000000000000000e+00 -1.541322016077080882e-05 2.484933949030584629e-04 8.784022664978863304e-01 8.601026132536961910e-01 8.451498671756050296e-01 8.752254258385583352e-01 0.000000000000000000e+00
7.267983618978473004e+00 1.705870496229170197e+00 8.299257487115845587e-05 1.000000000000000000e+00 -4.690026456291222876e-05 2.173152830391193388e-04 4.586389277913696105e-01 8.630850502135192226e-01 8.479430344761171856e-01 8.784008773643283696e-01 0.000000000000000000e+00
7.274044464927921894e+00 1.704449138642313732e+00 5.629252441405707647e-05 1.000000000000000000e+00 -7.309242715867797415e-05 1.901898310179925701e-04 2.104279584954156235e-01 8.635089907027524436e-01 8.484631202443577713e-01 8.787262424676737238e-01 0.000000000000000000e+00
7.280110365078859225e+00 1.703028965352503699e+00 2.231321877851269572e-05 1.000000000000000000e+00 -1.065770846240902123e-04 1.557949448165210334e-04 3.300676239685174096e-02 8.660455229002852473e-01 8.508216426685699663e-01 8.814441942520613305e-01 0.000000000000000000e+00
7.286181323646034436e+00 1.701609975372965211e+00 -8.711700766287424095e-06 -1.000000000000000000e+00 -1.371139778808319598e-04 1.243474625200208391e-04 5.007817747085141491e-03 8.676289105401516766e-01 8.524921975887999048e-01 8.829382043849661743e-01 0.000000000000000000e+00
7.292257344847713263e+00 1.700192167717745617e+00 -3.989520892750144217e-05 -1.000000000000000000e+00 -1.685724304738542333e-04 9.348149510133346089e-05 1.038074958464818565e-01 8.697299060271701521e-01 8.544093825322205404e-01 8.852268191308988454e-01 0.000000000000000000e+00
7.298338432905678630e+00 1.698775541401714717e+00 -6.302494916378261695e-05 -1.000000000000000000e+00 -1.924213671457264928e-04 7.112212789485657159e-05 2.547891251680596270e-01 8.703634995629521143e-01 8.549529505324375833e-01 8.859522936485750844e-01 0.000000000000000000e+00
7.304424592045234199e+00 1.697360095440562322e+00 -7.816673560334268028e-05 -1.000000000000000000e+00 -2.084627314985980741e-04 5.694000734715696111e-05 3.848110481604720690e-01 8.709382519225481456e-01 8.555236412795725887e-01 8.865311249967238183e-01 0.000000000000000000e+00
7.310515826495206149e+00 1.695945828850798032e+00 -7.750133888863567526e-05 -1.000000000000000000e+00 -2.088520344744613567e-04 5.871520347680950788e-05 3.726361754624463174e-01 8.703165485921084965e-01 8.548234024953212939e-01 8.859897349992950089e-01 0.000000000000000000e+00
7.316612140487947613e+00 1.694532740649751679e+00 -6.212134479811082266e-05 -1.000000000000000000e+00 -1.943122351902717504e-04 7.497967792889352503e-05 2.370924134020526708e-01 8.696854545850190021e-01 8.542067596356927028e-01 8.853440746259356731e-01 0.000000000000000000e+00
7.322713538259342236e+00 1.693120829855571774e+00 -2.492914512551814446e-05 -1.000000000000000000e+00 -1.580423880607176226e-04 1.131155578314885110e-04 3.803774492104139426e-02 8.663172427114336216e-01 8.507927326410255064e-01 8.820234929980130811e-01 0.000000000000000000e+00
7.328820024048804171e+00 1.691710095487224841e+00 5.433367020967638313e-06 1.000000000000000000e+00 -1.284337625771680329e-04 1.442413350133275754e-04 1.800197793627944520e-03 8.683801370092150140e-01 8.527656598740478433e-01 8.841781473238004008e-01 0.000000000000000000e+00
7.334931602099284298e+00 1.690300536564494527e+00 5.020811876444567011e-05 1.000000000000000000e+00 -8.454221265478934454e-05 1.899149710861677072e-04 1.533117417971538998e-01 8.666307746403543177e-01 8.510464181742757317e-01 8.823985786961133782e-01 0.000000000000000000e+00
7.341048276657271110e+00 1.688892152107981603e+00 9.165850419955191028e-05 1.000000000000000000e+00 -4.419518030628659052e-05 2.324778308849139081e-04 5.083622126568911881e-01 8.649593313532427663e-01 8.493124205014080941e-01 8.807915915847029931e-01 0.000000000000000000e+00
7.347170051972794269e+00 1.687484941139102412e+00 1.234574217797747015e-04 1.000000000000000000e+00 -1.341241613118032217e-05 2.652966074645283752e-04 9.155172531349080600e-01 8.637467390060136196e-01 8.481190029087599669e-01 8.795598580276264844e-01 0.000000000000000000e+00
7.353296932299427269e+00 1.686078902680089531e+00 1.310595981337281412e-04 1.000000000000000000e+00 -6.616569556763791200e-06 2.737094584024570704e-04 1.021943274364232934e+00 8.666448545898624012e-01 8.509095220593004827e-01 8.825676213869246833e-01 0.000000000000000000e+00
7.359428921894291875e+00 1.684674035753989330e+00 1.385085892253088400e-04 1.000000000000000000e+00 1.375798563809987538e-07 2.818825415045124092e-04 1.134365998568767964e+00 8.647306627620763297e-01 8.488358184464188660e-01 8.808170761909143165e-01 0.000000000000000000e+00
7.365566025018059015e+00 1.683270339384662417e+00 1.214582137869048880e-04 1.000000000000000000e+00 -1.689517325981377009e-05 2.648802486557477916e-04 8.665919399206671869e-01 8.663619741254664497e-01 8.505498651868553805e-01 8.823632031681872823e-01 0.000000000000000000e+00
7.371708245934952330e+00 1.681867812596783196e+00 7.890997986734252484e-05 1.000000000000000000e+00 -5.935851390561417264e-05 2.223065250554551913e-04 3.626059920874951104e-01 8.725816537340206347e-01 8.565354815742064476e-01 8.888210309675945719e-01 0.000000000000000000e+00
7.377855588912752616e+00 1.680466454415837863e+00 4.549666417946492526e-05 1.000000000000000000e+00 -9.257533009667933419e-05 1.887545036233103887e-04 1.195841452373116454e-01 8.727880057870122110e-01 8.568333262381236937e-01 8.889336236385108059e-01 0.000000000000000000e+00
7.384008058222798709e+00 1.679066263868125519e+00 -1.757951442858431131e-07 -1.000000000000000000e+00 -1.383181310357655845e-04 1.431925145597902241e-04 1.765634863204468274e-06 8.759751020283570444e-01 8.598052162883160765e-01 8.923402637263793125e-01 0.000000000000000000e+00
7.390165658139991045e+00 1.677667239980756175e+00 -4.250279682854087439e-05 -1.000000000000000000e+00 -1.806364083082924465e-04 1.009114002744906599e-04 1.021570081641556271e-01 8.787694551046947300e-01 8.624780429050629138e-01 8.952583368444138046e-01 0.000000000000000000e+00
7.396328392942796093e+00 1.676269381781650081e+00 -7.201782592502742450e-05 -1.000000000000000000e+00 -2.100042516539219210e-04 7.130224314829952529e-05 2.913438975421343002e-01 8.799294513565271147e-01 8.636293862403344734e-01 8.964268928297479677e-01 0.000000000000000000e+00
7.402496266913247247e+00 1.674872688299538392e+00 -8.734043711353064760e-05 -1.000000000000000000e+00 -2.252025862706461012e-04 5.586634401777530940e-05 4.277131931579702950e-01 8.803792629493693012e-01 8.639833414351996144e-01 8.969747086634979327e-01 0.000000000000000000e+00
7.408669284336948380e+00 1.673477158563960288e+00 -8.840974739844547421e-05 -1.000000000000000000e+00 -2.258993867451586574e-04 5.441619687632633312e-05 4.398338357558913003e-01 8.804097834536328548e-01 8.640249564734061583e-01 8.969942179968565243e-01 0.000000000000000000e+00
7.414847449503079169e+00 1.672082791605264962e+00 -8.379368180490443386e-05 -1.000000000000000000e+00 -2.208256717620660182e-04 5.857547719335491350e-05 3.979182962801957046e-01 8.820330191255926211e-01 8.655493717730080583e-01 8.987183409572826465e-01 0.000000000000000000e+00
7.421030766704393322e+00 1.670689586454608300e+00 -6.354414856207988801e-05 -1.000000000000000000e+00 -2.003089518163441189e-04 7.856690210401019140e-05 2.308877156242914452e-01 8.800058606932349425e-01 8.634541885213524726e-01 8.967613106054646011e-01 0.000000000000000000e+00
7.427219240237226572e+00 1.669297542143953983e+00 -4.809180480689106334e-05 -1.000000000000000000e+00 -1.847574805455192500e-04 9.391039435084691316e-05 1.328395864796902970e-01 8.793772973404444526e-01 8.628424756451419375e-01 8.961159595185376192e-01 0.000000000000000000e+00
7.433412874401496673e+00 1.667906657706072160e+00 -3.991828016720329981e-05 -1.000000000000000000e+00 -1.768683530964201324e-04 1.023338169986094692e-04 9.145231307469714466e-02 8.794589059769901684e-01 8.628273437399148760e-01 8.962967551867331295e-01 0.000000000000000000e+00
7.439611673500706956e+00 1.666516932174539223e+00 -3.945297723352369059e-05 -1.000000000000000000e+00 -1.766207989225526795e-04 1.030026742216309050e-04 8.903397556039749361e-02 8.794340962678164342e-01 8.628072369645993778e-01 8.962673245537903233e-01 0.000000000000000000e+00
7.445815641841948995e+00 1.665128364583736253e+00 -4.526001299814029434e-05 -1.000000000000000000e+00 -1.825407048936992073e-04 9.733966998573137465e-05 1.168671966376422233e-01 8.783383834973123028e-01 8.616231111806406107e-01 8.952624267864911500e-01 0.000000000000000000e+00
7.452024783735907043e+00 1.663740953968849468e+00 -6.545294436559509195e-05 -1.000000000000000000e+00 -2.024451442651803044e-04 7.693394028730089209e-05 2.436596539454427557e-01 8.791469852056784662e-01 8.624307060231258815e-01 8.960717066777318385e-01 0.000000000000000000e+00
7.458239103496859812e+00 1.662354699365868660e+00 -9.941618559861118505e-05 -1.000000000000000000e+00 -2.361885763564756978e-04 4.282888185514609365e-05 5.585230998394337121e-01 8.822938537636021428e-01 8.654479900434992601e-01 8.993504537717601499e-01 0.000000000000000000e+00
7.464458605442683137e+00 1.660969599811586539e+00 -1.263708069474522703e-04 -1.000000000000000000e+00 -2.634884115689144560e-04 1.628040635586266863e-05 8.935249157507314521e-01 8.816442061368398031e-01 8.645947452682070100e-01 8.989093783878233657e-01 0.000000000000000000e+00
7.470683293894854415e+00 1.659585654343599170e+00 -1.555818345390706748e-04 -1.000000000000000000e+00 -2.931187900350028935e-04 -1.246090885830247307e-05 1.334017105716895912e+00 8.822552456794761078e-01 8.652945122210248252e-01 8.994292762748523629e-01 0.000000000000000000e+00
7.476913173178454386e+00 1.658202862000304201e+00 -1.799648359482876835e-04 -1.000000000000000000e+00 -3.184258649526705781e-04 -3.590544212570223560e-05 1.756918712346319467e+00 8.840024203302463413e-01 8.668083056486395321e-01 9.014151372508221183e-01 0.000000000000000000e+00
7.483148247622170679e+00 1.656821221820899526e+00 -1.824039026472613608e-04 -1.000000000000000000e+00 -3.213389297121321559e-04 -3.783866796279119777e-05 1.788607646208916435e+00 8.832827476255572519e-01 8.661989681195696456e-01 9.005826137858063962e-01 0.000000000000000000e+00
7.489388521558299594e+00 1.655440732845385288e+00 -1.744552096320094875e-04 -1.000000000000000000e+00 -3.137742998276905155e-04 -2.945370746729186620e-05 1.632259571427105982e+00 8.850583707343798734e-01 8.677575547708487047e-01 9.025801534236227441e-01 0.000000000000000000e+00
7.495633999322752317e+00 1.654061394114560324e+00 -1.361648401613411389e-04 -1.000000000000000000e+00 -2.760051567204898412e-04 9.419670451793027248e-06 9.968133173365245625e-01 8.817095946096781267e-01 8.643450028305857957e-01 8.992974878164445851e-01 0.000000000000000000e+00
7.501884685255054031e+00 1.652683204670022832e+00 -9.235569110072374668e-05 -1.000000000000000000e+00 -2.331382745942429903e-04 5.418709680598875016e-05 4.575475144396108362e-01 8.798608400227680981e-01 8.625267113246741779e-01 8.974181677630079790e-01 0.000000000000000000e+00
7.508140583698349246e+00 1.651306163554170148e+00 -5.357350108204201277e-05 -1.000000000000000000e+00 -1.959834138855587435e-04 9.456269711271882161e-05 1.523825626122317090e-01 8.815975858084442729e-01 8.641405128151545822e-01 8.992807714157999843e-01 0.000000000000000000e+00
7.514401698999403578e+00 1.649930269810196748e+00 -2.141817892204297651e-06 -1.000000000000000000e+00 -1.464882861280124890e-04 1.478999588660309835e-04 2.406120681683887597e-04 8.794531288024569626e-01 8.620186506157883066e-01 8.971139756181748526e-01 0.000000000000000000e+00
7.520668035508609073e+00 1.648555522482095359e+00 4.637391881472295937e-05 1.000000000000000000e+00 -9.985130071389370374e-05 1.982876553627610559e-04 1.115458583631792067e-01 8.776615148859232551e-01 8.601337759378988590e-01 8.954185399994859518e-01 0.000000000000000000e+00
7.526939597579984209e+00 1.647181920614653627e+00 8.402295794533417087e-05 1.000000000000000000e+00 -6.337407086956448261e-05 2.371420665331671598e-04 3.631519180540934144e-01 8.777510209285871445e-01 8.603337931475338873e-01 8.953947974104468077e-01 0.000000000000000000e+00
7.533216389571179228e+00 1.645809463253457006e+00 1.262990244765595509e-04 1.000000000000000000e+00 -2.232177687729310577e-05 2.806772734014777366e-04 8.177757391845403845e-01 8.732442983457425756e-01 8.556626900714827677e-01 8.910577820624197010e-01 0.000000000000000000e+00
7.539498415843477019e+00 1.644438149444884756e+00 1.420801500115455795e-04 1.000000000000000000e+00 -7.231271487077839920e-06 2.971791667245858061e-04 1.029825398913786216e+00 8.739236939758395772e-01 8.562307685740342400e-01 8.918512314093087756e-01 0.000000000000000000e+00
7.545785680761798453e+00 1.643067978236111282e+00 1.469926701441632568e-04 1.000000000000000000e+00 -2.727498049961897975e-06 3.025271469912356698e-04 1.096415717254025424e+00 8.737574175162395873e-01 8.560756854204395472e-01 8.916736345181395240e-01 0.000000000000000000e+00
7.552078188694705041e+00 1.641698948675104575e+00 1.197695185053249367e-04 1.000000000000000000e+00 -3.010248274596732325e-05 2.754852426700672642e-04 7.214226557442913190e-01 8.797394659529635952e-01 8.618897124451523339e-01 8.978266018612264254e-01 0.000000000000000000e+00
7.558375944014398939e+00 1.640331059810627101e+00 9.266553186532945575e-05 1.000000000000000000e+00 -5.714452758792870136e-05 2.483849086897592200e-04 4.287315791742045690e-01 8.808976232941878592e-01 8.630419163083026257e-01 8.989905887507362303e-01 0.000000000000000000e+00
7.564678951096730941e+00 1.638964310692231585e+00 6.126499108779069505e-05 1.000000000000000000e+00 -8.848175183467476678e-05 2.170088679795273163e-04 1.861638093668460670e-01 8.795946733766644154e-01 8.616361917768053935e-01 8.977932413335769635e-01 0.000000000000000000e+00
7.570987214321198699e+00 1.637598700370265004e+00 1.277123196787932971e-05 1.000000000000000000e+00 -1.366080352511857634e-04 1.682396603461753777e-04 8.016006254422336497e-03 8.816239320117085221e-01 8.636485204583429498e-01 8.998390515596838002e-01 0.000000000000000000e+00
7.577300738070952946e+00 1.636234227895864146e+00 -4.875287482565261689e-05 -1.000000000000000000e+00 -1.978347920616280945e-04 1.064899080264990736e-04 1.153986071263091162e-01 8.873801678221251432e-01 8.692305910624443799e-01 9.057723969139285236e-01 0.000000000000000000e+00
7.583619526732800153e+00 1.634870892320956948e+00 -1.016914583555868424e-04 -1.000000000000000000e+00 -2.507269114586657558e-04 5.356804257881737019e-05 4.962343663682347028e-01 8.914428782883725422e-01 8.730255384181947464e-01 9.101087814934801790e-01 0.000000000000000000e+00
7.589943584697204315e+00 1.633508692698261822e+00 -1.531042011331034346e-04 -1.000000000000000000e+00 -3.016196530082342780e-04 1.718547815570412376e-06 1.112787431723781140e+00 8.982242378260288929e-01 8.798579730801612264e-01 9.168359433059022345e-01 0.000000000000000000e+00
7.596272916358290495e+00 1.632147628081284996e+00 -1.730296932959457447e-04 -1.000000000000000000e+00 -3.215846324774952660e-04 -1.810160232369975477e-05 1.414243778316304656e+00 8.988276766963410047e-01 8.802340007739597461e-01 9.176725254043776037e-01 0.000000000000000000e+00
7.602607526113848380e+00 1.630787697524322288e+00 -1.793738507024591111e-04 -1.000000000000000000e+00 -3.277177238638380040e-04 -2.460204363711866412e-05 1.515399940148228097e+00 8.997877049649483094e-01 8.813099108652813207e-01 9.185134998347724844e-01 0.000000000000000000e+00
7.608947418365335835e+00 1.629428900082457776e+00 -1.603964503561928362e-04 -1.000000000000000000e+00 -3.093374180437044401e-04 -5.010468963400022211e-06 1.210462520729159053e+00 8.964559812489325541e-01 8.777918248236413756e-01 9.153742197585053031e-01 0.000000000000000000e+00
7.615292597517878903e+00 1.628071234811562906e+00 -1.375926185671203970e-04 -1.000000000000000000e+00 -2.870125721677690110e-04 1.829096736084807147e-05 8.881315888587977270e-01 8.950362958627201548e-01 8.765098682851906187e-01 9.138136711123986400e-01 0.000000000000000000e+00
7.621643067980279795e+00 1.626714700768294497e+00 -1.223832102811837929e-04 -1.000000000000000000e+00 -2.727368895800505043e-04 3.442682961745535284e-05 6.983377952838267788e-01 8.981213004826275048e-01 8.793422672904358528e-01 9.171574890717617556e-01 0.000000000000000000e+00
7.627998834165015118e+00 1.625359297010096737e+00 -8.202286315518702295e-05 -1.000000000000000000e+00 -2.335616071403296247e-04 7.597358338373734054e-05 3.126306110998271492e-01 8.929518997520748957e-01 8.741097821758646580e-01 9.120545387066714138e-01 0.000000000000000000e+00
7.634359900488242090e+00 1.624005022595198744e+00 -5.573664841251065158e-05 -1.000000000000000000e+00 -2.081339651322442461e-04 1.031431349116821659e-04 1.436147662450864004e-01 8.918272885145137607e-01 8.730081357378323137e-01 9.109068556904831304e-01 0.000000000000000000e+00
7.640726271369800315e+00 1.622651876582614117e+00 -2.944353712367539053e-05 -1.000000000000000000e+00 -1.828334092294511370e-04 1.304745347720478229e-04 3.987343500796924900e-02 8.888231695056579840e-01 8.699177978214178708e-01 9.079921017908654246e-01 0.000000000000000000e+00
7.647097951233216229e+00 1.621299858032140939e+00 -1.763816466355446204e-05 -1.000000000000000000e+00 -1.718015080532490381e-04 1.431023933924054970e-04 1.419827746968138626e-02 8.883205945996227593e-01 8.694282044079543192e-01 9.074763752568746344e-01 0.000000000000000000e+00
7.653474944505703093e+00 1.619948966004359558e+00 -2.937564786834020910e-05 -1.000000000000000000e+00 -1.842561091779761680e-04 1.321084348827506361e-04 3.892744612311105357e-02 8.932610840180196243e-01 8.741967043184750707e-01 9.125922279703282403e-01 0.000000000000000000e+00
7.659857255618167216e+00 1.618599199560634805e+00 -3.485757944471462409e-05 -1.000000000000000000e+00 -1.903558510740272142e-04 1.272903132617908659e-04 5.426588143638610973e-02 8.934818807306513788e-01 8.744196328839677346e-01 9.128107244828242983e-01 0.000000000000000000e+00
7.666244889005210617e+00 1.617250557763112662e+00 -4.323105812442734961e-05 -1.000000000000000000e+00 -1.993149140025843346e-04 1.195819119753446130e-04 8.272229085525850678e-02 8.927445838188613481e-01 8.735665030741230908e-01 9.121925636866554665e-01 0.000000000000000000e+00
7.672637849105131913e+00 1.615903039674720043e+00 -6.127165561572386367e-05 -1.000000000000000000e+00 -2.178549149071807960e-04 1.021304131404022732e-04 1.646209233770719038e-01 8.941376773674679646e-01 8.747075120247871372e-01 9.138440263229343774e-01 0.000000000000000000e+00
7.679036140359931650e+00 1.614556644359165460e+00 -7.554375022284779871e-05 -1.000000000000000000e+00 -2.323328347237778888e-04 8.814385984381576300e-05 2.479947589386028994e-01 8.939199397273457359e-01 8.746121200628732550e-01 9.135006685769824220e-01 0.000000000000000000e+00
7.685439767215314077e+00 1.613211370880937023e+00 -9.409277069448231958e-05 -1.000000000000000000e+00 -2.514730985776153049e-04 7.021777980646275218e-05 3.808934694985453007e-01 8.957928986817075279e-01 8.762266595511349898e-01 9.156387221117974207e-01 0.000000000000000000e+00
7.691848734120691589e+00 1.611867218305303329e+00 -1.055797857710115580e-04 -1.000000000000000000e+00 -2.631623544290473621e-04 5.898902271146214669e-05 4.756128272905684184e-01 8.966868301947196196e-01 8.772338314693117756e-01 9.164160129151549539e-01 0.000000000000000000e+00
7.698263045529186499e+00 1.610524185698310351e+00 -1.220848918260648527e-04 -1.000000000000000000e+00 -2.800298975013694458e-04 4.291514142790929217e-05 6.309973910450494827e-01 9.012859774703853022e-01 8.815510129926590333e-01 9.213035583978622656e-01 0.000000000000000000e+00
7.704682705897634598e+00 1.609182272126782998e+00 -1.313020682197017493e-04 -1.000000000000000000e+00 -2.893489024399649684e-04 3.388607367445852251e-05 7.244212385746351401e-01 9.055789491343333442e-01 8.859274349605986698e-01 9.255095175848794264e-01 0.000000000000000000e+00
7.711107719686588702e+00 1.607841476658323998e+00 -1.260822250800645210e-04 -1.000000000000000000e+00 -2.850783941221101889e-04 4.008647547121006109e-05 6.624534150771808072e-01 9.068524965183657471e-01 8.869510945523604306e-01 9.270395652725147428e-01 0.000000000000000000e+00
7.717538091360320429e+00 1.606501798361312572e+00 -1.111441803823196142e-04 -1.000000000000000000e+00 -2.713673380039839655e-04 5.626331015247121043e-05 5.097456498873569330e-01 9.065192971841523617e-01 8.864979184417649538e-01 9.268299602843340645e-01 0.000000000000000000e+00
7.723973825386825531e+00 1.605163236304904206e+00 -8.248698800130821733e-05 -1.000000000000000000e+00 -2.438983847548350766e-04 8.614405359577691245e-05 2.783061523910461688e-01 9.029219966199758529e-01 8.830630216996543380e-01 9.230670007791388354e-01 0.000000000000000000e+00
7.730414926237823892e+00 1.603825789559029547e+00 -4.858219644377300182e-05 -1.000000000000000000e+00 -2.115049017799053332e-04 1.215858576114667419e-04 9.587491281235571705e-02 8.984390703933019529e-01 8.783901788396778487e-01 9.187809084993563413e-01 0.000000000000000000e+00
7.736861398388765743e+00 1.602489457194395728e+00 -2.696492178587793492e-05 -1.000000000000000000e+00 -1.906188262116791880e-04 1.439689521579707557e-04 2.935691994977673858e-02 8.980941171083737240e-01 8.781805041590625693e-01 9.182971265918100645e-01 0.000000000000000000e+00
7.743313246318833443e+00 1.601154238282482378e+00 -7.252371556959678122e-06 -1.000000000000000000e+00 -1.717369734648043140e-04 1.645448357152601532e-04 2.116210486690306425e-03 8.970643104398769996e-01 8.769308048688619905e-01 9.174940099652448833e-01 0.000000000000000000e+00
7.749770474510944140e+00 1.599820131895543396e+00 8.441720449068745787e-07 1.000000000000000000e+00 -1.638293184290861518e-04 1.729153075945732054e-04 2.856858665722938895e-05 8.974387528786129664e-01 8.774344790426821250e-01 9.177353692863435830e-01 0.000000000000000000e+00
7.756233087451753327e+00 1.598487137106606282e+00 2.581385348901532921e-06 1.000000000000000000e+00 -1.627437035192599889e-04 1.753954020275506648e-04 2.656030141423570967e-04 8.965301619042518322e-01 8.762960409223570224e-01 9.170633854765188886e-01 0.000000000000000000e+00
7.762701089631657503e+00 1.597155252989470364e+00 -1.146571323188506770e-05 -1.000000000000000000e+00 -1.772779767924673221e-04 1.619242516746260757e-04 5.180039005402647945e-03 8.975548062680908101e-01 8.774266240808171746e-01 9.179785365073891423e-01 0.000000000000000000e+00
7.769174485544799502e+00 1.595824478618706577e+00 -2.226383504919956409e-05 -1.000000000000000000e+00 -1.894044382156740932e-04 1.524893191801203593e-04 1.925239013170454427e-02 8.949021757373520902e-01 8.745404613459775156e-01 9.155668120539146582e-01 0.000000000000000000e+00
7.775653279689067610e+00 1.594494813069657235e+00 -5.887328297950265420e-05 -1.000000000000000000e+00 -2.269346144834771828e-04 1.168183843841397846e-04 1.322503984275371636e-01 9.003164320696529499e-01 8.797475659998068576e-01 9.211924472226757921e-01 0.000000000000000000e+00
7.782137476566102663e+00 1.593166255418435151e+00 -7.677001751413593269e-05 -1.000000000000000000e+00 -2.453648998467395791e-04 9.952026755664941204e-05 2.224791427015304635e-01 9.010658611869767354e-01 8.804828318231923134e-01 9.219560352635554068e-01 0.000000000000000000e+00
7.788627080681298942e+00 1.591838804741922297e+00 -8.528362665240149531e-05 -1.000000000000000000e+00 -2.540543128044593950e-04 9.129255830236646162e-05 2.734620343538978204e-01 9.023839119472207848e-01 8.816534226956899145e-01 9.234249513080485805e-01 0.000000000000000000e+00
7.795122096543806833e+00 1.590512460117771143e+00 -7.456702941729145785e-05 -1.000000000000000000e+00 -2.434574293998199922e-04 1.022391340257658898e-04 2.089525422824962675e-01 9.019144119076637489e-01 8.811998088364024762e-01 9.229388443529804587e-01 0.000000000000000000e+00
7.801622528666539047e+00 1.589187220624400876e+00 -7.116890557418365437e-05 -1.000000000000000000e+00 -2.407369975760856686e-04 1.063492853725026954e-04 1.890976833076791763e-01 9.086588342304007249e-01 8.877386480694662296e-01 9.298926046367613774e-01 0.000000000000000000e+00
7.808128381566169729e+00 1.587863085341000069e+00 -2.895950797957165716e-05 -1.000000000000000000e+00 -2.003903049480272765e-04 1.503888190837168921e-04 3.101143865244182507e-02 9.068417999740590041e-01 8.859410207652285152e-01 9.280564796236421277e-01 0.000000000000000000e+00
7.814639659763139790e+00 1.586540053347523793e+00 3.329531312834646583e-05 1.000000000000000000e+00 -1.408461486799018859e-04 2.152695625831428064e-04 4.051337669578458645e-02 9.025194355166020754e-01 8.815210208175882078e-01 9.238366381762459500e-01 0.000000000000000000e+00
7.821156367781661345e+00 1.585218123724693617e+00 1.076551528713246605e-04 1.000000000000000000e+00 -6.922782886366790666e-05 2.922948727493669338e-04 4.198970833440256456e-01 8.974724321307346875e-01 8.762624470666239285e-01 9.190096386616722901e-01 0.000000000000000000e+00
7.827678510149716828e+00 1.583897295553998275e+00 1.749964076661309311e-04 1.000000000000000000e+00 -3.424292274114632472e-06 3.611828077106613065e-04 1.105287269773342018e+00 8.959772336959720418e-01 8.749318630941125274e-01 9.173457935216986492e-01 0.000000000000000000e+00
7.834206091399066985e+00 1.582577567917689887e+00 2.324898224701326386e-04 1.000000000000000000e+00 5.269919390261463199e-05 4.200974339065376259e-04 1.950210837196856062e+00 8.963222309769010021e-01 8.750252800776686657e-01 9.179498787701214635e-01 0.000000000000000000e+00
7.840739116065250869e+00 1.581258939898786631e+00 2.888839474409683229e-04 1.000000000000000000e+00 1.081110219326887742e-04 4.775602362818097391e-04 3.009877945065284166e+00 8.932357814524227724e-01 8.721275817626084059e-01 9.146701053948562699e-01 0.000000000000000000e+00
7.847277588687588512e+00 1.579941410581070071e+00 3.297613374099856690e-04 1.000000000000000000e+00 1.472717394988498033e-04 5.202019364666410784e-04 3.894930782932704005e+00 8.900940728239038480e-01 8.687589092451462047e-01 9.117634103494479669e-01 0.000000000000000000e+00
7.853821513809187138e+00 1.578624979049085830e+00 3.368119850759329994e-04 1.000000000000000000e+00 1.528419279972463715e-04 5.287722797089491975e-04 3.994865040816065971e+00 8.924427640956138497e-01 8.712125772666338142e-01 9.140032142409409976e-01 0.000000000000000000e+00
7.860370895976941163e+00 1.577309644388141585e+00 3.297541781234102553e-04 1.000000000000000000e+00 1.436977600417372865e-04 5.238391884405211186e-04 3.748306248304380972e+00 8.934779177154241747e-01 8.719477665452646242e-01 9.153471808364347373e-01 0.000000000000000000e+00
7.866925739741537527e+00 1.575995405684307737e+00 3.168229815156518186e-04 1.000000000000000000e+00 1.292749833497551081e-04 5.125153590898512326e-04 3.391314113020172272e+00 8.913446103937761045e-01 8.699588633229209389e-01 9.130653773975309084e-01 0.000000000000000000e+00
7.873486049657457464e+00 1.574682262024415857e+00 2.749641919819193945e-04 1.000000000000000000e+00 8.627195585565972059e-05 4.719586562701830234e-04 2.506338457936372777e+00 8.955163323753367877e-01 8.737924576113886843e-01 9.175834449846255181e-01 0.000000000000000000e+00
7.880051830282980951e+00 1.573370212496058462e+00 2.422385355727747758e-04 1.000000000000000000e+00 5.320506285996356175e-05 4.397648012215410853e-04 1.919368004682795004e+00 8.960960878251432726e-01 8.744991227794703947e-01 9.180316004298764154e-01 0.000000000000000000e+00
7.886623086180188480e+00 1.572059256187587906e+00 1.869480998905257416e-04 1.000000000000000000e+00 -2.355978528038356204e-06 3.848644780055805454e-04 1.126652605500552795e+00 9.059111386730113180e-01 8.839212575424629792e-01 9.282477831430491211e-01 0.000000000000000000e+00
7.893199821914964609e+00 1.570749392188117488e+00 1.708982192251405662e-04 1.000000000000000000e+00 -1.914336849368573619e-05 3.696173840736521497e-04 9.313431869794683848e-01 9.070160289522682939e-01 8.848653964445950537e-01 9.295180552607554825e-01 0.000000000000000000e+00
7.899782042057002407e+00 1.569440619587517682e+00 1.737489697352896179e-04 1.000000000000000000e+00 -1.712992632289187791e-05 3.733441035793783730e-04 9.537138300183443107e-01 9.069529140701502179e-01 8.848151702914675010e-01 9.294418923417541167e-01 0.000000000000000000e+00
7.906369751179806116e+00 1.568132937476418354e+00 1.984321149567926069e-04 1.000000000000000000e+00 6.386671901860121103e-06 3.992147348869200382e-04 1.236645197940745788e+00 9.047641488336529703e-01 8.825120325500994678e-01 9.273723030095742947e-01 0.000000000000000000e+00
7.912962953860692039e+00 1.566826344946206540e+00 2.325425344714524716e-04 1.000000000000000000e+00 3.969791915918308828e-05 4.341349756549585989e-04 1.694264002566441718e+00 9.033726771517796017e-01 8.811637904006072164e-01 9.259374241538025352e-01 0.000000000000000000e+00
7.919561654680794760e+00 1.565520841089027337e+00 2.487207269508034447e-04 1.000000000000000000e+00 5.548312875691715335e-05 4.507046468446207943e-04 1.934687519531763655e+00 9.096866851672524845e-01 8.872805057193111633e-01 9.324530742572674225e-01 0.000000000000000000e+00
7.926165858225068916e+00 1.564216424997781019e+00 2.863884225675907783e-04 1.000000000000000000e+00 9.283758695120001084e-05 4.887231919083954686e-04 2.572636829569177053e+00 9.081682323249925526e-01 8.858158821156661977e-01 9.308801747288734107e-01 0.000000000000000000e+00
7.932775569082291867e+00 1.562913095766124583e+00 3.195175720344084589e-04 1.000000000000000000e+00 1.253831810997247504e-04 5.225081614045024806e-04 3.207306642588697798e+00 9.049369576007114668e-01 8.824936465863388868e-01 9.277443159347582569e-01 0.000000000000000000e+00
7.939390791845069018e+00 1.561610852488469980e+00 3.298556941442643041e-04 1.000000000000000000e+00 1.351004869849881465e-04 5.335594158979754201e-04 3.399477587517850452e+00 9.046115903987366202e-01 8.821910070135302595e-01 9.273955759445192681e-01 0.000000000000000000e+00
7.946011531109834714e+00 1.560309694259983226e+00 3.412153723839579981e-04 1.000000000000000000e+00 1.449989447458969072e-04 5.464571070874233230e-04 3.598613566539725639e+00 8.986555524433930131e-01 8.761497879655736343e-01 9.215297107861311066e-01 0.000000000000000000e+00
7.952637791476856677e+00 1.559009620176584621e+00 3.166305623202142461e-04 1.000000000000000000e+00 1.187932336120853911e-04 5.235420617882893249e-04 3.039055233911710729e+00 8.998347689820170858e-01 8.770048003453660979e-01 9.230431516536040659e-01 0.000000000000000000e+00
7.959269577550237784e+00 1.557710629334948083e+00 2.781275564519359363e-04 1.000000000000000000e+00 7.930955050577804372e-05 4.861065032926145451e-04 2.296749506250655770e+00 9.018055290154163295e-01 8.790869672729506590e-01 9.248981627681903683e-01 0.000000000000000000e+00
7.965906893937922284e+00 1.556412720832499597e+00 2.414994489015134273e-04 1.000000000000000000e+00 4.172869040886507887e-05 4.505573054031075100e-04 1.705804076038333505e+00 9.012268065384785309e-01 8.782053077688524167e-01 9.246320688229231477e-01 0.000000000000000000e+00
7.972549745251694908e+00 1.555115893767417656e+00 1.983666570705720832e-04 1.000000000000000000e+00 -8.879914791364831774e-07 4.071001336064777442e-04 1.141462011706138924e+00 9.029646433732343436e-01 8.800793546811945811e-01 9.262282086252398017e-01 0.000000000000000000e+00
7.979198136107187977e+00 1.553820147238631932e+00 1.557232775103434535e-04 1.000000000000000000e+00 -4.285726137571009716e-05 3.639373470151641577e-04 7.015326127817971269e-01 9.065294399443675211e-01 8.833152376044998144e-01 9.301309243102655611e-01 0.000000000000000000e+00
7.985852071123881402e+00 1.552525480345822828e+00 1.402268245609402200e-04 1.000000000000000000e+00 -5.742928389198734664e-05 3.476318155074365835e-04 5.696793230361691940e-01 9.040148134146475112e-01 8.810044218119114090e-01 9.274070960094005223e-01 0.000000000000000000e+00
7.992511554925108008e+00 1.551231892189421036e+00 1.102926191720511758e-04 1.000000000000000000e+00 -8.698981664528651343e-05 3.173625639759865323e-04 3.513648608887862679e-01 9.088917838590293563e-01 8.855378107965097279e-01 9.326373609839312406e-01 0.000000000000000000e+00
7.999176592138056208e+00 1.549939381870606869e+00 9.820948366289282514e-05 1.000000000000000000e+00 -9.885795130910742217e-05 3.051221425900517556e-04 2.773421780968590156e-01 9.099366426867009361e-01 8.867373057013377968e-01 9.335225511275258015e-01 0.000000000000000000e+00
