# OBJ_NAME=4U1820-30
#         GRID_START=6.00
#         GRID_END=8.00
#         GRID_STEP_FRACTION=0.50
#         XSPEC_FITSTAT=cstat
#         XSPEC_CONTINUUM_MODEL=tbabs*(bbodyrad + pow)*constant
#         XSPEC_LINE_MODEL=gauss
#         LINE_VELOCITY_WIDTH=500
#         INPUT_FILE=/home/simon/Downloads/tgcat/obs_25038_tgid_6247/pm_heg_abs1.pha
#         SEARCH_MODE=Sliding window
#         FIT_REGION_WIDTH=30.00
#         RUNTIME=206
#         COLUMN_NAMES=ENERGY,WAVELENGTH,NORM,NORM_SIGN,NORM_ERR_LO,NORM_ERR_HI,DELTA_FITSTAT,CONSTANT_FACTOR,CONSTANT_FACTOR_ERR_LO,CONSTANT_FACTOR_ERR_HI,FIT_ERR
6.000000000000000000e+00 2.066373137115381287e+00 -1.791350895287505953e-05 -1.000000000000000000e+00 -1.318760583310959848e-04 9.842731963563464929e-05 2.685729606741915632e-02 9.774996306820684655e-01 9.681443530642971362e-01 9.869425923239594223e-01 0.000000000000000000e+00
6.005003461427972589e+00 2.064651403172383937e+00 -1.524527497873834426e-05 -1.000000000000000000e+00 -1.292381204793557653e-04 1.011279952813428382e-04 1.947226487442321741e-02 9.762232839579705335e-01 9.668030889664299687e-01 9.857324771898288152e-01 0.000000000000000000e+00
6.010011095293655181e+00 2.062931103804642063e+00 -2.102948294030996022e-05 -1.000000000000000000e+00 -1.349621652354422989e-04 9.528954638341054998e-05 3.699499889017943133e-02 9.756932663599866551e-01 9.663322505817277808e-01 9.851423105627306054e-01 0.000000000000000000e+00
6.015022905076486737e+00 2.061212237816845594e+00 -3.752200602789366974e-05 -1.000000000000000000e+00 -1.514912488421460163e-04 7.883848758925192596e-05 1.173763793219677609e-01 9.765996501181785083e-01 9.672164232379313331e-01 9.860712242224108914e-01 0.000000000000000000e+00
6.020038894258807005e+00 2.059494804014679215e+00 -4.850896317978156197e-05 -1.000000000000000000e+00 -1.625957782020292087e-04 6.797656183264177174e-05 1.957005144880668013e-01 9.755113897180295313e-01 9.660591353436146500e-01 9.850533586600255243e-01 0.000000000000000000e+00
6.025059066325860080e+00 2.057778801204824592e+00 -6.412663023822070380e-05 -1.000000000000000000e+00 -1.781989475051326934e-04 5.235638893987734621e-05 3.411785265174387405e-01 9.760587840010930272e-01 9.665854298309282111e-01 9.856220968060046550e-01 0.000000000000000000e+00
6.030083424765796174e+00 2.056064228194956822e+00 -7.207922722548990111e-05 -1.000000000000000000e+00 -1.860816266248873372e-04 4.434154151760967175e-05 4.303302960579173941e-01 9.760508096611720807e-01 9.666335875471910866e-01 9.855569563284307666e-01 0.000000000000000000e+00
6.035111973069674285e+00 2.054351083793744426e+00 -7.428130000431245120e-05 -1.000000000000000000e+00 -1.883926497294153516e-04 4.224300229584025733e-05 4.566344810125713138e-01 9.764779648301127324e-01 9.669855530715827374e-01 9.860606993194726000e-01 0.000000000000000000e+00
6.040144714731465747e+00 2.052639366810848021e+00 -6.825442527423619676e-05 -1.000000000000000000e+00 -1.823550520808297050e-04 4.825851151697161322e-05 3.859855731969048520e-01 9.765731708347022977e-01 9.670639882278315724e-01 9.861730692891171879e-01 0.000000000000000000e+00
6.045181653248054232e+00 2.050929076056921652e+00 -5.453428451598971020e-05 -1.000000000000000000e+00 -1.685237335513912733e-04 6.187798466918843483e-05 2.470003601998485010e-01 9.757624465990496487e-01 9.663161214259204934e-01 9.852983809547393168e-01 0.000000000000000000e+00
6.050222792119239301e+00 2.049220210343609683e+00 -4.364379778193839979e-05 -1.000000000000000000e+00 -1.578279357144122359e-04 7.297120477030294428e-05 1.581480555084908701e-01 9.759378972634080718e-01 9.664183261847318906e-01 9.855483894635334030e-01 0.000000000000000000e+00
6.055268134847740846e+00 2.047512768483544576e+00 -3.057244073597628403e-05 -1.000000000000000000e+00 -1.452066460219484116e-04 8.649839503148133279e-05 7.722339685750512217e-02 9.754542648611727040e-01 9.659174809694256458e-01 9.850823768007201942e-01 0.000000000000000000e+00
6.060317684939197314e+00 2.045806749290351334e+00 -2.203670320635983511e-05 -1.000000000000000000e+00 -1.373559318998521283e-04 9.572084603234716428e-05 3.974965529343421622e-02 9.763681028428173869e-01 9.668052445510778581e-01 9.860226640925706665e-01 0.000000000000000000e+00
6.065371445902172809e+00 2.044102151578641724e+00 -4.121155303227944818e-06 -1.000000000000000000e+00 -1.201627638128668023e-04 1.143596291590667443e-04 1.378285794260136754e-03 9.758930172539039827e-01 9.663302858280308216e-01 9.855474677019202545e-01 0.000000000000000000e+00
6.070429421248155322e+00 2.042398974164015168e+00 2.073903292565439636e-05 1.000000000000000000e+00 -9.586425992500994403e-05 1.397860382240802930e-04 3.474147232606128455e-02 9.752918423914601620e-01 9.657124022324280466e-01 9.849633271352555841e-01 0.000000000000000000e+00
6.075491614491562942e+00 2.040697215863058300e+00 4.170346822958344605e-05 1.000000000000000000e+00 -7.521252457655208895e-05 1.610729043153669800e-04 1.402297145288855518e-01 9.772689542704543486e-01 9.676629452882935523e-01 9.869673162106510356e-01 0.000000000000000000e+00
6.080558029149742971e+00 2.038996875493343186e+00 7.715257739063497409e-05 1.000000000000000000e+00 -4.008630066175110644e-05 1.968498485554460954e-04 4.800875183918549283e-01 9.763327888374351282e-01 9.667344528002556059e-01 9.860234280417802255e-01 0.000000000000000000e+00
6.085628668742976366e+00 2.037297951873428659e+00 1.171328680733119658e-04 1.000000000000000000e+00 -5.361330372908017922e-07 2.372515109332925371e-04 1.106511026876489723e+00 9.736449046599575663e-01 9.640419771460878584e-01 9.833405062469133817e-01 0.000000000000000000e+00
6.090703536794479511e+00 2.035600443822857208e+00 1.333316354822119520e-04 1.000000000000000000e+00 1.540981024847721344e-05 2.536917314857814595e-04 1.431482482679797386e+00 9.748318387612903146e-01 9.652059819544476227e-01 9.845507996957023611e-01 0.000000000000000000e+00
6.095782636830406886e+00 2.033904350162153651e+00 1.402845267038535602e-04 1.000000000000000000e+00 2.227117824480946001e-05 2.607374549101273975e-04 1.585756531747335885e+00 9.747071507682842917e-01 9.650079150379250459e-01 9.845010135397160855e-01 0.000000000000000000e+00
6.100865972379854618e+00 2.032209669712826461e+00 1.295454722544052124e-04 1.000000000000000000e+00 1.184455781632697371e-05 2.497056399535504067e-04 1.354319388026880233e+00 9.745877890757858042e-01 9.649494319719320590e-01 9.843195398050801348e-01 0.000000000000000000e+00
6.105953546974859592e+00 2.030516401297367324e+00 9.444652390687367761e-05 1.000000000000000000e+00 -2.304074235861926158e-05 2.144105176646562061e-04 7.187531592117863966e-01 9.763207404606650819e-01 9.665981185519370023e-01 9.861381335039236529e-01 0.000000000000000000e+00
6.111045364150406556e+00 2.028824543739246700e+00 5.050198866545803068e-05 1.000000000000000000e+00 -6.686661463690252421e-05 1.703601133027945439e-04 2.043962082649386502e-01 9.769965907211431988e-01 9.672489357121878406e-01 9.868394402140470145e-01 0.000000000000000000e+00
6.116141427444425460e+00 2.027134095862917373e+00 -4.181359813641626735e-06 -1.000000000000000000e+00 -1.214056838060731603e-04 1.155442353134097933e-04 1.389499419445883177e-03 9.790537725150834092e-01 9.693508668745048906e-01 9.888508231581520924e-01 0.000000000000000000e+00
6.121241740397799447e+00 2.025445056493809570e+00 -5.493431305187652177e-05 -1.000000000000000000e+00 -1.720847693274850463e-04 6.472844540007434715e-05 2.383391397546859025e-01 9.812507227774937002e-01 9.714576698104890884e-01 9.911393541560283849e-01 0.000000000000000000e+00
6.126346306554362187e+00 2.023757424458334508e+00 -9.589377295315238249e-05 -1.000000000000000000e+00 -2.126594435924765783e-04 2.339943129714182411e-05 7.252855582932795642e-01 9.844012934505473877e-01 9.745744221829777398e-01 9.943240796986821950e-01 0.000000000000000000e+00
6.131455129460903208e+00 2.022071198583879958e+00 -1.008024385885405007e-04 -1.000000000000000000e+00 -2.172103051638126382e-04 1.814553013240997219e-05 8.050024374305166930e-01 9.828793663573321959e-01 9.730436172724701294e-01 9.928113877525264197e-01 0.000000000000000000e+00
6.136568212667169675e+00 2.020386377698810687e+00 -9.516996583508935187e-05 -1.000000000000000000e+00 -2.113449181748347483e-04 2.354996886939855641e-05 7.202970439463456387e-01 9.827213154644898196e-01 9.728914744462189290e-01 9.926473516324045843e-01 0.000000000000000000e+00
6.141685559725869936e+00 2.018702960632467569e+00 -8.540994486480290291e-05 -1.000000000000000000e+00 -2.016661231516473035e-04 3.338714566479001461e-05 5.802047732120740875e-01 9.842665069361721253e-01 9.744119912052100485e-01 9.942175808349469346e-01 0.000000000000000000e+00
6.146807174192673529e+00 2.017020946215167587e+00 -7.309645695088720987e-05 -1.000000000000000000e+00 -1.896752638649511994e-04 4.601718527750418483e-05 4.236376000594361813e-01 9.864791386707593146e-01 9.765950232750328919e-01 9.964603191851060249e-01 0.000000000000000000e+00
6.151933059626216505e+00 2.015340333278202056e+00 -4.923982811614747421e-05 -1.000000000000000000e+00 -1.662544307626219811e-04 7.031052722543650870e-05 1.916267969988325603e-01 9.858335160314442014e-01 9.759538852836416867e-01 9.958101752502481752e-01 0.000000000000000000e+00
6.157063219588101433e+00 2.013661120653835290e+00 -2.647804736638528531e-05 -1.000000000000000000e+00 -1.439161597722249191e-04 9.350125583788624739e-05 5.525942957046936499e-02 9.847472765057698751e-01 9.748528547879438122e-01 9.947391420576072729e-01 0.000000000000000000e+00
6.162197657642900950e+00 2.011983307175305935e+00 -1.712388449401295912e-05 -1.000000000000000000e+00 -1.348401853762151953e-04 1.031362857722327377e-04 2.304550558508822178e-02 9.858303554813577785e-01 9.759107407436412585e-01 9.958478079616014389e-01 0.000000000000000000e+00
6.167336377358160426e+00 2.010306891676824304e+00 -1.159460167433139641e-05 -1.000000000000000000e+00 -1.295610057485810699e-04 1.089159061236936256e-04 1.054588558778846163e-02 9.862364527935383318e-01 9.762355485852443060e-01 9.963367460409897625e-01 0.000000000000000000e+00
6.172479382304400630e+00 2.008631872993570600e+00 -1.350736744205830456e-05 -1.000000000000000000e+00 -1.314799031292874392e-04 1.070242949583971137e-04 1.428145024124205520e-02 9.869115533595779199e-01 9.769681677987726021e-01 9.969531479754539793e-01 0.000000000000000000e+00
6.177626676055119503e+00 2.006958249961698471e+00 -1.377832025717852487e-05 -1.000000000000000000e+00 -1.320757558976389412e-04 1.070987196837519480e-04 1.480205356713781839e-02 9.859885720674753662e-01 9.759682550154337166e-01 9.961085447645234847e-01 0.000000000000000000e+00
6.182778262186794827e+00 2.005286021418328790e+00 -1.740675073964988186e-05 -1.000000000000000000e+00 -1.361917082034450771e-04 1.039694963604402377e-04 2.343722398782688288e-02 9.857922505896165033e-01 9.757484436117775939e-01 9.959362015467013718e-01 0.000000000000000000e+00
6.187934144278887771e+00 2.003615186201552323e+00 -1.253093935967588391e-05 -1.000000000000000000e+00 -1.318628003134008427e-04 1.093894421693242323e-04 1.203982385621316098e-02 9.845805023330918004e-01 9.745993669124165537e-01 9.946606850132783118e-01 0.000000000000000000e+00
6.193094325913842901e+00 2.001945743150427948e+00 5.318976924489254660e-06 1.000000000000000000e+00 -1.145923263617911381e-04 1.278172383102076537e-04 2.159649395281348916e-03 9.822970162012496509e-01 9.722449183944306128e-01 9.924497458203763722e-01 0.000000000000000000e+00
6.198258810677093500e+00 2.000277691104981770e+00 1.682936375217841053e-05 1.000000000000000000e+00 -1.032132200917369524e-04 1.394771337539047276e-04 2.160853080337687970e-02 9.841053721836522383e-01 9.740253284625888242e-01 9.942864547751865123e-01 0.000000000000000000e+00
6.203427602157062459e+00 1.998611028906206677e+00 4.239954905171105674e-05 1.000000000000000000e+00 -7.771118258547554929e-05 1.651349651765219792e-04 1.373307786413136000e-01 9.842068828087203736e-01 9.741901782143067567e-01 9.943232622351164673e-01 0.000000000000000000e+00
6.208600703945164057e+00 1.996945755396060118e+00 7.070639811594827242e-05 1.000000000000000000e+00 -4.996701771059793961e-05 1.940011262798613657e-04 3.808367959121881086e-01 9.845961998306292928e-01 9.744972596681596988e-01 9.947963655437079833e-01 0.000000000000000000e+00
6.213778119635809283e+00 1.995281869417466547e+00 9.797762536639884339e-05 1.000000000000000000e+00 -2.349518764055598397e-05 2.220617754191062717e-04 7.256835308079701008e-01 9.855532660117732879e-01 9.754259605254456122e-01 9.957823935190914799e-01 0.000000000000000000e+00
6.218959852826404955e+00 1.993619369814312314e+00 1.215672813324825211e-04 1.000000000000000000e+00 -7.699505741331255215e-07 2.465143265440165226e-04 1.106810899195636466e+00 9.873869973783142573e-01 9.772259398903598848e-01 9.976504124044937027e-01 0.000000000000000000e+00
6.224145907117359044e+00 1.991958255431448777e+00 1.548036473424616868e-04 1.000000000000000000e+00 3.172775204312737376e-05 2.804960712414596505e-04 1.783756291425532936e+00 9.864858920780538165e-01 9.763290890244847864e-01 9.967449594330828333e-01 0.000000000000000000e+00
6.229336286112081567e+00 1.990298525114688521e+00 1.800390202678678168e-04 1.000000000000000000e+00 5.646677064282472585e-05 3.062325650103819917e-04 2.404222013477152586e+00 9.870845371159886472e-01 9.769030258861925997e-01 9.973687463471671011e-01 0.000000000000000000e+00
6.234530993416986355e+00 1.988640177710806478e+00 2.016210474942494184e-04 1.000000000000000000e+00 7.766301557168638786e-05 3.282021888047614161e-04 3.011222843682929806e+00 9.875318415339677802e-01 9.772662047417414177e-01 9.979018042176860392e-01 0.000000000000000000e+00
6.239730032641496393e+00 1.986983212067538140e+00 2.161578778684675867e-04 1.000000000000000000e+00 9.211478212499320814e-05 3.428292901804197391e-04 3.458682440791619683e+00 9.879004866425719067e-01 9.776974649341936274e-01 9.982066167813439250e-01 0.000000000000000000e+00
6.244933407398043812e+00 1.985327627033580011e+00 2.193755839271192560e-04 1.000000000000000000e+00 9.525200092863671340e-05 3.461272001575986133e-04 3.559506515803718685e+00 9.883970429474348007e-01 9.781703399424888090e-01 9.987272711413182069e-01 0.000000000000000000e+00
6.250141121302072555e+00 1.983673421458586272e+00 2.127871553336879230e-04 1.000000000000000000e+00 8.864884216416138766e-05 3.395529673778942790e-04 3.348462846626915734e+00 9.879097427178590296e-01 9.776026049382480210e-01 9.983220726261807787e-01 0.000000000000000000e+00
6.255353177972041934e+00 1.982020594193170782e+00 1.859665371902304509e-04 1.000000000000000000e+00 6.221681392022646614e-05 3.123584719331586154e-04 2.557083362509473545e+00 9.888773158409168706e-01 9.786291236906317081e-01 9.992295482401923890e-01 0.000000000000000000e+00
6.260569581029430175e+00 1.980369144088905076e+00 1.400708941179704776e-04 1.000000000000000000e+00 1.675894962208259288e-05 2.660474230189205066e-04 1.449098901846753051e+00 9.914175828249126576e-01 9.811342155099376239e-01 1.001805277156461171e+00 0.000000000000000000e+00
6.265790334098732650e+00 1.978719069998317037e+00 9.071523999975469031e-05 1.000000000000000000e+00 -3.227759654897885129e-05 2.163906429258949295e-04 6.064602347528307291e-01 9.925350538010019319e-01 9.821608819369890275e-01 1.003015193734663635e+00 0.000000000000000000e+00
6.271015440807469865e+00 1.977070370774890451e+00 3.724047843496122040e-05 1.000000000000000000e+00 -8.544279551693365797e-05 1.626182808189051377e-04 1.017754141566911130e-01 9.939218462297229051e-01 9.835154209659012770e-01 1.004434812243534036e+00 0.000000000000000000e+00
6.276244904786186574e+00 1.975423045273065226e+00 -1.235025574966511699e-05 -1.000000000000000000e+00 -1.347242008409953846e-04 1.127322101030737506e-04 1.114727838105977753e-02 9.953011675610430320e-01 9.848877966504920867e-01 1.005821102379768739e+00 0.000000000000000000e+00
6.281478729668454442e+00 1.973777092348234952e+00 -4.888551406964520689e-05 -1.000000000000000000e+00 -1.709454710289601232e-04 7.590004238483457613e-05 1.743800238095900568e-01 9.960258437088320704e-01 9.855852014503734271e-01 1.006573441394285728e+00 0.000000000000000000e+00
6.286716919090875599e+00 1.972132510856748011e+00 -7.509946001859290048e-05 -1.000000000000000000e+00 -1.967964004264825036e-04 4.933378597186063061e-05 4.118032646384222062e-01 9.978465896302081140e-01 9.873751644934884997e-01 1.008425421788730070e+00 0.000000000000000000e+00
6.291959476693084419e+00 1.970489299655904469e+00 -8.013707307764392055e-05 -1.000000000000000000e+00 -2.015529380393438165e-04 4.401882823183566479e-05 4.701159966473937857e-01 9.979807444910863135e-01 9.875135846148411778e-01 1.008555244536805784e+00 0.000000000000000000e+00
6.297206406117751065e+00 1.968847457603957185e+00 -6.640268305366052708e-05 -1.000000000000000000e+00 -1.877639000791541377e-04 5.769982130468271492e-05 3.237636129603345125e-01 9.961223975663862085e-01 9.856439992063020794e-01 1.006708660640289521e+00 0.000000000000000000e+00
6.302457711010582386e+00 1.967206983560110700e+00 -6.856271804690883633e-05 -1.000000000000000000e+00 -1.899091586429022959e-04 5.552355828374749575e-05 3.449504215657555051e-01 9.999619667214796337e-01 9.894429226063583549e-01 1.010589328538485931e+00 0.000000000000000000e+00
6.307713395020327241e+00 1.965567876384518575e+00 -5.364325286404236212e-05 -1.000000000000000000e+00 -1.751718219050372549e-04 7.062472047792887030e-05 2.109939694811089339e-01 9.995421639436287142e-01 9.890284870454998378e-01 1.010164120164948942e+00 0.000000000000000000e+00
6.312973461798775610e+00 1.963930134938285832e+00 -4.516436500252132065e-05 -1.000000000000000000e+00 -1.669705297309533390e-04 7.938677511548618835e-05 1.491335385178160777e-01 1.000108312695310087e+00 9.895682159418106583e-01 1.010757237847236700e+00 0.000000000000000000e+00
6.318237915000763039e+00 1.962293758083465844e+00 -3.834318879119481041e-05 -1.000000000000000000e+00 -1.606076171000425093e-04 8.667854457514523130e-05 1.069901198392244623e-01 1.000109494631518325e+00 9.894806680762354700e-01 1.010848925113331909e+00 0.000000000000000000e+00
6.323506758284172413e+00 1.960658744683059451e+00 -3.383895974496973287e-05 -1.000000000000000000e+00 -1.564991843952927568e-04 9.159351509482687413e-05 8.276064918828751615e-02 1.000085529826930442e+00 9.895200538535955381e-01 1.010760209139180077e+00 0.000000000000000000e+00
6.328779995309938400e+00 1.959025093601015399e+00 -3.281845664484320517e-05 -1.000000000000000000e+00 -1.560680143580576681e-04 9.321054910725776156e-05 7.717480529413478507e-02 1.001155337945695445e+00 9.905573118819865908e-01 1.011863236239863850e+00 0.000000000000000000e+00
6.334057629742047446e+00 1.957392803702229900e+00 -2.354127229050093474e-05 -1.000000000000000000e+00 -1.474561131515121323e-04 1.031569817738097101e-04 3.942986266136472295e-02 1.001098982833807050e+00 9.904105215442574606e-01 1.011899100100438931e+00 0.000000000000000000e+00
6.339339665247542221e+00 1.955761873852543076e+00 -9.568157205492110699e-06 -1.000000000000000000e+00 -1.337691787811196823e-04 1.174262796033743994e-04 6.488842563101115957e-03 1.001211223685335883e+00 9.905884123801139696e-01 1.011944224111588131e+00 0.000000000000000000e+00
6.344626105496522506e+00 1.954132302918741848e+00 7.526305384380385653e-07 1.000000000000000000e+00 -1.235831972716759360e-04 1.278846314871400966e-04 4.012072463410731871e-05 1.003170199312481747e+00 9.925156864625063191e-01 1.013935547889016187e+00 0.000000000000000000e+00
6.349916954162148741e+00 1.952504089768555939e+00 2.072838536128853264e-05 1.000000000000000000e+00 -1.037081169258627811e-04 1.479598332225886333e-04 3.051633129061315231e-02 1.002244647377845910e+00 9.915098307481767792e-01 1.013091982028287319e+00 0.000000000000000000e+00
6.355212214920644698e+00 1.950877233270659206e+00 2.058822841881318132e-05 1.000000000000000000e+00 -1.037362800218716275e-04 1.477148574928053204e-04 3.013727280963962585e-02 1.004728584409408931e+00 9.939597014041201550e-01 1.015610545801201692e+00 0.000000000000000000e+00
6.360511891451300137e+00 1.949251732294668749e+00 1.828866899785638165e-05 1.000000000000000000e+00 -1.060371075017548680e-04 1.454314892280612307e-04 2.375270412201757608e-02 1.004795080725405354e+00 9.940292821003330337e-01 1.015673914837699199e+00 0.000000000000000000e+00
6.365815987436472589e+00 1.947627585711142251e+00 1.343927629790757474e-06 1.000000000000000000e+00 -1.231775242991231089e-04 1.286941678612226955e-04 1.274611338715203601e-04 1.005492995471406026e+00 9.946962997408514973e-01 1.016403214034400149e+00 0.000000000000000000e+00
6.371124506561590906e+00 1.946004792391578420e+00 -2.849383534522978610e-05 -1.000000000000000000e+00 -1.532797235404604361e-04 9.913048201346142004e-05 5.681260437236801408e-02 1.007090436852225990e+00 9.962559028571460473e-01 1.018039111549512654e+00 0.000000000000000000e+00
6.376437452515156146e+00 1.944383351208418098e+00 -5.940998991966611596e-05 -1.000000000000000000e+00 -1.843164753760915880e-04 6.835095727087358002e-05 2.451508951627943134e-01 1.007955984714520969e+00 9.971154907655971344e-01 1.018910524836712517e+00 0.000000000000000000e+00
6.381754828988746020e+00 1.942763261035039601e+00 -8.414713623984020258e-05 -1.000000000000000000e+00 -2.089506502201222212e-04 4.352860922949213862e-05 4.904543071425564449e-01 1.007849681733037572e+00 9.969828787065713183e-01 1.018831202119129475e+00 0.000000000000000000e+00
6.387076639677015777e+00 1.941144520745761159e+00 -1.095434831562487518e-04 -1.000000000000000000e+00 -2.339507420851871312e-04 1.774812809134098063e-05 8.320988230235570882e-01 1.009672084615064191e+00 9.987716285472904021e-01 1.020687671153909681e+00 0.000000000000000000e+00
6.392402888277703532e+00 1.939527129215838475e+00 -1.216654478625950271e-04 -1.000000000000000000e+00 -2.456171277075787276e-04 5.181863213251343219e-06 1.030249668207886771e+00 1.010004974094940833e+00 9.991082136330587948e-01 1.021016707422414349e+00 0.000000000000000000e+00
6.397733578491629380e+00 1.937911085321463833e+00 -1.347180590128103787e-04 -1.000000000000000000e+00 -2.584180593067690818e-04 -8.108474845481346456e-06 1.264375333283652481e+00 1.012247604755588615e+00 1.001315063307498976e+00 1.023295635575923734e+00 0.000000000000000000e+00
6.403068714022700725e+00 1.936296387939767438e+00 -1.272167595228265594e-04 -1.000000000000000000e+00 -2.512877450104441190e-04 -2.241894225833891436e-07 1.124297197590180986e+00 1.010448246035571707e+00 9.994306494559355158e-01 1.021583306525818635e+00 0.000000000000000000e+00
6.408408298577912277e+00 1.934683035948813856e+00 -1.180380708446674912e-04 -1.000000000000000000e+00 -2.427163564798341211e-04 9.567937572496038414e-06 9.595282940888978374e-01 1.009934229930879557e+00 9.989835967993223598e-01 1.021000905534144243e+00 0.000000000000000000e+00
6.413752335867351384e+00 1.933071028227602239e+00 -1.008722489012330178e-04 -1.000000000000000000e+00 -2.264857467793319600e-04 2.766349149166779492e-05 6.936227620432191543e-01 1.009852325081979307e+00 9.988704362974686335e-01 1.020951034487617148e+00 0.000000000000000000e+00
6.419100829604198033e+00 1.931460363656067436e+00 -6.839228451073790446e-05 -1.000000000000000000e+00 -1.949104044822830241e-04 6.104756753887990582e-05 3.168889137312760340e-01 1.008907518363188816e+00 9.978344924358728552e-01 1.020099317134137706e+00 0.000000000000000000e+00
6.424453783504729287e+00 1.929851041115075327e+00 -2.389857604592852472e-05 -1.000000000000000000e+00 -1.508844687585642736e-04 1.060262574023344503e-04 3.864112277437925513e-02 1.007647199619436940e+00 9.966516000163788691e-01 1.018760153520004819e+00 0.000000000000000000e+00
6.429811201288321953e+00 1.928243059486426159e+00 3.504109937897098001e-05 1.000000000000000000e+00 -9.264093443545968120e-05 1.656694050605555884e-04 8.315669094349686929e-02 1.004103978909289374e+00 9.930357990617136865e-01 1.015291420511817089e+00 0.000000000000000000e+00
6.435173086677453469e+00 1.926636417652850763e+00 8.826136342289804516e-05 1.000000000000000000e+00 -4.009639543918178302e-05 2.195541640943130673e-04 5.271296109975196487e-01 1.001702620591389259e+00 9.906216829769383114e-01 1.012903464409811827e+00 0.000000000000000000e+00
6.440539443397706343e+00 1.925031114498011453e+00 1.245858027597421713e-04 1.000000000000000000e+00 -4.238043531336761196e-06 2.563291806924156927e-04 1.047604474319399515e+00 1.001431610852975052e+00 9.904224641227508119e-01 1.012559278164584908e+00 0.000000000000000000e+00
6.445910275177769044e+00 1.923427148906499795e+00 1.398832268248483349e-04 1.000000000000000000e+00 1.065683370175669301e-05 2.720275909646448849e-04 1.317566187932754929e+00 1.002662042558461142e+00 9.915534164266560646e-01 1.013891239326496274e+00 0.000000000000000000e+00
6.451285585749439555e+00 1.921824519763838390e+00 1.355029463311253240e-04 1.000000000000000000e+00 6.200876595912111454e-06 2.677474283131226363e-04 1.233840234601927932e+00 1.004126648274770606e+00 9.929831050416522142e-01 1.015391215277378301e+00 0.000000000000000000e+00
6.456665378847628034e+00 1.920223225956476210e+00 1.166481583953425628e-04 1.000000000000000000e+00 -1.267690067637438267e-05 2.489462619232401478e-04 9.106922246935198473e-01 1.004676255381169003e+00 9.935305907395395320e-01 1.015942818589854468e+00 0.000000000000000000e+00
6.462049658210359482e+00 1.918623266371792813e+00 7.595129780957362415e-05 1.000000000000000000e+00 -5.354716076299480222e-05 2.084412727908551636e-04 3.825285869403387551e-01 1.007530233423822086e+00 9.963364754041035276e-01 1.018845639967313588e+00 0.000000000000000000e+00
6.467438427578775517e+00 1.917024639898092353e+00 3.287913753436448675e-05 1.000000000000000000e+00 -9.693482794480463849e-05 1.656946056164305969e-04 7.087171696733207682e-02 1.009578989773446400e+00 9.983389706956142806e-01 1.020941183318612833e+00 0.000000000000000000e+00
6.472831690697137930e+00 1.915427345424606687e+00 -2.365532711288598757e-06 -1.000000000000000000e+00 -1.323242523002115547e-04 1.306072840202956770e-04 3.639539681046244368e-04 1.010588227620538904e+00 9.993405670207210489e-01 1.021958200404651684e+00 0.000000000000000000e+00
6.478229451312831344e+00 1.913831381841492263e+00 -3.681572373199302876e-05 -1.000000000000000000e+00 -1.665281824669197089e-04 9.593195466296261477e-05 8.789009963709304429e-02 1.014434436423766295e+00 1.003137973348949386e+00 1.025853709999745789e+00 0.000000000000000000e+00
6.483631713176364109e+00 1.912236748039830792e+00 -5.279372806753014792e-05 -1.000000000000000000e+00 -1.820542937696370501e-04 7.952460497549798083e-05 1.812607461484105897e-01 1.017339031661853355e+00 1.006002857654910265e+00 1.028798525769839545e+00 0.000000000000000000e+00
6.489038480041373624e+00 1.910643442911627687e+00 -4.446059343750015413e-05 -1.000000000000000000e+00 -1.734543151001050488e-04 8.760456372815688438e-05 1.290838503423685779e-01 1.017096022365908237e+00 1.005768799589407347e+00 1.028546464096592450e+00 0.000000000000000000e+00
6.494449755664626345e+00 1.909051465349812737e+00 -2.949938147727833803e-05 -1.000000000000000000e+00 -1.586740662726591057e-04 1.027441004480708587e-04 5.681144803304505331e-02 1.016989246107763423e+00 1.005635783192029953e+00 1.028466617198117605e+00 0.000000000000000000e+00
6.499865543806021329e+00 1.907460814248235881e+00 -1.725522922822121294e-05 -1.000000000000000000e+00 -1.470270808907380778e-04 1.155763617705475122e-04 1.933649870431963791e-02 1.018283457843968565e+00 1.006823538597214407e+00 1.029869394421723428e+00 0.000000000000000000e+00
6.505285848228594681e+00 1.905871488501671207e+00 2.980211261937022096e-06 1.000000000000000000e+00 -1.273593136170599863e-04 1.363872207548338673e-04 5.731717879484676814e-04 1.017425947258992602e+00 1.006040892844669354e+00 1.028935557811181623e+00 0.000000000000000000e+00
6.510710672698518664e+00 1.904283487005811404e+00 2.761549792879464081e-05 1.000000000000000000e+00 -1.034153686138273941e-04 1.617287487787118661e-04 4.893581756613230027e-02 1.015123379843054785e+00 1.003719233110264453e+00 1.026652706959935379e+00 0.000000000000000000e+00
6.516140020985107917e+00 1.902696808657271088e+00 3.721510267967554833e-05 1.000000000000000000e+00 -9.441836641330025762e-05 1.719409351953696686e-04 8.835001002358922051e-02 1.016476909596669476e+00 1.004965190138525477e+00 1.028116056881528628e+00 0.000000000000000000e+00
6.521573896860818564e+00 1.901111452353583031e+00 5.436752553964571309e-05 1.000000000000000000e+00 -7.762592742589567274e-05 1.894645030356599752e-04 1.877801515842065783e-01 1.015530332203536501e+00 1.004095998315039262e+00 1.027090618080409135e+00 0.000000000000000000e+00
6.527012304101254436e+00 1.899527416993199491e+00 5.451788617561974243e-05 1.000000000000000000e+00 -7.790361736733855550e-05 1.900513600377696990e-04 1.878350254737881642e-01 1.018636889070446028e+00 1.007086115955193595e+00 1.030315649363379160e+00 0.000000000000000000e+00
6.532455246485166178e+00 1.897944701475490215e+00 7.941914247123655637e-05 1.000000000000000000e+00 -5.349428120089362484e-05 2.154603325866163424e-04 3.975646930398966106e-01 1.014586033739447446e+00 1.003026725764200711e+00 1.026274132274171302e+00 0.000000000000000000e+00
6.537902727794456581e+00 1.896363304700741548e+00 8.474229402826607255e-05 1.000000000000000000e+00 -4.843108691267877948e-05 2.210577741871539001e-04 4.504982927990681674e-01 1.014843745219918159e+00 1.003355061092094713e+00 1.026459448366735971e+00 0.000000000000000000e+00
6.543354751814182357e+00 1.894783225570156437e+00 8.565537854225006886e-05 1.000000000000000000e+00 -4.794315343529074330e-05 2.223999087361721639e-04 4.581066204424075750e-01 1.015211458704961434e+00 1.003619730178814118e+00 1.026932595260275694e+00 0.000000000000000000e+00
6.548811322332555918e+00 1.893204462985853986e+00 7.864396095196448495e-05 1.000000000000000000e+00 -5.512453126056475158e-05 2.155661221881991093e-04 3.847508602962932400e-01 1.016472096713096018e+00 1.004842125433484501e+00 1.028232292325011343e+00 0.000000000000000000e+00
6.554272443140948923e+00 1.891627015850867455e+00 7.091484364614127414e-05 1.000000000000000000e+00 -6.282230143392341108e-05 2.078228961533502340e-04 3.123464421810808744e-01 1.016702041971689008e+00 1.005074074684776830e+00 1.028460010625381615e+00 0.000000000000000000e+00
6.559738118033894949e+00 1.890050883069143817e+00 5.733792693983351423e-05 1.000000000000000000e+00 -7.633008127908164628e-05 1.941987999839316103e-04 2.039047495587738013e-01 1.017467700906004469e+00 1.005804016379876931e+00 1.029262064009249800e+00 0.000000000000000000e+00
6.565208350809092153e+00 1.888476063545543981e+00 3.594586383449216671e-05 1.000000000000000000e+00 -9.773809588471813923e-05 1.728421840067186446e-04 7.982541288848210570e-02 1.019825174555215375e+00 1.008114726049206489e+00 1.031666920907605700e+00 0.000000000000000000e+00
6.570683145267405045e+00 1.886902556185840796e+00 2.373891125145623237e-05 1.000000000000000000e+00 -1.102074543033782525e-04 1.609112034589384090e-04 3.460627221613776783e-02 1.020180138641309853e+00 1.008466751766680103e+00 1.032024859333276812e+00 0.000000000000000000e+00
6.576162505212867160e+00 1.885330359896719488e+00 3.120399223237345295e-05 1.000000000000000000e+00 -1.033154162030478792e-04 1.689546033778174588e-04 5.943598228446944631e-02 1.016917561995941188e+00 1.005184413072807370e+00 1.028782911961850344e+00 0.000000000000000000e+00
6.581646434452685490e+00 1.883759473585775446e+00 3.473693640190946398e-05 1.000000000000000000e+00 -1.003167293004084278e-04 1.730194250047053161e-04 7.327581611085065560e-02 1.017147982152727614e+00 1.005305700234871313e+00 1.029124867129652454e+00 0.000000000000000000e+00
6.587134936797241380e+00 1.882189896161514886e+00 6.033306561817019229e-05 1.000000000000000000e+00 -7.487975860735355616e-05 1.987806659548784730e-04 2.211402669398125909e-01 1.014264712277340941e+00 1.002513305915119668e+00 1.026149090665855912e+00 0.000000000000000000e+00
6.592628016060094076e+00 1.880621626533353297e+00 8.380257884495876286e-05 1.000000000000000000e+00 -5.147620579987424619e-05 2.223252439077182921e-04 4.278702514599217466e-01 1.013888746742643399e+00 1.002108932101139827e+00 1.025802187248625597e+00 0.000000000000000000e+00
6.598125676057981615e+00 1.879054663611614329e+00 1.182273676693903808e-04 1.000000000000000000e+00 -1.731963522952348409e-05 2.570251056308501224e-04 8.544562922742500177e-01 1.011275651623838812e+00 9.994084997929610914e-01 1.023278755866829259e+00 0.000000000000000000e+00
6.603627920610826152e+00 1.877489006307530905e+00 1.366768285296793978e-04 1.000000000000000000e+00 9.348630746278943290e-07 2.756708584665631847e-04 1.140195404255194944e+00 1.012234524939792379e+00 1.000436320328214723e+00 1.024167009910994297e+00 0.000000000000000000e+00
6.609134753541735741e+00 1.875924653533241671e+00 1.454325580846229477e-04 1.000000000000000000e+00 9.091794388373574884e-06 2.850140561806846625e-04 1.283865507497807812e+00 1.014153380984424091e+00 1.002236713185195027e+00 1.026206771104112292e+00 0.000000000000000000e+00
6.614646178677005217e+00 1.874361604201792542e+00 1.572944032499800542e-04 1.000000000000000000e+00 2.038867550132505068e-05 2.974385961184202723e-04 1.493740324376688022e+00 1.013172616267933757e+00 1.001222311961066813e+00 1.025260666845221991e+00 0.000000000000000000e+00
6.620162199846120643e+00 1.872799857227134490e+00 1.632718149616626776e-04 1.000000000000000000e+00 2.615390343865248005e-05 3.036431671193309942e-04 1.603917221706097962e+00 1.011669382769879499e+00 9.997982094105917206e-01 1.023676627123969451e+00 0.000000000000000000e+00
6.625682820881761970e+00 1.871239411524124430e+00 1.488993743458564764e-04 1.000000000000000000e+00 1.169790451488388430e-05 2.893704839878893193e-04 1.330884298614535055e+00 1.013755338012271690e+00 1.001765417601158559e+00 1.025883765883420784e+00 0.000000000000000000e+00
6.631208045619805702e+00 1.869680266008521441e+00 1.372784880965372369e-04 1.000000000000000000e+00 1.875218652026529667e-07 2.776550046635632880e-04 1.130913995420883111e+00 1.013719171987091050e+00 1.001692477136800319e+00 1.025885217459964194e+00 0.000000000000000000e+00
6.636737877899325788e+00 1.868122419596990769e+00 1.192936413896660398e-04 1.000000000000000000e+00 -1.759119115784920837e-05 2.594761164381760707e-04 8.532936320889348281e-01 1.014263599673717486e+00 1.002237142341832810e+00 1.026429267485096997e+00 0.000000000000000000e+00
6.642272321562598059e+00 1.866565871207098271e+00 9.674070913523670934e-05 1.000000000000000000e+00 -3.998531526888316119e-05 2.367729964861024035e-04 5.602998802162915126e-01 1.015091182635490030e+00 1.003021838957487422e+00 1.027300584126059846e+00 0.000000000000000000e+00
6.647811380455102892e+00 1.865010619757312416e+00 7.741495160524523346e-05 1.000000000000000000e+00 -5.913200530722011986e-05 2.172768804817649425e-04 3.585890198223182779e-01 1.014273225399354272e+00 1.002170192690610584e+00 1.026517352368257807e+00 0.000000000000000000e+00
6.653355058425526991e+00 1.863456664167002952e+00 4.977010275378001896e-05 1.000000000000000000e+00 -8.638728949240427613e-05 1.892561741966364232e-04 1.482042860093599757e-01 1.015101336534309784e+00 1.002997449754321257e+00 1.027346247593642792e+00 0.000000000000000000e+00
6.658903359325766047e+00 1.861904003356439352e+00 1.723707741739750264e-05 1.000000000000000000e+00 -1.184795608950503374e-04 1.563020921383402606e-04 1.778230660102053662e-02 1.016970468667513394e+00 1.004818726947880103e+00 1.029263986513526019e+00 0.000000000000000000e+00
6.664456287010930069e+00 1.860352636246791480e+00 -1.698917966636688008e-05 -1.000000000000000000e+00 -1.524046569073174147e-04 1.217951416141731420e-04 1.726205703840832939e-02 1.019404461406791418e+00 1.007128498204284073e+00 1.031824730837921367e+00 0.000000000000000000e+00
6.670013845339340719e+00 1.858802561760127592e+00 -4.326599567542792964e-05 -1.000000000000000000e+00 -1.783861327754866191e-04 9.524126997840970984e-05 1.116811890387907624e-01 1.020296088429613723e+00 1.008090081668303384e+00 1.032644665951568452e+00 0.000000000000000000e+00
6.675576038172540194e+00 1.857253778819414780e+00 -6.910973944557666075e-05 -1.000000000000000000e+00 -2.043384642024317097e-04 6.950660072010974547e-05 2.836502870780748253e-01 1.022181196440163919e+00 1.009850964925483208e+00 1.034656636375267835e+00 0.000000000000000000e+00
6.681142869375288562e+00 1.855706286348516532e+00 -7.560676252554037098e-05 -1.000000000000000000e+00 -2.109486497791424389e-04 6.312761995798706744e-05 3.386703872926943859e-01 1.020477348819243346e+00 1.008117045418203572e+00 1.032983856394332323e+00 0.000000000000000000e+00
6.686714342815570866e+00 1.854160083272192949e+00 -7.847585022087355999e-05 -1.000000000000000000e+00 -2.136294212476150343e-04 6.009020540549872395e-05 3.648207951480060274e-01 1.019555925111412797e+00 1.007279231551662990e+00 1.031976982085927030e+00 0.000000000000000000e+00
6.692290462364595349e+00 1.852615168516101862e+00 -8.289825754099665810e-05 -1.000000000000000000e+00 -2.179968087028387761e-04 5.562927058349951398e-05 4.074149553376571475e-01 1.020475172104521544e+00 1.008083936667153235e+00 1.033013351692878556e+00 0.000000000000000000e+00
6.697871231896799671e+00 1.851071541006794829e+00 -7.810001007061333027e-05 -1.000000000000000000e+00 -2.132094831069103903e-04 6.044892296049290557e-05 3.617978419668759216e-01 1.019673494210252773e+00 1.007250116587600219e+00 1.032244727086528480e+00 0.000000000000000000e+00
6.703456655289853572e+00 1.849529199671717139e+00 -7.564983265696271413e-05 -1.000000000000000000e+00 -2.108963499955701453e-04 6.304075048343492479e-05 3.387182726636979169e-01 1.019591332472497447e+00 1.007172058906205203e+00 1.032158327931244735e+00 0.000000000000000000e+00
6.709046736424657986e+00 1.847988143439209141e+00 -7.754792777224503767e-05 -1.000000000000000000e+00 -2.131161380738684843e-04 6.147111237629152166e-05 3.542875825540079404e-01 1.020453362454399882e+00 1.007988204058078541e+00 1.033067315029910338e+00 0.000000000000000000e+00
6.714641479185352146e+00 1.846448371238503361e+00 -7.931586903459273666e-05 -1.000000000000000000e+00 -2.152817554323098611e-04 6.011602930245169203e-05 3.685639938266263016e-01 1.021160109135568872e+00 1.008648654182847659e+00 1.033821311687459499e+00 0.000000000000000000e+00
6.720240887459313583e+00 1.844909881999724721e+00 -7.693781037166498029e-05 -1.000000000000000000e+00 -2.133038527459933122e-04 6.291295569662965967e-05 3.448658147547121189e-01 1.021080595703879546e+00 1.008570079271242204e+00 1.033740687007314474e+00 0.000000000000000000e+00
6.725844965137160791e+00 1.843372674653889876e+00 -8.310206595032304782e-05 -1.000000000000000000e+00 -2.198875280322861261e-04 5.718018344795240378e-05 3.996350297585991029e-01 1.024254611275537963e+00 1.011683003046340623e+00 1.036976848167978416e+00 0.000000000000000000e+00
6.731453716112758556e+00 1.841836748132905655e+00 -7.029590532244361597e-05 -1.000000000000000000e+00 -2.075913024126504482e-04 7.050966055912707606e-05 2.844696275720934864e-01 1.023858575338733479e+00 1.011290518989543585e+00 1.036577249476779095e+00 0.000000000000000000e+00
6.737067144283217068e+00 1.840302101369569288e+00 -4.269724986387804982e-05 -1.000000000000000000e+00 -1.807101568894176318e-04 9.884240770173825514e-05 1.044663297931833768e-01 1.021452235238381023e+00 1.008855962592946742e+00 1.034200145783873870e+00 0.000000000000000000e+00
6.742685253548897251e+00 1.838768733297566405e+00 -1.488769238217637120e-06 -1.000000000000000000e+00 -1.404399420148243693e-04 1.410038936608971059e-04 1.263609200066184712e-04 1.017621571177601991e+00 1.005004643415933430e+00 1.030390969146589786e+00 0.000000000000000000e+00
6.748308047813412536e+00 1.837236642851472368e+00 3.850854338972092627e-05 1.000000000000000000e+00 -1.014694956472075762e-04 1.820342523115815118e-04 8.393456753378814028e-02 1.016406064819365351e+00 1.003796824852573710e+00 1.029167887570526352e+00 0.000000000000000000e+00
6.753935530983630642e+00 1.835705828966748943e+00 8.352907068567406274e-05 1.000000000000000000e+00 -5.764279871298457348e-05 2.282464386149552112e-04 3.917847820410145232e-01 1.015925813105163833e+00 1.003275449015347487e+00 1.028729766933464740e+00 0.000000000000000000e+00
6.759567706969678902e+00 1.834176290579746293e+00 1.264773635264386899e-04 1.000000000000000000e+00 -1.589546317199143854e-05 2.723874647358688942e-04 8.916509830413588134e-01 1.017416375378037863e+00 1.004636749107131299e+00 1.030352573851858855e+00 0.000000000000000000e+00
6.765204579684944264e+00 1.832648026627699211e+00 1.877855033733520803e-04 1.000000000000000000e+00 4.457980634796327541e-05 3.345323119656225122e-04 1.960138396155684859e+00 1.014217684973536926e+00 1.001538950623190871e+00 1.027051105014179955e+00 0.000000000000000000e+00
6.770846153046076843e+00 1.831121036048729556e+00 2.411890781993396066e-04 1.000000000000000000e+00 9.723197278425793643e-05 3.886817761922510312e-04 3.234164146636999249e+00 1.011560533158476494e+00 9.987819934188857385e-01 1.024496732110008468e+00 0.000000000000000000e+00
6.776492430972993475e+00 1.829595317781842700e+00 2.797965499020609145e-04 1.000000000000000000e+00 1.354927056414917137e-04 4.276410779601384337e-04 4.360005628624662677e+00 1.009437409555175247e+00 9.966339481793707877e-01 1.022399434682859987e+00 0.000000000000000000e+00
6.782143417388880380e+00 1.828070870766929312e+00 2.882861712350083343e-04 1.000000000000000000e+00 1.440254004911822546e-04 4.361047630473787384e-04 4.627551331260946199e+00 1.010529727356306973e+00 9.978039015930663114e-01 1.023412206568014460e+00 0.000000000000000000e+00
6.787799116220194051e+00 1.826547693944761797e+00 2.731879979240551160e-04 1.000000000000000000e+00 1.287772544243555566e-04 4.211710085020869705e-04 4.141952979661311929e+00 1.012366480933187818e+00 9.995098272838891518e-01 1.025382609666461775e+00 0.000000000000000000e+00
6.793459531396665696e+00 1.825025786256996740e+00 2.624637813751003624e-04 1.000000000000000000e+00 1.178445962512777404e-04 4.106737300883184314e-04 3.808745432083469495e+00 1.007510490334524889e+00 9.946370549156114960e-01 1.020544501810492388e+00 0.000000000000000000e+00
6.799124666851304788e+00 1.823505146646170916e+00 2.105883184208874462e-04 1.000000000000000000e+00 6.608034574687545641e-05 3.587091172559953023e-04 2.433305068816423500e+00 1.009144460455658976e+00 9.962596846379095927e-01 1.022189833545097848e+00 0.000000000000000000e+00
6.804794526520399067e+00 1.821985774055703944e+00 1.416080368695140236e-04 1.000000000000000000e+00 -2.581313558003950999e-06 2.894363538742205201e-04 1.092487316375724049e+00 1.012526228945928919e+00 9.995730708420074162e-01 1.025641110650360899e+00 0.000000000000000000e+00
6.810469114343518982e+00 1.820467667429894965e+00 7.161236779997385876e-05 1.000000000000000000e+00 -7.183746069776663474e-05 2.187500355029859181e-04 2.781935276904619059e-01 1.015685658132378100e+00 1.002792726035250714e+00 1.028738202422922132e+00 0.000000000000000000e+00
6.816148434263521239e+00 1.818950825713921748e+00 8.900550637847102765e-06 1.000000000000000000e+00 -1.339881843632790160e-04 1.555178583774090100e-04 4.287660353497813048e-03 1.018815551588808210e+00 1.005781200156390165e+00 1.032012375086072353e+00 0.000000000000000000e+00
6.821832490226549695e+00 1.817435247853842917e+00 -4.260024655942996918e-05 -1.000000000000000000e+00 -1.849865301929355557e-04 1.035413888921851548e-04 9.795534934178817821e-02 1.022776968147220966e+00 1.009674083195839067e+00 1.036043319512925276e+00 0.000000000000000000e+00
6.827521286182038907e+00 1.815920932796593723e+00 -6.292528641446103459e-05 -1.000000000000000000e+00 -2.051653178111653697e-04 8.307930140456595998e-05 2.132190612339854852e-01 1.023401080140323050e+00 1.010297845688638230e+00 1.036667619176320887e+00 0.000000000000000000e+00
6.833214826082717686e+00 1.814407879489987385e+00 -5.818506630923491032e-05 -1.000000000000000000e+00 -2.006309036010305426e-04 8.802338124487118359e-05 1.820012379815239001e-01 1.022651060076290808e+00 1.009507903505357573e+00 1.035958795605849581e+00 0.000000000000000000e+00
6.838913113884609984e+00 1.812896086882713975e+00 -3.329199920362694719e-05 -1.000000000000000000e+00 -1.761436373096451045e-04 1.133170704511658831e-04 5.960696079927174651e-02 1.021222699051416161e+00 1.007964963910497280e+00 1.034648271523860075e+00 0.000000000000000000e+00
6.844616153547039339e+00 1.811385553924339531e+00 -1.483931399907875926e-06 -1.000000000000000000e+00 -1.444036247850646740e-04 1.451918057406322276e-04 1.187165573242054961e-04 1.021037659064775616e+00 1.007870887175476016e+00 1.034370064929168276e+00 0.000000000000000000e+00
6.850323949032630644e+00 1.809876279565305390e+00 3.299345725556386452e-05 1.000000000000000000e+00 -1.101021341842899515e-04 1.798346489502335025e-04 5.885616857992204132e-02 1.020888814355934482e+00 1.007683958615848807e+00 1.034260371605491891e+00 0.000000000000000000e+00
6.856036504307313706e+00 1.808368262756926637e+00 6.916268321812015342e-05 1.000000000000000000e+00 -7.422586731862853963e-05 2.162899192959198669e-04 2.595163284264856429e-01 1.018550282350415781e+00 1.005240304948386454e+00 1.032030214171872462e+00 0.000000000000000000e+00
6.861753823340325908e+00 1.806861502451392543e+00 8.828762685772484353e-05 1.000000000000000000e+00 -5.515789711174888836e-05 2.354895794651288698e-04 4.229421633006893444e-01 1.017216597711496195e+00 1.004003209055005730e+00 1.030597720955333196e+00 0.000000000000000000e+00
6.867475910104213099e+00 1.805355997601766127e+00 8.342216891502927749e-05 1.000000000000000000e+00 -6.048280925075032210e-05 2.311121450700511382e-04 3.754142568429017501e-01 1.018027046353465082e+00 1.004682077824269326e+00 1.031542922398023476e+00 0.000000000000000000e+00
6.873202768574835808e+00 1.803851747161981711e+00 6.291407362659328078e-05 1.000000000000000000e+00 -8.148313953578907045e-05 2.111383906066552395e-04 2.109641305588354498e-01 1.019147484530259051e+00 1.005874076524537308e+00 1.032589811689557768e+00 0.000000000000000000e+00
6.878934402731368358e+00 1.802348750086846252e+00 3.709159994517492758e-05 1.000000000000000000e+00 -1.083087097123911174e-04 1.863450489260673861e-04 7.217943550762129234e-02 1.019275316884392879e+00 1.005865171984426487e+00 1.032857688063375745e+00 0.000000000000000000e+00
6.884670816556305084e+00 1.800847005332036233e+00 1.968988159938191360e-05 1.000000000000000000e+00 -1.265477529376477970e-04 1.697953018103336793e-04 2.007343841415831776e-02 1.016789935876140971e+00 1.003340124665059285e+00 1.030413495139387070e+00 0.000000000000000000e+00
6.890412014035459443e+00 1.799346511854099884e+00 -1.369138049030597293e-05 -1.000000000000000000e+00 -1.598217182943808840e-04 1.363265793116624248e-04 9.637172782873903998e-03 1.020032892870302854e+00 1.006647289871074324e+00 1.033590030737385757e+00 0.000000000000000000e+00
6.896157999157970231e+00 1.797847268610453630e+00 -3.031524821372640123e-05 -1.000000000000000000e+00 -1.758709402897221238e-04 1.191609458393417349e-04 4.745780974411673014e-02 1.020752275353434602e+00 1.007244430211410968e+00 1.034434714331474936e+00 0.000000000000000000e+00
6.901908775916301586e+00 1.796349274559382980e+00 -4.094697873162980321e-05 -1.000000000000000000e+00 -1.854578977889241598e-04 1.075325629360729190e-04 8.742351257538416576e-02 1.020860939702921355e+00 1.007317999344157666e+00 1.034579477344031995e+00 0.000000000000000000e+00
6.907664348306248314e+00 1.794852528660041413e+00 -5.577277623478288615e-05 -1.000000000000000000e+00 -1.994857165403229578e-04 9.194868518083842567e-05 1.630321949842823415e-01 1.021309466463169890e+00 1.007780307153542720e+00 1.035013783254579156e+00 0.000000000000000000e+00
6.913424720326936779e+00 1.793357029872449937e+00 -7.378783044058312424e-05 -1.000000000000000000e+00 -2.175816359196926122e-04 7.403762109269343937e-05 2.839341936648338560e-01 1.020279923577863235e+00 1.006710019086773489e+00 1.034026321363766820e+00 0.000000000000000000e+00
6.919189895980827565e+00 1.791862777157495312e+00 -1.091934736676228209e-04 -1.000000000000000000e+00 -2.536363084346136875e-04 3.930391352743068951e-05 6.120050882588259356e-01 1.021342889036578772e+00 1.007766865161807690e+00 1.035095510079268921e+00 0.000000000000000000e+00
6.924959879273719920e+00 1.790369769476931161e+00 -1.554966579190623596e-04 -1.000000000000000000e+00 -3.008300608360083006e-04 -6.070925176537622430e-06 1.216667824946341625e+00 1.023709872071468352e+00 1.010059599505851446e+00 1.037538176438629556e+00 0.000000000000000000e+00
6.930734674214753532e+00 1.788878005793375303e+00 -1.956068109494714716e-04 -1.000000000000000000e+00 -3.415407717042464979e-04 -4.551913709855995803e-05 1.895758749819279387e+00 1.024877305657935445e+00 1.011161823182561870e+00 1.038772127908324627e+00 0.000000000000000000e+00
6.936514284816411191e+00 1.787387485070310644e+00 -2.238717128580228807e-04 -1.000000000000000000e+00 -3.698777196745453360e-04 -7.363963710247588236e-05 2.462740530392991900e+00 1.025684145039910344e+00 1.011969897705938592e+00 1.039577557422669107e+00 0.000000000000000000e+00
6.942298715094520567e+00 1.785898206272082511e+00 -2.421166082605761139e-04 -1.000000000000000000e+00 -3.880776703072779093e-04 -9.187748697049268596e-05 2.868729355218007981e+00 1.027964176993693135e+00 1.014183740290659053e+00 1.041925027070847110e+00 0.000000000000000000e+00
6.948087969068260428e+00 1.784410168363900873e+00 -2.251810961036778021e-04 -1.000000000000000000e+00 -3.715683961443497631e-04 -7.450662449942865883e-05 2.478535150334792547e+00 1.024865571907358497e+00 1.010972863375799058e+00 1.038942175578088767e+00 0.000000000000000000e+00
6.953882050760158862e+00 1.782923370311836564e+00 -1.931480146690799982e-04 -1.000000000000000000e+00 -3.398836274474712838e-04 -4.214747511861873875e-05 1.823372857883853726e+00 1.020972587554832556e+00 1.007188963769842127e+00 1.034938165381407149e+00 0.000000000000000000e+00
6.959680964196100383e+00 1.781437811082822398e+00 -1.612999005951127013e-04 -1.000000000000000000e+00 -3.084309560919145147e-04 -9.930656081117664614e-06 1.274795645796928056e+00 1.019075477221682569e+00 1.005171312949280749e+00 1.033165170079294093e+00 0.000000000000000000e+00
6.965484713405325046e+00 1.779953489644652054e+00 -1.338226000619588559e-04 -1.000000000000000000e+00 -2.809188213773118788e-04 1.752554172199853686e-05 8.821025006331097984e-01 1.018555444461664905e+00 1.004599408075600442e+00 1.032698478454078472e+00 0.000000000000000000e+00
6.971293302420433768e+00 1.778470404965979412e+00 -1.103303328753895476e-04 -1.000000000000000000e+00 -2.573852541634463688e-04 4.100879525234650297e-05 6.018710844817007910e-01 1.017825649979234193e+00 1.003880575667043029e+00 1.031957534844902602e+00 0.000000000000000000e+00
6.977106735277391003e+00 1.776988556016316556e+00 -9.106493303760539626e-05 -1.000000000000000000e+00 -2.387017722286404256e-04 6.086469329262216943e-05 4.088648176405058621e-01 1.016410982080249825e+00 1.002409410856491156e+00 1.030601077797787424e+00 0.000000000000000000e+00
6.982925016015525621e+00 1.775507941766035547e+00 -7.135953778653873639e-05 -1.000000000000000000e+00 -2.199885821809134309e-04 8.154949923918604425e-05 2.487460831952574836e-01 1.013550832063722096e+00 9.996385469552824254e-01 1.027649954524440856e+00 0.000000000000000000e+00
6.988748148677535355e+00 1.774028561186365982e+00 -5.856973933345735841e-05 -1.000000000000000000e+00 -2.084984450852153150e-04 9.561334698333143862e-05 1.657373911020556534e-01 1.012512787820990079e+00 9.984573084806039889e-01 1.026759051115405663e+00 0.000000000000000000e+00
6.994576137309488573e+00 1.772550413249394330e+00 -4.131001687421752744e-05 -1.000000000000000000e+00 -1.919705252003715487e-04 1.136103009048220874e-04 8.203012297050804591e-02 1.011172188186863830e+00 9.970572647633137997e-01 1.025479719094746667e+00 0.000000000000000000e+00
7.000408985960828723e+00 1.771073496928063928e+00 -2.281110750486968358e-05 -1.000000000000000000e+00 -1.734950222085615600e-04 1.321674149332633232e-04 2.505972120408728188e-02 1.010588610324739012e+00 9.964847337218453172e-01 1.024884924357406080e+00 0.000000000000000000e+00
7.006246698684376106e+00 1.769597811196173431e+00 -5.659374459038771419e-06 -1.000000000000000000e+00 -1.562053375014953106e-04 1.492069196976700523e-04 1.549528215718964930e-03 1.010656227793391926e+00 9.964933749377187233e-01 1.025012998786827501e+00 0.000000000000000000e+00
7.012089279536330544e+00 1.768123355028376364e+00 9.149629697027748031e-06 1.000000000000000000e+00 -1.413080788527052995e-04 1.639216956959858504e-04 4.061087202103408345e-03 1.010190077540471965e+00 9.960389818920769578e-01 1.024534950040316250e+00 0.000000000000000000e+00
7.017936732576273151e+00 1.766650127400181791e+00 1.887644067039433339e-05 1.000000000000000000e+00 -1.317063830228602165e-04 1.737449250314352755e-04 1.730052766959033761e-02 1.008338497979412551e+00 9.941365420783772056e-01 1.022736281970248795e+00 0.000000000000000000e+00
7.023789061867172556e+00 1.765178127287950538e+00 1.751664389377889170e-05 1.000000000000000000e+00 -1.330197226367027909e-04 1.723325860059408238e-04 1.491210569783163464e-02 1.005510854192695591e+00 9.912630025957744895e-01 1.019956366593095520e+00 0.000000000000000000e+00
7.029646271475383124e+00 1.763707353668898525e+00 -1.384324674828506093e-05 -1.000000000000000000e+00 -1.638110180023395898e-04 1.404461378534116185e-04 9.317493727579062579e-03 1.006506717876928247e+00 9.922570424227847852e-01 1.020953802785688813e+00 0.000000000000000000e+00
7.035508365470652059e+00 1.762237805521092104e+00 -6.569592228422029521e-05 -1.000000000000000000e+00 -2.150072050456444412e-04 8.800006503885217705e-05 2.095601534891216033e-01 1.009190892348197588e+00 9.948558334379185020e-01 1.023724983129645771e+00 0.000000000000000000e+00
7.041375347926120298e+00 1.760769481823449834e+00 -1.249648996315883866e-04 -1.000000000000000000e+00 -2.740209988296136729e-04 2.851745694359449209e-05 7.536790477547015144e-01 1.011366624377407986e+00 9.968625766009578948e-01 1.026073736948299731e+00 0.000000000000000000e+00
7.047247222918324283e+00 1.759302381555740702e+00 -1.939247724749273896e-04 -1.000000000000000000e+00 -3.428423625611473321e-04 -4.056400233216987108e-05 1.792810942210678604e+00 1.015928001295945071e+00 1.001468257976106502e+00 1.030588596582201699e+00 0.000000000000000000e+00
7.053123994527200402e+00 1.757836503698584130e+00 -2.402684243114742188e-04 -1.000000000000000000e+00 -3.896557945331472644e-04 -8.643024689719637000e-05 2.720468023871362107e+00 1.016939634083315003e+00 1.002311780178528178e+00 1.031772680189635194e+00 0.000000000000000000e+00
7.059005666836087656e+00 1.756371847233449524e+00 -2.651839671932527324e-04 -1.000000000000000000e+00 -4.145162417968742711e-04 -1.113453726541435175e-04 3.293399856876064291e+00 1.017882198438906372e+00 1.003330732045209173e+00 1.032636511260210277e+00 0.000000000000000000e+00
7.064892243931729432e+00 1.754908411142653613e+00 -2.611882968301200880e-04 -1.000000000000000000e+00 -4.106461787298448058e-04 -1.071849376035433304e-04 3.194958040391398413e+00 1.018299802162045742e+00 1.003596636185522195e+00 1.033209801156729890e+00 0.000000000000000000e+00
7.070783729904277948e+00 1.753446194409361780e+00 -2.287139293390841668e-04 -1.000000000000000000e+00 -3.784573786075098303e-04 -7.443040362790906742e-05 2.455819510534809069e+00 1.017728988560428594e+00 1.002966425636390380e+00 1.032700242914981636e+00 0.000000000000000000e+00
7.076680128847296025e+00 1.751985196017586288e+00 -1.680185608546703535e-04 -1.000000000000000000e+00 -3.183218889747408699e-04 -1.319385583580797794e-05 1.328315369974802707e+00 1.014176399311842669e+00 9.995323204718237209e-01 1.029026918396329204e+00 0.000000000000000000e+00
7.082581444857760644e+00 1.750525414952186498e+00 -1.044026710654263798e-04 -1.000000000000000000e+00 -2.558490255153771879e-04 5.154736012189747136e-05 5.124766856040565699e-01 1.012172615781230300e+00 9.973933915710467835e-01 1.027162648915232790e+00 0.000000000000000000e+00
7.088487682036063831e+00 1.749066850198867318e+00 -5.106525417832690481e-05 -1.000000000000000000e+00 -2.037487725446484937e-04 1.061324325786679878e-04 1.219495745111913720e-01 1.013157237192774618e+00 9.983017127374710364e-01 1.028225456024323359e+00 0.000000000000000000e+00
7.094398844486017985e+00 1.747609500744178535e+00 7.631676003872136049e-06 1.000000000000000000e+00 -1.465757449436001043e-04 1.663703262963779866e-04 2.700683172875528726e-03 1.011226165701571311e+00 9.963854296848176917e-01 1.026279522825489510e+00 0.000000000000000000e+00
7.100314936314857661e+00 1.746153365575515037e+00 6.187390647887034138e-05 1.000000000000000000e+00 -9.415083274155465237e-05 2.224244716677211667e-04 1.755390495420670049e-01 1.008470537066603834e+00 9.935708671120609958e-01 1.023585179539052703e+00 0.000000000000000000e+00
7.106235961633242226e+00 1.744698443681114597e+00 1.029551668014187663e-04 1.000000000000000000e+00 -5.459165947693555068e-05 2.650178033312783842e-04 4.805371089038459331e-01 1.007130591139040465e+00 9.922384027704839182e-01 1.022237841173170070e+00 0.000000000000000000e+00
7.112161924555259418e+00 1.743244734050058975e+00 1.275491478332345808e-04 1.000000000000000000e+00 -3.110389604496616145e-05 2.907289184831577744e-04 7.312708366421816208e-01 1.008062101781677100e+00 9.930880911365994601e-01 1.023253446382295317e+00 0.000000000000000000e+00
7.118092829198427118e+00 1.741792235672271039e+00 1.551470399948878646e-04 1.000000000000000000e+00 -4.328180346878439215e-06 3.191863376965628821e-04 1.078361409917150127e+00 1.005866276873170539e+00 9.907475438181515548e-01 1.021206724131533017e+00 0.000000000000000000e+00
7.124028679683696907e+00 1.740340947538516092e+00 1.675678029825120291e-04 1.000000000000000000e+00 7.885359418513705884e-06 3.318621253390189371e-04 1.254580618484311572e+00 1.005524496002223600e+00 9.905031453744216341e-01 1.020764769030658270e+00 0.000000000000000000e+00
7.129969480135457616e+00 1.738890868640399878e+00 1.711292102307917129e-04 1.000000000000000000e+00 1.101454569874826014e-05 3.358768854376497216e-04 1.302921615737361094e+00 1.005329901134204285e+00 9.902363893313346210e-01 1.020644290297372248e+00 0.000000000000000000e+00
7.135915234681537100e+00 1.737441997970369245e+00 1.649317069962318190e-04 1.000000000000000000e+00 4.433153716585524649e-06 3.300721730602018504e-04 1.202473369624357247e+00 1.005561324633069242e+00 9.904694278219614567e-01 1.020874250202130185e+00 0.000000000000000000e+00
7.141865947453204910e+00 1.735994334521709703e+00 1.631950310874185673e-04 1.000000000000000000e+00 2.223113650199259536e-06 3.288229509760219865e-04 1.171194640131076881e+00 1.002477774790308418e+00 9.873305922868957918e-01 1.017848221551869381e+00 0.000000000000000000e+00
7.147821622585176726e+00 1.734547877288545648e+00 1.581079386335258264e-04 1.000000000000000000e+00 -3.170801928707560075e-06 3.240742193095090713e-04 1.096559939585233678e+00 9.985776890399324923e-01 9.832937743737539815e-01 1.014089649813511462e+00 0.000000000000000000e+00
7.153782264215615250e+00 1.733102625265839913e+00 1.342259762577328538e-04 1.000000000000000000e+00 -2.661404955354686663e-05 2.998083646278544264e-04 7.891624390443041648e-01 9.986060791293263073e-01 9.834180311869574753e-01 1.014019278358786913e+00 0.000000000000000000e+00
7.159747876486134643e+00 1.731658577449392222e+00 1.096784791883715211e-04 1.000000000000000000e+00 -5.098784192209706678e-05 2.751303299670244647e-04 5.264211984620601470e-01 9.982430679617487757e-01 9.828954821470808900e-01 1.013820532499682736e+00 0.000000000000000000e+00
7.165718463541802308e+00 1.730215732835839626e+00 7.624634300512572814e-05 1.000000000000000000e+00 -8.401421932273000668e-05 2.413314265268815873e-04 2.534191930509450685e-01 1.000344982178344111e+00 9.850781675245613433e-01 1.015838832206046094e+00 0.000000000000000000e+00
7.171694029531142434e+00 1.728774090422655174e+00 4.873140393688876428e-05 1.000000000000000000e+00 -1.117596330947639896e-04 2.140709328127367100e-04 1.028733977723419457e-01 1.001437522888553477e+00 9.859963245468724713e-01 1.017110692154701512e+00 0.000000000000000000e+00
7.177674578606138667e+00 1.727333649208146804e+00 2.542250794065205837e-05 1.000000000000000000e+00 -1.354067222226620166e-04 1.911380485844553186e-04 2.777117750564173093e-02 1.002724190279080663e+00 9.871939186014463408e-01 1.018488722000470803e+00 0.000000000000000000e+00
7.183660114922237661e+00 1.725894408191456675e+00 1.594767876495441751e-05 1.000000000000000000e+00 -1.452035762626111687e-04 1.820404440374486139e-04 1.084005354294959034e-02 1.002325166283185132e+00 9.868927097837401075e-01 1.017989118360119072e+00 0.000000000000000000e+00
7.189650642638349964e+00 1.724456366372562499e+00 1.227422321751259214e-05 1.000000000000000000e+00 -1.496388506837256435e-04 1.791605076523405872e-04 6.367491878023656682e-03 1.003026097129471550e+00 9.874205751010409760e-01 1.018868075566632170e+00 0.000000000000000000e+00
7.195646165916856241e+00 1.723019522752273547e+00 1.603636545587449634e-05 1.000000000000000000e+00 -1.463050545916808423e-04 1.833674396815198791e-04 1.079004252854076640e-02 1.004428200130232929e+00 9.889120030403188988e-01 1.020178095994066725e+00 0.000000000000000000e+00
7.201646688923606376e+00 1.721583876332232421e+00 2.631490374993762077e-05 1.000000000000000000e+00 -1.366281238846222537e-04 1.942545721615584889e-04 2.892288711839796633e-02 1.006101006204175530e+00 9.904103379096984572e-01 1.022030496662352128e+00 0.000000000000000000e+00
7.207652215827925701e+00 1.720149426114913060e+00 4.601127606943908213e-05 1.000000000000000000e+00 -1.172656150544399648e-04 2.143227881539089979e-04 8.830608566300668372e-02 1.005971080549016738e+00 9.902106249353664902e-01 1.021972448551904611e+00 0.000000000000000000e+00
7.213662750802614987e+00 1.718716171103621404e+00 6.464201424440109130e-05 1.000000000000000000e+00 -9.886330626936080284e-05 2.332337936011688378e-04 1.740350089939397549e-01 1.005367516778254533e+00 9.896282229587368695e-01 1.021347353049325113e+00 0.000000000000000000e+00
7.219678298023954888e+00 1.717284110302493172e+00 8.363086876057202357e-05 1.000000000000000000e+00 -8.052195039809367664e-05 2.529025540773285050e-04 2.900007025719162357e-01 1.002591541574091805e+00 9.867975128382527883e-01 1.018548148671832632e+00 0.000000000000000000e+00
7.225698861671710382e+00 1.715853242716494531e+00 8.238925065773611734e-05 1.000000000000000000e+00 -8.249286294928239425e-05 2.524144097722246828e-04 2.785655204117745143e-01 1.002658139586392494e+00 9.868726875191318193e-01 1.018686582954377418e+00 0.000000000000000000e+00
7.231724445929129885e+00 1.714423567351419875e+00 9.038960733769439595e-05 1.000000000000000000e+00 -7.556663212070877816e-05 2.615318830510481507e-04 3.316644922869755874e-01 9.970318512203271144e-01 9.812070866418239889e-01 1.013020965294810560e+00 0.000000000000000000e+00
7.237755054982951464e+00 1.712995083213891823e+00 7.460281217039291138e-05 1.000000000000000000e+00 -9.224439675013653501e-05 2.467091800563239756e-04 2.231664992722386387e-01 9.952344807529714954e-01 9.792500085708968349e-01 1.011386830288143246e+00 0.000000000000000000e+00
7.243790693023404614e+00 1.711567789311361887e+00 3.498961065765005668e-05 1.000000000000000000e+00 -1.319679917168189141e-04 2.073089811608605807e-04 4.848636167450592893e-02 9.978518389319964710e-01 9.819518561036539861e-01 1.013917438977713248e+00 0.000000000000000000e+00
7.249831364244212040e+00 1.710141684652107807e+00 -1.601595431317664049e-05 -1.000000000000000000e+00 -1.830478715955464531e-04 1.564712372994126095e-04 1.003956120699456278e-02 1.002281458234524081e+00 9.862705745352122744e-01 1.018459536952925459e+00 0.000000000000000000e+00
7.255877072842594977e+00 1.708716768245233997e+00 -7.303837407683514207e-05 -1.000000000000000000e+00 -2.402039502756203766e-04 9.966623217878625165e-05 2.062245074754400775e-01 1.007925834639340712e+00 9.916998063506262673e-01 1.024322432732461596e+00 0.000000000000000000e+00
7.261927823019274086e+00 1.707293039100669763e+00 -1.157152426499571875e-04 -1.000000000000000000e+00 -2.829303358016236258e-04 5.712688010781207686e-05 5.113304484113569970e-01 1.010058596475330805e+00 9.939189077417581730e-01 1.026366797454028257e+00 0.000000000000000000e+00
7.267983618978473004e+00 1.705870496229170197e+00 -1.396598383004179730e-04 -1.000000000000000000e+00 -3.075779444579178649e-04 3.393410883148733747e-05 7.363733231661910850e-01 1.008420643685817186e+00 9.921163377043484832e-01 1.024897228553429906e+00 0.000000000000000000e+00
7.274044464927921894e+00 1.704449138642313732e+00 -1.561403943874780579e-04 -1.000000000000000000e+00 -3.243486201600329923e-04 1.777781900556713057e-05 9.119600282354696219e-01 1.007054334113505867e+00 9.908628893074762356e-01 1.023416121156380587e+00 0.000000000000000000e+00
7.280110365078859225e+00 1.703028965352503699e+00 -1.565105139384951184e-04 -1.000000000000000000e+00 -3.250507468001433316e-04 1.778510868556980101e-05 9.132038042195205207e-01 1.004064191743091472e+00 9.877255071615593796e-01 1.020576732672935805e+00 0.000000000000000000e+00
7.286181323646034436e+00 1.701609975372965211e+00 -1.690602489976528568e-04 -1.000000000000000000e+00 -3.370988880892069142e-04 4.827617921217855447e-06 1.063924872258283472e+00 1.006986640528537036e+00 9.907365695311378673e-01 1.023408495167849930e+00 0.000000000000000000e+00
7.292257344847713263e+00 1.700192167717745617e+00 -1.725897854960658530e-04 -1.000000000000000000e+00 -3.407374187484675152e-04 1.479095676130840267e-06 1.106199920311766505e+00 1.008827540044074045e+00 9.923954706027602324e-01 1.025434781658861816e+00 0.000000000000000000e+00
7.298338432905678630e+00 1.698775541401714717e+00 -1.803208238221367917e-04 -1.000000000000000000e+00 -3.490438628241858496e-04 -5.656204188849708403e-06 1.197403527136827961e+00 1.012123762156402318e+00 9.955839267102620793e-01 1.028840551834573791e+00 0.000000000000000000e+00
7.304424592045234199e+00 1.697360095440562322e+00 -1.777810819680156922e-04 -1.000000000000000000e+00 -3.474888545996981004e-04 -2.143360719825994354e-06 1.151138495170599185e+00 1.011998332756936403e+00 9.954645914317794553e-01 1.028709247639913116e+00 0.000000000000000000e+00
7.310515826495206149e+00 1.695945828850798032e+00 -1.787173083797861473e-04 -1.000000000000000000e+00 -3.492875031009014253e-04 -2.207652988113885471e-06 1.152473809563929308e+00 1.012108035552945484e+00 9.954861533693578624e-01 1.028908989469451196e+00 0.000000000000000000e+00
7.316612140487947613e+00 1.694532740649751679e+00 -1.822434785962515069e-04 -1.000000000000000000e+00 -3.529440518139384487e-04 -5.529106549524460002e-06 1.193418761776655401e+00 1.012179822170273358e+00 9.955672804731683367e-01 1.028971257195040012e+00 0.000000000000000000e+00
7.322713538259342236e+00 1.693120829855571774e+00 -1.914345202564014467e-04 -1.000000000000000000e+00 -3.620238502555006631e-04 -1.473415796457842766e-05 1.314418644469043329e+00 1.013002524945232130e+00 9.963012133586947039e-01 1.029884308855059549e+00 0.000000000000000000e+00
7.328820024048804171e+00 1.691710095487224841e+00 -2.088985195952530857e-04 -1.000000000000000000e+00 -3.796501201105723523e-04 -3.196181687637023147e-05 1.556129437300640461e+00 1.015355591416160719e+00 9.985473718975355073e-01 1.032346127125955304e+00 0.000000000000000000e+00
7.334931602099284298e+00 1.690300536564494527e+00 -2.195540352611624580e-04 -1.000000000000000000e+00 -3.912116611820018680e-04 -4.166733165783965270e-05 1.697787301879458255e+00 1.015655027487171846e+00 9.988423610637134908e-01 1.032649920792660936e+00 0.000000000000000000e+00
7.341048276657271110e+00 1.688892152107981603e+00 -2.199571651093456376e-04 -1.000000000000000000e+00 -3.933748708468723073e-04 -4.029327979105152180e-05 1.675226336460468701e+00 1.014531885773144460e+00 9.976217022648925514e-01 1.031626588809402278e+00 0.000000000000000000e+00
7.347170051972794269e+00 1.687484941139102412e+00 -2.104950373311589124e-04 -1.000000000000000000e+00 -3.855744345430161179e-04 -2.916344211299323383e-05 1.511041299382682723e+00 1.014209329193951570e+00 9.972933318928237645e-01 1.031309854653946756e+00 0.000000000000000000e+00
7.353296932299427269e+00 1.686078902680089531e+00 -1.750529579069800049e-04 -1.000000000000000000e+00 -3.513541960789600999e-04 7.491887752445651819e-06 1.039975493650288740e+00 1.011737557022311496e+00 9.947419280221355686e-01 1.028919945666738611e+00 0.000000000000000000e+00
7.359428921894291875e+00 1.684674035753989330e+00 -1.380575383978909637e-04 -1.000000000000000000e+00 -3.146566904473674289e-04 4.477099244400172852e-05 6.501659766332750223e-01 1.013458170433416239e+00 9.962622769106331821e-01 1.030844981956154927e+00 0.000000000000000000e+00
7.365566025018059015e+00 1.683270339384662417e+00 -8.662162477281777357e-05 -1.000000000000000000e+00 -2.627144817606082323e-04 9.571046799096041390e-05 2.590062672169324287e-01 1.013487917607739153e+00 9.964079274069367331e-01 1.030756361099038454e+00 0.000000000000000000e+00
7.371708245934952330e+00 1.681867812596783196e+00 -3.865902200129499533e-05 -1.000000000000000000e+00 -2.148476611128969011e-04 1.437665691443119529e-04 5.205940953109688962e-02 1.013763028016049894e+00 9.964968391228334887e-01 1.031221753039094802e+00 0.000000000000000000e+00
7.377855588912752616e+00 1.680466454415837863e+00 1.260104736815261672e-05 1.000000000000000000e+00 -1.642118186316149874e-04 1.956553977152683890e-04 5.538056480602904230e-03 1.009979246298729816e+00 9.928484205057458434e-01 1.027300473344621157e+00 0.000000000000000000e+00
7.384008058222798709e+00 1.679066263868125519e+00 5.609410355041013764e-05 1.000000000000000000e+00 -1.225767713660779184e-04 2.410009172019624685e-04 1.087974669707563180e-01 1.004372894968658780e+00 9.870819739469578469e-01 1.021858786556775867e+00 0.000000000000000000e+00
7.390165658139991045e+00 1.677667239980756175e+00 5.545580007754096559e-05 1.000000000000000000e+00 -1.251457087745078166e-04 2.423025772930201217e-04 1.043399956835884268e-01 1.007578622153604275e+00 9.901439182727890254e-01 1.025210911035193240e+00 0.000000000000000000e+00
7.396328392942796093e+00 1.676269381781650081e+00 5.764707145161451454e-05 1.000000000000000000e+00 -1.247723276758116865e-04 2.463459414780702281e-04 1.107083713460497165e-01 1.007514148538624976e+00 9.900680501546383905e-01 1.025157758874646108e+00 0.000000000000000000e+00
7.402496266913247247e+00 1.674872688299538392e+00 5.147314275754117377e-05 1.000000000000000000e+00 -1.322766199459984729e-04 2.415449050627812070e-04 8.706150302445792022e-02 1.009267941651452061e+00 9.916937952511990506e-01 1.027042225135278652e+00 0.000000000000000000e+00
7.408669284336948380e+00 1.673477158563960288e+00 5.627934666736649253e-05 1.000000000000000000e+00 -1.279984595569093895e-04 2.469364930022398979e-04 1.035090805917633361e-01 1.009117305018189859e+00 9.915483569389955676e-01 1.026886024576149747e+00 0.000000000000000000e+00
7.414847449503079169e+00 1.672082791605264962e+00 8.171101774439825370e-05 1.000000000000000000e+00 -1.029181534155031538e-04 2.727725306952786394e-04 2.184808075190574073e-01 1.005116227901905690e+00 9.874822475547333500e-01 1.022952172335527266e+00 0.000000000000000000e+00
7.421030766704393322e+00 1.670689586454608300e+00 8.260876196715659934e-05 1.000000000000000000e+00 -1.020639300969844991e-04 2.737421585425062675e-04 2.231657598114225038e-01 1.009319448562182364e+00 9.915534475011611448e-01 1.027289691480969713e+00 0.000000000000000000e+00
7.427219240237226572e+00 1.669297542143953983e+00 1.025530962829628229e-04 1.000000000000000000e+00 -8.247843558359160810e-05 2.940548958006352492e-04 3.434890424396144226e-01 1.008671244649108401e+00 9.909217748846961271e-01 1.026624776674849970e+00 0.000000000000000000e+00
7.433412874401496673e+00 1.667906657706072160e+00 1.008240125470192324e-04 1.000000000000000000e+00 -8.480348130623279195e-05 2.929192993552831754e-04 3.299111338951803418e-01 1.013316187348621389e+00 9.954229484855362520e-01 1.031415908290581163e+00 0.000000000000000000e+00
7.439611673500706956e+00 1.666516932174539223e+00 1.109137066206944254e-04 1.000000000000000000e+00 -7.542634781907016882e-05 3.037392452659615390e-04 3.967303703126958681e-01 1.012997798998131804e+00 9.951122740767576191e-01 1.031089854306248110e+00 0.000000000000000000e+00
7.445815641841948995e+00 1.665128364583736253e+00 1.109086470062687274e-04 1.000000000000000000e+00 -7.614716861781677267e-05 3.044807717759802400e-04 3.940318193792080592e-01 1.013417845727450306e+00 9.954186317134932072e-01 1.031626040296617974e+00 0.000000000000000000e+00
7.452024783735907043e+00 1.663740953968849468e+00 1.043844200757777470e-04 1.000000000000000000e+00 -8.304045680965340889e-05 2.983784835611977249e-04 3.469825238378803078e-01 1.013653733358000464e+00 9.956575581319491164e-01 1.031858760438568723e+00 0.000000000000000000e+00
7.458239103496859812e+00 1.662354699365868660e+00 8.051083249628536811e-05 1.000000000000000000e+00 -1.071694093952531887e-04 2.748199958358233481e-04 2.050441322610936368e-01 1.017185970018408714e+00 9.990486548946369005e-01 1.035534578764451430e+00 0.000000000000000000e+00
7.464458605442683137e+00 1.660969599811586539e+00 7.034076015898124668e-05 1.000000000000000000e+00 -1.179170918026307263e-04 2.652830318324855960e-04 1.556284992659584532e-01 1.016055052783749080e+00 9.977048771415942818e-01 1.034621590812592418e+00 0.000000000000000000e+00
7.470683293894854415e+00 1.659585654343599170e+00 6.261775380567787160e-05 1.000000000000000000e+00 -1.259660596636419535e-04 2.579373154658585890e-04 1.224972528834911145e-01 1.014193281798229762e+00 9.959702371575490654e-01 1.032630045615489101e+00 0.000000000000000000e+00
7.476913173178454386e+00 1.658202862000304201e+00 6.021079156019687277e-05 1.000000000000000000e+00 -1.292687164977951051e-04 2.564474741947857391e-04 1.124575010041439782e-01 1.011646785601197251e+00 9.932199640167802546e-01 1.030292535818506883e+00 0.000000000000000000e+00
7.483148247622170679e+00 1.656821221820899526e+00 5.817477530029015675e-05 1.000000000000000000e+00 -1.316386294505296245e-04 2.547882508113524683e-04 1.043422672904767978e-01 1.010363905152702690e+00 9.920627125850235428e-01 1.028881582835994957e+00 0.000000000000000000e+00
7.489388521558299594e+00 1.655440732845385288e+00 4.466761162590801256e-05 1.000000000000000000e+00 -1.455476831166085212e-04 2.417318602382594170e-04 6.119362995988808507e-02 1.013919898403573994e+00 9.953673020684952188e-01 1.032694127727369349e+00 0.000000000000000000e+00
7.495633999322752317e+00 1.654061394114560324e+00 6.433825966195692739e-05 1.000000000000000000e+00 -1.263652959905558234e-04 2.619526634334678051e-04 1.268318944902802059e-01 1.009812277028054650e+00 9.911825075897439108e-01 1.028666123637340890e+00 0.000000000000000000e+00
7.501884685255054031e+00 1.652683204670022832e+00 7.389689779174604190e-05 1.000000000000000000e+00 -1.171468673528956213e-04 2.718874173977852337e-04 1.668040674079946939e-01 1.009499617007717731e+00 9.908842301359270799e-01 1.028339036367317494e+00 0.000000000000000000e+00
7.508140583698349246e+00 1.651306163554170148e+00 9.537367384683267219e-05 1.000000000000000000e+00 -9.646887997692255945e-05 2.941563660204541330e-04 2.769334043587150518e-01 1.006125137683924420e+00 9.874225177052429192e-01 1.025054878611780351e+00 0.000000000000000000e+00
7.514401698999403578e+00 1.649930269810196748e+00 1.033649315412873130e-04 1.000000000000000000e+00 -8.891823513457154052e-05 3.025791224841433563e-04 3.239397468384339618e-01 1.005872371899070528e+00 9.871826995446300046e-01 1.024789186212113012e+00 0.000000000000000000e+00
7.520668035508609073e+00 1.648555522482095359e+00 9.094430623094857367e-05 1.000000000000000000e+00 -1.014514989996758099e-04 2.902950734308114918e-04 2.498651629250758788e-01 1.009787972911405207e+00 9.909492212179886739e-01 1.028856579883815403e+00 0.000000000000000000e+00
7.526939597579984209e+00 1.647181920614653627e+00 8.467815473007672428e-05 1.000000000000000000e+00 -1.073152281231314672e-04 2.837200926675041506e-04 2.165322303336552068e-01 1.009567810435573865e+00 9.908558471357941100e-01 1.028506668816357772e+00 0.000000000000000000e+00
7.533216389571179228e+00 1.645809463253457006e+00 6.603114360344358128e-05 1.000000000000000000e+00 -1.260043036681819445e-04 2.652244442479790004e-04 1.312985979881915455e-01 1.010084709045778295e+00 9.911422655332803311e-01 1.029259178654284623e+00 0.000000000000000000e+00
7.539498415843477019e+00 1.644438149444884756e+00 3.592572541844486284e-05 1.000000000000000000e+00 -1.565652279050796852e-04 2.356781322874974599e-04 3.848823013629498746e-02 1.011435900211931749e+00 9.923533124945324024e-01 1.030753425434830506e+00 0.000000000000000000e+00
7.545785680761798453e+00 1.643067978236111282e+00 2.150464758419916427e-06 1.000000000000000000e+00 -1.914897645849997329e-04 2.031219888883850329e-04 1.354614140751664308e-04 1.012598274216480521e+00 9.934977975168958197e-01 1.031933723994604257e+00 0.000000000000000000e+00
7.552078188694705041e+00 1.641698948675104575e+00 -2.719388872232131619e-05 -1.000000000000000000e+00 -2.227559559030039323e-04 1.757213228623148390e-04 2.119061726644133614e-02 1.013538980472171280e+00 9.942822405197896396e-01 1.033034388356066202e+00 0.000000000000000000e+00
7.558375944014398939e+00 1.640331059810627101e+00 -4.098774133577096123e-05 -1.000000000000000000e+00 -2.380736353749161687e-04 1.634648338907350202e-04 4.732461075380456350e-02 1.014004514862821837e+00 9.947366308611267360e-01 1.033511090931372056e+00 0.000000000000000000e+00
7.564678951096730941e+00 1.638964310692231585e+00 -5.854969914954170522e-05 -1.000000000000000000e+00 -2.560575215045548907e-04 1.463574778003995955e-04 9.585012848647522787e-02 1.021324020366195739e+00 1.001865442735821787e+00 1.041024248503639615e+00 0.000000000000000000e+00
7.570987214321198699e+00 1.637598700370265004e+00 -2.439699210505437104e-05 -1.000000000000000000e+00 -2.214709721471909323e-04 1.801480239093793698e-04 1.676424700565348758e-02 1.020144536265105595e+00 1.000725979017967671e+00 1.039804279208048410e+00 0.000000000000000000e+00
7.577300738070952946e+00 1.636234227895864146e+00 6.573335661274661339e-06 1.000000000000000000e+00 -1.899817570570758651e-04 2.106570431766532242e-04 1.227627211733306467e-03 1.023167923825361481e+00 1.003619951076339278e+00 1.042959736079794419e+00 0.000000000000000000e+00
7.583619526732800153e+00 1.634870892320956948e+00 3.634515319723613850e-05 1.000000000000000000e+00 -1.605973126760881537e-04 2.408386886820772135e-04 3.760502744215443727e-02 1.026658174641340127e+00 1.006852808554197676e+00 1.046713047041349265e+00 0.000000000000000000e+00
7.589943584697204315e+00 1.633508692698261822e+00 8.551132614699137374e-05 1.000000000000000000e+00 -1.128140186177391128e-04 2.914072465622695538e-04 2.067642078119433791e-01 1.022136396380850298e+00 1.002499355031275297e+00 1.042020034262215678e+00 0.000000000000000000e+00
7.596272916358290495e+00 1.632147628081284996e+00 1.277886000211525183e-04 1.000000000000000000e+00 -7.328882715293530458e-05 3.364272803167115029e-04 4.545335920356592396e-01 1.015962788389671800e+00 9.961281925395177872e-01 1.036050644941815646e+00 0.000000000000000000e+00
7.602607526113848380e+00 1.630787697524322288e+00 1.352842921716715689e-04 1.000000000000000000e+00 -6.792169807081610664e-05 3.460663415233726416e-04 4.990170254784089821e-01 1.015859305985561623e+00 9.961358247014190370e-01 1.035833463256233600e+00 0.000000000000000000e+00
7.608947418365335835e+00 1.629428900082457776e+00 1.318991436607214402e-04 1.000000000000000000e+00 -7.308738957472805421e-05 3.445125278495662457e-04 4.671938773337132034e-01 1.015582291633868817e+00 9.956084492000366604e-01 1.035813108307026109e+00 0.000000000000000000e+00
7.615292597517878903e+00 1.628071234811562906e+00 1.147895881820173617e-04 1.000000000000000000e+00 -9.022325129505954285e-05 3.275719775896555191e-04 3.515009193293110457e-01 1.016836492809113146e+00 9.969802352905962062e-01 1.036946307867335548e+00 0.000000000000000000e+00
7.621643067980279795e+00 1.626714700768294497e+00 9.011529823973401610e-05 1.000000000000000000e+00 -1.145537334419625990e-04 3.027076571939342963e-04 2.164316638559853345e-01 1.018654036114248429e+00 9.985479122330853663e-01 1.039019178029060297e+00 0.000000000000000000e+00
7.627998834165015118e+00 1.625359297010096737e+00 6.735577231810289793e-05 1.000000000000000000e+00 -1.369666626631841754e-04 2.797169430356794429e-04 1.207105876342211559e-01 1.018671711061647445e+00 9.984471887262477141e-01 1.039158402178080864e+00 0.000000000000000000e+00
7.634359900488242090e+00 1.624005022595198744e+00 3.625066351902913578e-05 1.000000000000000000e+00 -1.681910401349959020e-04 2.487892505308217481e-04 3.466634273405588829e-02 1.019758275594596197e+00 9.995348948978620696e-01 1.040243576188496721e+00 0.000000000000000000e+00
7.640726271369800315e+00 1.622651876582614117e+00 -3.386483526278576702e-06 -1.000000000000000000e+00 -2.086925153905204498e-04 2.100593664516967757e-04 2.980512474692886826e-04 1.022231836323838072e+00 1.001850291970393769e+00 1.042878886921850823e+00 0.000000000000000000e+00
7.647097951233216229e+00 1.621299858032140939e+00 -3.847262704107096278e-05 -1.000000000000000000e+00 -2.446266250117207219e-04 1.759230192774298342e-04 3.788273455214152818e-02 1.023427413504214956e+00 1.003035247537140906e+00 1.044084909386409743e+00 0.000000000000000000e+00
7.653474944505703093e+00 1.619948966004359558e+00 -6.319984210909364145e-05 -1.000000000000000000e+00 -2.701856290708226031e-04 1.521592465584236525e-04 1.010075397629179861e-01 1.023345806457875762e+00 1.002820613448339060e+00 1.044139518587161364e+00 0.000000000000000000e+00
7.659857255618167216e+00 1.618599199560634805e+00 -7.879442104185743051e-05 -1.000000000000000000e+00 -2.862059417243328885e-04 1.370836436478889767e-04 1.556750114674940733e-01 1.023858716476984787e+00 1.003338308121974887e+00 1.044647284574637069e+00 0.000000000000000000e+00
7.666244889005210617e+00 1.617250557763112662e+00 -1.100575614074400337e-04 -1.000000000000000000e+00 -3.176555406031939584e-04 1.060257952704711558e-04 3.012713851556867439e-01 1.032637065027813827e+00 1.011910334490561558e+00 1.053635257922970192e+00 0.000000000000000000e+00
7.672637849105131913e+00 1.615903039674720043e+00 -9.426279529675843469e-05 -1.000000000000000000e+00 -3.025058911379330901e-04 1.224961869412231224e-04 2.205632179399259485e-01 1.031992313032458641e+00 1.011031771383984035e+00 1.053230769634256658e+00 0.000000000000000000e+00
7.679036140359931650e+00 1.614556644359165460e+00 -6.450911657755572972e-05 -1.000000000000000000e+00 -2.730174821374682604e-04 1.526080031297441715e-04 1.032254050980938587e-01 1.029799969649082492e+00 1.009002368315232046e+00 1.050871905666802331e+00 0.000000000000000000e+00
7.685439767215314077e+00 1.613211370880937023e+00 -3.124667937732760039e-05 -1.000000000000000000e+00 -2.409835030272587967e-04 1.871595714324288020e-04 2.412615638972681609e-02 1.027389916625097710e+00 1.006373313025625382e+00 1.048687245933019874e+00 0.000000000000000000e+00
7.691848734120691589e+00 1.611867218305303329e+00 1.804809041142848018e-06 1.000000000000000000e+00 -2.093618285566578303e-04 2.216883009818713121e-04 7.975032617224542264e-05 1.024565377649161890e+00 1.003704514667936420e+00 1.045703721497251104e+00 0.000000000000000000e+00
7.698263045529186499e+00 1.610524185698310351e+00 2.897173802694253637e-06 1.000000000000000000e+00 -2.103458364374500569e-04 2.248832651774713119e-04 2.021310797317710239e-04 1.029795835767444379e+00 1.008624989016988494e+00 1.051250990852907741e+00 0.000000000000000000e+00
7.704682705897634598e+00 1.609182272126782998e+00 2.092317745844476178e-05 1.000000000000000000e+00 -1.942287206439599905e-04 2.448690043662491052e-04 1.038433202528210586e-02 1.029538851005249445e+00 1.008486910368523004e+00 1.050872014487891359e+00 0.000000000000000000e+00
7.711107719686588702e+00 1.607841476658323998e+00 3.981186388862471414e-05 1.000000000000000000e+00 -1.773528716558135058e-04 2.657663431581713288e-04 3.716914086573552822e-02 1.028962762887401405e+00 1.007651665089000170e+00 1.050562102529327690e+00 0.000000000000000000e+00
7.717538091360320429e+00 1.606501798361312572e+00 6.399123263322498460e-05 1.000000000000000000e+00 -1.542416407802572539e-04 2.909943667003484576e-04 9.566485275210823147e-02 1.027307325807659488e+00 1.005874116916052774e+00 1.049032847648070366e+00 0.000000000000000000e+00
7.723973825386825531e+00 1.605163236304904206e+00 7.914104039513001037e-05 1.000000000000000000e+00 -1.387369431462883167e-04 3.058132294262435138e-04 1.467821621689822109e-01 1.028314436747414407e+00 1.007007121706529729e+00 1.049910491400925849e+00 0.000000000000000000e+00
7.730414926237823892e+00 1.603825789559029547e+00 8.252067025313797365e-05 1.000000000000000000e+00 -1.347432682683553050e-04 3.086101847498324722e-04 1.607350159226044184e-01 1.031800050522428069e+00 1.010211419952560696e+00 1.053683871114208248e+00 0.000000000000000000e+00
7.736861398388765743e+00 1.602489457194395728e+00 9.807478536559720490e-05 1.000000000000000000e+00 -1.182170394873505740e-04 3.232244679580440535e-04 2.290786148566397173e-01 1.029743342683856699e+00 1.008313603463301567e+00 1.051464740726191893e+00 0.000000000000000000e+00
7.743313246318833443e+00 1.601154238282482378e+00 7.755268851122464231e-05 1.000000000000000000e+00 -1.383272258172589541e-04 3.022608412759600783e-04 1.435105285585649426e-01 1.034797560381583770e+00 1.013057292985298563e+00 1.056836293636061574e+00 0.000000000000000000e+00
7.749770474510944140e+00 1.599820131895543396e+00 7.213706353730665920e-05 1.000000000000000000e+00 -1.435919428152511240e-04 2.966817872031636853e-04 1.240615914285640997e-01 1.031942256188083773e+00 1.010353006972557477e+00 1.053827004607972073e+00 0.000000000000000000e+00
7.756233087451753327e+00 1.598487137106606282e+00 2.954996479575952372e-05 1.000000000000000000e+00 -1.864282148280279369e-04 2.543415718278078117e-04 2.066855081267249261e-02 1.036540182876182881e+00 1.014628370993722495e+00 1.058755035573740733e+00 0.000000000000000000e+00
7.762701089631657503e+00 1.597155252989470364e+00 7.582393254261539119e-06 1.000000000000000000e+00 -2.082550651924781426e-04 2.323058018852611065e-04 1.354903590780054401e-03 1.033085938575149410e+00 1.011332494492478196e+00 1.055139105040526326e+00 0.000000000000000000e+00
7.769174485544799502e+00 1.595824478618706577e+00 -1.505014022721598285e-05 -1.000000000000000000e+00 -2.308955173952555770e-04 2.097690583650414818e-04 5.326678427941544669e-03 1.029025612384580235e+00 1.007042720170705952e+00 1.051315368308424869e+00 0.000000000000000000e+00
7.775653279689067610e+00 1.594494813069657235e+00 -4.977269513841294071e-05 -1.000000000000000000e+00 -2.649721475689541640e-04 1.745029643061923148e-04 5.820620380846719399e-02 1.028449637736821298e+00 1.006331915540715993e+00 1.050878139154035162e+00 0.000000000000000000e+00
7.782137476566102663e+00 1.593166255418435151e+00 -8.982842282339181274e-05 -1.000000000000000000e+00 -3.039988438356475012e-04 1.335245440186077679e-04 1.894120831355223800e-01 1.029866554681149848e+00 1.007754163948175963e+00 1.052288960993532640e+00 0.000000000000000000e+00
7.788627080681298942e+00 1.591838804741922297e+00 -1.189617204735681904e-04 -1.000000000000000000e+00 -3.326477781548740215e-04 1.040120975278606988e-04 3.316111351979884603e-01 1.028505036976459674e+00 1.006267204020752981e+00 1.051056877013422763e+00 0.000000000000000000e+00
7.795122096543806833e+00 1.590512460117771143e+00 -1.564211855072410640e-04 -1.000000000000000000e+00 -3.698240446720588463e-04 6.639392937795007268e-05 5.693896611694597709e-01 1.029804149664825585e+00 1.007565635231635115e+00 1.052356197751100453e+00 0.000000000000000000e+00
7.801622528666539047e+00 1.589187220624400876e+00 -2.155513652257193204e-04 -1.000000000000000000e+00 -4.293053224387943572e-04 7.727188759126102759e-06 1.065491109690178462e+00 1.037938555669339680e+00 1.015463067965733712e+00 1.060731610331085095e+00 0.000000000000000000e+00
7.808128381566169729e+00 1.587863085341000069e+00 -2.433324473427383398e-04 -1.000000000000000000e+00 -4.583042736596722698e-04 -1.872976190394948009e-05 1.335174453976804898e+00 1.038860593796977039e+00 1.016373881112111466e+00 1.061664804436471155e+00 0.000000000000000000e+00
7.814639659763139790e+00 1.586540053347523793e+00 -2.523576973840921888e-04 -1.000000000000000000e+00 -4.693418539938904333e-04 -2.565957761583120248e-05 1.410832762472587376e+00 1.038205553537085324e+00 1.015561693497349705e+00 1.061171242452427776e+00 0.000000000000000000e+00
7.821156367781661345e+00 1.585218123724693617e+00 -2.426755108971355814e-04 -1.000000000000000000e+00 -4.619329054810985429e-04 -1.361703499006068261e-05 1.284913334092294690e+00 1.037980866982054717e+00 1.015041362183745299e+00 1.061250571853358915e+00 0.000000000000000000e+00
7.827678510149716828e+00 1.583897295553998275e+00 -1.938879760818456753e-04 -1.000000000000000000e+00 -4.149771783321775515e-04 3.712250580390451249e-05 8.123412005462640195e-01 1.033548617915686529e+00 1.010805232296639211e+00 1.056617851500614158e+00 0.000000000000000000e+00
7.834206091399066985e+00 1.582577567917689887e+00 -1.237820070256985604e-04 -1.000000000000000000e+00 -3.474585775329311257e-04 1.098705597306227758e-04 3.287669910050965427e-01 1.029476430631605322e+00 1.006490031683589192e+00 1.052796821325522103e+00 0.000000000000000000e+00
7.840739116065250869e+00 1.581258939898786631e+00 -4.531673877922113268e-05 -1.000000000000000000e+00 -2.711648398862667167e-04 1.905183124393870059e-04 4.375859272141724432e-02 1.027710462484577647e+00 1.004903216134441779e+00 1.050847814524639601e+00 0.000000000000000000e+00
7.847277588687588512e+00 1.579941410581070071e+00 4.535079299977153868e-05 1.000000000000000000e+00 -1.834916385511514442e-04 2.841538375057094112e-04 4.353490576676222190e-02 1.024858188514829793e+00 1.001796984540225255e+00 1.048257909247217290e+00 0.000000000000000000e+00
7.853821513809187138e+00 1.578624979049085830e+00 1.379422585785956845e-04 1.000000000000000000e+00 -9.347945273197516341e-05 3.793679119025502450e-04 3.996884951285792908e-01 1.021382871985505147e+00 9.985183671108748271e-01 1.044581521822799175e+00 0.000000000000000000e+00
7.860370895976941163e+00 1.577309644388141585e+00 2.295546019107108941e-04 1.000000000000000000e+00 -5.399005458520307350e-06 4.746068432747090971e-04 1.095018814987653855e+00 1.016316968662176023e+00 9.932115142002178043e-01 1.039765058461625147e+00 0.000000000000000000e+00
7.866925739741537527e+00 1.575995405684307737e+00 3.012498898032649934e-04 1.000000000000000000e+00 6.294518222323366888e-05 5.497423651662069338e-04 1.853892593325753069e+00 1.014217441204265047e+00 9.912797755976086034e-01 1.037493597983149884e+00 0.000000000000000000e+00
7.873486049657457464e+00 1.574682262024415857e+00 3.643697696668808141e-04 1.000000000000000000e+00 1.216904073826935873e-04 6.172817358590981709e-04 2.653899579045692292e+00 1.012136769680928472e+00 9.889066736583185246e-01 1.035714517310192484e+00 0.000000000000000000e+00
7.880051830282980951e+00 1.573370212496058462e+00 4.291319027041608464e-04 1.000000000000000000e+00 1.824787487678529744e-04 6.860752610179197009e-04 3.599060541421081894e+00 1.008098188938158168e+00 9.850485126141944603e-01 1.031491575723562093e+00 0.000000000000000000e+00
7.886623086180188480e+00 1.572059256187587906e+00 4.741931190717460390e-04 1.000000000000000000e+00 2.236422717490666335e-04 7.350541895484285614e-04 4.303119262643804177e+00 1.008686044513010582e+00 9.853153679434150103e-01 1.032409800778555375e+00 0.000000000000000000e+00
7.893199821914964609e+00 1.570749392188117488e+00 5.466871704356766589e-04 1.000000000000000000e+00 2.932074588667917046e-04 8.104977943972707047e-04 5.661286093705165001e+00 1.001425030124432736e+00 9.779792407098821805e-01 1.025228766151908832e+00 0.000000000000000000e+00
7.899782042057002407e+00 1.569440619587517682e+00 5.917007119343896046e-04 1.000000000000000000e+00 3.373037610518709434e-04 8.564758054816310352e-04 6.618643536846555264e+00 9.999990923142240140e-01 9.765993699995116906e-01 1.023756245642435614e+00 0.000000000000000000e+00
7.906369751179806116e+00 1.568132937476418354e+00 6.197573729245026619e-04 1.000000000000000000e+00 3.655414890117636884e-04 8.844477777013271761e-04 7.300597054087845095e+00 9.999057571486952289e-01 9.763831581805589854e-01 1.023789664563598656e+00 0.000000000000000000e+00
7.912962953860692039e+00 1.566826344946206540e+00 6.294393177316489089e-04 1.000000000000000000e+00 3.761256239061790477e-04 8.933850179660427285e-04 7.582742335163672465e+00 9.997443503557152944e-01 9.762646059785745623e-01 1.023584267513798052e+00 0.000000000000000000e+00
7.919561654680794760e+00 1.565520841089027337e+00 6.063271976078043980e-04 1.000000000000000000e+00 3.534825134186153628e-04 8.699555401734391288e-04 7.035342696852147526e+00 1.002371139518291709e+00 9.787229408057472879e-01 1.026383546841798777e+00 0.000000000000000000e+00
7.926165858225068916e+00 1.564216424997781019e+00 5.623916960208445595e-04 1.000000000000000000e+00 3.093030299851713856e-04 8.263701107546818922e-04 5.988966770279411378e+00 1.004083028639485509e+00 9.804232984495537817e-01 1.028106782301020816e+00 0.000000000000000000e+00
7.932775569082291867e+00 1.562913095766124583e+00 5.020224989177733861e-04 1.000000000000000000e+00 2.475285650726598394e-04 7.674448059032344931e-04 4.677187895683601937e+00 1.004004883423404548e+00 9.801651506342679010e-01 1.028214238693268889e+00 0.000000000000000000e+00
7.939390791845069018e+00 1.561610852488469980e+00 4.107286563210395237e-04 1.000000000000000000e+00 1.550962250321884879e-04 6.773398444484307786e-04 3.054753827585265924e+00 1.007335614906962551e+00 9.834398515403943719e-01 1.031601658291781076e+00 0.000000000000000000e+00
7.946011531109834714e+00 1.560309694259983226e+00 3.178852150682856190e-04 1.000000000000000000e+00 6.187995168464459133e-05 5.850222692387648925e-04 1.799010913695383351e+00 1.008803711268256631e+00 9.847099405339916345e-01 1.033273133431324542e+00 0.000000000000000000e+00
7.952637791476856677e+00 1.559009620176584621e+00 2.070278331312513877e-04 1.000000000000000000e+00 -4.738672955568082432e-05 4.728076786133483507e-04 7.589454005867892761e-01 1.016467382102610895e+00 9.919730004775749732e-01 1.041346045353701122e+00 0.000000000000000000e+00
7.959269577550237784e+00 1.557710629334948083e+00 1.278724100455724865e-04 1.000000000000000000e+00 -1.230865031495703005e-04 3.904858475570310546e-04 2.916066126184233553e-01 1.020334552490538282e+00 9.959924918962460572e-01 1.045054629680787439e+00 0.000000000000000000e+00
7.965906893937922284e+00 1.556412720832499597e+00 5.044786238785815987e-05 1.000000000000000000e+00 -1.975955679392221080e-04 3.102677480222617830e-04 4.572370221389832068e-02 1.029399232993408519e+00 1.004668064080433076e+00 1.054517417552981895e+00 0.000000000000000000e+00
7.972549745251694908e+00 1.555115893767417656e+00 -7.105271790113318527e-06 -1.000000000000000000e+00 -2.529134553175791679e-04 2.505132300000857681e-04 9.084823982163925393e-04 1.037773673937522512e+00 1.013139877514442899e+00 1.062789211574074244e+00 0.000000000000000000e+00
7.979198136107187977e+00 1.553820147238631932e+00 -1.894868548790040950e-05 -1.000000000000000000e+00 -2.650083858690569297e-04 2.389041672068195317e-04 6.444294618148660447e-03 1.036141527878091440e+00 1.011214637109556280e+00 1.061460285588667896e+00 0.000000000000000000e+00
7.985852071123881402e+00 1.552525480345822828e+00 -5.110817264857155199e-05 -1.000000000000000000e+00 -2.971844435824714603e-04 2.067817409710086284e-04 4.643437476092060479e-02 1.041752608738403918e+00 1.016933747172444669e+00 1.066958514310305084e+00 0.000000000000000000e+00
7.992511554925108008e+00 1.551231892189421036e+00 -4.425894266501271477e-05 -1.000000000000000000e+00 -2.914687237020440608e-04 2.148102940909912633e-04 3.462589925726433648e-02 1.037017812921227300e+00 1.011934017157360310e+00 1.062499015689454929e+00 0.000000000000000000e+00
7.999176592138056208e+00 1.549939381870606869e+00 -6.769232617653317245e-05 -1.000000000000000000e+00 -3.145378110590686346e-04 1.911431951996474168e-04 8.052231801542575340e-02 1.040996092272354234e+00 1.016044788087572259e+00 1.066339599760314227e+00 0.000000000000000000e+00
