# OBJ_NAME=A1744-361
#         GRID_START=6.00
#         GRID_END=8.00
#         GRID_STEP_FRACTION=0.50
#         XSPEC_FITSTAT=cstat
#         XSPEC_CONTINUUM_MODEL=tbabs*(bbodyrad + pow)*constant
#         XSPEC_LINE_MODEL=gauss
#         LINE_VELOCITY_WIDTH=500
#         INPUT_FILE=/home/simon/Downloads/tgcat/obs_9042_tgid_4118/pm_heg_abs1.pha
#         SEARCH_MODE=Sliding window
#         FIT_REGION_WIDTH=30.00
#         RUNTIME=69
#         COLUMN_NAMES=ENERGY,WAVELENGTH,NORM,NORM_SIGN,NORM_ERR_LO,NORM_ERR_HI,DELTA_FITSTAT,CONSTANT_FACTOR,CONSTANT_FACTOR_ERR_LO,CONSTANT_FACTOR_ERR_HI,FIT_ERR
6.000000000000000000e+00 2.066373137115381287e+00 -5.367929969412981573e-05 -1.000000000000000000e+00 -9.088040622893880384e-05 -1.546378414012193858e-05 2.160866421421985706e+00 1.022879432794600918e+00 1.010554653535338243e+00 1.035349773087627101e+00 0.000000000000000000e+00
6.005003461427972589e+00 2.064651403172383937e+00 -6.022371321481013003e-05 -1.000000000000000000e+00 -9.750413386654021501e-05 -2.192672280474554716e-05 2.700493380748461902e+00 1.026040425302720216e+00 1.013600407106713730e+00 1.038628247884021860e+00 0.000000000000000000e+00
6.010011095293655181e+00 2.062931103804642063e+00 -5.871657369978713751e-05 -1.000000000000000000e+00 -9.610247192729022450e-05 -2.030838246499597623e-05 2.552982313991293495e+00 1.023603644322913730e+00 1.011249793302036570e+00 1.036103699015411328e+00 0.000000000000000000e+00
6.015022905076486737e+00 2.061212237816845594e+00 -5.547777388697948061e-05 -1.000000000000000000e+00 -9.302804371706226909e-05 -1.689901150198642451e-05 2.265597634130955385e+00 1.023492474810815400e+00 1.011115674316270141e+00 1.036015966874407779e+00 0.000000000000000000e+00
6.020038894258807005e+00 2.059494804014679215e+00 -4.538244562509517434e-05 -1.000000000000000000e+00 -8.320215428400353549e-05 -6.531649260035907244e-06 1.508399472179291934e+00 1.021324747630212082e+00 1.008863692000837586e+00 1.033934679015458435e+00 0.000000000000000000e+00
6.025059066325860080e+00 2.057778801204824592e+00 -3.512988221162674474e-05 -1.000000000000000000e+00 -7.322337556832654690e-05 3.991126626329874038e-06 8.980831497571273303e-01 1.023774060605912251e+00 1.011275892614413419e+00 1.036421718611507226e+00 0.000000000000000000e+00
6.030083424765796174e+00 2.056064228194956822e+00 -1.807414050880456978e-05 -1.000000000000000000e+00 -5.642281105020115727e-05 2.129816405349043928e-05 2.371042552626079214e-01 1.022900562989012219e+00 1.010483489270996627e+00 1.035465372887875102e+00 0.000000000000000000e+00
6.035111973069674285e+00 2.054351083793744426e+00 9.776727892381713161e-07 1.000000000000000000e+00 -3.763959286549333513e-05 4.061729079381054769e-05 6.938931763045275147e-04 1.021225564248959383e+00 1.008725824393037485e+00 1.033875199295482661e+00 0.000000000000000000e+00
6.040144714731465747e+00 2.052639366810848021e+00 1.821138621789968802e-05 1.000000000000000000e+00 -2.063803150856471005e-05 5.808368138642238917e-05 2.407142178492449602e-01 1.019908819736282002e+00 1.007397389093287465e+00 1.032570785973611516e+00 0.000000000000000000e+00
6.045181653248054232e+00 2.050929076056921652e+00 3.185870998737195961e-05 1.000000000000000000e+00 -7.212678754695520144e-06 7.195128662257409356e-05 7.341542312125852732e-01 1.018563665264415663e+00 1.006135392383059157e+00 1.031140694914321143e+00 0.000000000000000000e+00
6.050222792119239301e+00 2.049220210343609683e+00 4.086662227123704575e-05 1.000000000000000000e+00 1.532035220024140622e-06 8.121805996526434241e-05 1.201130059579440967e+00 1.016927098046200406e+00 1.004410676111195055e+00 1.029594524021076429e+00 0.000000000000000000e+00
6.055268134847740846e+00 2.047512768483544576e+00 4.160346228408409497e-05 1.000000000000000000e+00 2.128025237482016551e-06 8.209873875880163610e-05 1.236882051300057128e+00 1.018198953188228506e+00 1.005650631438650189e+00 1.030899082571423042e+00 0.000000000000000000e+00
6.060317684939197314e+00 2.045806749290351334e+00 3.565310178024850776e-05 1.000000000000000000e+00 -3.845262895627699724e-06 7.617754315214503172e-05 9.039350023505789977e-01 1.021138223618172525e+00 1.008548285910807030e+00 1.033880364711689204e+00 0.000000000000000000e+00
6.065371445902172809e+00 2.044102151578641724e+00 2.782597475609275897e-05 1.000000000000000000e+00 -1.161455625421993598e-05 6.830194713628030248e-05 5.491807064787224135e-01 1.021941154958034836e+00 1.009346915820096946e+00 1.034687346082438175e+00 0.000000000000000000e+00
6.070429421248155322e+00 2.042398974164015168e+00 1.832729741734501018e-05 1.000000000000000000e+00 -2.102048720841108534e-05 5.871380668679980247e-05 2.378801169726898479e-01 1.021704226367730062e+00 1.009087113588007290e+00 1.034473948326078530e+00 0.000000000000000000e+00
6.075491614491562942e+00 2.040697215863058300e+00 4.175132202332775295e-06 1.000000000000000000e+00 -3.498739170098049800e-05 4.437585443872704130e-05 1.234145859177715465e-02 1.024578306808066053e+00 1.011921863697098356e+00 1.037388014552228510e+00 0.000000000000000000e+00
6.080558029149742971e+00 2.038996875493343186e+00 -9.272456237999494765e-06 -1.000000000000000000e+00 -4.813049732437588976e-05 3.062854937450899785e-05 6.118458693521233727e-02 1.025944779223453951e+00 1.013285680994385540e+00 1.038757021640407174e+00 0.000000000000000000e+00
6.085628668742976366e+00 2.037297951873428659e+00 -2.417517648748918879e-05 -1.000000000000000000e+00 -6.264821132719226404e-05 1.535133459857318574e-05 4.191750160476317433e-01 1.028345955062102801e+00 1.015655332838421687e+00 1.041189992895390493e+00 0.000000000000000000e+00
6.090703536794479511e+00 2.035600443822857208e+00 -4.120822832483400416e-05 -1.000000000000000000e+00 -7.934061959123694160e-05 -2.014864344252161933e-06 1.223130919223791579e+00 1.032496449921957993e+00 1.019761356693747123e+00 1.045385328564765626e+00 0.000000000000000000e+00
6.095782636830406886e+00 2.033904350162153651e+00 -5.981883157167092722e-05 -1.000000000000000000e+00 -9.778255433375598773e-05 -2.079372014359908647e-05 2.568706838580737895e+00 1.038113017762830825e+00 1.025243813466101050e+00 1.051138536622270303e+00 0.000000000000000000e+00
6.100865972379854618e+00 2.032209669712826461e+00 -7.452800520768590128e-05 -1.000000000000000000e+00 -1.124098419601146930e-04 -3.558171586261238314e-05 3.958517085304066541e+00 1.040946060607203849e+00 1.028133932921736937e+00 1.053912870144697367e+00 0.000000000000000000e+00
6.105953546974859592e+00 2.030516401297367324e+00 -8.348239885702291485e-05 -1.000000000000000000e+00 -1.213956858469235778e-04 -4.449633316827710129e-05 4.934821357735614811e+00 1.041706681244112476e+00 1.028785595545029352e+00 1.054784720351456651e+00 0.000000000000000000e+00
6.111045364150406556e+00 2.028824543739246700e+00 -8.715292025498069339e-05 -1.000000000000000000e+00 -1.251153974225569919e-04 -4.810804601851307059e-05 5.349886405597942485e+00 1.043399935505668230e+00 1.030442503287373412e+00 1.056514885325525732e+00 0.000000000000000000e+00
6.116141427444425460e+00 2.027134095862917373e+00 -8.103299080713123853e-05 -1.000000000000000000e+00 -1.191362321543024203e-04 -4.184468496650527641e-05 4.605890971942812939e+00 1.042715341220321390e+00 1.029839614002406201e+00 1.055746747548515385e+00 0.000000000000000000e+00
6.121241740397799447e+00 2.025445056493809570e+00 -6.950719280235080968e-05 -1.000000000000000000e+00 -1.078958624234773822e-04 -3.003899394739225931e-05 3.373852879962697671e+00 1.043949769422969132e+00 1.030965778860696958e+00 1.057091948776987200e+00 0.000000000000000000e+00
6.126346306554362187e+00 2.023757424458334508e+00 -5.149462100341947610e-05 -1.000000000000000000e+00 -9.017979001136824544e-05 -1.173554903800344481e-05 1.847863447589588759e+00 1.044164376801205441e+00 1.031156858956325584e+00 1.057330724927761034e+00 0.000000000000000000e+00
6.131455129460903208e+00 2.022071198583879958e+00 -2.855542232174554420e-05 -1.000000000000000000e+00 -6.753452336131799544e-05 1.149303241037394170e-05 5.687788909719984076e-01 1.041623259101549515e+00 1.028610223524095479e+00 1.054795731242748280e+00 0.000000000000000000e+00
6.136568212667169675e+00 2.020386377698810687e+00 -7.467527148055339928e-06 -1.000000000000000000e+00 -4.670433547949839404e-05 3.283612216323897911e-05 3.893068014787104403e-02 1.039443679463596393e+00 1.026450124915312845e+00 1.052596634588491398e+00 0.000000000000000000e+00
6.141685559725869936e+00 2.018702960632467569e+00 5.541387332001420687e-06 1.000000000000000000e+00 -3.393441934658879587e-05 4.608374745511792695e-05 2.136722933187229501e-02 1.040929139307232854e+00 1.027903935391905277e+00 1.054114392111004994e+00 0.000000000000000000e+00
6.146807174192673529e+00 2.017020946215167587e+00 1.509968500949179979e-05 1.000000000000000000e+00 -2.463975909060638455e-05 5.590827907924397484e-05 1.576644248725074249e-01 1.039501481773858815e+00 1.026457655700325766e+00 1.052705826444199966e+00 0.000000000000000000e+00
6.151933059626216505e+00 2.015340333278202056e+00 1.712450146011828975e-05 1.000000000000000000e+00 -2.285569078899569106e-05 5.817835521295105784e-05 2.007211273191273904e-01 1.039297207910280019e+00 1.026251294291605998e+00 1.052503695055872379e+00 0.000000000000000000e+00
6.157063219588101433e+00 2.013661120653835290e+00 1.456780400306576693e-05 1.000000000000000000e+00 -2.561659506628602119e-05 5.583179476353969660e-05 1.436987136210063909e-01 1.038648859778930955e+00 1.025574556303153084e+00 1.051884568291048483e+00 0.000000000000000000e+00
6.162197657642900950e+00 2.011983307175305935e+00 7.438770057487613945e-06 1.000000000000000000e+00 -3.285959954585229384e-05 4.882632517160027480e-05 3.710666796567352321e-02 1.040043918134203382e+00 1.026930140237039213e+00 1.053319690382008567e+00 0.000000000000000000e+00
6.167336377358160426e+00 2.010306891676824304e+00 2.312842288154176716e-06 1.000000000000000000e+00 -3.808677991543467129e-05 4.381384384116748955e-05 3.563103897278097065e-03 1.039767856433770676e+00 1.026547590300070922e+00 1.053152601248384723e+00 0.000000000000000000e+00
6.172479382304400630e+00 2.008631872993570600e+00 4.736369793573179880e-07 1.000000000000000000e+00 -4.000101933260082651e-05 4.205962433551212746e-05 1.484866927228267741e-04 1.039193216060332770e+00 1.026054127948561989e+00 1.052494766132005433e+00 0.000000000000000000e+00
6.177626676055119503e+00 2.006958249961698471e+00 3.755598467149595479e-06 1.000000000000000000e+00 -3.692954784195874010e-05 4.555085575308550911e-05 9.278998753956102519e-03 1.038198263734085414e+00 1.024957644932620759e+00 1.051603990626887919e+00 0.000000000000000000e+00
6.182778262186794827e+00 2.005286021418328790e+00 1.058438375321659445e-05 1.000000000000000000e+00 -3.028661007602334463e-05 5.256101082541058246e-05 7.338377754618363724e-02 1.038713497300553179e+00 1.025443875415706030e+00 1.052148904930602091e+00 0.000000000000000000e+00
6.187934144278887771e+00 2.003615186201552323e+00 1.958683594695030149e-05 1.000000000000000000e+00 -2.136132079208189789e-05 6.164043153864322505e-05 2.512886360347863501e-01 1.040822118458090362e+00 1.027625684124726879e+00 1.054182486831878318e+00 0.000000000000000000e+00
6.193094325913842901e+00 2.001945743150427948e+00 3.399830613687198532e-05 1.000000000000000000e+00 -7.058482896323675908e-06 7.616088407825957708e-05 7.607568196550431594e-01 1.038595178965774357e+00 1.025313439362214529e+00 1.052043269507505263e+00 0.000000000000000000e+00
6.198258810677093500e+00 2.000277691104981770e+00 4.446726402093236793e-05 1.000000000000000000e+00 3.341147724006334092e-06 8.669790674905005824e-05 1.305297471583486413e+00 1.038496257973124282e+00 1.025194246453593694e+00 1.051965132449440565e+00 0.000000000000000000e+00
6.203427602157062459e+00 1.998611028906206677e+00 5.197411654134391815e-05 1.000000000000000000e+00 1.077285294659921906e-05 9.427815278447882895e-05 1.782619312936134293e+00 1.037229541512427966e+00 1.024017956973492183e+00 1.050606109227152363e+00 0.000000000000000000e+00
6.208600703945164057e+00 1.996945755396060118e+00 5.115469194006479377e-05 1.000000000000000000e+00 9.818841267581455718e-06 9.359353831615328735e-05 1.717282965173211551e+00 1.039224982391131036e+00 1.025892836891485693e+00 1.052724808450073546e+00 0.000000000000000000e+00
6.213778119635809283e+00 1.995281869417466547e+00 4.636193054545144999e-05 1.000000000000000000e+00 4.912878464335274087e-06 8.892079814260719071e-05 1.399526571725289159e+00 1.040422003740319790e+00 1.027049991626237668e+00 1.053962343622257603e+00 0.000000000000000000e+00
6.218959852826404955e+00 1.993619369814312314e+00 3.737794843180877508e-05 1.000000000000000000e+00 -4.158151149857200718e-06 8.003134710005339100e-05 9.013227593671331306e-01 1.042804936715398201e+00 1.029383866724087992e+00 1.056395054278560730e+00 0.000000000000000000e+00
6.224145907117359044e+00 1.991958255431448777e+00 2.939239970722185561e-05 1.000000000000000000e+00 -1.219707531172090846e-05 7.210382984678036038e-05 5.532148566744012896e-01 1.043647228474414046e+00 1.030217284232300967e+00 1.057246167256494562e+00 0.000000000000000000e+00
6.229336286112081567e+00 1.990298525114688521e+00 2.376870507736679540e-05 1.000000000000000000e+00 -1.783286393661473714e-05 6.649751604160469506e-05 3.603845708843209650e-01 1.044041087541910606e+00 1.030578565680833059e+00 1.057673387644716634e+00 0.000000000000000000e+00
6.234530993416986355e+00 1.988640177710806478e+00 2.111520597574824439e-05 1.000000000000000000e+00 -2.047812720669974268e-05 6.384252179867153489e-05 2.843490929799372680e-01 1.044917525252547330e+00 1.031340465560590003e+00 1.058667027217500278e+00 0.000000000000000000e+00
6.239730032641496393e+00 1.986983212067538140e+00 2.390558051153742589e-05 1.000000000000000000e+00 -1.763393733872912128e-05 6.658252612561768916e-05 3.653419542177971380e-01 1.043932354831696996e+00 1.030448565298125230e+00 1.057586526393567761e+00 0.000000000000000000e+00
6.244933407398043812e+00 1.985327627033580011e+00 2.815116941565331190e-05 1.000000000000000000e+00 -1.338807368807631262e-05 7.082306516758281963e-05 5.078797270067809677e-01 1.043901906391109913e+00 1.030394090030196441e+00 1.057580740974125799e+00 0.000000000000000000e+00
6.250141121302072555e+00 1.983673421458586272e+00 3.127209721629009358e-05 1.000000000000000000e+00 -1.027071463915575584e-05 7.394223690933502259e-05 6.283610481061714381e-01 1.045369949570119195e+00 1.031747668457064782e+00 1.059166064792555151e+00 0.000000000000000000e+00
6.255353177972041934e+00 1.982020594193170782e+00 3.258194255407334343e-05 1.000000000000000000e+00 -8.862179698434596809e-06 7.515499244371926586e-05 6.843429702516345969e-01 1.046744745658303000e+00 1.033203163888011700e+00 1.060457992506555369e+00 0.000000000000000000e+00
6.260569581029430175e+00 1.980369144088905076e+00 3.279296237343608294e-05 1.000000000000000000e+00 -8.583833424207545091e-06 7.530245419112134998e-05 6.953678939943870319e-01 1.045486687279233662e+00 1.031928176867800584e+00 1.059217456095946419e+00 0.000000000000000000e+00
6.265790334098732650e+00 1.978719069998317037e+00 2.333302200018175487e-05 1.000000000000000000e+00 -1.799911529431688769e-05 6.580233761311620627e-05 3.509731413295185121e-01 1.049822247116673601e+00 1.036125636645903070e+00 1.063693935505347632e+00 0.000000000000000000e+00
6.271015440807469865e+00 1.977070370774890451e+00 1.469938487927445998e-05 1.000000000000000000e+00 -2.666936646331766360e-05 5.721471158307146309e-05 1.383451518711069639e-01 1.049762386169834638e+00 1.036031998524512332e+00 1.063668602180558587e+00 0.000000000000000000e+00
6.276244904786186574e+00 1.975423045273065226e+00 3.820335802663331553e-06 1.000000000000000000e+00 -3.766225244102542621e-05 4.646168880434673869e-05 9.232593156525581435e-03 1.050921530093169576e+00 1.037176712070459805e+00 1.064842120113040913e+00 0.000000000000000000e+00
6.281478729668454442e+00 1.973777092348234952e+00 -4.466419691953441976e-06 -1.000000000000000000e+00 -4.614012411049128861e-05 3.837357458970045191e-05 1.245361425949909062e-02 1.051853631240487141e+00 1.038064191635581279e+00 1.065819784436787376e+00 0.000000000000000000e+00
6.286716919090875599e+00 1.972132510856748011e+00 -7.519282936224324909e-06 -1.000000000000000000e+00 -4.935740278052390151e-05 3.548562429281867681e-05 3.498483424078813186e-02 1.053280161912153012e+00 1.039446495642001311e+00 1.067291382431240665e+00 0.000000000000000000e+00
6.291959476693084419e+00 1.970489299655904469e+00 -1.239123068776284050e-06 -1.000000000000000000e+00 -4.312883574212356830e-05 4.181777387474353269e-05 9.509811225143494084e-04 1.052610335823554344e+00 1.038786309593131563e+00 1.066611788100501723e+00 0.000000000000000000e+00
6.297206406117751065e+00 1.968847457603957185e+00 1.000769987069435152e-05 1.000000000000000000e+00 -3.184631635078589214e-05 5.303073677957810848e-05 6.252008877109460627e-02 1.052748065496117880e+00 1.038903933666271984e+00 1.066770208141718079e+00 0.000000000000000000e+00
6.302457711010582386e+00 1.967206983560110700e+00 2.450118700739701294e-05 1.000000000000000000e+00 -1.735709438239115766e-05 6.752688548971755116e-05 3.778488860447168918e-01 1.051846133629346536e+00 1.037988615698496320e+00 1.065882317368795906e+00 0.000000000000000000e+00
6.307713395020327241e+00 1.965567876384518575e+00 3.806636390393595395e-05 1.000000000000000000e+00 -3.908168864956852295e-06 8.120328605862995089e-05 9.144142390290426192e-01 1.050410825009104432e+00 1.036570491228571811e+00 1.064429801583394397e+00 0.000000000000000000e+00
6.312973461798775610e+00 1.963930134938285832e+00 4.816103685253563275e-05 1.000000000000000000e+00 5.945541838273445546e-06 9.153598083933372717e-05 1.457222562709233671e+00 1.048474017200234698e+00 1.034615358869687363e+00 1.062512143695172329e+00 0.000000000000000000e+00
6.318237915000763039e+00 1.962293758083465844e+00 5.044612402552780818e-05 1.000000000000000000e+00 7.936817759961255041e-06 9.411672780163066686e-05 1.582220935170425946e+00 1.049531632277426185e+00 1.035546184952859772e+00 1.063699532955905802e+00 0.000000000000000000e+00
6.323506758284172413e+00 1.960658744683059451e+00 4.897040755233495905e-05 1.000000000000000000e+00 6.265775208301212608e-06 9.284318876445941818e-05 1.474783135676631218e+00 1.049890897958623226e+00 1.035983378091292817e+00 1.063978831153923554e+00 0.000000000000000000e+00
6.328779995309938400e+00 1.959025093601015399e+00 4.241853980037584552e-05 1.000000000000000000e+00 -3.953860210867171827e-07 8.640610778464409699e-05 1.096883998164528862e+00 1.052423766675240069e+00 1.038464837055624423e+00 1.066563880780200479e+00 0.000000000000000000e+00
6.334057629742047446e+00 1.957392803702229900e+00 3.389217196246802831e-05 1.000000000000000000e+00 -8.919681599952179567e-06 7.788369403814206096e-05 6.973777585822631409e-01 1.055767736226979059e+00 1.041670516803859359e+00 1.070049243444934239e+00 0.000000000000000000e+00
6.339339665247542221e+00 1.955761873852543076e+00 2.472862524230250316e-05 1.000000000000000000e+00 -1.791768044659442316e-05 6.856482233497744583e-05 3.710655069442054810e-01 1.059986464743960521e+00 1.045951980508788459e+00 1.074202723052878117e+00 0.000000000000000000e+00
6.344626105496522506e+00 1.954132302918741848e+00 1.965434480725288807e-05 1.000000000000000000e+00 -2.288968728769455064e-05 6.339496091134403483e-05 2.346561141039273934e-01 1.060962744330523844e+00 1.046894161961434477e+00 1.075213842453858426e+00 0.000000000000000000e+00
6.349916954162148741e+00 1.952504089768555939e+00 1.309157128942465031e-05 1.000000000000000000e+00 -2.944167855160485640e-05 5.682221594688371919e-05 1.038319993614891246e-01 1.064644146191517926e+00 1.050435716157104959e+00 1.079038056829885406e+00 0.000000000000000000e+00
6.355212214920644698e+00 1.950877233270659206e+00 1.441654599601622867e-05 1.000000000000000000e+00 -2.822104225886111007e-05 5.825441721150414960e-05 1.254791254935980760e-01 1.061688319813027359e+00 1.047464451356658222e+00 1.076098574140441633e+00 0.000000000000000000e+00
6.360511891451300137e+00 1.949251732294668749e+00 1.489085732650609585e-05 1.000000000000000000e+00 -2.789159102215911826e-05 5.888043744629840133e-05 1.330140842433422677e-01 1.061641390554365572e+00 1.047416803667571505e+00 1.076052201089837679e+00 0.000000000000000000e+00
6.365815987436472589e+00 1.947627585711142251e+00 2.290958158775949910e-05 1.000000000000000000e+00 -2.011105197240801014e-05 6.714193897035706051e-05 3.132887183308810108e-01 1.056652202662878404e+00 1.042424303184951828e+00 1.071067178785802820e+00 0.000000000000000000e+00
6.371124506561590906e+00 1.946004792391578420e+00 2.762066483644459787e-05 1.000000000000000000e+00 -1.560182090585578553e-05 7.205410169734578752e-05 4.527145334909619123e-01 1.058138297002703565e+00 1.043866635617228811e+00 1.072598166218086790e+00 0.000000000000000000e+00
6.376437452515156146e+00 1.944383351208418098e+00 3.756502184320393255e-05 1.000000000000000000e+00 -5.834565657886747194e-06 8.217520925866224259e-05 8.356217418654807716e-01 1.057072600946368235e+00 1.042811431053962679e+00 1.071521985539758415e+00 0.000000000000000000e+00
6.381754828988746020e+00 1.942763261035039601e+00 4.965695144537260881e-05 1.000000000000000000e+00 6.094089349429689681e-06 9.443332532962770733e-05 1.460471399019553473e+00 1.055478417366161104e+00 1.041198813721415650e+00 1.069947026069909546e+00 0.000000000000000000e+00
6.387076639677015777e+00 1.941144520745761159e+00 6.521014369481595492e-05 1.000000000000000000e+00 2.143751462780130922e-05 1.102002718041785113e-04 2.520195595004281586e+00 1.050605955961114946e+00 1.036327312524935040e+00 1.065074304067633815e+00 0.000000000000000000e+00
6.392402888277703532e+00 1.939527129215838475e+00 7.623465513680595894e-05 1.000000000000000000e+00 3.222441118670198520e-05 1.214634587569908227e-04 3.430463548689431263e+00 1.049433652970714670e+00 1.035165071384932522e+00 1.063892040778817716e+00 0.000000000000000000e+00
6.397733578491629380e+00 1.937911085321463833e+00 8.454750260485122701e-05 1.000000000000000000e+00 4.025002704956660257e-05 1.300617963200392335e-04 4.188256307716898164e+00 1.049330153269596888e+00 1.035026136373716765e+00 1.063824781063350988e+00 0.000000000000000000e+00
6.403068714022700725e+00 1.936296387939767438e+00 8.914260972195325948e-05 1.000000000000000000e+00 4.456814545745717954e-05 1.349318870100220727e-04 4.618342126833624661e+00 1.050787098979556022e+00 1.036349306772742729e+00 1.065418957338416517e+00 0.000000000000000000e+00
6.408408298577912277e+00 1.934683035948813856e+00 9.456035025952705972e-05 1.000000000000000000e+00 4.986427437036005891e-05 1.404732470382779447e-04 5.178141131237808281e+00 1.048770501763235830e+00 1.034435831139921547e+00 1.063296808668080295e+00 0.000000000000000000e+00
6.413752335867351384e+00 1.933071028227602239e+00 9.674685336321289645e-05 1.000000000000000000e+00 5.204158303347503355e-05 1.426708616010793971e-04 5.425451828265849485e+00 1.046911680957264945e+00 1.032558613445233808e+00 1.061457364703147110e+00 0.000000000000000000e+00
6.419100829604198033e+00 1.931460363656067436e+00 9.136896844731917482e-05 1.000000000000000000e+00 4.677483287547576374e-05 1.371855508450449065e-04 4.850996497441499855e+00 1.049145030404154744e+00 1.034660221851179118e+00 1.063825402536140663e+00 0.000000000000000000e+00
6.424453783504729287e+00 1.929851041115075327e+00 8.267928858384693584e-05 1.000000000000000000e+00 3.830402777875344355e-05 1.282856487884502191e-04 3.981545231292145104e+00 1.050922573018185258e+00 1.036520676020184828e+00 1.065517566420961515e+00 0.000000000000000000e+00
6.429811201288321953e+00 1.928243059486426159e+00 6.751965316394270664e-05 1.000000000000000000e+00 2.328983403716739393e-05 1.129865274822803808e-04 2.649998613267541714e+00 1.055694432625281065e+00 1.041139451920263248e+00 1.070445704670392573e+00 0.000000000000000000e+00
6.435173086677453469e+00 1.926636417652850763e+00 5.059748057470276429e-05 1.000000000000000000e+00 6.477705267006002483e-06 9.595937464747483466e-05 1.479792891988026327e+00 1.059559704667091706e+00 1.044941679795727163e+00 1.074374987286378813e+00 0.000000000000000000e+00
6.440539443397706343e+00 1.925031114498011453e+00 3.754733201989353744e-05 1.000000000000000000e+00 -6.494480247347595488e-06 8.284025170196318609e-05 8.100804694278451734e-01 1.058617831250364461e+00 1.044091586661494819e+00 1.073339047686412639e+00 0.000000000000000000e+00
6.445910275177769044e+00 1.923427148906499795e+00 2.063211275721828442e-05 1.000000000000000000e+00 -2.336644884884953315e-05 6.589334826157975875e-05 2.428038813689852304e-01 1.063396501360390989e+00 1.048710060629693075e+00 1.078281069343193455e+00 0.000000000000000000e+00
6.451285585749439555e+00 1.921824519763838390e+00 9.658185793245249650e-06 1.000000000000000000e+00 -3.428580149159122988e-05 5.487405130021395826e-05 5.296327724553862026e-02 1.066466206223016355e+00 1.051722049504744128e+00 1.081409322609847345e+00 0.000000000000000000e+00
6.456665378847628034e+00 1.920223225956476210e+00 7.102724038202296820e-06 1.000000000000000000e+00 -3.680274524849054795e-05 5.227861370731289758e-05 2.863128772224854401e-02 1.066748744992799924e+00 1.052006763253722221e+00 1.081689893919820289e+00 0.000000000000000000e+00
6.462049658210359482e+00 1.918623266371792813e+00 8.764119526495618855e-06 1.000000000000000000e+00 -3.506398825036282952e-05 5.385474794541112792e-05 4.376741677511120088e-02 1.068022510072883291e+00 1.053242747232344456e+00 1.083002350491912180e+00 0.000000000000000000e+00
6.467438427578775517e+00 1.917024639898092353e+00 1.606482848245783962e-05 1.000000000000000000e+00 -2.761606037196580654e-05 6.100474157340304078e-05 1.485787883538876031e-01 1.066359713279612986e+00 1.051567003520155641e+00 1.081353321232693121e+00 0.000000000000000000e+00
6.472831690697137930e+00 1.915427345424606687e+00 2.168602551767602769e-05 1.000000000000000000e+00 -2.178652527960748061e-05 6.642096567746559512e-05 2.738090161834776382e-01 1.065748071099179128e+00 1.050974654853266799e+00 1.080722103564293768e+00 0.000000000000000000e+00
6.478229451312831344e+00 1.913831381841492263e+00 2.473610319469440920e-05 1.000000000000000000e+00 -1.861359588929185514e-05 6.935247882539843521e-05 3.587103553442574366e-01 1.063960388354051378e+00 1.049170847039558874e+00 1.078951286091878403e+00 0.000000000000000000e+00
6.483631713176364109e+00 1.912236748039830792e+00 2.225333616136352814e-05 1.000000000000000000e+00 -2.110208713422100367e-05 6.687726624917373990e-05 2.898250417664627321e-01 1.062374174519941761e+00 1.047558740599614735e+00 1.077391965130869211e+00 0.000000000000000000e+00
6.489038480041373624e+00 1.910643442911627687e+00 1.190378529122743382e-05 1.000000000000000000e+00 -3.152484877272397813e-05 5.660340034403928497e-05 8.211398765971011926e-02 1.063517220344228464e+00 1.048689654990208275e+00 1.078547352550557559e+00 0.000000000000000000e+00
6.494449755664626345e+00 1.909051465349812737e+00 -7.014781375219217252e-06 -1.000000000000000000e+00 -5.048574125013230110e-05 3.773494839667136506e-05 2.812728703626987681e-02 1.069909175317975913e+00 1.054993072362418349e+00 1.085028995866112789e+00 0.000000000000000000e+00
6.499865543806021329e+00 1.907460814248235881e+00 -2.086476549676943954e-05 -1.000000000000000000e+00 -6.434942726139139080e-05 2.391255912933145823e-05 2.468607219935989860e-01 1.070564326312328118e+00 1.055508577020586758e+00 1.085827175226822261e+00 0.000000000000000000e+00
6.505285848228594681e+00 1.905871488501671207e+00 -3.342321288036700217e-05 -1.000000000000000000e+00 -7.675858086164533546e-05 1.122159124961960309e-05 6.309684842091201062e-01 1.073024531841721529e+00 1.058045157671663183e+00 1.088208257740682416e+00 0.000000000000000000e+00
6.510710672698518664e+00 1.904283487005811404e+00 -4.132950076187736873e-05 -1.000000000000000000e+00 -8.458072903749745144e-05 3.240440363311580558e-06 9.627824766370167708e-01 1.076265187172610549e+00 1.061228444998804976e+00 1.091507211650644349e+00 0.000000000000000000e+00
6.516140020985107917e+00 1.902696808657271088e+00 -4.093710324523719337e-05 -1.000000000000000000e+00 -8.426453040258704988e-05 3.708542564227723084e-06 9.428488618796251330e-01 1.077367039663265746e+00 1.062194376695771103e+00 1.092748607836950159e+00 0.000000000000000000e+00
6.521573896860818564e+00 1.901111452353583031e+00 -3.072457228891755521e-05 -1.000000000000000000e+00 -7.418481566076742329e-05 1.404854674039849086e-05 5.307951528631775773e-01 1.074155613097906858e+00 1.059101190064721587e+00 1.089416423053136462e+00 0.000000000000000000e+00
6.527012304101254436e+00 1.899527416993199491e+00 -1.689144181510195432e-05 -1.000000000000000000e+00 -6.056065960958077125e-05 2.808183591799882291e-05 1.606442778726204779e-01 1.071234767929140075e+00 1.056075191774661137e+00 1.086604496166919231e+00 0.000000000000000000e+00
6.532455246485166178e+00 1.897944701475490215e+00 1.921240306480742617e-07 1.000000000000000000e+00 -4.361016601986927703e-05 4.529566860754058151e-05 2.088976249581264710e-05 1.066075078267941789e+00 1.050919937479773747e+00 1.081441349934711305e+00 0.000000000000000000e+00
6.537902727794456581e+00 1.896363304700741548e+00 1.239572087205102111e-05 1.000000000000000000e+00 -3.143421007737214192e-05 5.753017383141312404e-05 8.733919484579644177e-02 1.064058407025489261e+00 1.049018579645616622e+00 1.079306622070737687e+00 0.000000000000000000e+00
6.543354751814182357e+00 1.894783225570156437e+00 1.873706925932105017e-05 1.000000000000000000e+00 -2.519658863294217734e-05 6.397759742691699306e-05 1.996675851136160418e-01 1.063837018741257356e+00 1.048672971325457670e+00 1.079212908836183038e+00 0.000000000000000000e+00
6.548811322332555918e+00 1.893204462985853986e+00 2.319440602525805066e-05 1.000000000000000000e+00 -2.089382613523538390e-05 6.859318858502457537e-05 3.049275507780748740e-01 1.060033227676723699e+00 1.044854305332351574e+00 1.075425075376637674e+00 0.000000000000000000e+00
6.554272443140948923e+00 1.891627015850867455e+00 1.859309318439915471e-05 1.000000000000000000e+00 -2.564193202871437976e-05 6.414352354742524698e-05 1.941172193272251434e-01 1.060552478897742512e+00 1.045366270607598569e+00 1.075951807189132969e+00 0.000000000000000000e+00
6.559738118033894949e+00 1.890050883069143817e+00 8.975732676146495027e-06 1.000000000000000000e+00 -3.536942067740777781e-05 5.464244910846253285e-05 4.476965643443975296e-02 1.062508401257879820e+00 1.047261809688603273e+00 1.077969230474656426e+00 0.000000000000000000e+00
6.565208350809092153e+00 1.888476063545543981e+00 1.454245313133484961e-07 1.000000000000000000e+00 -4.420512461154659385e-05 4.582534832213235016e-05 1.169591172356376774e-05 1.061973593263075388e+00 1.046686070872379970e+00 1.077476657969333784e+00 0.000000000000000000e+00
6.570683145267405045e+00 1.886902556185840796e+00 -9.890320967132602503e-06 -1.000000000000000000e+00 -5.406658069653871325e-05 3.562422704553652925e-05 5.406697043930819291e-02 1.063091806401488482e+00 1.047800576166045383e+00 1.078598350740542999e+00 0.000000000000000000e+00
6.576162505212867160e+00 1.885330359896719488e+00 -1.455126512634943650e-05 -1.000000000000000000e+00 -5.849421253994598974e-05 3.073886188775824195e-05 1.177976756124792246e-01 1.060119294823353098e+00 1.044814152833464682e+00 1.075640749231932425e+00 0.000000000000000000e+00
6.581646434452685490e+00 1.883759473585775446e+00 -2.231846863153370369e-05 -1.000000000000000000e+00 -6.603945863877655671e-05 2.275695582513207290e-05 2.784670415981196356e-01 1.062072681024417653e+00 1.046625414785658403e+00 1.077739834797359686e+00 0.000000000000000000e+00
6.587134936797241380e+00 1.882189896161514886e+00 -2.782010062436021132e-05 -1.000000000000000000e+00 -7.138878896348268156e-05 1.711163706397335105e-05 4.329222774168357546e-01 1.063004880807722818e+00 1.047650768984523362e+00 1.078576025079413192e+00 0.000000000000000000e+00
6.592628016060094076e+00 1.880621626533353297e+00 -2.923026053733756698e-05 -1.000000000000000000e+00 -7.290643378910115278e-05 1.581402482502832930e-05 4.754362359807231542e-01 1.061057822060095024e+00 1.045673345287877698e+00 1.076660565811122350e+00 0.000000000000000000e+00
6.598125676057981615e+00 1.879054663611614329e+00 -2.944118078921392997e-05 -1.000000000000000000e+00 -7.340769255826003203e-05 1.589488093804219002e-05 4.772815905748046816e-01 1.060247284947768431e+00 1.044725704588439275e+00 1.075991158463465158e+00 0.000000000000000000e+00
6.603627920610826152e+00 1.877489006307530905e+00 -2.432869595140160535e-05 -1.000000000000000000e+00 -6.857528704987895640e-05 2.129032480329014053e-05 3.227886706303593201e-01 1.057590098467395823e+00 1.042178451854023136e+00 1.073221448194392469e+00 0.000000000000000000e+00
6.609134753541735741e+00 1.875924653533241671e+00 -1.637165783040847911e-05 -1.000000000000000000e+00 -6.089630300313111141e-05 2.952432510004315247e-05 1.454438258221273372e-01 1.056339479942962178e+00 1.040799628692634649e+00 1.072102903572426102e+00 0.000000000000000000e+00
6.614646178677005217e+00 1.874361604201792542e+00 -5.882619707134113088e-06 -1.000000000000000000e+00 -5.050866257198796189e-05 4.011048181784819967e-05 1.881961627924511049e-02 1.055730553945703365e+00 1.040159411532557865e+00 1.071526523155195809e+00 0.000000000000000000e+00
6.620162199846120643e+00 1.872799857227134490e+00 6.823757397473798189e-06 1.000000000000000000e+00 -3.771996423354780656e-05 5.272954426121299160e-05 2.555878791844179432e-02 1.053182176464747544e+00 1.037738831704274389e+00 1.068847500830621966e+00 0.000000000000000000e+00
6.625682820881761970e+00 1.871239411524124430e+00 1.080780278363805100e-05 1.000000000000000000e+00 -3.359304962941520327e-05 5.656841287042434978e-05 6.468187424844984434e-02 1.056666301990059287e+00 1.041075076197419014e+00 1.072483147363386236e+00 0.000000000000000000e+00
6.631208045619805702e+00 1.869680266008521441e+00 1.737956336443064096e-05 1.000000000000000000e+00 -2.693043333021315764e-05 6.305795918521544250e-05 1.685863169352899149e-01 1.051087812331345628e+00 1.035501514844866522e+00 1.066900812124090825e+00 0.000000000000000000e+00
6.636737877899325788e+00 1.868122419596990769e+00 1.127923831466803478e-05 1.000000000000000000e+00 -3.302476641944190937e-05 5.696441487214833261e-05 7.069507732433066849e-02 1.051783547629378868e+00 1.036193292546765399e+00 1.067600383373646267e+00 0.000000000000000000e+00
6.642272321562598059e+00 1.866565871207098271e+00 3.527009889305377873e-06 1.000000000000000000e+00 -4.099179748741514965e-05 4.943651476487722105e-05 6.822063454464455390e-03 1.047796346503681475e+00 1.032178390645551724e+00 1.063642324150484653e+00 0.000000000000000000e+00
6.647811380455102892e+00 1.865010619757312416e+00 -4.347259238732749165e-06 -1.000000000000000000e+00 -4.917427807570774479e-05 4.187439722964294978e-05 1.019679627964364954e-02 1.040632114077088000e+00 1.025004235728662838e+00 1.056489790663770023e+00 0.000000000000000000e+00
6.653355058425526991e+00 1.863456664167002952e+00 -1.992743765278344681e-05 -1.000000000000000000e+00 -6.482589647874962310e-05 2.636927715347482350e-05 2.115100978271300391e-01 1.042393178561338729e+00 1.026744375108483043e+00 1.058271935054533541e+00 0.000000000000000000e+00
6.658903359325766047e+00 1.861904003356439352e+00 -2.463975187891666001e-05 -1.000000000000000000e+00 -6.934172886933568096e-05 2.147121597876179314e-05 3.249670232827668315e-01 1.037353109360942716e+00 1.021700735706909891e+00 1.053236242126904143e+00 0.000000000000000000e+00
6.664456287010930069e+00 1.860352636246791480e+00 -2.977589685056628051e-05 -1.000000000000000000e+00 -7.402586201744919877e-05 1.589823585902120319e-05 4.817172432820342465e-01 1.038192334928719873e+00 1.022409458390714843e+00 1.054209563141380368e+00 0.000000000000000000e+00
6.670013845339340719e+00 1.858802561760127592e+00 -2.710655024832239827e-05 -1.000000000000000000e+00 -7.091833227406152418e-05 1.814066425145343520e-05 4.060464468136473215e-01 1.034332886211669189e+00 1.018695147453813288e+00 1.050201728630186349e+00 0.000000000000000000e+00
6.675576038172540194e+00 1.857253778819414780e+00 -2.746822686647462360e-05 -1.000000000000000000e+00 -7.117085044316269450e-05 1.766558763511158562e-05 4.191578087890093229e-01 1.034473096615169396e+00 1.018700913123794738e+00 1.050480413102896637e+00 0.000000000000000000e+00
6.681142869375288562e+00 1.855706286348516532e+00 -2.211807549038671868e-05 -1.000000000000000000e+00 -6.602130792501434105e-05 2.321006838341824465e-05 2.707554038277919517e-01 1.027543332185624658e+00 1.011773517569727998e+00 1.043550005243001788e+00 0.000000000000000000e+00
6.686714342815570866e+00 1.854160083272192949e+00 -2.249043737693134397e-05 -1.000000000000000000e+00 -6.664770893229763249e-05 2.309493939644056886e-05 2.766068481817995917e-01 1.025998097079013238e+00 1.010330272247505823e+00 1.041900212418279903e+00 0.000000000000000000e+00
6.692290462364595349e+00 1.852615168516101862e+00 -2.544233724645263844e-05 -1.000000000000000000e+00 -6.989188625664967771e-05 2.044520023351809854e-05 3.495492955176899841e-01 1.027754980112585592e+00 1.011924248586220987e+00 1.043824046554038265e+00 0.000000000000000000e+00
6.697871231896799671e+00 1.851071541006794829e+00 -2.382255786066429958e-05 -1.000000000000000000e+00 -6.847178417162671040e-05 2.227495650126010078e-05 3.043104576030088992e-01 1.026904320199096166e+00 1.011030125611179553e+00 1.043018328694265140e+00 0.000000000000000000e+00
6.703456655289853572e+00 1.849529199671717139e+00 -1.960231312296942697e-05 -1.000000000000000000e+00 -6.434890094626953484e-05 2.659520769536891121e-05 2.056561727708583476e-01 1.026411354296742795e+00 1.010545383561417987e+00 1.042517162523892704e+00 0.000000000000000000e+00
6.709046736424657986e+00 1.847988143439209141e+00 -1.282516815898174459e-05 -1.000000000000000000e+00 -5.761476628349299263e-05 3.341368041233641823e-05 8.826122326682650510e-02 1.025850172972032182e+00 1.009948012996465971e+00 1.041993459338230288e+00 0.000000000000000000e+00
6.714641479185352146e+00 1.846448371238503361e+00 -2.074998640768804136e-06 -1.000000000000000000e+00 -4.690079098860718188e-05 4.420195233939539208e-05 2.323032850981121555e-03 1.022129690725132267e+00 1.006215993705023015e+00 1.038285939350458653e+00 0.000000000000000000e+00
6.720240887459313583e+00 1.844909881999724721e+00 5.306021584117081179e-06 1.000000000000000000e+00 -3.957415498904512120e-05 5.164455862487944297e-05 1.521884989951161060e-02 1.021278904682088484e+00 1.005379668443938224e+00 1.037420328090014721e+00 0.000000000000000000e+00
6.725844965137160791e+00 1.843372674653889876e+00 1.398921915249558019e-05 1.000000000000000000e+00 -3.112845682198371459e-05 6.057357299886007495e-05 1.053996182670147164e-01 1.017278782311960450e+00 1.001360104195956557e+00 1.033441098471520991e+00 0.000000000000000000e+00
6.731453716112758556e+00 1.841836748132905655e+00 1.780190399866662856e-05 1.000000000000000000e+00 -2.767049981915566931e-05 6.474559092116146752e-05 1.686101510794628666e-01 1.016844883500223951e+00 1.000924167315931923e+00 1.033009315173053944e+00 0.000000000000000000e+00
6.737067144283217068e+00 1.840302101369569288e+00 2.440893824816345198e-05 1.000000000000000000e+00 -2.152609152386025459e-05 7.181423222288932904e-05 3.127159323410069192e-01 1.012834692123657288e+00 9.968846878817975155e-01 1.028948921393819660e+00 0.000000000000000000e+00
6.742685253548897251e+00 1.838768733297566405e+00 2.775045437824564802e-05 1.000000000000000000e+00 -1.851537255527158700e-05 7.548653631852886910e-05 3.998294165929365818e-01 1.012796292643531881e+00 9.967912882944180986e-01 1.028966713931868782e+00 0.000000000000000000e+00
6.748308047813412536e+00 1.837236642851472368e+00 3.263428643255504900e-05 1.000000000000000000e+00 -1.374593527355542525e-05 8.049287678405157268e-05 5.517045304190446586e-01 1.012244728429782192e+00 9.962493309280094911e-01 1.028405457558531522e+00 0.000000000000000000e+00
6.753935530983630642e+00 1.835705828966748943e+00 4.369006843909756623e-05 1.000000000000000000e+00 -2.723380044278932263e-06 9.159371749675542483e-05 9.947359994713735887e-01 1.005983234476392152e+00 9.899952076437666948e-01 1.022137496856983629e+00 0.000000000000000000e+00
6.759567706969678902e+00 1.834176290579746293e+00 4.983470375766090244e-05 1.000000000000000000e+00 3.372217377101854353e-06 9.779515408052513454e-05 1.298230852569588478e+00 1.004708162549930339e+00 9.885901561506174051e-01 1.020995228213960715e+00 0.000000000000000000e+00
6.765204579684944264e+00 1.832648026627699211e+00 5.409470931064192721e-05 1.000000000000000000e+00 7.512599784864364865e-06 1.021807897179200734e-04 1.523561707825635381e+00 1.004638604182336303e+00 9.886240716550521723e-01 1.020820009246333537e+00 0.000000000000000000e+00
6.770846153046076843e+00 1.831121036048729556e+00 6.471084086270727156e-05 1.000000000000000000e+00 1.769535689792070771e-05 1.132347004373386438e-04 2.161785343755141753e+00 9.970694008169771472e-01 9.809575283973107629e-01 1.013351526014554027e+00 0.000000000000000000e+00
6.776492430972993475e+00 1.829595317781842700e+00 6.951609072949379968e-05 1.000000000000000000e+00 2.207619008128362261e-05 1.184627349915037538e-04 2.461489792122236508e+00 9.952326148137142781e-01 9.790754564204980914e-01 1.011561266365524459e+00 0.000000000000000000e+00
6.782143417388880380e+00 1.828070870766929312e+00 7.260037008349882906e-05 1.000000000000000000e+00 2.492008902941965864e-05 1.217859277634469596e-04 2.659432134042660323e+00 9.951656812574366517e-01 9.791070601314226796e-01 1.011393901122852990e+00 0.000000000000000000e+00
6.787799116220194051e+00 1.826547693944761797e+00 7.713847030911903430e-05 1.000000000000000000e+00 2.937629011130807571e-05 1.264063872180843338e-04 3.004841603491257729e+00 9.933679927685623579e-01 9.771791783063127346e-01 1.009729383407196313e+00 0.000000000000000000e+00
6.793459531396665696e+00 1.825025786256996740e+00 8.288092101611587792e-05 1.000000000000000000e+00 3.528373208230427028e-05 1.319923449482663682e-04 3.504647405821415873e+00 9.890196427135906632e-01 9.728269555104767097e-01 1.005385742700296126e+00 0.000000000000000000e+00
6.799124666851304788e+00 1.823505146646170916e+00 8.162638041668871750e-05 1.000000000000000000e+00 3.433158073727704074e-05 1.304456759234304015e-04 3.434382132934601373e+00 9.892028547260260929e-01 9.730267656394098186e-01 1.005552055870629680e+00 0.000000000000000000e+00
6.804794526520399067e+00 1.821985774055703944e+00 7.844187713871790372e-05 1.000000000000000000e+00 3.134367807906127866e-05 1.270706789754619151e-04 3.190108281450093841e+00 9.873618774056344138e-01 9.711574324993640372e-01 1.003740473675492240e+00 0.000000000000000000e+00
6.810469114343518982e+00 1.820467667429894965e+00 6.866896440625918448e-05 1.000000000000000000e+00 2.168575386263006937e-05 1.171838450681341012e-04 2.436066584967903736e+00 9.877873305501601031e-01 9.716799373564060094e-01 1.004066779656946462e+00 0.000000000000000000e+00
6.816148434263521239e+00 1.818950825713921748e+00 5.479423345283920409e-05 1.000000000000000000e+00 7.761923499805147139e-06 1.033625456488552997e-04 1.536226278815931323e+00 9.881610293342498741e-01 9.718921184653550593e-01 1.004605423639328032e+00 0.000000000000000000e+00
6.821832490226549695e+00 1.817435247853842917e+00 4.128218887589775292e-05 1.000000000000000000e+00 -5.749958865839060009e-06 8.986021749100354299e-05 8.648392895667740277e-01 9.853323918942535897e-01 9.690230496545002570e-01 1.001818419376891534e+00 0.000000000000000000e+00
6.827521286182038907e+00 1.815920932796593723e+00 2.255823687099192004e-05 1.000000000000000000e+00 -2.424378872663432926e-05 7.092038098375797470e-05 2.571942046636763735e-01 9.875366429861358597e-01 9.712109296876706432e-01 1.004038990247393404e+00 0.000000000000000000e+00
6.833214826082717686e+00 1.814407879489987385e+00 1.342916757050643591e-05 1.000000000000000000e+00 -3.303238052534921164e-05 6.146570381707753042e-05 9.184067841358967144e-02 9.815658487241279984e-01 9.652388606556060457e-01 9.980704144157643842e-01 0.000000000000000000e+00
6.838913113884609984e+00 1.812896086882713975e+00 -2.428425766980637771e-08 -1.000000000000000000e+00 -4.601969019191484527e-05 4.755574587001999080e-05 3.040185987401855527e-07 9.829961435096367106e-01 9.665156738662488145e-01 9.996573419577182706e-01 0.000000000000000000e+00
6.844616153547039339e+00 1.811385553924339531e+00 -1.185421174516111719e-05 -1.000000000000000000e+00 -5.734532296062143581e-05 3.522783374948241109e-05 7.294196126035501493e-02 9.853411554780941994e-01 9.689566289900839458e-01 1.001904172039797203e+00 0.000000000000000000e+00
6.850323949032630644e+00 1.809876279565305390e+00 -1.935111258727844697e-05 -1.000000000000000000e+00 -6.457184325531320794e-05 2.746182082246139214e-05 1.954352234799756616e-01 9.846667556086756701e-01 9.682371032042823566e-01 1.001275966050749755e+00 0.000000000000000000e+00
6.856036504307313706e+00 1.808368262756926637e+00 -2.718145236489546388e-05 -1.000000000000000000e+00 -7.233023032017526534e-05 1.956063165843704510e-05 3.850784025325424409e-01 9.853018882323673067e-01 9.687123003876689786e-01 1.002074387465456295e+00 0.000000000000000000e+00
6.861753823340325908e+00 1.806861502451392543e+00 -3.729088759256657414e-05 -1.000000000000000000e+00 -8.239248847387848598e-05 9.412512220512326980e-06 7.194121930271109022e-01 9.895706988804213733e-01 9.730445624710053476e-01 1.006277788008455465e+00 0.000000000000000000e+00
6.867475910104213099e+00 1.805355997601766127e+00 -4.162221818889566419e-05 -1.000000000000000000e+00 -8.686871280598536141e-05 5.235211237446920284e-06 8.895658136693072038e-01 9.897823954176352412e-01 9.730926016463734562e-01 1.006656588736460689e+00 0.000000000000000000e+00
6.873202768574835808e+00 1.803851747161981711e+00 -4.052326423400445294e-05 -1.000000000000000000e+00 -8.587720703955319026e-05 6.448659215327815885e-06 8.388183034723795117e-01 9.875438712385063988e-01 9.709694458622716295e-01 1.004300599806718930e+00 0.000000000000000000e+00
6.878934402731368358e+00 1.802348750086846252e+00 -3.765250897102025547e-05 -1.000000000000000000e+00 -8.314558605710947595e-05 9.453017656218283408e-06 7.227151302630829832e-01 9.873124327576847659e-01 9.705843376355167695e-01 1.004226223333215318e+00 0.000000000000000000e+00
6.884670816556305084e+00 1.800847005332036233e+00 -2.762686976395706023e-05 -1.000000000000000000e+00 -7.316799723474752407e-05 1.952382326237513740e-05 3.911308080881781279e-01 9.825207030776386130e-01 9.657776345175651533e-01 9.994508886828464833e-01 0.000000000000000000e+00
6.890412014035459443e+00 1.799346511854099884e+00 -2.119546108216953856e-05 -1.000000000000000000e+00 -6.661771977700494166e-05 2.584221438858300493e-05 2.317378156314475746e-01 9.826164278954042652e-01 9.659843892377719676e-01 9.994331926270252353e-01 0.000000000000000000e+00
6.896157999157970231e+00 1.797847268610453630e+00 -1.194121335100307299e-05 -1.000000000000000000e+00 -5.736627033944921041e-05 3.510084134432741752e-05 7.411131406146864720e-02 9.779500277194801416e-01 9.612077473441168474e-01 9.948804250174195785e-01 0.000000000000000000e+00
6.901908775916301586e+00 1.796349274559382980e+00 -7.346546035378294345e-06 -1.000000000000000000e+00 -5.276366231669706096e-05 3.968108335251749650e-05 2.816028729289143939e-02 9.742457256167172952e-01 9.574786413593519008e-01 9.912023793394164617e-01 0.000000000000000000e+00
6.907664348306248314e+00 1.794852528660041413e+00 -1.196128850081297920e-05 -1.000000000000000000e+00 -5.726648755875812715e-05 3.494526259949954380e-05 7.469670117880866655e-02 9.747925782857636001e-01 9.580282085647862100e-01 9.917465988305522728e-01 0.000000000000000000e+00
6.913424720326936779e+00 1.793357029872449937e+00 -2.162362813800781404e-05 -1.000000000000000000e+00 -6.666901812134246117e-05 2.502322726578172892e-05 2.450119727177053619e-01 9.739797705273897099e-01 9.571644556470942922e-01 9.909861171500975452e-01 0.000000000000000000e+00
6.919189895980827565e+00 1.791862777157495312e+00 -4.046680206249782019e-05 -1.000000000000000000e+00 -8.497017193891764724e-05 5.656456600005297427e-06 8.636964239818070155e-01 9.762156511695362360e-01 9.593925213362097804e-01 9.932296172726000627e-01 0.000000000000000000e+00
6.924959879273719920e+00 1.790369769476931161e+00 -6.686786466951121172e-05 -1.000000000000000000e+00 -1.106643035554990520e-04 -2.143365096123894266e-05 2.376869479824321729e+00 9.801775551952049970e-01 9.632661720413416839e-01 9.972808906530844508e-01 0.000000000000000000e+00
6.930734674214753532e+00 1.788878005793375303e+00 -9.525987354879938073e-05 -1.000000000000000000e+00 -1.383226454838190319e-04 -5.054919184446407505e-05 4.860875470967130241e+00 9.804541706844638327e-01 9.634819105078815671e-01 9.976196535610278859e-01 0.000000000000000000e+00
6.936514284816411191e+00 1.787387485070310644e+00 -1.308762887321202560e-04 -1.000000000000000000e+00 -1.731536468746467305e-04 -8.694170437501162556e-05 9.201688630152744963e+00 9.846671741304783287e-01 9.676642422466490423e-01 1.001863352283514752e+00 0.000000000000000000e+00
6.942298715094520567e+00 1.785898206272082511e+00 -1.667505341253352840e-04 -1.000000000000000000e+00 -2.082115857877077586e-04 -1.236022133760412284e-04 1.497506795490146203e+01 9.879306530570147737e-01 9.708368980543222726e-01 1.005218876812856488e+00 0.000000000000000000e+00
6.948087969068260428e+00 1.784410168363900873e+00 -2.014239818933075729e-04 -1.000000000000000000e+00 -2.420748938277509906e-04 -1.590432055738259353e-04 2.189167962347548269e+01 9.924885577346787002e-01 9.751918547739605314e-01 1.009983053226959582e+00 0.000000000000000000e+00
6.953882050760158862e+00 1.782923370311836564e+00 -2.271062966315259325e-04 -1.000000000000000000e+00 -2.671408288068061383e-04 -1.853189724489097987e-04 2.781871286846478597e+01 9.929840151618981592e-01 9.757869968832252328e-01 1.010376548727859092e+00 0.000000000000000000e+00
6.959680964196100383e+00 1.781437811082822398e+00 -2.461648082556062121e-04 -1.000000000000000000e+00 -2.859830238173998373e-04 -2.046061765920351833e-04 3.254061128816471182e+01 9.962368160970975772e-01 9.788402181094456589e-01 1.013832990800696221e+00 0.000000000000000000e+00
6.965484713405325046e+00 1.779953489644652054e+00 -2.460632347765492542e-04 -1.000000000000000000e+00 -2.857335894207052064e-04 -2.046328212609832390e-04 3.263556542117693482e+01 9.923659676281160191e-01 9.749401905833049442e-01 1.009992654752414953e+00 0.000000000000000000e+00
6.971293302420433768e+00 1.778470404965979412e+00 -2.356500540099063109e-04 -1.000000000000000000e+00 -2.753321743132618898e-04 -1.941810430876900759e-04 3.004862469540007908e+01 9.909977302699793933e-01 9.735968957822721537e-01 1.008599012358359470e+00 0.000000000000000000e+00
6.977106735277391003e+00 1.776988556016316556e+00 -2.116909608603855615e-04 -1.000000000000000000e+00 -2.519982930861660361e-04 -1.696046551299420330e-04 2.416595610039149733e+01 9.844278038027353128e-01 9.670167108367029307e-01 1.002041014974848876e+00 0.000000000000000000e+00
6.982925016015525621e+00 1.775507941766035547e+00 -1.834132795143960856e-04 -1.000000000000000000e+00 -2.246845572391769805e-04 -1.403892242364514155e-04 1.790081891851177431e+01 9.808994517837136273e-01 9.636172064436089313e-01 9.983817487155782766e-01 0.000000000000000000e+00
6.988748148677535355e+00 1.774028561186365982e+00 -1.423164574267944378e-04 -1.000000000000000000e+00 -1.847953680733020027e-04 -9.811909610018691762e-05 1.067121816277264656e+01 9.690348213814261591e-01 9.516797730094811447e-01 9.865942128911084907e-01 0.000000000000000000e+00
6.994576137309488573e+00 1.772550413249394330e+00 -1.063258537889684349e-04 -1.000000000000000000e+00 -1.497371731931083666e-04 -6.120841960306812606e-05 5.908735008307417047e+00 9.658282393696098200e-01 9.484356320253486405e-01 9.834269836589613067e-01 0.000000000000000000e+00
7.000408985960828723e+00 1.771073496928063928e+00 -7.094147662287564500e-05 -1.000000000000000000e+00 -1.151016975922901614e-04 -2.507053811764779473e-05 2.620033735746446268e+00 9.614530353754572323e-01 9.441094250675937660e-01 9.790026359147853130e-01 0.000000000000000000e+00
7.006246698684376106e+00 1.769597811196173431e+00 -4.345680106035070087e-05 -1.000000000000000000e+00 -8.833842240644218806e-05 3.146753682105379792e-06 9.748524540072480704e-01 9.604339274216777689e-01 9.430345684370562420e-01 9.780407102512483908e-01 0.000000000000000000e+00
7.012089279536330544e+00 1.768123355028376364e+00 -2.077042760259541776e-05 -1.000000000000000000e+00 -6.645986901227821585e-05 2.665107447741474391e-05 2.192211048503196480e-01 9.576442809404545065e-01 9.402669661441083182e-01 9.752289169126582280e-01 0.000000000000000000e+00
7.017936732576273151e+00 1.766650127400181791e+00 -8.709840712132051066e-06 -1.000000000000000000e+00 -5.528891295635341617e-05 3.960436337022157590e-05 3.756959501217238540e-02 9.600098617113536070e-01 9.425278649651874785e-01 9.777012027422047336e-01 0.000000000000000000e+00
7.023789061867172556e+00 1.765178127287950538e+00 3.928143644495289021e-06 1.000000000000000000e+00 -4.356452588011415218e-05 5.315906788261003904e-05 7.450376280530690565e-03 9.565166525740421699e-01 9.389750235452439808e-01 9.742696451001963132e-01 0.000000000000000000e+00
7.029646271475383124e+00 1.763707353668898525e+00 1.138045655343902223e-05 1.000000000000000000e+00 -3.679442718301396552e-05 6.130355990605856171e-05 6.121591441524287802e-02 9.556110658441775429e-01 9.380658787620470562e-01 9.733677074430930887e-01 0.000000000000000000e+00
7.035508365470652059e+00 1.762237805521092104e+00 1.977686197850974723e-05 1.000000000000000000e+00 -2.883268990734949173e-05 7.015017843793985007e-05 1.829510643594858266e-01 9.523243107544014929e-01 9.347311912211796470e-01 9.701305877582647730e-01 0.000000000000000000e+00
7.041375347926120298e+00 1.760769481823449834e+00 2.458170934769747379e-05 1.000000000000000000e+00 -2.421040756849762151e-05 7.515161245868664369e-05 2.819178642091770826e-01 9.523214929084047320e-01 9.345545844387227463e-01 9.703056218515127007e-01 0.000000000000000000e+00
7.047247222918324283e+00 1.759302381555740702e+00 2.630149492299555222e-05 1.000000000000000000e+00 -2.242040649769912389e-05 7.681343089750442953e-05 3.230883291398924939e-01 9.548830675650507027e-01 9.372132093056694258e-01 9.727673263128893133e-01 0.000000000000000000e+00
7.053123994527200402e+00 1.757836503698584130e+00 3.012888357516960722e-05 1.000000000000000000e+00 -1.862625960387287081e-05 8.067752640652243036e-05 4.250744028299351385e-01 9.535070828011805721e-01 9.356789499070738980e-01 9.715538135963273092e-01 0.000000000000000000e+00
7.059005666836087656e+00 1.756371847233449524e+00 2.934519849198782124e-05 1.000000000000000000e+00 -1.935721824779978095e-05 7.984519911344974618e-05 4.029332578018909317e-01 9.543798128961934468e-01 9.366581345045270623e-01 9.723175138715847154e-01 0.000000000000000000e+00
7.064892243931729432e+00 1.754908411142653613e+00 2.491565062179559991e-05 1.000000000000000000e+00 -2.381518965500601957e-05 7.544559397335823042e-05 2.896408244686909939e-01 9.556349308837027712e-01 9.377227514581060186e-01 9.737675044111242517e-01 0.000000000000000000e+00
7.070783729904277948e+00 1.753446194409361780e+00 1.998276582070280147e-05 1.000000000000000000e+00 -2.869787856282933597e-05 7.047030372865378085e-05 1.860841624562823426e-01 9.535146972979900992e-01 9.355464070169822177e-01 9.717052272363340126e-01 0.000000000000000000e+00
7.076680128847296025e+00 1.751985196017586288e+00 4.276152869399269153e-06 1.000000000000000000e+00 -4.411115226815690997e-05 5.448315499471060176e-05 8.498716956310659043e-03 9.594918430101951889e-01 9.415826069183887981e-01 9.776204882300556509e-01 0.000000000000000000e+00
7.082581444857760644e+00 1.750525414952186498e+00 -7.200973165010549080e-06 -1.000000000000000000e+00 -5.532817620840804968e-05 4.275992393825138216e-05 2.416965196817955075e-02 9.578526788075741871e-01 9.397793055775178761e-01 9.761498848051876065e-01 0.000000000000000000e+00
7.088487682036063831e+00 1.749066850198867318e+00 -2.108035871719914154e-05 -1.000000000000000000e+00 -6.884711060832493512e-05 2.853777522876745261e-05 2.078266418299818952e-01 9.568174013536387967e-01 9.386803776387913079e-01 9.751799006526845615e-01 0.000000000000000000e+00
7.094398844486017985e+00 1.747609500744178535e+00 -3.867147172376285126e-05 -1.000000000000000000e+00 -8.604171968422958121e-05 1.057529292047371073e-05 6.996306465366899374e-01 9.589947171908473900e-01 9.408451127364310107e-01 9.773695335566210396e-01 0.000000000000000000e+00
7.100314936314857661e+00 1.746153365575515037e+00 -5.577432036092875548e-05 -1.000000000000000000e+00 -1.028821023796884894e-04 -6.766527176854974558e-06 1.450240134172545936e+00 9.611002480831379868e-01 9.428518090738969848e-01 9.795756536585882301e-01 0.000000000000000000e+00
7.106235961633242226e+00 1.744698443681114597e+00 -7.071695569480479341e-05 -1.000000000000000000e+00 -1.176892031857021002e-04 -2.183517327053962308e-05 2.315072049959567835e+00 9.629270692128319986e-01 9.446618083136988364e-01 9.814193427257231761e-01 0.000000000000000000e+00
7.112161924555259418e+00 1.743244734050058975e+00 -8.028039501053927621e-05 -1.000000000000000000e+00 -1.272202320333506954e-04 -3.143557358125151200e-05 2.967908283773525113e+00 9.628746387049534894e-01 9.445277607501663120e-01 9.814506641591586034e-01 0.000000000000000000e+00
7.118092829198427118e+00 1.741792235672271039e+00 -8.137216124349806561e-05 -1.000000000000000000e+00 -1.282326559936827293e-04 -3.260749540635263379e-05 3.060002984953584360e+00 9.590491564507430677e-01 9.405539927757158303e-01 9.777782419599493346e-01 0.000000000000000000e+00
7.124028679683696907e+00 1.740340947538516092e+00 -7.964999807778249947e-05 -1.000000000000000000e+00 -1.261689124211598013e-04 -3.120794608905268929e-05 2.961560759686335587e+00 9.573846737521245487e-01 9.390377459220110579e-01 9.759622176855563547e-01 0.000000000000000000e+00
7.129969480135457616e+00 1.738890868640399878e+00 -7.400703246458566458e-05 -1.000000000000000000e+00 -1.203323908152934295e-04 -2.573250227720136790e-05 2.581475882427454849e+00 9.546305714804319553e-01 9.362459124093633900e-01 9.732472829430748318e-01 0.000000000000000000e+00
7.135915234681537100e+00 1.737441997970369245e+00 -6.918500413217624568e-05 -1.000000000000000000e+00 -1.156176796510805335e-04 -2.078161076147459486e-05 2.250158914175599989e+00 9.539732428027625222e-01 9.356070738657414898e-01 9.725712859213867523e-01 0.000000000000000000e+00
7.141865947453204910e+00 1.735994334521709703e+00 -6.307620612408410010e-05 -1.000000000000000000e+00 -1.101049766869215531e-04 -1.407496627809584156e-05 1.838266008794903428e+00 9.524004126383683877e-01 9.339592124507194448e-01 9.710757581580101716e-01 0.000000000000000000e+00
7.147821622585176726e+00 1.734547877288545648e+00 -5.709344932147244795e-05 -1.000000000000000000e+00 -1.050121373431328554e-04 -7.211987273795494847e-06 1.466829968631103043e+00 9.525790223073483665e-01 9.339299291387572755e-01 9.714676327987724624e-01 0.000000000000000000e+00
7.153782264215615250e+00 1.733102625265839913e+00 -4.877734805072919216e-05 -1.000000000000000000e+00 -9.742179817607952595e-05 1.844573271171240641e-06 1.045801251496655482e+00 9.533264937619911894e-01 9.347787221822826398e-01 9.721111425665501793e-01 0.000000000000000000e+00
7.159747876486134643e+00 1.731658577449392222e+00 -2.838784429147435726e-05 -1.000000000000000000e+00 -7.771866143487996112e-05 2.295069555629175784e-05 3.506645888810453471e-01 9.443884807106990298e-01 9.257385992755877702e-01 9.632798342280876058e-01 0.000000000000000000e+00
7.165718463541802308e+00 1.730215732835839626e+00 -1.104269764845202093e-05 -1.000000000000000000e+00 -6.076603079019431516e-05 4.071797325318938122e-05 5.275411122435968991e-02 9.407694273028691656e-01 9.222854241789002483e-01 9.594915934452424855e-01 0.000000000000000000e+00
7.171694029531142434e+00 1.728774090422655174e+00 8.939080618529730477e-06 1.000000000000000000e+00 -4.130103555825339354e-05 6.123722804270930571e-05 3.442419286378139986e-02 9.338855416449816094e-01 9.152911051406049658e-01 9.527227560122470962e-01 0.000000000000000000e+00
7.177674578606138667e+00 1.727333649208146804e+00 2.348657264553492875e-05 1.000000000000000000e+00 -2.730902868344224410e-05 7.636148472781497103e-05 2.351110005404990488e-01 9.305246482652568263e-01 9.118881409557522133e-01 9.494060495306940739e-01 0.000000000000000000e+00
7.183660114922237661e+00 1.725894408191456675e+00 3.275392056135460555e-05 1.000000000000000000e+00 -1.863069624453786986e-05 8.623363872505900799e-05 4.493302143021367101e-01 9.292302106254782812e-01 9.107186367265952542e-01 9.479837410869957903e-01 0.000000000000000000e+00
7.189650642638349964e+00 1.724456366372562499e+00 3.658587230332134804e-05 1.000000000000000000e+00 -1.545856409404440410e-05 9.072631207746053813e-05 5.494788898975286884e-01 9.296352337134110577e-01 9.109193679645668507e-01 9.485984868622823196e-01 0.000000000000000000e+00
7.195646165916856241e+00 1.723019522752273547e+00 3.675595813535102355e-05 1.000000000000000000e+00 -1.566672660382515103e-05 9.128239323498427279e-05 5.459903038593409974e-01 9.300029555675166648e-01 9.113913395227157821e-01 9.488591288588139605e-01 0.000000000000000000e+00
7.201646688923606376e+00 1.721583876332232421e+00 3.478330329646655720e-05 1.000000000000000000e+00 -1.783173190108835939e-05 8.952207615294029163e-05 4.855768269528084602e-01 9.295515320604511578e-01 9.107452645051498097e-01 9.486073911678783999e-01 0.000000000000000000e+00
7.207652215827925701e+00 1.720149426114913060e+00 3.068509678333982815e-05 1.000000000000000000e+00 -2.184925956088903818e-05 8.537309103547253324e-05 3.778818989578667242e-01 9.294474746290497524e-01 9.105566412161820722e-01 9.485898464880989644e-01 0.000000000000000000e+00
7.213662750802614987e+00 1.718716171103621404e+00 2.507403701160933738e-05 1.000000000000000000e+00 -2.726897538841510735e-05 7.958966575038773370e-05 2.528014422379811776e-01 9.301319256223637977e-01 9.112408040594464076e-01 9.492742530260477318e-01 0.000000000000000000e+00
7.219678298023954888e+00 1.717284110302493172e+00 2.074194895379964781e-05 1.000000000000000000e+00 -3.149830361969564458e-05 7.515337797214085354e-05 1.732217872571055750e-01 9.293941308386450828e-01 9.104203429748372045e-01 9.486217191400413418e-01 0.000000000000000000e+00
7.225698861671710382e+00 1.715853242716494531e+00 1.557355140759287296e-05 1.000000000000000000e+00 -3.654852816924953674e-05 6.985833080610335676e-05 9.767981776255396653e-02 9.300234353983093394e-01 9.110452848831063211e-01 9.492555813312293367e-01 0.000000000000000000e+00
7.231724445929129885e+00 1.714423567351419875e+00 7.901594059366346431e-06 1.000000000000000000e+00 -4.403702470844278965e-05 6.200016696397066024e-05 2.517811443496498214e-02 9.340541866655034386e-01 9.149453637432670705e-01 9.534194934353092954e-01 0.000000000000000000e+00
7.237755054982951464e+00 1.712995083213891823e+00 4.686296373506145174e-06 1.000000000000000000e+00 -4.703792086924646804e-05 5.857669397774541007e-05 8.916892249843044738e-03 9.337142503512350089e-01 9.144086780282673077e-01 9.532816009089946085e-01 0.000000000000000000e+00
7.243790693023404614e+00 1.711567789311361887e+00 -3.152187374725218930e-07 -1.000000000000000000e+00 -5.164742891319176965e-05 5.319269036276865549e-05 4.066221714538187371e-05 9.350359244750410248e-01 9.158449629245785095e-01 9.544852712921990667e-01 0.000000000000000000e+00
7.249831364244212040e+00 1.710141684652107807e+00 -9.970879221078002012e-06 -1.000000000000000000e+00 -6.096325210750673111e-05 4.319667082699462502e-05 4.086673696343723350e-02 9.402008152170844291e-01 9.208744196546121419e-01 9.597879532394006930e-01 0.000000000000000000e+00
7.255877072842594977e+00 1.708716768245233997e+00 -1.483220628791833162e-05 -1.000000000000000000e+00 -6.565517680997351652e-05 3.817027117923683721e-05 9.078862024026079780e-02 9.377925161300070256e-01 9.182863037101214321e-01 9.575651043113068139e-01 0.000000000000000000e+00
7.261927823019274086e+00 1.707293039100669763e+00 -2.470086168715470522e-05 -1.000000000000000000e+00 -7.531113568333203990e-05 2.811509655664181653e-05 2.511636681175133390e-01 9.385983760622297334e-01 9.192022844919447433e-01 9.582575038626894859e-01 0.000000000000000000e+00
7.267983618978473004e+00 1.705870496229170197e+00 -3.347595843533438008e-05 -1.000000000000000000e+00 -8.415197304031943521e-05 1.943824371619511262e-05 4.577453395798585234e-01 9.367490922283152610e-01 9.171515596897358291e-01 9.566152400439185133e-01 0.000000000000000000e+00
7.274044464927921894e+00 1.704449138642313732e+00 -4.489149928693811581e-05 -1.000000000000000000e+00 -9.571008620463516275e-05 8.196908169212305121e-06 8.100276904320224958e-01 9.385542793061354416e-01 9.190421522320824099e-01 9.583318378188658837e-01 0.000000000000000000e+00
7.280110365078859225e+00 1.703028965352503699e+00 -5.335770205623735447e-05 -1.000000000000000000e+00 -1.046344011184210726e-04 2.086977897359476824e-07 1.121049283801895058e+00 9.409646134168159204e-01 9.211952296210713653e-01 9.610054369816095621e-01 0.000000000000000000e+00
7.286181323646034436e+00 1.701609975372965211e+00 -5.438045985648091540e-05 -1.000000000000000000e+00 -1.061317041387875918e-04 -3.193070427912248930e-07 1.142318839341669445e+00 9.426477096947911694e-01 9.229660980970081363e-01 9.625977922058049918e-01 0.000000000000000000e+00
7.292257344847713263e+00 1.700192167717745617e+00 -4.089844293990324846e-05 -1.000000000000000000e+00 -9.331833427676005711e-05 1.383480493013946564e-05 6.392574862831850169e-01 9.385021315834600752e-01 9.186396310555411393e-01 9.586390027769411404e-01 0.000000000000000000e+00
7.298338432905678630e+00 1.698775541401714717e+00 -2.206889732000219653e-05 -1.000000000000000000e+00 -7.501449514362344641e-05 3.318305822737673417e-05 1.853937572004440426e-01 9.380483268138630759e-01 9.180973360505215730e-01 9.582765043750846035e-01 0.000000000000000000e+00
7.304424592045234199e+00 1.697360095440562322e+00 5.631690398749971350e-06 1.000000000000000000e+00 -4.779095511674627387e-05 6.135649612252702602e-05 1.210506568909863745e-02 9.345490735635721968e-01 9.146553772481641476e-01 9.547196981451417930e-01 0.000000000000000000e+00
7.310515826495206149e+00 1.695945828850798032e+00 2.715474106101601316e-05 1.000000000000000000e+00 -2.674655593425401617e-05 8.335609232281334096e-05 2.809689838632181136e-01 9.401834430843007961e-01 9.201458932296114890e-01 9.605005082010443784e-01 0.000000000000000000e+00
7.316612140487947613e+00 1.694532740649751679e+00 5.618733033295065241e-05 1.000000000000000000e+00 1.588966849566966451e-06 1.130839733099487927e-04 1.198350226848816646e+00 9.365480397821880354e-01 9.165605319785049554e-01 9.568148601133515951e-01 0.000000000000000000e+00
7.322713538259342236e+00 1.693120829855571774e+00 7.804960671312393859e-05 1.000000000000000000e+00 2.262721987383173929e-05 1.357596319360067773e-04 2.283450205566452951e+00 9.372758683597409712e-01 9.171747916360195596e-01 9.576594060009634424e-01 0.000000000000000000e+00
7.328820024048804171e+00 1.691710095487224841e+00 8.629012621886900406e-05 1.000000000000000000e+00 3.010968907491222809e-05 1.447475740281497494e-04 2.733412549487255205e+00 9.479167316617829186e-01 9.275920039089079472e-01 9.685272807463588540e-01 0.000000000000000000e+00
7.334931602099284298e+00 1.690300536564494527e+00 1.006579719230630497e-04 1.000000000000000000e+00 4.373879691651648747e-05 1.598616982144214667e-04 3.661493550732231483e+00 9.461561208986999372e-01 9.258445907386325668e-01 9.667536308638652320e-01 0.000000000000000000e+00
7.341048276657271110e+00 1.688892152107981603e+00 1.050412951303646180e-04 1.000000000000000000e+00 4.756420544183745890e-05 1.648258795252599226e-04 3.926156557073461784e+00 9.496555974220910468e-01 9.291900389567293583e-01 9.704100628503579129e-01 0.000000000000000000e+00
7.347170051972794269e+00 1.687484941139102412e+00 1.086495141668518589e-04 1.000000000000000000e+00 5.077728375757762763e-05 1.688586220769993165e-04 4.153669147745098655e+00 9.492695675136412214e-01 9.288065311267170721e-01 9.700212702609105619e-01 0.000000000000000000e+00
7.353296932299427269e+00 1.686078902680089531e+00 1.005377767938447458e-04 1.000000000000000000e+00 4.244470526309187310e-05 1.609849592213421425e-04 3.510094922879574142e+00 9.578891061381101801e-01 9.372201528208504717e-01 9.788496809498549167e-01 0.000000000000000000e+00
7.359428921894291875e+00 1.684674035753989330e+00 9.296464901259191894e-05 1.000000000000000000e+00 3.466902510893635642e-05 1.536224175381959811e-04 2.969455772011691863e+00 9.635336099244872221e-01 9.425679598048459784e-01 9.847975087867637534e-01 0.000000000000000000e+00
7.365566025018059015e+00 1.683270339384662417e+00 8.873868314107311863e-05 1.000000000000000000e+00 3.038335567094981515e-05 1.494708103841671781e-04 2.687325046215825353e+00 9.641859248363920942e-01 9.433409392422309470e-01 9.853255666375910771e-01 0.000000000000000000e+00
7.371708245934952330e+00 1.681867812596783196e+00 8.209181456117421900e-05 1.000000000000000000e+00 2.366065236503806841e-05 1.429261339837145650e-04 2.287173320030447599e+00 9.667844581632102363e-01 9.456746028853764141e-01 9.881952457763834019e-01 0.000000000000000000e+00
7.377855588912752616e+00 1.680466454415837863e+00 7.744421944982839839e-05 1.000000000000000000e+00 1.907986236191016422e-05 1.382358116879040715e-04 2.028659324802561059e+00 9.671791518317923719e-01 9.461981531775526255e-01 9.884574075976181318e-01 0.000000000000000000e+00
7.384008058222798709e+00 1.679066263868125519e+00 7.702134727843426066e-05 1.000000000000000000e+00 1.859537067572334529e-05 1.378737869897455064e-04 2.005463995618093520e+00 9.630857369933029100e-01 9.419119909068168761e-01 9.845635365417321205e-01 0.000000000000000000e+00
7.390165658139991045e+00 1.677667239980756175e+00 7.245994812584059352e-05 1.000000000000000000e+00 1.414806521723223657e-05 1.331934302731273051e-04 1.775823218116535429e+00 9.629355605798344264e-01 9.416548874478248843e-01 9.845237402227643431e-01 0.000000000000000000e+00
7.396328392942796093e+00 1.676269381781650081e+00 6.568042679250959905e-05 1.000000000000000000e+00 7.673923086176112987e-06 1.261256130563050376e-04 1.464395242579946910e+00 9.638627868973972390e-01 9.425936014008514663e-01 9.854391001877330636e-01 0.000000000000000000e+00
7.402496266913247247e+00 1.674872688299538392e+00 5.781700647923802307e-05 1.000000000000000000e+00 1.515416790344575599e-07 1.179595453727210369e-04 1.140796500522242241e+00 9.638773153710089581e-01 9.425057534895515676e-01 9.855587666186524931e-01 0.000000000000000000e+00
7.408669284336948380e+00 1.673477158563960288e+00 4.635310568876505326e-05 1.000000000000000000e+00 -1.098799571265564605e-05 1.062100957040646560e-04 7.338426989053488114e-01 9.653944999591117515e-01 9.440225783676642335e-01 9.870757114460083637e-01 0.000000000000000000e+00
7.414847449503079169e+00 1.672082791605264962e+00 3.287959601761520056e-05 1.000000000000000000e+00 -2.438224621664586520e-05 9.267276180526475460e-05 3.666646993771109919e-01 9.668779258028319390e-01 9.453680300195647090e-01 9.887006951265665533e-01 0.000000000000000000e+00
7.421030766704393322e+00 1.670689586454608300e+00 1.665236950472939143e-05 1.000000000000000000e+00 -4.069693128253400400e-05 7.653360247321001355e-05 9.275262695177843852e-02 9.700816562684415612e-01 9.484052289076727593e-01 9.920751399767118173e-01 0.000000000000000000e+00
7.427219240237226572e+00 1.669297542143953983e+00 2.161970240879833292e-06 1.000000000000000000e+00 -5.524903150877600867e-05 6.212133734494463242e-05 1.543029286843022874e-03 9.719619390975443585e-01 9.502611162301413117e-01 9.939798667949499844e-01 0.000000000000000000e+00
7.433412874401496673e+00 1.667906657706072160e+00 -1.296008359762417552e-05 -1.000000000000000000e+00 -7.028274937768427084e-05 4.695096177364140982e-05 5.496786101701900407e-02 9.775316657996264702e-01 9.556447851669629401e-01 9.997389977212750578e-01 0.000000000000000000e+00
7.439611673500706956e+00 1.666516932174539223e+00 -1.919435701565853848e-05 -1.000000000000000000e+00 -7.634372442390794300e-05 4.058515375020227227e-05 1.204094649345250900e-01 9.783231350342144195e-01 9.564432925080598169e-01 1.000522698909557473e+00 0.000000000000000000e+00
7.445815641841948995e+00 1.665128364583736253e+00 -2.010046920411691232e-05 -1.000000000000000000e+00 -7.721624396724374663e-05 3.965455233877222330e-05 1.320404022299044300e-01 9.785615924316232173e-01 9.565629570527836023e-01 1.000883553765713918e+00 0.000000000000000000e+00
7.452024783735907043e+00 1.663740953968849468e+00 -1.630905419632675706e-05 -1.000000000000000000e+00 -7.349562346026275960e-05 4.350499983228218862e-05 8.685271153406404210e-02 9.780577431285614187e-01 9.560833265617597609e-01 1.000355493908960947e+00 0.000000000000000000e+00
7.458239103496859812e+00 1.662354699365868660e+00 -8.490861806296736008e-06 -1.000000000000000000e+00 -6.586601588430051680e-05 5.150158970974291127e-05 2.353420899842717517e-02 9.758700429418026845e-01 9.538027374681576909e-01 9.982644737366690446e-01 0.000000000000000000e+00
7.464458605442683137e+00 1.660969599811586539e+00 -3.736721469706493664e-06 -1.000000000000000000e+00 -6.128017368752610892e-05 5.642503923951688481e-05 4.552540191241405410e-03 9.777411907488775533e-01 9.554075643434514209e-01 1.000409458292206288e+00 0.000000000000000000e+00
7.470683293894854415e+00 1.659585654343599170e+00 3.173457735747648750e-06 1.000000000000000000e+00 -5.443976082283669626e-05 6.342370995903141644e-05 3.282421742540009291e-03 9.758258821249681247e-01 9.536615925519357218e-01 9.983205850633409817e-01 0.000000000000000000e+00
7.476913173178454386e+00 1.658202862000304201e+00 7.082597684430182016e-06 1.000000000000000000e+00 -5.077151104246270026e-05 6.759210760209025538e-05 1.628898122176281049e-02 9.743790946033932254e-01 9.519745459239867813e-01 9.971215579720386080e-01 0.000000000000000000e+00
7.483148247622170679e+00 1.656821221820899526e+00 7.081870183235314919e-06 1.000000000000000000e+00 -5.097504120525815798e-05 6.781792563949214341e-05 1.613996206839374281e-02 9.738761243358105002e-01 9.516097261477709512e-01 9.964764600679223427e-01 0.000000000000000000e+00
7.489388521558299594e+00 1.655440732845385288e+00 -1.928773411640890821e-06 -1.000000000000000000e+00 -6.031468352215513463e-05 5.914921231907037125e-05 1.178640689047938395e-03 9.804110991627696947e-01 9.577997946838880949e-01 1.003364478289233253e+00 0.000000000000000000e+00
7.495633999322752317e+00 1.654061394114560324e+00 -1.153091781323242937e-05 -1.000000000000000000e+00 -7.019842229286421867e-05 4.984685924533789570e-05 4.147572613631922422e-02 9.857645426964575242e-01 9.629467958030759611e-01 1.008928734320222453e+00 0.000000000000000000e+00
7.501884685255054031e+00 1.652683204670022832e+00 -1.698063688539875555e-05 -1.000000000000000000e+00 -7.581451034304645777e-05 4.459703133586708130e-05 8.900979613712678429e-02 9.864662934735095590e-01 9.636413913335386550e-01 1.009637279935951426e+00 0.000000000000000000e+00
7.508140583698349246e+00 1.651306163554170148e+00 -2.444662152707631567e-05 -1.000000000000000000e+00 -8.333784109610651886e-05 3.722262733178471520e-05 1.830707730666816246e-01 9.909631198753116044e-01 9.679486046354562889e-01 1.014327573547869177e+00 0.000000000000000000e+00
7.514401698999403578e+00 1.649930269810196748e+00 -2.567856572994217822e-05 -1.000000000000000000e+00 -8.460778378040637927e-05 3.605191938284158372e-05 2.012389826672986715e-01 9.911058507707868337e-01 9.681010959069246136e-01 1.014460183690197193e+00 0.000000000000000000e+00
7.520668035508609073e+00 1.648555522482095359e+00 -2.035678874364329441e-05 -1.000000000000000000e+00 -7.948364224446589975e-05 4.158124061439053411e-05 1.262405038483578323e-01 9.867230878285575546e-01 9.636316393419993576e-01 1.010168385131274160e+00 0.000000000000000000e+00
7.526939597579984209e+00 1.647181920614653627e+00 -1.541469991208556609e-05 -1.000000000000000000e+00 -7.469153332825305479e-05 4.668878316832680484e-05 7.212032283686653500e-02 9.851522427309072905e-01 9.622217008122765369e-01 1.008432419104067668e+00 0.000000000000000000e+00
7.533216389571179228e+00 1.645809463253457006e+00 -1.993410616429966097e-05 -1.000000000000000000e+00 -7.942755656610387012e-05 4.239746552050873188e-05 1.194687791874500249e-01 9.958947532401255520e-01 9.725775419758618812e-01 1.019569772882435776e+00 0.000000000000000000e+00
7.539498415843477019e+00 1.644438149444884756e+00 -1.077828229938449880e-05 -1.000000000000000000e+00 -7.066410195646041813e-05 5.195907527175975388e-05 3.474937393550447950e-02 9.925554323252705480e-01 9.691382231384213508e-01 1.016334632056686615e+00 0.000000000000000000e+00
7.545785680761798453e+00 1.643067978236111282e+00 -3.434710410388824738e-06 -1.000000000000000000e+00 -6.366251654961222156e-05 5.965351854398702534e-05 3.506332382194443653e-03 9.915844564335832834e-01 9.681883746715393979e-01 1.015342514630908966e+00 0.000000000000000000e+00
7.552078188694705041e+00 1.641698948675104575e+00 1.819833868177772906e-06 1.000000000000000000e+00 -5.874970492744289140e-05 6.525573975212478866e-05 9.778473420567479479e-04 9.925097681219335888e-01 9.689685683654211124e-01 1.016417202836659373e+00 0.000000000000000000e+00
7.558375944014398939e+00 1.640331059810627101e+00 7.521210635708602162e-06 1.000000000000000000e+00 -5.331193770046698221e-05 7.123575954656692286e-05 1.661357481743408471e-02 9.917647443795939433e-01 9.682438237742189147e-01 1.015651548161809581e+00 0.000000000000000000e+00
7.564678951096730941e+00 1.638964310692231585e+00 1.824391098716414067e-05 1.000000000000000000e+00 -4.295636913851563949e-05 8.234575621875830670e-05 9.747069743676917142e-02 9.836592910709210935e-01 9.600946356430665185e-01 1.007593905118591371e+00 0.000000000000000000e+00
7.570987214321198699e+00 1.637598700370265004e+00 2.013490675950110699e-05 1.000000000000000000e+00 -4.133010681664866484e-05 8.452656198356794113e-05 1.177701808920161852e-01 9.834276668401887855e-01 9.598736592379765176e-01 1.007351284449925721e+00 0.000000000000000000e+00
7.577300738070952946e+00 1.636234227895864146e+00 1.906246867712886993e-05 1.000000000000000000e+00 -4.277555876782096304e-05 8.385585908776508072e-05 1.042935841168102229e-01 9.848351441017092478e-01 9.611227831702197077e-01 1.008921434084561586e+00 0.000000000000000000e+00
7.583619526732800153e+00 1.634870892320956948e+00 1.857213898080742396e-05 1.000000000000000000e+00 -4.380797920532536775e-05 8.394167821724165992e-05 9.751392474974807101e-02 9.848793173239747123e-01 9.608820069461766478e-01 1.009259093669552465e+00 0.000000000000000000e+00
7.589943584697204315e+00 1.633508692698261822e+00 2.158563883903454330e-05 1.000000000000000000e+00 -4.133794857378581802e-05 8.753970316884944469e-05 1.296062977006187111e-01 9.818143120218781883e-01 9.579843645074879177e-01 1.006022427662565333e+00 0.000000000000000000e+00
7.596272916358290495e+00 1.632147628081284996e+00 2.619493333352547660e-05 1.000000000000000000e+00 -3.745701744331919982e-05 9.290321215126186435e-05 1.877853122473212011e-01 9.794140551995869082e-01 9.553225871046399087e-01 1.003892571528715472e+00 0.000000000000000000e+00
7.602607526113848380e+00 1.630787697524322288e+00 3.418157726350668667e-05 1.000000000000000000e+00 -3.003288087267064270e-05 1.014745242886917775e-04 3.155690861061444252e-01 9.770193602727229587e-01 9.530936181130662543e-01 1.001327946127356761e+00 0.000000000000000000e+00
7.608947418365335835e+00 1.629428900082457776e+00 4.282605883551400213e-05 1.000000000000000000e+00 -2.196873750625578334e-05 1.107087415648255621e-04 4.906598968842814656e-01 9.779270843602752006e-01 9.537090841733896207e-01 1.002536869557905996e+00 0.000000000000000000e+00
7.615292597517878903e+00 1.628071234811562906e+00 5.664788646948147398e-05 1.000000000000000000e+00 -8.524457632797266288e-06 1.249193651298609721e-04 8.548689378417293483e-01 9.765859108160631630e-01 9.525353396951750096e-01 1.001023690475530081e+00 0.000000000000000000e+00
7.621643067980279795e+00 1.626714700768294497e+00 6.937636729642695068e-05 1.000000000000000000e+00 3.776550989582463437e-06 1.380749202904900472e-04 1.278740111655487510e+00 9.780361789689151486e-01 9.536972696755566803e-01 1.002771256102495068e+00 0.000000000000000000e+00
7.627998834165015118e+00 1.625359297010096737e+00 8.597515228362940772e-05 1.000000000000000000e+00 1.995618796817827758e-05 1.550930754648000454e-04 1.962691281642122476e+00 9.747746980361867708e-01 9.503304761327884265e-01 9.996201111227109859e-01 0.000000000000000000e+00
7.634359900488242090e+00 1.624005022595198744e+00 9.858263045041379727e-05 1.000000000000000000e+00 3.223567565967053866e-05 1.680473074040760701e-04 2.573558506940209156e+00 9.731879535015910410e-01 9.487841776355051548e-01 9.979927885333803594e-01 0.000000000000000000e+00
7.640726271369800315e+00 1.622651876582614117e+00 1.008113053251584608e-04 1.000000000000000000e+00 3.414302180150062917e-05 1.706109931377439127e-04 2.669234161658195603e+00 9.787282644104394747e-01 9.541027993563618859e-01 1.003759974076280148e+00 0.000000000000000000e+00
7.647097951233216229e+00 1.621299858032140939e+00 1.037102847368733563e-04 1.000000000000000000e+00 3.669898941994048896e-05 1.738783633863394428e-04 2.799470018164370799e+00 9.784372912759778940e-01 9.538235280073943390e-01 1.003457073806042876e+00 0.000000000000000000e+00
7.653474944505703093e+00 1.619948966004359558e+00 1.081073654177261618e-04 1.000000000000000000e+00 4.062011198483504780e-05 1.787792094895066647e-04 3.013809711123258239e+00 9.714922241296470862e-01 9.467841751823854457e-01 9.966118533498438126e-01 0.000000000000000000e+00
7.659857255618167216e+00 1.618599199560634805e+00 1.014235034635008778e-04 1.000000000000000000e+00 3.364537189838478939e-05 1.724133143535630953e-04 2.616431593304767489e+00 9.724687062613301958e-01 9.477466133583598573e-01 9.976023569042978822e-01 0.000000000000000000e+00
7.666244889005210617e+00 1.617250557763112662e+00 8.959998202811727912e-05 1.000000000000000000e+00 2.160950227877479497e-05 1.608112761890479934e-04 2.015101239292206969e+00 9.760659312784790709e-01 9.511175417562459655e-01 1.001431653033006963e+00 0.000000000000000000e+00
7.672637849105131913e+00 1.615903039674720043e+00 7.312642352081214772e-05 1.000000000000000000e+00 5.150580959030492696e-06 1.443421584767701942e-04 1.329351113798423967e+00 9.831322370842467961e-01 9.577863931915282514e-01 1.008905776213466998e+00 0.000000000000000000e+00
7.679036140359931650e+00 1.614556644359165460e+00 5.947999412539497772e-05 1.000000000000000000e+00 -8.093913255358596516e-06 1.303271015014959976e-04 8.783790263012463129e-01 9.867618590815687707e-01 9.615269722935799734e-01 1.012419429593214515e+00 0.000000000000000000e+00
7.685439767215314077e+00 1.613211370880937023e+00 4.252643590214773013e-05 1.000000000000000000e+00 -2.452060103946710688e-05 1.128807755644502166e-04 4.504710914285894319e-01 9.940285040113950865e-01 9.684131190188132177e-01 1.020076222224540752e+00 0.000000000000000000e+00
7.691848734120691589e+00 1.611867218305303329e+00 3.286978306365314544e-05 1.000000000000000000e+00 -3.352788734353535953e-05 1.026169246912296280e-04 2.712694334917244987e-01 9.929897585141351790e-01 9.675563914422286027e-01 1.018849985839802352e+00 0.000000000000000000e+00
7.698263045529186499e+00 1.610524185698310351e+00 1.932316363529544618e-05 1.000000000000000000e+00 -4.663182129411195745e-05 8.865257302905979464e-05 9.407203462600932653e-02 9.950957388840880879e-01 9.693392454818406945e-01 1.021289184622166335e+00 0.000000000000000000e+00
7.704682705897634598e+00 1.609182272126782998e+00 6.117934447993984299e-06 1.000000000000000000e+00 -5.945093756540255418e-05 7.509026037498191155e-05 9.415136501608856179e-03 9.950501348854888795e-01 9.694486064249733248e-01 1.021083728315437034e+00 0.000000000000000000e+00
7.711107719686588702e+00 1.607841476658323998e+00 -4.893046400289091671e-06 -1.000000000000000000e+00 -7.044040068682141953e-05 6.409506762554593941e-05 5.988878809652931068e-03 9.910486616046758623e-01 9.651714101623906084e-01 1.017368774017550770e+00 0.000000000000000000e+00
7.717538091360320429e+00 1.606501798361312572e+00 -1.815171536026181367e-05 -1.000000000000000000e+00 -8.374561551710422340e-05 5.094601358462083781e-05 8.153674107363428902e-02 9.895634641829693656e-01 9.635123189369947383e-01 1.016063447222889993e+00 0.000000000000000000e+00
7.723973825386825531e+00 1.605163236304904206e+00 -3.204094438810208760e-05 -1.000000000000000000e+00 -9.772158457773332885e-05 3.721959976983916455e-05 2.500804352309486944e-01 9.913894737935110557e-01 9.654527742918810329e-01 1.017769653394295926e+00 0.000000000000000000e+00
7.730414926237823892e+00 1.603825789559029547e+00 -3.795039416643972304e-05 -1.000000000000000000e+00 -1.042158145028636784e-04 3.194074310738504298e-05 3.445111529078630497e-01 9.903601773680651421e-01 9.640854572346694296e-01 1.017089536104081482e+00 0.000000000000000000e+00
7.736861398388765743e+00 1.602489457194395728e+00 -3.475266261164860294e-05 -1.000000000000000000e+00 -1.017096200159463379e-04 3.584205358432989184e-05 2.837256867931472470e-01 9.886230153347655980e-01 9.625074911567381708e-01 1.015188656633706721e+00 0.000000000000000000e+00
7.743313246318833443e+00 1.601154238282482378e+00 -1.436329643933776083e-05 -1.000000000000000000e+00 -8.230797510306759614e-05 5.719659568777507309e-05 4.803897188254069306e-02 9.795317702774375412e-01 9.531981698834078864e-01 1.006327556053391747e+00 0.000000000000000000e+00
7.749770474510944140e+00 1.599820131895543396e+00 1.661717525857359096e-05 1.000000000000000000e+00 -5.190835468908802826e-05 8.873897395292323778e-05 6.453654562292143737e-02 9.687192238659667609e-01 9.427048129886168581e-01 9.951905346584942746e-01 0.000000000000000000e+00
7.756233087451753327e+00 1.598487137106606282e+00 4.245779966827093572e-05 1.000000000000000000e+00 -2.637475322393931774e-05 1.148638146324179338e-04 4.255730548399583313e-01 9.682183196286822113e-01 9.419262209541416908e-01 9.949783042748793216e-01 0.000000000000000000e+00
7.762701089631657503e+00 1.597155252989470364e+00 7.296066928601952905e-05 1.000000000000000000e+00 4.043602477662595874e-06 1.454487702246541917e-04 1.276550755753333988e+00 9.614417793003738888e-01 9.354463586210730597e-01 9.878986861104259720e-01 0.000000000000000000e+00
7.769174485544799502e+00 1.595824478618706577e+00 1.000667614783945275e-04 1.000000000000000000e+00 3.081756408950360937e-05 1.729007791613789184e-04 2.428620910981237557e+00 9.520197375470079715e-01 9.258549373908384617e-01 9.786571365561533842e-01 0.000000000000000000e+00
7.775653279689067610e+00 1.594494813069657235e+00 1.155919631282006449e-04 1.000000000000000000e+00 4.587733760481811944e-05 1.889054146195490429e-04 3.236061885392643944e+00 9.463295147582445610e-01 9.200732299001516123e-01 9.730648219269985022e-01 0.000000000000000000e+00
7.782137476566102663e+00 1.593166255418435151e+00 1.169395728379364955e-04 1.000000000000000000e+00 4.665990893285168830e-05 1.908341763164413422e-04 3.259677683555601391e+00 9.462710907370002200e-01 9.200159444400533015e-01 9.730054497462271579e-01 0.000000000000000000e+00
7.788627080681298942e+00 1.591838804741922297e+00 1.032568013740054461e-04 1.000000000000000000e+00 3.233213011097145039e-05 1.778168053882028723e-04 2.473856954183943913e+00 9.527546462532555660e-01 9.261993198310930486e-01 9.797968038184506900e-01 0.000000000000000000e+00
7.795122096543806833e+00 1.590512460117771143e+00 8.524998996886543848e-05 1.000000000000000000e+00 1.381451787614650757e-05 1.603647742363839600e-04 1.641998861165888002e+00 9.552739143006484523e-01 9.286586925199149523e-01 9.823759811076134829e-01 0.000000000000000000e+00
7.801622528666539047e+00 1.589187220624400876e+00 6.855735105247776485e-05 1.000000000000000000e+00 -3.182657170664441757e-06 1.440644960598377194e-04 1.042795809976773569e+00 9.513350481917931534e-01 9.245525312456784883e-01 9.786109773349082053e-01 0.000000000000000000e+00
7.808128381566169729e+00 1.587863085341000069e+00 4.464600511119429704e-05 1.000000000000000000e+00 -2.682905654863718207e-05 1.199884911211412632e-04 4.371374316501288604e-01 9.545999929496993275e-01 9.277746959592826359e-01 9.819177626910151613e-01 0.000000000000000000e+00
7.814639659763139790e+00 1.586540053347523793e+00 2.344003202940422707e-05 1.000000000000000000e+00 -4.757192682967345640e-05 9.838451336581272196e-05 1.200510193545767379e-01 9.584787794817406503e-01 9.314183037826371248e-01 9.860378347869960258e-01 0.000000000000000000e+00
7.821156367781661345e+00 1.585218123724693617e+00 4.266816775379288577e-06 1.000000000000000000e+00 -6.623870695917097133e-05 7.872075993368316557e-05 3.976801489649517407e-03 9.660616786132035783e-01 9.385665610993221275e-01 9.940680158015681167e-01 0.000000000000000000e+00
7.827678510149716828e+00 1.583897295553998275e+00 -5.467644959504875787e-06 -1.000000000000000000e+00 -7.540152430251014502e-05 6.841277269893090345e-05 6.555247900905669667e-03 9.696690564318787287e-01 9.423269041165978077e-01 9.975161027097936284e-01 0.000000000000000000e+00
7.834206091399066985e+00 1.582577567917689887e+00 -5.658678817860617081e-06 -1.000000000000000000e+00 -7.531471744807445134e-05 6.793305154534245885e-05 7.078614570431795983e-03 9.675949119511904062e-01 9.399538847909127970e-01 9.957536641595426952e-01 0.000000000000000000e+00
7.840739116065250869e+00 1.581258939898786631e+00 -4.477633931658725313e-06 -1.000000000000000000e+00 -7.369637920612062665e-05 6.869358727124186433e-05 4.469455161611790572e-03 9.663611918406826984e-01 9.389431289973894090e-01 9.942900710534516850e-01 0.000000000000000000e+00
7.847277588687588512e+00 1.579941410581070071e+00 -7.829827476072343513e-06 -1.000000000000000000e+00 -7.682052537346967681e-05 6.513439542356542263e-05 1.371678699285894254e-02 9.701499230614970548e-01 9.423495535438032311e-01 9.984738164277620065e-01 0.000000000000000000e+00
7.853821513809187138e+00 1.578624979049085830e+00 -1.172461005658347653e-05 -1.000000000000000000e+00 -8.052565778601376053e-05 6.107756418991856394e-05 3.070735356984499731e-02 9.724904408934420541e-01 9.448477508218694476e-01 1.000649957851255101e+00 0.000000000000000000e+00
7.860370895976941163e+00 1.577309644388141585e+00 -1.603339534152797133e-05 -1.000000000000000000e+00 -8.502834864384434439e-05 5.696702407960250048e-05 5.704323589425541741e-02 9.720981181629763102e-01 9.441040203322889068e-01 1.000622853534043122e+00 0.000000000000000000e+00
7.866925739741537527e+00 1.575995405684307737e+00 -3.131860378269077637e-05 -1.000000000000000000e+00 -1.002642790187656667e-04 4.164521785667119844e-05 2.147618283860879274e-01 9.810778885178745856e-01 9.531335070683301103e-01 1.009547081235360633e+00 0.000000000000000000e+00
7.873486049657457464e+00 1.574682262024415857e+00 -4.114959160287530573e-05 -1.000000000000000000e+00 -1.101631258334613897e-04 3.190951180705660400e-05 3.679096009841131831e-01 9.813411013231332358e-01 9.530274181798107369e-01 1.010193268800195998e+00 0.000000000000000000e+00
7.880051830282980951e+00 1.573370212496058462e+00 -5.228021685002071545e-05 -1.000000000000000000e+00 -1.209259032043923251e-04 2.046827268613753316e-05 5.922132142168266000e-01 9.818543928944953869e-01 9.537186303789011443e-01 1.010521559731977215e+00 0.000000000000000000e+00
7.886623086180188480e+00 1.572059256187587906e+00 -6.123991780901593622e-05 -1.000000000000000000e+00 -1.295169661305925588e-04 1.120376334881459986e-05 8.147051593903711364e-01 9.794999087668685434e-01 9.510451214707846823e-01 1.008499559818958335e+00 0.000000000000000000e+00
7.893199821914964609e+00 1.570749392188117488e+00 -7.842504515458500894e-05 -1.000000000000000000e+00 -1.461217169383249295e-04 -6.530763574589523507e-06 1.336437906525404173e+00 9.866003122988603602e-01 9.578606935969514735e-01 1.015891882077598174e+00 0.000000000000000000e+00
7.899782042057002407e+00 1.569440619587517682e+00 -9.094881000714565098e-05 -1.000000000000000000e+00 -1.580940988662135095e-04 -1.957045047155158497e-05 1.800107892786591890e+00 9.882172996351452632e-01 9.594813826746316776e-01 1.017504563254546301e+00 0.000000000000000000e+00
7.906369751179806116e+00 1.568132937476418354e+00 -1.016287394215418415e-04 -1.000000000000000000e+00 -1.683922202552433887e-04 -3.057825737133232618e-05 2.247349756113301567e+00 9.875643647205318842e-01 9.586446091899959443e-01 1.017042691163694501e+00 0.000000000000000000e+00
7.912962953860692039e+00 1.566826344946206540e+00 -1.139522822677132137e-04 -1.000000000000000000e+00 -1.804105022333310027e-04 -4.313088304115923928e-05 2.808972289997107907e+00 9.891197332525925034e-01 9.601938752653133013e-01 1.018603171268081642e+00 0.000000000000000000e+00
7.919561654680794760e+00 1.565520841089027337e+00 -1.253218369708047441e-04 -1.000000000000000000e+00 -1.918684618306648159e-04 -5.435296645065492121e-05 3.354768772202007199e+00 9.908460731377305430e-01 9.616878591205061388e-01 1.020569606924304873e+00 0.000000000000000000e+00
7.926165858225068916e+00 1.564216424997781019e+00 -1.331060922461068535e-04 -1.000000000000000000e+00 -2.000416633869828566e-04 -6.170765103353483200e-05 3.717278767722959287e+00 9.917446663123812289e-01 9.625713696407967035e-01 1.021483362670072115e+00 0.000000000000000000e+00
7.932775569082291867e+00 1.562913095766124583e+00 -1.331365291028682697e-04 -1.000000000000000000e+00 -2.007667998794112501e-04 -6.100721612572995018e-05 3.654990868709404594e+00 9.899395429062741725e-01 9.605715666875107583e-01 1.019881152248323763e+00 0.000000000000000000e+00
7.939390791845069018e+00 1.561610852488469980e+00 -1.263000101600653417e-04 -1.000000000000000000e+00 -1.945669166581230711e-04 -5.348844422942470277e-05 3.246131100785625279e+00 9.888446551537336537e-01 9.595074117886259746e-01 1.018755293411020668e+00 0.000000000000000000e+00
7.946011531109834714e+00 1.560309694259983226e+00 -1.083822900697880746e-04 -1.000000000000000000e+00 -1.774242585733988857e-04 -3.477139886750637567e-05 2.375659602526859260e+00 9.836647628421324452e-01 9.542132474915797635e-01 1.013697502326416977e+00 0.000000000000000000e+00
7.952637791476856677e+00 1.559009620176584621e+00 -8.765496719755731261e-05 -1.000000000000000000e+00 -1.575258172478339615e-04 -1.322066125328551136e-05 1.547450526319657627e+00 9.814236254946724358e-01 9.516457960427977536e-01 1.011797775623286100e+00 0.000000000000000000e+00
7.959269577550237784e+00 1.557710629334948083e+00 -6.392500067578230137e-05 -1.000000000000000000e+00 -1.344795648827400419e-04 1.119180922745371812e-05 8.203938193556581382e-01 9.777567165752827361e-01 9.482716032136386808e-01 1.007830166559213092e+00 0.000000000000000000e+00
7.965906893937922284e+00 1.556412720832499597e+00 -4.038075329393853494e-05 -1.000000000000000000e+00 -1.118262796182858108e-04 3.561605232554630659e-05 3.260462640697170400e-01 9.716340443855439046e-01 9.418933191483630507e-01 1.001977916511758604e+00 0.000000000000000000e+00
7.972549745251694908e+00 1.555115893767417656e+00 -3.045297280145962504e-05 -1.000000000000000000e+00 -1.024502338240570098e-04 4.616509893176866375e-05 1.831093981024309869e-01 9.748554056937919210e-01 9.453004790731931450e-01 1.005004888111875605e+00 0.000000000000000000e+00
7.979198136107187977e+00 1.553820147238631932e+00 -2.498571040874186192e-05 -1.000000000000000000e+00 -9.779285346821769032e-05 5.255928012747923311e-05 1.210250703560546981e-01 9.734163104891561114e-01 9.435198257497724450e-01 1.003921920742814944e+00 0.000000000000000000e+00
7.985852071123881402e+00 1.552525480345822828e+00 -3.046860554616652792e-05 -1.000000000000000000e+00 -1.040556023194973845e-04 4.802690058074879327e-05 1.746148879371602902e-01 9.738864933710641436e-01 9.441805913654144344e-01 1.004192837912564196e+00 0.000000000000000000e+00
7.992511554925108008e+00 1.551231892189421036e+00 -4.471760218289712638e-05 -1.000000000000000000e+00 -1.195199944288029802e-04 3.514166278868998062e-05 3.607188976314645856e-01 9.743914917690177369e-01 9.442603335413842780e-01 1.005139076709243184e+00 0.000000000000000000e+00
7.999176592138056208e+00 1.549939381870606869e+00 -6.794316581640477920e-05 -1.000000000000000000e+00 -1.438804331367479154e-04 1.318103242150586360e-05 7.927490853662462200e-01 9.780273140323616499e-01 9.480006589933424044e-01 1.008663977703380787e+00 0.000000000000000000e+00
