# OBJ_NAME=CIR X-1
#         GRID_START=6.00
#         GRID_END=8.00
#         GRID_STEP_FRACTION=0.50
#         XSPEC_FITSTAT=cstat
#         XSPEC_CONTINUUM_MODEL=tbabs*(bbodyrad + pow)*constant
#         XSPEC_LINE_MODEL=gauss
#         LINE_VELOCITY_WIDTH=500
#         INPUT_FILE=/home/simon/Downloads/tgcat/obs_1905_tgid_3663/pm_heg_abs1.pha
#         SEARCH_MODE=Sliding window
#         FIT_REGION_WIDTH=30.00
#         RUNTIME=69
#         COLUMN_NAMES=ENERGY,WAVELENGTH,NORM,NORM_SIGN,NORM_ERR_LO,NORM_ERR_HI,DELTA_FITSTAT,CONSTANT_FACTOR,CONSTANT_FACTOR_ERR_LO,CONSTANT_FACTOR_ERR_HI,FIT_ERR
6.000000000000000000e+00 2.066373137115381287e+00 -3.414327016803863409e-04 -1.000000000000000000e+00 -6.030788970107635750e-04 -7.590764043738417247e-05 1.826910480770038703e+00 1.072932722145007123e+00 1.065666036763834201e+00 1.080247340550813950e+00 0.000000000000000000e+00
6.005003461427972589e+00 2.064651403172383937e+00 -3.060413384930629581e-04 -1.000000000000000000e+00 -5.680338455921128378e-04 -4.016811554651271866e-05 1.468200129928391107e+00 1.072844929390125213e+00 1.065523814576286865e+00 1.080214718881680636e+00 0.000000000000000000e+00
6.010011095293655181e+00 2.062931103804642063e+00 -2.588384910738181157e-04 -1.000000000000000000e+00 -5.206906178756853798e-04 6.903156166142515680e-06 1.051981338906898600e+00 1.072615570990625100e+00 1.065340737043636521e+00 1.079938509209501740e+00 0.000000000000000000e+00
6.015022905076486737e+00 2.061212237816845594e+00 -2.330509910524771985e-04 -1.000000000000000000e+00 -4.950937577502820611e-04 3.289298728712574727e-05 8.525131486335340014e-01 1.073914165268295307e+00 1.066622939837207351e+00 1.081253760487990156e+00 0.000000000000000000e+00
6.020038894258807005e+00 2.059494804014679215e+00 -2.047385762008899158e-04 -1.000000000000000000e+00 -4.676177386817895968e-04 6.204795135357165617e-05 6.557796001461611013e-01 1.073789838817389652e+00 1.066442227011938026e+00 1.081186520857448041e+00 0.000000000000000000e+00
6.025059066325860080e+00 2.057778801204824592e+00 -1.890932535466055455e-04 -1.000000000000000000e+00 -4.529515037746475884e-04 7.866721754407629704e-05 5.561501846232204116e-01 1.073476823052710305e+00 1.066114527169808035e+00 1.080888312976058918e+00 0.000000000000000000e+00
6.030083424765796174e+00 2.056064228194956822e+00 -2.047818062179184784e-04 -1.000000000000000000e+00 -4.690809578414389513e-04 6.342112546202672836e-05 6.488130939069378655e-01 1.075119196501767904e+00 1.067793968772602797e+00 1.082493025901910544e+00 0.000000000000000000e+00
6.035111973069674285e+00 2.054351083793744426e+00 -2.047838429136439342e-04 -1.000000000000000000e+00 -4.693739099131582549e-04 6.372923480251212235e-05 6.481373423457625904e-01 1.075245459116583646e+00 1.067863608540005727e+00 1.082676819520359768e+00 0.000000000000000000e+00
6.040144714731465747e+00 2.052639366810848021e+00 -2.166934226774690957e-04 -1.000000000000000000e+00 -4.811495320037984880e-04 5.171423229930366709e-05 7.256867542860163667e-01 1.076609087773040763e+00 1.069209437511506655e+00 1.084058302354493852e+00 0.000000000000000000e+00
6.045181653248054232e+00 2.050929076056921652e+00 -2.290634528934558909e-04 -1.000000000000000000e+00 -4.935525372650183566e-04 3.939145191463985416e-05 8.088053827045769140e-01 1.078291250862150941e+00 1.070930337554772738e+00 1.085701179705404362e+00 0.000000000000000000e+00
6.050222792119239301e+00 2.049220210343609683e+00 -2.172115870933402290e-04 -1.000000000000000000e+00 -4.826951220994875834e-04 5.223519299848766511e-05 7.235324734328969498e-01 1.078226542395926968e+00 1.070807652329583082e+00 1.085695127908143265e+00 0.000000000000000000e+00
6.055268134847740846e+00 2.047512768483544576e+00 -2.140454711729288808e-04 -1.000000000000000000e+00 -4.804135677563414622e-04 5.629095093587333063e-05 6.983435108286357718e-01 1.079511226049943540e+00 1.072072953399858086e+00 1.086999564678281738e+00 0.000000000000000000e+00
6.060317684939197314e+00 2.045806749290351334e+00 -1.732386687537987139e-04 -1.000000000000000000e+00 -4.402457388435626899e-04 9.774648632641542707e-05 4.563705669338560256e-01 1.078152279234437572e+00 1.070704043230860769e+00 1.085650760016474425e+00 0.000000000000000000e+00
6.065371445902172809e+00 2.044102151578641724e+00 -1.422646666157894430e-04 -1.000000000000000000e+00 -4.093509707973791737e-04 1.288116524500193018e-04 3.078952163773465145e-01 1.077878891706288478e+00 1.070434011855849077e+00 1.085373899926949548e+00 0.000000000000000000e+00
6.070429421248155322e+00 2.042398974164015168e+00 -1.515174562174621299e-04 -1.000000000000000000e+00 -4.184323350340634750e-04 1.194001081108412177e-04 3.493420586478350742e-01 1.080573128965365726e+00 1.073106319839911338e+00 1.088090213181826194e+00 0.000000000000000000e+00
6.075491614491562942e+00 2.040697215863058300e+00 -1.483759702399085857e-04 -1.000000000000000000e+00 -4.153911092630329554e-04 1.226508802740176862e-04 3.347959249772429757e-01 1.080865365502755138e+00 1.073383267900232640e+00 1.088397882610505185e+00 0.000000000000000000e+00
6.080558029149742971e+00 2.038996875493343186e+00 -1.607707617563579371e-04 -1.000000000000000000e+00 -4.281247401777672182e-04 1.106016088141403711e-04 3.917615648501850956e-01 1.080970486226080940e+00 1.073488381610748998e+00 1.088503108376120077e+00 0.000000000000000000e+00
6.085628668742976366e+00 2.037297951873428659e+00 -2.146286025263620205e-04 -1.000000000000000000e+00 -4.824027724705480242e-04 5.717794662458169810e-05 6.941982635107706301e-01 1.083664844252839599e+00 1.076157420893669281e+00 1.091223045363526989e+00 0.000000000000000000e+00
6.090703536794479511e+00 2.035600443822857208e+00 -2.415797255079417405e-04 -1.000000000000000000e+00 -5.098475000921608375e-04 3.074264165270381420e-05 8.753190081556567748e-01 1.084012332491382402e+00 1.076487307926448977e+00 1.091588376383367143e+00 0.000000000000000000e+00
6.095782636830406886e+00 2.033904350162153651e+00 -2.484662514093267092e-04 -1.000000000000000000e+00 -5.174342113906577924e-04 2.457381154419600389e-05 9.222475869432855689e-01 1.083866734901246742e+00 1.076281640579533017e+00 1.091503560992995947e+00 0.000000000000000000e+00
6.100865972379854618e+00 2.032209669712826461e+00 -2.547776040564312620e-04 -1.000000000000000000e+00 -5.240813802909790719e-04 1.861172315363162364e-05 9.655910875026165741e-01 1.085864293708039829e+00 1.078317289206195184e+00 1.093462412241523740e+00 0.000000000000000000e+00
6.105953546974859592e+00 2.030516401297367324e+00 -2.203538407221246039e-04 -1.000000000000000000e+00 -4.904807605148715170e-04 5.385141071855576041e-05 7.203251772625662852e-01 1.086784702122080670e+00 1.079174926115142874e+00 1.094446412642018807e+00 0.000000000000000000e+00
6.111045364150406556e+00 2.028824543739246700e+00 -1.426380180381193368e-04 -1.000000000000000000e+00 -4.133572677423410406e-04 1.321553228698140120e-04 3.018113981624992448e-01 1.085908180769484588e+00 1.078287054234323250e+00 1.093581425916900107e+00 0.000000000000000000e+00
6.116141427444425460e+00 2.027134095862917373e+00 -8.365465836041679722e-05 -1.000000000000000000e+00 -3.545399020511547615e-04 1.913212979726183608e-04 1.038181002327291935e-01 1.087547761894254394e+00 1.079968294844513510e+00 1.095178692469018777e+00 0.000000000000000000e+00
6.121241740397799447e+00 2.025445056493809570e+00 -1.742075105352862684e-05 -1.000000000000000000e+00 -2.891961548281453951e-04 2.584605544659283730e-04 4.494544785302423406e-03 1.088216795061040187e+00 1.080575762788302141e+00 1.095910005622614980e+00 0.000000000000000000e+00
6.126346306554362187e+00 2.023757424458334508e+00 5.267162633412661687e-05 1.000000000000000000e+00 -2.204595842047263137e-04 3.299102084719538830e-04 4.086156552875763737e-02 1.087496292530956143e+00 1.079841055873619116e+00 1.095204073944016976e+00 0.000000000000000000e+00
6.131455129460903208e+00 2.022071198583879958e+00 9.931624326089682770e-05 1.000000000000000000e+00 -1.753834237077515944e-04 3.781126410145249899e-04 1.441085166381981253e-01 1.087722095782008846e+00 1.080047989483930548e+00 1.095448950980221214e+00 0.000000000000000000e+00
6.136568212667169675e+00 2.020386377698810687e+00 1.429357098190933272e-04 1.000000000000000000e+00 -1.328729351021678965e-04 4.228421340448172260e-04 2.968284300229697692e-01 1.087337486543943799e+00 1.079664523774632512e+00 1.095063290960792468e+00 0.000000000000000000e+00
6.141685559725869936e+00 2.018702960632467569e+00 2.067916600300101721e-04 1.000000000000000000e+00 -6.953077042727578852e-05 4.872299096664394445e-04 6.212264432663232583e-01 1.084421143117950681e+00 1.076742459525567464e+00 1.092152729339062489e+00 0.000000000000000000e+00
6.146807174192673529e+00 2.017020946215167587e+00 1.992264225391632379e-04 1.000000000000000000e+00 -7.693176871587879264e-05 4.795215888178399775e-04 5.768649402548362559e-01 1.086782162984043731e+00 1.079080740865258736e+00 1.094536838805600931e+00 0.000000000000000000e+00
6.151933059626216505e+00 2.015340333278202056e+00 2.037293737731186982e-04 1.000000000000000000e+00 -7.236072267742196546e-05 4.839675727892179353e-04 6.033817206480307505e-01 1.086745856518810394e+00 1.079046357311317372e+00 1.094498478609759573e+00 0.000000000000000000e+00
6.157063219588101433e+00 2.013661120653835290e+00 1.732711812186572831e-04 1.000000000000000000e+00 -1.030019959900777102e-04 4.536918974971083061e-04 4.352339267409206514e-01 1.088211898420428758e+00 1.080490746645826672e+00 1.095986411035983155e+00 0.000000000000000000e+00
6.162197657642900950e+00 2.011983307175305935e+00 1.477563944331259716e-04 1.000000000000000000e+00 -1.287923151200956223e-04 4.284570939815232279e-04 3.155524116921242239e-01 1.087817782344066897e+00 1.080080647591197929e+00 1.095608641698496255e+00 0.000000000000000000e+00
6.167336377358160426e+00 2.010306891676824304e+00 1.062525585827029447e-04 1.000000000000000000e+00 -1.704783584948969116e-04 3.871541037201741732e-04 1.628287655521489796e-01 1.087975041129383369e+00 1.080174235948873296e+00 1.095830261321030674e+00 0.000000000000000000e+00
6.172479382304400630e+00 2.008631872993570600e+00 4.131642363631108500e-05 1.000000000000000000e+00 -2.349622827282952750e-04 3.217961728981790707e-04 2.457226314731997263e-02 1.090133161844971221e+00 1.082371977912337746e+00 1.097948275311180888e+00 0.000000000000000000e+00
6.177626676055119503e+00 2.006958249961698471e+00 -6.709857230851412937e-06 -1.000000000000000000e+00 -2.831322780599688344e-04 2.739250577323422398e-04 6.465809015026025008e-04 1.091546045115080243e+00 1.083716689133614075e+00 1.099430061042610207e+00 0.000000000000000000e+00
6.182778262186794827e+00 2.005286021418328790e+00 -5.520000032898437803e-05 -1.000000000000000000e+00 -3.318350128845342023e-04 2.256530364067190321e-04 4.358343441231227189e-02 1.094430746931914555e+00 1.086573834019951335e+00 1.102342604420915695e+00 0.000000000000000000e+00
6.187934144278887771e+00 2.003615186201552323e+00 -5.665583795371405859e-05 -1.000000000000000000e+00 -3.335466965848627027e-04 2.244665942691719733e-04 4.575787608223436109e-02 1.095123665022424309e+00 1.087311002689399730e+00 1.102990550562704009e+00 0.000000000000000000e+00
6.193094325913842901e+00 2.001945743150427948e+00 -1.765482490878529279e-05 -1.000000000000000000e+00 -2.953370276697378743e-04 2.642676881829178199e-04 4.433561973428368219e-03 1.094403663693044759e+00 1.086530425651103915e+00 1.102332121327712855e+00 0.000000000000000000e+00
6.198258810677093500e+00 2.000277691104981770e+00 2.905427221891612673e-05 1.000000000000000000e+00 -2.492662762658546974e-04 3.116225922449045995e-04 1.198471125940159254e-02 1.094914926303877545e+00 1.087023169023842772e+00 1.102862139887469395e+00 0.000000000000000000e+00
6.203427602157062459e+00 1.998611028906206677e+00 8.562732888479842198e-05 1.000000000000000000e+00 -1.932065600163833299e-04 3.687171330099530547e-04 1.038564526504615060e-01 1.095846744219874491e+00 1.087999934432727356e+00 1.103748366121470426e+00 0.000000000000000000e+00
6.208600703945164057e+00 1.996945755396060118e+00 1.747986538535753031e-04 1.000000000000000000e+00 -1.052119776842019004e-04 4.590649383242066586e-04 4.318746824487504909e-01 1.094359926325500831e+00 1.086454968978053159e+00 1.102320432674481987e+00 0.000000000000000000e+00
6.213778119635809283e+00 1.995281869417466547e+00 2.389578644804409902e-04 1.000000000000000000e+00 -4.206788919596814755e-05 5.242409135509209280e-04 8.042107859564566752e-01 1.094706480117526803e+00 1.086782886914956725e+00 1.102685987210577867e+00 0.000000000000000000e+00
6.218959852826404955e+00 1.993619369814312314e+00 2.677514287373202687e-04 1.000000000000000000e+00 -1.413976631738778208e-05 5.539035765042279406e-04 1.005154216321443528e+00 1.097098531153479328e+00 1.089149063055187661e+00 1.105104228408662514e+00 0.000000000000000000e+00
6.224145907117359044e+00 1.991958255431448777e+00 3.096192555844259290e-04 1.000000000000000000e+00 2.703144024283291730e-05 5.964775554454988284e-04 1.340069279370254662e+00 1.096726003386513160e+00 1.088779114969508965e+00 1.104729055720661268e+00 0.000000000000000000e+00
6.229336286112081567e+00 1.990298525114688521e+00 3.197773454897341367e-04 1.000000000000000000e+00 3.674973799941931704e-05 6.070875716137364569e-04 1.425881197093531227e+00 1.097219603642178631e+00 1.089253459794862211e+00 1.105242070903361684e+00 0.000000000000000000e+00
6.234530993416986355e+00 1.988640177710806478e+00 3.181748002160510354e-04 1.000000000000000000e+00 3.474238552446916057e-05 6.059032297488333232e-04 1.409351480082705166e+00 1.096716936523754127e+00 1.088687073075262912e+00 1.104804095641032990e+00 0.000000000000000000e+00
6.239730032641496393e+00 1.986983212067538140e+00 2.604409611174599449e-04 1.000000000000000000e+00 -2.274324735955881617e-05 5.479470409787241206e-04 9.413689612410962582e-01 1.099352709489513247e+00 1.091362423705157125e+00 1.107399530040880320e+00 0.000000000000000000e+00
6.244933407398043812e+00 1.985327627033580011e+00 1.959606788612725762e-04 1.000000000000000000e+00 -8.729890169706155728e-05 4.835619312703688449e-04 5.308842728418312618e-01 1.101293982308598096e+00 1.093277839369890314e+00 1.109366974873836176e+00 0.000000000000000000e+00
6.250141121302072555e+00 1.983673421458586272e+00 1.451675768519002324e-04 1.000000000000000000e+00 -1.385076655586745594e-04 4.331958700201692320e-04 2.901490762860703398e-01 1.101582153457839830e+00 1.093497587299003371e+00 1.109724497515343522e+00 0.000000000000000000e+00
6.255353177972041934e+00 1.982020594193170782e+00 1.073514565484235333e-04 1.000000000000000000e+00 -1.763450563866281206e-04 3.954207616654494125e-04 1.581012261274281627e-01 1.101297570042049534e+00 1.093262058273503534e+00 1.109390162569049432e+00 0.000000000000000000e+00
6.260569581029430175e+00 1.980369144088905076e+00 5.502585658982094799e-05 1.000000000000000000e+00 -2.287390320331193685e-04 3.431805887382034293e-04 4.140353148659414728e-02 1.103752653790472715e+00 1.095689561630507569e+00 1.111873040857779049e+00 0.000000000000000000e+00
6.265790334098732650e+00 1.978719069998317037e+00 5.048578240530721118e-05 1.000000000000000000e+00 -2.335700010120310638e-04 3.389426464214663308e-04 3.481522643528478511e-02 1.103903267651144215e+00 1.095773245618901992e+00 1.112091547663159652e+00 0.000000000000000000e+00
6.271015440807469865e+00 1.977070370774890451e+00 6.464437057623983291e-05 1.000000000000000000e+00 -2.195525927446777509e-04 3.532509808600641172e-04 5.706315827251273731e-02 1.104185485964100710e+00 1.096036329234702178e+00 1.112393246653633483e+00 0.000000000000000000e+00
6.276244904786186574e+00 1.975423045273065226e+00 9.858367224925893273e-05 1.000000000000000000e+00 -1.857981393035301493e-04 3.873823775536515087e-04 1.326964919373949670e-01 1.103874983348974492e+00 1.095729617111417253e+00 1.112078872975139410e+00 0.000000000000000000e+00
6.281478729668454442e+00 1.973777092348234952e+00 1.152693993165998569e-04 1.000000000000000000e+00 -1.694206486888264645e-04 4.043803951829293229e-04 1.811699950926595193e-01 1.105411900165677253e+00 1.097242797431022598e+00 1.113639816926627724e+00 0.000000000000000000e+00
6.286716919090875599e+00 1.972132510856748011e+00 1.224832403590064335e-04 1.000000000000000000e+00 -1.626449710574971448e-04 4.120383351358899472e-04 2.040032100267126225e-01 1.107338372670039206e+00 1.099143518412921017e+00 1.115592371561508145e+00 0.000000000000000000e+00
6.291959476693084419e+00 1.970489299655904469e+00 1.433103507488289426e-04 1.000000000000000000e+00 -1.424266680877279566e-04 4.334862221856797563e-04 2.783384371225565701e-01 1.107149693553950653e+00 1.098956608872867502e+00 1.115401933074485097e+00 0.000000000000000000e+00
6.297206406117751065e+00 1.968847457603957185e+00 1.259374334493223167e-04 1.000000000000000000e+00 -1.604834663499155002e-04 4.168064937156450069e-04 2.137809362709504057e-01 1.109467726453142733e+00 1.101245898862315054e+00 1.117748931939561929e+00 0.000000000000000000e+00
6.302457711010582386e+00 1.967206983560110700e+00 1.179460076550914845e-04 1.000000000000000000e+00 -1.691510805173161019e-04 4.094985428103038684e-04 1.866199180738021823e-01 1.110356272402786448e+00 1.102110856077651135e+00 1.118661395283729432e+00 0.000000000000000000e+00
6.307713395020327241e+00 1.965567876384518575e+00 1.179780519632724176e-04 1.000000000000000000e+00 -1.694847697791761849e-04 4.099110509215514258e-04 1.861962786820186011e-01 1.110358707835508829e+00 1.102114235320731828e+00 1.118662753349530137e+00 0.000000000000000000e+00
6.312973461798775610e+00 1.963930134938285832e+00 1.009932932900974088e-04 1.000000000000000000e+00 -1.865544813593912469e-04 3.930304341686706297e-04 1.362349432486098522e-01 1.112010091627063879e+00 1.103740305499194330e+00 1.120339864427726484e+00 0.000000000000000000e+00
6.318237915000763039e+00 1.962293758083465844e+00 8.843156813131297124e-05 1.000000000000000000e+00 -1.993294873434006762e-04 3.806966897491826578e-04 1.043479033605763107e-01 1.113527248777010259e+00 1.105183098113201146e+00 1.121932339759953212e+00 0.000000000000000000e+00
6.323506758284172413e+00 1.960658744683059451e+00 7.698930465776230615e-05 1.000000000000000000e+00 -2.107909086924435627e-04 3.692961151419741034e-04 7.889620803189245635e-02 1.115272141212611867e+00 1.106972539176252601e+00 1.123631854193014590e+00 0.000000000000000000e+00
6.328779995309938400e+00 1.959025093601015399e+00 9.320482105607806351e-05 1.000000000000000000e+00 -1.953772641947868936e-04 3.863303798389627962e-04 1.151448939315287134e-01 1.115057161900801619e+00 1.106737043015148414e+00 1.123437702666403748e+00 0.000000000000000000e+00
6.334057629742047446e+00 1.957392803702229900e+00 1.105362600343279733e-04 1.000000000000000000e+00 -1.793268248437771537e-04 4.049415749836167335e-04 1.609697623212014150e-01 1.115629683043520837e+00 1.107235853821269655e+00 1.124084872756861975e+00 0.000000000000000000e+00
6.339339665247542221e+00 1.955761873852543076e+00 1.229565880015080184e-04 1.000000000000000000e+00 -1.675896813688551069e-04 4.180434919455555220e-04 1.980904846045632439e-01 1.117826113460794080e+00 1.109474924551687502e+00 1.126238011929290073e+00 0.000000000000000000e+00
6.344626105496522506e+00 1.954132302918741848e+00 1.952975483418087647e-04 1.000000000000000000e+00 -9.594627617508612923e-05 4.910930764051334770e-04 4.993885730327747297e-01 1.115772191167033300e+00 1.107408530196940299e+00 1.124196964804512255e+00 0.000000000000000000e+00
6.349916954162148741e+00 1.952504089768555939e+00 2.165091730381509298e-04 1.000000000000000000e+00 -7.511229424111414842e-05 5.127036756566598396e-04 6.134130052114414866e-01 1.118806184903026635e+00 1.110362950399751192e+00 1.127311502438844482e+00 0.000000000000000000e+00
6.355212214920644698e+00 1.950877233270659206e+00 2.661780950973776164e-04 1.000000000000000000e+00 -2.595417365016907578e-05 5.628970863677804689e-04 9.263449196612327796e-01 1.119030414977908894e+00 1.110566628747409634e+00 1.127556513584582198e+00 0.000000000000000000e+00
6.360511891451300137e+00 1.949251732294668749e+00 3.134112930495279339e-04 1.000000000000000000e+00 2.038482332123635549e-05 6.110270588688490210e-04 1.279418199385872867e+00 1.118593648207209190e+00 1.110132425713381554e+00 1.127117095178792106e+00 0.000000000000000000e+00
6.365815987436472589e+00 1.947627585711142251e+00 3.646773078111192499e-04 1.000000000000000000e+00 7.037860771696237460e-05 6.635687550807915260e-04 1.723101347558895213e+00 1.116710507258981355e+00 1.108233523162910572e+00 1.125250190768894321e+00 0.000000000000000000e+00
6.371124506561590906e+00 1.946004792391578420e+00 3.586331968100074392e-04 1.000000000000000000e+00 6.342554380052027639e-05 6.584458433165900782e-04 1.656259300192232331e+00 1.119000964727971059e+00 1.110493182666854040e+00 1.127571648112649205e+00 0.000000000000000000e+00
6.376437452515156146e+00 1.944383351208418098e+00 3.704209383526547951e-04 1.000000000000000000e+00 7.477414940857150588e-05 6.706853923000336785e-04 1.762176392958963334e+00 1.118899287901146566e+00 1.110393369270070041e+00 1.127468194366781695e+00 0.000000000000000000e+00
6.381754828988746020e+00 1.942763261035039601e+00 3.752926125301833107e-04 1.000000000000000000e+00 7.966790631562818605e-05 6.755465252332984363e-04 1.809457999810774709e+00 1.118506042687753332e+00 1.109981463662890855e+00 1.127093860624753363e+00 0.000000000000000000e+00
6.387076639677015777e+00 1.941144520745761159e+00 3.516971310404586396e-04 1.000000000000000000e+00 5.660976047629104292e-05 6.514202631739178734e-04 1.592324199569446819e+00 1.119217603579227616e+00 1.110671431691075517e+00 1.127827384089394203e+00 0.000000000000000000e+00
6.392402888277703532e+00 1.939527129215838475e+00 3.063114177714753748e-04 1.000000000000000000e+00 1.216428430885250307e-05 6.051027002319767263e-04 1.211475698082921326e+00 1.119654177598548461e+00 1.111110459678132711e+00 1.128261500963406938e+00 0.000000000000000000e+00
6.397733578491629380e+00 1.937911085321463833e+00 2.534636052755118358e-04 1.000000000000000000e+00 -3.978185499536499806e-05 5.513751360402364748e-04 8.320664938125901244e-01 1.117891069817225302e+00 1.109334063413214055e+00 1.126511885012440484e+00 0.000000000000000000e+00
6.403068714022700725e+00 1.936296387939767438e+00 1.131123143013998449e-04 1.000000000000000000e+00 -1.793648636139876136e-04 4.102873679315125247e-04 1.654801908034642111e-01 1.121261118078146879e+00 1.112618598466006636e+00 1.129968432620780616e+00 0.000000000000000000e+00
6.408408298577912277e+00 1.934683035948813856e+00 -2.699046297626478898e-05 -1.000000000000000000e+00 -3.187990180890567637e-04 2.695526216729127438e-04 9.378510540500428760e-03 1.122764736641089112e+00 1.114167713924262060e+00 1.131425902848120835e+00 0.000000000000000000e+00
6.413752335867351384e+00 1.933071028227602239e+00 -1.455696886466455284e-04 -1.000000000000000000e+00 -4.375780587195460345e-04 1.511955133578630193e-04 2.708963377815507556e-01 1.122417925087131785e+00 1.113796577635888463e+00 1.131103684862971415e+00 0.000000000000000000e+00
6.419100829604198033e+00 1.931460363656067436e+00 -2.773040239514563510e-04 -1.000000000000000000e+00 -5.697271615717761561e-04 1.989276170532634129e-05 9.750671989606871648e-01 1.125889717597925443e+00 1.117178401253505760e+00 1.134666615430440562e+00 0.000000000000000000e+00
6.424453783504729287e+00 1.929851041115075327e+00 -3.114245246557068784e-04 -1.000000000000000000e+00 -6.037940391170500392e-04 -1.425745757571342644e-05 1.225942808776096626e+00 1.125460325093435632e+00 1.116803464364496179e+00 1.134181962153924861e+00 0.000000000000000000e+00
6.429811201288321953e+00 1.928243059486426159e+00 -2.837270407473623554e-04 -1.000000000000000000e+00 -5.763024948340820207e-04 1.365493946725148539e-05 1.018723477493210794e+00 1.125274007746869254e+00 1.116545402174561996e+00 1.134068495503880003e+00 0.000000000000000000e+00
6.435173086677453469e+00 1.926636417652850763e+00 -2.316161097007629318e-04 -1.000000000000000000e+00 -5.242358643654617583e-04 6.581988996861632725e-05 6.801467968743395431e-01 1.127906084088753591e+00 1.119148420974940050e+00 1.136729895710828941e+00 0.000000000000000000e+00
6.440539443397706343e+00 1.925031114498011453e+00 -9.580296105735613542e-05 -1.000000000000000000e+00 -3.890539746824108348e-04 2.022731473446669507e-04 1.165053533970308308e-01 1.126067308424462343e+00 1.117372551587666463e+00 1.134827393928761419e+00 0.000000000000000000e+00
6.445910275177769044e+00 1.923427148906499795e+00 5.886184415012015049e-05 1.000000000000000000e+00 -2.363139371100011826e-04 3.588480681750885574e-04 4.385704797977041380e-02 1.123635023276421174e+00 1.114875048556204007e+00 1.132461499832723151e+00 0.000000000000000000e+00
6.451285585749439555e+00 1.921824519763838390e+00 1.898970325682821790e-04 1.000000000000000000e+00 -1.073649582420771150e-04 4.919538444921433672e-04 4.536315114758622258e-01 1.122978264966660422e+00 1.114196610440573165e+00 1.131826788473069056e+00 0.000000000000000000e+00
6.456665378847628034e+00 1.920223225956476210e+00 3.113527937641906982e-04 1.000000000000000000e+00 1.218611967369805657e-05 6.153206911644925389e-04 1.211977269507372057e+00 1.121820156459810480e+00 1.113043354399587459e+00 1.130663906824556086e+00 0.000000000000000000e+00
6.462049658210359482e+00 1.918623266371792813e+00 3.675174063228985977e-04 1.000000000000000000e+00 6.690091460071233070e-05 6.729543976635012168e-04 1.677963752089169702e+00 1.124687287231635135e+00 1.115875538402433698e+00 1.133566216957397899e+00 0.000000000000000000e+00
6.467438427578775517e+00 1.917024639898092353e+00 4.280299079326352883e-04 1.000000000000000000e+00 1.261814400475552017e-04 7.347157849958044044e-04 2.265614450228781607e+00 1.125044079835447519e+00 1.116206908364989925e+00 1.133948799420591680e+00 0.000000000000000000e+00
6.472831690697137930e+00 1.915427345424606687e+00 4.739843084761949940e-04 1.000000000000000000e+00 1.711979959866596771e-04 7.816187617804995578e-04 2.767167201660072351e+00 1.124614539067216423e+00 1.115780192801637538e+00 1.133516555105690493e+00 0.000000000000000000e+00
6.478229451312831344e+00 1.913831381841492263e+00 5.029365934659767168e-04 1.000000000000000000e+00 1.993471539454373448e-04 8.113818246693925776e-04 3.104992961322636802e+00 1.123744846938053765e+00 1.114889485029791460e+00 1.132668289561258312e+00 0.000000000000000000e+00
6.483631713176364109e+00 1.912236748039830792e+00 4.945060660925177688e-04 1.000000000000000000e+00 1.904051613678935388e-04 8.034890978585797509e-04 2.991107196594384732e+00 1.124589586790664786e+00 1.115706347467242621e+00 1.133541185505629434e+00 0.000000000000000000e+00
6.489038480041373624e+00 1.910643442911627687e+00 4.820439332709398374e-04 1.000000000000000000e+00 1.774881271335804699e-04 7.915203308782254102e-04 2.831169170939688229e+00 1.124723747273386643e+00 1.115840973916532697e+00 1.133674816970043686e+00 0.000000000000000000e+00
6.494449755664626345e+00 1.909051465349812737e+00 4.253131891277720086e-04 1.000000000000000000e+00 1.200873182272091822e-04 7.354889211484004659e-04 2.188373629527688990e+00 1.128714136979263927e+00 1.119790102909598906e+00 1.137706837886194977e+00 0.000000000000000000e+00
6.499865543806021329e+00 1.907460814248235881e+00 4.331545986429213607e-04 1.000000000000000000e+00 1.264849748019934153e-04 7.447850967388176726e-04 2.253983876815425447e+00 1.127787827753947925e+00 1.118786141033111470e+00 1.136859363268134970e+00 0.000000000000000000e+00
6.505285848228594681e+00 1.905871488501671207e+00 4.684041560108862944e-04 1.000000000000000000e+00 1.607305280834172602e-04 7.810489038389714471e-04 2.620262039652061503e+00 1.126237433718084269e+00 1.117295272273214790e+00 1.135248646989521326e+00 0.000000000000000000e+00
6.510710672698518664e+00 1.904283487005811404e+00 4.830663877587258303e-04 1.000000000000000000e+00 1.747409129767655287e-04 7.963661917859672732e-04 2.777322666122529427e+00 1.128603724540353515e+00 1.119627967112936773e+00 1.137648962635321448e+00 0.000000000000000000e+00
6.516140020985107917e+00 1.902696808657271088e+00 5.340158843451909242e-04 1.000000000000000000e+00 2.254714582515517595e-04 8.475333042168219045e-04 3.401408197575051418e+00 1.128983839173002490e+00 1.119930592965449945e+00 1.138107673634486172e+00 0.000000000000000000e+00
6.521573896860818564e+00 1.901111452353583031e+00 5.828535357100330131e-04 1.000000000000000000e+00 2.751166373255894385e-04 8.955726468569198857e-04 4.073556810749835222e+00 1.129136501876093046e+00 1.120143176153651110e+00 1.138199500056370717e+00 0.000000000000000000e+00
6.527012304101254436e+00 1.899527416993199491e+00 5.996694748310193871e-04 1.000000000000000000e+00 2.923510899025401582e-04 9.119804121487462903e-04 4.330634083099823783e+00 1.129859012763944293e+00 1.120787567478719549e+00 1.139001370794196832e+00 0.000000000000000000e+00
6.532455246485166178e+00 1.897944701475490215e+00 5.465313656529773544e-04 1.000000000000000000e+00 2.394929462666465321e-04 8.585838223449552631e-04 3.592649551168392463e+00 1.133331932160043021e+00 1.124222750774508839e+00 1.142512408416825220e+00 0.000000000000000000e+00
6.537902727794456581e+00 1.896363304700741548e+00 4.829013636680838640e-04 1.000000000000000000e+00 1.756157705846959926e-04 7.952282345839719680e-04 2.787106150802458160e+00 1.133868653360674772e+00 1.124810961171047063e+00 1.142996813476916840e+00 0.000000000000000000e+00
6.543354751814182357e+00 1.894783225570156437e+00 3.871385191965936827e-04 1.000000000000000000e+00 7.865392117739833855e-05 7.006846620567820389e-04 1.772329516492334278e+00 1.134641119760668060e+00 1.125495279706840490e+00 1.143858724973737973e+00 0.000000000000000000e+00
6.548811322332555918e+00 1.893204462985853986e+00 2.811982930987909791e-04 1.000000000000000000e+00 -2.821613150671769491e-05 5.956995213486612805e-04 9.251837849063804242e-01 1.135912067393053171e+00 1.126729887423726151e+00 1.145166367005021391e+00 0.000000000000000000e+00
6.554272443140948923e+00 1.891627015850867455e+00 2.050283245106555461e-04 1.000000000000000000e+00 -1.046599217127933037e-04 5.198390121321050210e-04 4.889508341153145921e-01 1.136665129593498413e+00 1.127479642285970751e+00 1.145922833110719630e+00 0.000000000000000000e+00
6.559738118033894949e+00 1.890050883069143817e+00 1.776828369326379365e-04 1.000000000000000000e+00 -1.317444590219100454e-04 4.922563408628655461e-04 3.672737941453192434e-01 1.136963127612230284e+00 1.127750638174648712e+00 1.146248189391107175e+00 0.000000000000000000e+00
6.565208350809092153e+00 1.888476063545543981e+00 1.855688343694558739e-04 1.000000000000000000e+00 -1.232068036813856822e-04 4.994972179217327477e-04 4.022083784824985742e-01 1.138155441009432334e+00 1.128915422729146467e+00 1.147468394220785060e+00 0.000000000000000000e+00
6.570683145267405045e+00 1.886902556185840796e+00 2.417352561036876027e-04 1.000000000000000000e+00 -6.644213711937417598e-05 5.550654263025241912e-04 6.863639802571697146e-01 1.137609799691190693e+00 1.128378612734682651e+00 1.146913951478319760e+00 0.000000000000000000e+00
6.576162505212867160e+00 1.885330359896719488e+00 3.049053361799933031e-04 1.000000000000000000e+00 -3.162761002417462108e-06 6.181245776182928836e-04 1.096039180543414204e+00 1.136934649150608490e+00 1.127682549195348383e+00 1.146260079394440412e+00 0.000000000000000000e+00
6.581646434452685490e+00 1.883759473585775446e+00 3.364718104325896061e-04 1.000000000000000000e+00 2.789919053179337098e-05 6.501959763910063542e-04 1.334187127721065735e+00 1.137767271181061579e+00 1.128430349225883145e+00 1.147178689600931500e+00 0.000000000000000000e+00
6.587134936797241380e+00 1.882189896161514886e+00 3.420556948457748481e-04 1.000000000000000000e+00 3.305969120842767615e-05 6.562226403963491560e-04 1.373231581644290600e+00 1.138465108419425942e+00 1.129182696472983638e+00 1.147821241616296950e+00 0.000000000000000000e+00
6.592628016060094076e+00 1.880621626533353297e+00 3.057330555364815364e-04 1.000000000000000000e+00 -4.108378939487544821e-06 6.207647231867052849e-04 1.089481289237539841e+00 1.140389428889307277e+00 1.131069939696295990e+00 1.149783026084974180e+00 0.000000000000000000e+00
6.598125676057981615e+00 1.879054663611614329e+00 2.556295941922086755e-04 1.000000000000000000e+00 -5.516022263064564255e-05 5.716264181365457789e-04 7.563813922752160579e-01 1.141660330477878516e+00 1.132249600924448041e+00 1.151146635451749889e+00 0.000000000000000000e+00
6.603627920610826152e+00 1.877489006307530905e+00 2.000736718086690996e-04 1.000000000000000000e+00 -1.107880110050480120e-04 5.161697868552084017e-04 4.610164062272019692e-01 1.142688663298777829e+00 1.133330338514841662e+00 1.152121604398681720e+00 0.000000000000000000e+00
6.609134753541735741e+00 1.875924653533241671e+00 1.428805149204791811e-04 1.000000000000000000e+00 -1.680785004945679895e-04 4.590952281784477836e-04 2.345581088072776765e-01 1.144188958217933427e+00 1.134740411347250122e+00 1.153713457236099638e+00 0.000000000000000000e+00
6.614646178677005217e+00 1.874361604201792542e+00 9.492863647035208600e-05 1.000000000000000000e+00 -2.155803940082720734e-04 4.107098758007112914e-04 1.035460408537574040e-01 1.145667395337029992e+00 1.136185723574341555e+00 1.155225476101168436e+00 0.000000000000000000e+00
6.620162199846120643e+00 1.872799857227134490e+00 4.943759710761719029e-05 1.000000000000000000e+00 -2.600560329675435088e-04 3.642092328687178480e-04 2.813003068814623475e-02 1.147528387087219048e+00 1.138100165817219400e+00 1.157032026241358258e+00 0.000000000000000000e+00
6.625682820881761970e+00 1.871239411524124430e+00 6.913567746500825028e-06 1.000000000000000000e+00 -3.018547759555652646e-04 3.209594070140112543e-04 5.519252861745371774e-04 1.148905888807920439e+00 1.139390639942122530e+00 1.158498118618975115e+00 0.000000000000000000e+00
6.631208045619805702e+00 1.869680266008521441e+00 -3.582644428114972382e-05 -1.000000000000000000e+00 -3.435537226454550000e-04 2.772035649041937441e-04 1.487388877114881325e-02 1.149027004943443231e+00 1.139485425797077456e+00 1.158645882207719024e+00 0.000000000000000000e+00
6.636737877899325788e+00 1.868122419596990769e+00 -1.080118765911637581e-04 -1.000000000000000000e+00 -4.146395567575540805e-04 2.039482254313246419e-04 1.354620541489452989e-01 1.149747551979202642e+00 1.140207340630496446e+00 1.159364891211731807e+00 0.000000000000000000e+00
6.642272321562598059e+00 1.866565871207098271e+00 -2.464443642663847025e-04 -1.000000000000000000e+00 -5.521743445289141895e-04 6.463072733068838966e-05 7.036541578218589166e-01 1.154186977289762828e+00 1.144600310736039406e+00 1.163851322373429698e+00 0.000000000000000000e+00
6.647811380455102892e+00 1.865010619757312416e+00 -3.483546659397923433e-04 -1.000000000000000000e+00 -6.535237580713826148e-04 -3.782837437708695292e-05 1.403466656334387608e+00 1.152864465868270960e+00 1.143251959031581499e+00 1.162555133164072219e+00 0.000000000000000000e+00
6.653355058425526991e+00 1.863456664167002952e+00 -4.930457201272732490e-04 -1.000000000000000000e+00 -7.971091136575075061e-04 -1.836027453686998618e-04 2.806779023590536326e+00 1.154305499237127108e+00 1.144688500830897127e+00 1.164000550964122471e+00 0.000000000000000000e+00
6.658903359325766047e+00 1.861904003356439352e+00 -6.630360560987036845e-04 -1.000000000000000000e+00 -9.654664514453507223e-04 -3.552041336586039019e-04 5.078246998047120542e+00 1.158132136914589161e+00 1.148470380811358327e+00 1.167872402221649120e+00 0.000000000000000000e+00
6.664456287010930069e+00 1.860352636246791480e+00 -7.821166340904413044e-04 -1.000000000000000000e+00 -1.082890611768789688e-03 -4.759157436240106075e-04 7.097931502585083763e+00 1.158153353335627411e+00 1.148404750039776046e+00 1.167981947257227704e+00 0.000000000000000000e+00
6.670013845339340719e+00 1.858802561760127592e+00 -8.930294674381907384e-04 -1.000000000000000000e+00 -1.191667964814784909e-03 -5.889221008161728711e-04 9.294445727048810113e+00 1.158970342359119776e+00 1.149281079629153934e+00 1.168738530809405818e+00 0.000000000000000000e+00
6.675576038172540194e+00 1.857253778819414780e+00 -1.012427018181153403e-03 -1.000000000000000000e+00 -1.309988398777118743e-03 -7.093799673507553789e-04 1.195506007505179014e+01 1.162335223963005149e+00 1.152544593227404324e+00 1.172206126726981212e+00 0.000000000000000000e+00
6.681142869375288562e+00 1.855706286348516532e+00 -1.090642521406129167e-03 -1.000000000000000000e+00 -1.387803239194957197e-03 -7.879939909585542170e-04 1.384874152985327100e+01 1.163602491503680225e+00 1.153775326391901057e+00 1.173510660651204240e+00 0.000000000000000000e+00
6.686714342815570866e+00 1.854160083272192949e+00 -1.147029385722959146e-03 -1.000000000000000000e+00 -1.443838634461119732e-03 -8.447249122242744563e-04 1.527447688798423542e+01 1.165046492563277081e+00 1.155273199481805957e+00 1.174899735222688868e+00 0.000000000000000000e+00
6.692290462364595349e+00 1.852615168516101862e+00 -1.140478109436315586e-03 -1.000000000000000000e+00 -1.437583490743723526e-03 -8.378655815701274798e-04 1.509694384012686896e+01 1.162994723486574067e+00 1.153140532479743463e+00 1.172930322747912868e+00 0.000000000000000000e+00
6.697871231896799671e+00 1.851071541006794829e+00 -1.157302183308952463e-03 -1.000000000000000000e+00 -1.454332411508623205e-03 -8.547367351290156411e-04 1.552913355612537316e+01 1.165642787421892645e+00 1.155747650019955053e+00 1.175619796194164346e+00 0.000000000000000000e+00
6.703456655289853572e+00 1.849529199671717139e+00 -1.123402281843979269e-03 -1.000000000000000000e+00 -1.420921319377784105e-03 -8.203202716148212713e-04 1.460355326756257455e+01 1.165258656628132661e+00 1.155367809166462534e+00 1.175231375210475715e+00 0.000000000000000000e+00
6.709046736424657986e+00 1.847988143439209141e+00 -1.065104735540308009e-03 -1.000000000000000000e+00 -1.364145839727070849e-03 -7.604918123768026218e-04 1.305497227663698823e+01 1.164161224364214542e+00 1.154240434328842380e+00 1.174164459246889169e+00 0.000000000000000000e+00
6.714641479185352146e+00 1.846448371238503361e+00 -1.018080035886612241e-03 -1.000000000000000000e+00 -1.319136539398388635e-03 -7.114486025171601292e-04 1.182075028341449752e+01 1.166209939502828252e+00 1.156244899010175242e+00 1.176257979110848950e+00 0.000000000000000000e+00
6.720240887459313583e+00 1.844909881999724721e+00 -9.105459688258035625e-04 -1.000000000000000000e+00 -1.213783489650625998e-03 -6.017098174788389296e-04 9.384893559172667210e+00 1.165074320775071559e+00 1.155113430141268660e+00 1.175118105264731483e+00 0.000000000000000000e+00
6.725844965137160791e+00 1.843372674653889876e+00 -7.538359639057926487e-04 -1.000000000000000000e+00 -1.059481275301080681e-03 -4.425595998166795904e-04 6.396791047847500522e+00 1.162120964476622387e+00 1.152137745626738541e+00 1.172187712437988028e+00 0.000000000000000000e+00
6.731453716112758556e+00 1.841836748132905655e+00 -5.830477629460782251e-04 -1.000000000000000000e+00 -8.911500834448091721e-04 -2.692974092398720183e-04 3.804513817444785673e+00 1.160338895466335396e+00 1.150364323855237014e+00 1.170396901729488404e+00 0.000000000000000000e+00
6.737067144283217068e+00 1.840302101369569288e+00 -4.453819980564852326e-04 -1.000000000000000000e+00 -7.560935999771779652e-04 -1.290362171154063446e-04 2.202586745889334452e+00 1.163408075407316167e+00 1.153386645747522810e+00 1.173513547312871497e+00 0.000000000000000000e+00
6.742685253548897251e+00 1.838768733297566405e+00 -2.549207566719720471e-04 -1.000000000000000000e+00 -5.683699917282846641e-04 6.414617606258254164e-05 7.174999791831737639e-01 1.161832481364803549e+00 1.151783206443411256e+00 1.171966457802904316e+00 0.000000000000000000e+00
6.748308047813412536e+00 1.837236642851472368e+00 -7.197712732397572267e-05 -1.000000000000000000e+00 -3.876629612584768861e-04 2.493343204144120523e-04 5.696578261404283694e-02 1.159934855266604004e+00 1.149896292960474131e+00 1.170058112601150890e+00 0.000000000000000000e+00
6.753935530983630642e+00 1.835705828966748943e+00 1.916106477642728274e-05 1.000000000000000000e+00 -2.983060802747453740e-04 3.422781113344879663e-04 4.012894142249479046e-03 1.164445691232820934e+00 1.154354932058748506e+00 1.174621686636147855e+00 0.000000000000000000e+00
6.759567706969678902e+00 1.834176290579746293e+00 1.092411800031392317e-04 1.000000000000000000e+00 -2.103626686279264795e-04 4.345177027017124521e-04 1.295784888665139079e-01 1.165701087425012217e+00 1.155509172638759852e+00 1.175979780708930278e+00 0.000000000000000000e+00
6.765204579684944264e+00 1.832648026627699211e+00 1.451408236902081996e-04 1.000000000000000000e+00 -1.761286218324263490e-04 4.721046353984889696e-04 2.265192752352049865e-01 1.168623135229877263e+00 1.158479136361891815e+00 1.178852949217393808e+00 0.000000000000000000e+00
6.770846153046076843e+00 1.831121036048729556e+00 1.497507262137829102e-04 1.000000000000000000e+00 -1.736184581731991454e-04 4.788177532766682348e-04 2.385969167580128669e-01 1.171374551669149611e+00 1.161119634312246518e+00 1.181716934848516143e+00 0.000000000000000000e+00
6.776492430972993475e+00 1.829595317781842700e+00 1.509935923083996837e-04 1.000000000000000000e+00 -1.737539571774051955e-04 4.814571557565072691e-04 2.407086443191701619e-01 1.172036005676733605e+00 1.161740398695502385e+00 1.182419697739025777e+00 0.000000000000000000e+00
6.782143417388880380e+00 1.828070870766929312e+00 1.053923252661187232e-04 1.000000000000000000e+00 -2.194335800144989114e-04 4.359829750168517219e-04 1.166858353018938033e-01 1.175615482417674995e+00 1.165367888444936773e+00 1.185949994009984909e+00 0.000000000000000000e+00
6.787799116220194051e+00 1.826547693944761797e+00 9.973642180119719606e-05 1.000000000000000000e+00 -2.254894199756238532e-04 4.307823323676953199e-04 1.043485058853548253e-01 1.174547417110524572e+00 1.164208155510358944e+00 1.184975222999674838e+00 0.000000000000000000e+00
6.793459531396665696e+00 1.825025786256996740e+00 5.194042645230984018e-05 1.000000000000000000e+00 -2.735671238293062432e-04 3.833153845353841241e-04 2.818081080306455988e-02 1.177343051988763545e+00 1.166954926988107211e+00 1.187820384505959836e+00 0.000000000000000000e+00
6.799124666851304788e+00 1.823505146646170916e+00 3.707988153038693080e-05 1.000000000000000000e+00 -2.893749413236585181e-04 3.694219316822760731e-04 1.426516725922510886e-02 1.177501163536588846e+00 1.167112656666007942e+00 1.187978833139791135e+00 0.000000000000000000e+00
6.804794526520399067e+00 1.821985774055703944e+00 4.522524003666791875e-05 1.000000000000000000e+00 -2.827330977382688315e-04 3.790691019956860387e-04 2.105810292943033346e-02 1.176743155775789473e+00 1.166316712017066992e+00 1.187259448137271578e+00 0.000000000000000000e+00
6.810469114343518982e+00 1.820467667429894965e+00 7.712873144016830498e-05 1.000000000000000000e+00 -2.516287028643531421e-04 4.117859637136422153e-04 6.096515992146578355e-02 1.175517754199837839e+00 1.165157615390792101e+00 1.185966677286997006e+00 0.000000000000000000e+00
6.816148434263521239e+00 1.818950825713921748e+00 1.178821517914533019e-04 1.000000000000000000e+00 -2.113888532524866399e-04 4.530707969059839888e-04 1.424577276581544538e-01 1.175041698587193650e+00 1.164587333265563629e+00 1.185586529907703746e+00 0.000000000000000000e+00
6.821832490226549695e+00 1.817435247853842917e+00 1.655892205689455982e-04 1.000000000000000000e+00 -1.633834372776542894e-04 5.005029734434629897e-04 2.821968098645868395e-01 1.174447396728171666e+00 1.163960787203194069e+00 1.185025108232399704e+00 0.000000000000000000e+00
6.827521286182038907e+00 1.815920932796593723e+00 2.014715922550354020e-04 1.000000000000000000e+00 -1.270636199475398502e-04 5.359734562841057945e-04 4.191367190479979854e-01 1.174075713961331369e+00 1.163597898255694263e+00 1.184644686120121193e+00 0.000000000000000000e+00
6.833214826082717686e+00 1.814407879489987385e+00 1.994945100872248301e-04 1.000000000000000000e+00 -1.292791979049585276e-04 5.342592692179415955e-04 4.103150083105333579e-01 1.175279263825908194e+00 1.164757455259783248e+00 1.185892776066422405e+00 0.000000000000000000e+00
6.838913113884609984e+00 1.812896086882713975e+00 1.942566053216945345e-04 1.000000000000000000e+00 -1.358620704643063678e-04 5.303830756377963130e-04 3.865909694590641266e-01 1.174338860020204711e+00 1.163716967740406227e+00 1.185054277396024203e+00 0.000000000000000000e+00
6.844616153547039339e+00 1.811385553924339531e+00 1.431733308597174373e-04 1.000000000000000000e+00 -1.880770591002666543e-04 4.804523013137064350e-04 2.077631516639826259e-01 1.176024539204121311e+00 1.165454549398581952e+00 1.186686981893189774e+00 0.000000000000000000e+00
6.850323949032630644e+00 1.809876279565305390e+00 7.319504985257870955e-05 1.000000000000000000e+00 -2.593349936710838454e-04 4.117739946069489277e-04 5.373326102602504761e-02 1.179123481411606500e+00 1.168494103436019449e+00 1.189846119585842077e+00 0.000000000000000000e+00
6.856036504307313706e+00 1.808368262756926637e+00 4.211790536757733941e-05 1.000000000000000000e+00 -2.913878132921298705e-04 3.817059329141705352e-04 1.769183439995458684e-02 1.179731562016540503e+00 1.168994386697186805e+00 1.190563876304908009e+00 0.000000000000000000e+00
6.861753823340325908e+00 1.806861502451392543e+00 3.320058404252554472e-05 1.000000000000000000e+00 -3.000794349065570273e-04 3.726114916622721616e-04 1.097808416056977876e-02 1.180539357717534710e+00 1.169864258585261441e+00 1.191308295939524919e+00 0.000000000000000000e+00
6.867475910104213099e+00 1.805355997601766127e+00 5.819313061410921951e-05 1.000000000000000000e+00 -2.753684923407985117e-04 3.979078476192568709e-04 3.375640188613715509e-02 1.180526543054403410e+00 1.169750347104601795e+00 1.191398481572034207e+00 0.000000000000000000e+00
6.873202768574835808e+00 1.803851747161981711e+00 1.063632702024292225e-04 1.000000000000000000e+00 -2.272320510620235421e-04 4.461296420602914596e-04 1.127920697450122134e-01 1.180042697912887517e+00 1.169335184153141416e+00 1.190844660547745404e+00 0.000000000000000000e+00
6.878934402731368358e+00 1.802348750086846252e+00 1.882425555419770902e-04 1.000000000000000000e+00 -1.465760011341942610e-04 5.292362113016331861e-04 3.528998740246720445e-01 1.177100882951283012e+00 1.166303017040211554e+00 1.187995098655009629e+00 0.000000000000000000e+00
6.884670816556305084e+00 1.800847005332036233e+00 2.656072530242960749e-04 1.000000000000000000e+00 -7.061761865688692772e-05 6.080209116156806443e-04 7.001337609036681897e-01 1.174600339379456404e+00 1.163769859568181797e+00 1.185527922964480396e+00 0.000000000000000000e+00
6.890412014035459443e+00 1.799346511854099884e+00 3.268388940264798314e-04 1.000000000000000000e+00 -1.061937479498970905e-05 6.705124060992987810e-04 1.054410947307587776e+00 1.173243321472006828e+00 1.162482035973960048e+00 1.184100748272611803e+00 0.000000000000000000e+00
6.896157999157970231e+00 1.797847268610453630e+00 3.465496830010674108e-04 1.000000000000000000e+00 7.375255352651190633e-06 6.919545900881372575e-04 1.176905789612419539e+00 1.175408925504860314e+00 1.164530844562138956e+00 1.186384852308678184e+00 0.000000000000000000e+00
6.901908775916301586e+00 1.796349274559382980e+00 3.485169831315855222e-04 1.000000000000000000e+00 8.050961788966888490e-06 6.952288746285982708e-04 1.181980268473239448e+00 1.178891659760687993e+00 1.167952605466456184e+00 1.189929544308328868e+00 0.000000000000000000e+00
6.907664348306248314e+00 1.794852528660041413e+00 3.864487833987527259e-04 1.000000000000000000e+00 4.505553999605943190e-05 7.341034418994440676e-04 1.447651307480725791e+00 1.178495686653807439e+00 1.167561159477278787e+00 1.189528946162362599e+00 0.000000000000000000e+00
6.913424720326936779e+00 1.793357029872449937e+00 3.827108294835856865e-04 1.000000000000000000e+00 4.093936311234068742e-05 7.307565428905994946e-04 1.416373170458655295e+00 1.181377525579418108e+00 1.170386854533499887e+00 1.192467684032697317e+00 0.000000000000000000e+00
6.919189895980827565e+00 1.791862777157495312e+00 3.950757848864992674e-04 1.000000000000000000e+00 5.351947022565553286e-05 7.429285979235083527e-04 1.510754605098441061e+00 1.181259062695154460e+00 1.170274835293898308e+00 1.192342800475261866e+00 0.000000000000000000e+00
6.924959879273719920e+00 1.790369769476931161e+00 3.786320457211217699e-04 1.000000000000000000e+00 3.754281774063269583e-05 7.260403760077076708e-04 1.389970071985032973e+00 1.181626025241586220e+00 1.170597689618610326e+00 1.192754654586623664e+00 0.000000000000000000e+00
6.930734674214753532e+00 1.788878005793375303e+00 3.283072340458647329e-04 1.000000000000000000e+00 -1.216408286675398683e-05 6.751222428081384008e-04 1.045910674383151218e+00 1.182270773567903221e+00 1.171195686629258548e+00 1.193446986749154393e+00 0.000000000000000000e+00
6.936514284816411191e+00 1.787387485070310644e+00 2.412390091929561824e-04 1.000000000000000000e+00 -9.850320053528342215e-05 5.873585153990558546e-04 5.639669962640709855e-01 1.183230452919954212e+00 1.172154525211314580e+00 1.194407315447811868e+00 0.000000000000000000e+00
6.942298715094520567e+00 1.785898206272082511e+00 1.114617364485379986e-04 1.000000000000000000e+00 -2.278136055345248074e-04 4.571530754269679132e-04 1.199075441813874932e-01 1.185520929664968026e+00 1.174386754123524002e+00 1.196756910488955050e+00 0.000000000000000000e+00
6.948087969068260428e+00 1.784410168363900873e+00 -3.368456980300347115e-05 -1.000000000000000000e+00 -3.728372331414897241e-04 3.119216024783244426e-04 1.089164606452186490e-02 1.187594600772081010e+00 1.176336536361230589e+00 1.198956485034747166e+00 0.000000000000000000e+00
6.953882050760158862e+00 1.782923370311836564e+00 -1.953723276521632127e-04 -1.000000000000000000e+00 -5.336761012090459905e-04 1.494308091926465482e-04 3.642133412651844537e-01 1.191285646339566462e+00 1.180075886712723676e+00 1.202597968946339746e+00 0.000000000000000000e+00
6.959680964196100383e+00 1.781437811082822398e+00 -3.389137871759457230e-04 -1.000000000000000000e+00 -6.768462070610727598e-04 5.554340531394106727e-06 1.091214498840599845e+00 1.195104566357625187e+00 1.183764007583559152e+00 1.206549806887112108e+00 0.000000000000000000e+00
6.965484713405325046e+00 1.779953489644652054e+00 -4.236324752074439371e-04 -1.000000000000000000e+00 -7.610319217296037872e-04 -7.964139220306855728e-05 1.701907728381058860e+00 1.196671723581686164e+00 1.185276172690847840e+00 1.208172799645661488e+00 0.000000000000000000e+00
6.971293302420433768e+00 1.778470404965979412e+00 -4.509243541795114650e-04 -1.000000000000000000e+00 -7.880456854321642819e-04 -1.071549712846911148e-04 1.926062775241348390e+00 1.196956162762271569e+00 1.185563920967213081e+00 1.208453811241720022e+00 0.000000000000000000e+00
6.977106735277391003e+00 1.776988556016316556e+00 -4.817420552320049606e-04 -1.000000000000000000e+00 -8.193266473944364487e-04 -1.374918766101955675e-04 2.188699515889823033e+00 1.202060565836209127e+00 1.190595945885062790e+00 1.213631428866943196e+00 0.000000000000000000e+00
6.982925016015525621e+00 1.775507941766035547e+00 -4.550502636880622456e-04 -1.000000000000000000e+00 -7.935437128970981944e-04 -1.098959534197518299e-04 1.941966550681001991e+00 1.205576651429191237e+00 1.194163733429213448e+00 1.217094553278085245e+00 0.000000000000000000e+00
6.988748148677535355e+00 1.774028561186365982e+00 -3.200720304100822429e-04 -1.000000000000000000e+00 -6.607997448184088803e-04 2.730327839104313434e-05 9.577084668608222273e-01 1.201683725596870200e+00 1.190173289917519028e+00 1.213301426152142204e+00 0.000000000000000000e+00
6.994576137309488573e+00 1.772550413249394330e+00 -2.137486806002193717e-04 -1.000000000000000000e+00 -5.562452526879983717e-04 1.354115410875456678e-04 4.254330267390287190e-01 1.202780977589920086e+00 1.191214421110042831e+00 1.214455761722571525e+00 0.000000000000000000e+00
7.000408985960828723e+00 1.771073496928063928e+00 -7.100190244715622208e-05 -1.000000000000000000e+00 -4.153937317694174260e-04 2.800937616352661163e-04 4.677221823510535614e-02 1.201180249804070677e+00 1.189625508017877253e+00 1.212843109126140684e+00 0.000000000000000000e+00
7.006246698684376106e+00 1.769597811196173431e+00 6.173264862329897623e-05 1.000000000000000000e+00 -2.852940311025750067e-04 4.154987644092537078e-04 3.511374452958193615e-02 1.200618403035150328e+00 1.189011298842435060e+00 1.212334675482900970e+00 0.000000000000000000e+00
7.012089279536330544e+00 1.768123355028376364e+00 2.040119789152471032e-04 1.000000000000000000e+00 -1.463198641987906873e-04 5.611166168560574033e-04 3.793901194665352250e-01 1.199035106069179957e+00 1.187434637023814687e+00 1.210744709873530223e+00 0.000000000000000000e+00
7.017936732576273151e+00 1.766650127400181791e+00 2.951300108838411933e-04 1.000000000000000000e+00 -5.912144762820319968e-05 6.561813818546502605e-04 7.815504637799506327e-01 1.202997377582544214e+00 1.191316657538070922e+00 1.214788279511596514e+00 0.000000000000000000e+00
7.023789061867172556e+00 1.765178127287950538e+00 4.333436692699188780e-04 1.000000000000000000e+00 7.468254574567896858e-05 7.988396783227859344e-04 1.658949890822640327e+00 1.203826376304798496e+00 1.192077077572723853e+00 1.215687188013455433e+00 0.000000000000000000e+00
7.029646271475383124e+00 1.763707353668898525e+00 6.268598963195179657e-04 1.000000000000000000e+00 2.639615386618078693e-04 9.966231040309970080e-04 3.427217206699964436e+00 1.201677949882354213e+00 1.189936555298889864e+00 1.213530724368587776e+00 0.000000000000000000e+00
7.035508365470652059e+00 1.762237805521092104e+00 8.184902438075971091e-04 1.000000000000000000e+00 4.517540737093264690e-04 1.192106421019253600e-03 5.784290720829460497e+00 1.202258387446478949e+00 1.190452168749906559e+00 1.214177190920562754e+00 0.000000000000000000e+00
7.041375347926120298e+00 1.760769481823449834e+00 1.011681733215453799e-03 1.000000000000000000e+00 6.416184740667722156e-04 1.388627108916639513e-03 8.779264267674705025e+00 1.204349091304093511e+00 1.192410165575172432e+00 1.216402834003982081e+00 0.000000000000000000e+00
7.047247222918324283e+00 1.759302381555740702e+00 1.231267905567428418e-03 1.000000000000000000e+00 8.590568996310250262e-04 1.610368312958248768e-03 1.297018489917519446e+01 1.203738473792800967e+00 1.191872291590415855e+00 1.215718369953807887e+00 0.000000000000000000e+00
7.053123994527200402e+00 1.757836503698584130e+00 1.405735870695039259e-03 1.000000000000000000e+00 1.031387756568912049e-03 1.786963943245398808e-03 1.687903658469214463e+01 1.204988952638698985e+00 1.192996984536192295e+00 1.217096887019091023e+00 0.000000000000000000e+00
7.059005666836087656e+00 1.756371847233449524e+00 1.565216651351720523e-03 1.000000000000000000e+00 1.189641037529155744e-03 1.947685717474337535e-03 2.091329167356853702e+01 1.202915782324483152e+00 1.191003363681977012e+00 1.214943064702570741e+00 0.000000000000000000e+00
7.064892243931729432e+00 1.754908411142653613e+00 1.632175670561175195e-03 1.000000000000000000e+00 1.255116793456612827e-03 2.016147404660888383e-03 2.267149567387023978e+01 1.203470283654206607e+00 1.191432206881347433e+00 1.215625473919513366e+00 0.000000000000000000e+00
7.070783729904277948e+00 1.753446194409361780e+00 1.581154053753031086e-03 1.000000000000000000e+00 1.203228454392574979e-03 1.966026205277389763e-03 2.113357301191847171e+01 1.208435967803165090e+00 1.196308732800136276e+00 1.220681636884455745e+00 0.000000000000000000e+00
7.076680128847296025e+00 1.751985196017586288e+00 1.468959971650623609e-03 1.000000000000000000e+00 1.090952962648586780e-03 1.853951393679818295e-03 1.809971239187818526e+01 1.212353766811892219e+00 1.200271824155653144e+00 1.224552864288845466e+00 0.000000000000000000e+00
7.082581444857760644e+00 1.750525414952186498e+00 1.279361306292380691e-03 1.000000000000000000e+00 9.014629903807238383e-04 1.664262533886810965e-03 1.362912728935278039e+01 1.217666124154084262e+00 1.205427190739343013e+00 1.230024721513023778e+00 0.000000000000000000e+00
7.088487682036063831e+00 1.749066850198867318e+00 1.039996759991023952e-03 1.000000000000000000e+00 6.636016567555843692e-04 1.423435582547027132e-03 8.972976162439252334e+00 1.223168128739227534e+00 1.210836700193143045e+00 1.235620545744196441e+00 0.000000000000000000e+00
7.094398844486017985e+00 1.747609500744178535e+00 7.994713073171110526e-04 1.000000000000000000e+00 4.259977165149663445e-04 1.180072887688274775e-03 5.314128198830090355e+00 1.226002818867522937e+00 1.213664990370993513e+00 1.238461421340278035e+00 0.000000000000000000e+00
7.100314936314857661e+00 1.746153365575515037e+00 5.329822517183632627e-04 1.000000000000000000e+00 1.631453017659706211e-04 9.100421513164514602e-04 2.374045513908185967e+00 1.230539237968439226e+00 1.218119577333266035e+00 1.243080692824515943e+00 0.000000000000000000e+00
7.106235961633242226e+00 1.744698443681114597e+00 2.905297728033553084e-04 1.000000000000000000e+00 -7.554354421717351465e-05 6.639024829090585129e-04 7.093000023484705707e-01 1.233372729111727795e+00 1.220949541163493413e+00 1.245917497162728704e+00 0.000000000000000000e+00
7.112161924555259418e+00 1.743244734050058975e+00 7.887083048220821244e-05 1.000000000000000000e+00 -2.844913481128199259e-04 4.495805864762953590e-04 5.242621409306025271e-02 1.234943913009627803e+00 1.222449802850881673e+00 1.247560858695420105e+00 0.000000000000000000e+00
7.118092829198427118e+00 1.741792235672271039e+00 -1.005082806435053498e-04 -1.000000000000000000e+00 -4.622564416616040182e-04 2.686332259168475677e-04 8.514929648936231388e-02 1.236277058335609302e+00 1.223642692395398468e+00 1.249036863133260900e+00 0.000000000000000000e+00
7.124028679683696907e+00 1.740340947538516092e+00 -2.353312509602275074e-04 -1.000000000000000000e+00 -5.953298953089343221e-04 1.321203504470291998e-04 4.665307196112422616e-01 1.237492787878230471e+00 1.224926254344140375e+00 1.250183274911607523e+00 0.000000000000000000e+00
7.129969480135457616e+00 1.738890868640399878e+00 -3.126653387712779054e-04 -1.000000000000000000e+00 -6.716605403918914216e-04 5.381382905173345442e-05 8.243298806547727509e-01 1.238424224768422510e+00 1.225788058950969539e+00 1.251185558992440328e+00 0.000000000000000000e+00
7.135915234681537100e+00 1.737441997970369245e+00 -3.248388194549544500e-04 -1.000000000000000000e+00 -6.826381590655957159e-04 4.046757636542628288e-05 8.933373580298962224e-01 1.238549534059163459e+00 1.225923345337606385e+00 1.251300910633542207e+00 0.000000000000000000e+00
7.141865947453204910e+00 1.735994334521709703e+00 -3.101396161526706260e-04 -1.000000000000000000e+00 -6.668981616973017855e-04 5.414481940247084469e-05 8.188881142145874037e-01 1.240787930207467804e+00 1.228090693584089399e+00 1.253611686660068836e+00 0.000000000000000000e+00
7.147821622585176726e+00 1.734547877288545648e+00 -2.391017408828518404e-04 -1.000000000000000000e+00 -5.955402039659772259e-04 1.248778166138124501e-04 4.898055993222101279e-01 1.239980648212260617e+00 1.227157743448873628e+00 1.252932629928759090e+00 0.000000000000000000e+00
7.153782264215615250e+00 1.733102625265839913e+00 -1.652805990247931643e-04 -1.000000000000000000e+00 -5.213926963551264188e-04 1.983922838697996086e-04 2.348076465800090773e-01 1.239264568904949293e+00 1.226524359154440358e+00 1.252132361288637696e+00 0.000000000000000000e+00
7.159747876486134643e+00 1.731658577449392222e+00 -1.019440753156250728e-04 -1.000000000000000000e+00 -4.591929240880736709e-04 2.628598527947693703e-04 8.923942374053694948e-02 1.238073482199377517e+00 1.225202376987553077e+00 1.251074908505347194e+00 0.000000000000000000e+00
7.165718463541802308e+00 1.730215732835839626e+00 -6.624865236702416366e-05 -1.000000000000000000e+00 -4.244231119754977204e-04 2.994958231964591237e-04 3.750895289331879212e-02 1.237141315874686898e+00 1.224347325505455109e+00 1.250064295135893788e+00 0.000000000000000000e+00
7.171694029531142434e+00 1.728774090422655174e+00 -1.136806245608213100e-04 -1.000000000000000000e+00 -4.732533906278866762e-04 2.534841665813316832e-04 1.095070296905760188e-01 1.242239661854768640e+00 1.229277838890949770e+00 1.255333408853920751e+00 0.000000000000000000e+00
7.177674578606138667e+00 1.727333649208146804e+00 -1.181432341718879051e-04 -1.000000000000000000e+00 -4.790805843448172718e-04 2.504458153756037512e-04 1.174755119423878114e-01 1.240631480096311856e+00 1.227602385188778289e+00 1.253793867702017284e+00 0.000000000000000000e+00
7.183660114922237661e+00 1.725894408191456675e+00 -1.462611352514414089e-04 -1.000000000000000000e+00 -5.079299994546072460e-04 2.231438554743768042e-04 1.787231224736842705e-01 1.240681664082153857e+00 1.227723870243934812e+00 1.253771213465964207e+00 0.000000000000000000e+00
7.189650642638349964e+00 1.724456366372562499e+00 -1.825009573983541898e-04 -1.000000000000000000e+00 -5.456915641980903233e-04 1.884881926700151167e-04 2.759559682858991891e-01 1.242220805573809983e+00 1.229108823144281271e+00 1.255467361142549088e+00 0.000000000000000000e+00
7.195646165916856241e+00 1.723019522752273547e+00 -1.895297924650402792e-04 -1.000000000000000000e+00 -5.538810502277776576e-04 1.826793784410334922e-04 2.951546923543446610e-01 1.242724999441024991e+00 1.229682243532815633e+00 1.255900957845331734e+00 0.000000000000000000e+00
7.201646688923606376e+00 1.721583876332232421e+00 -1.349621327920327407e-04 -1.000000000000000000e+00 -5.015212557711008030e-04 2.394731354900156938e-04 1.487186462911154194e-01 1.239839059076664585e+00 1.226663815758543441e+00 1.253150521965500586e+00 0.000000000000000000e+00
7.207652215827925701e+00 1.720149426114913060e+00 -9.022193430833782516e-05 -1.000000000000000000e+00 -4.582946404013228865e-04 2.857324881235404697e-04 6.613570848013239356e-02 1.241357024764996542e+00 1.228098580490351699e+00 1.254753190365094140e+00 0.000000000000000000e+00
7.213662750802614987e+00 1.718716171103621404e+00 5.880331915812021786e-06 1.000000000000000000e+00 -3.631374669840834314e-04 3.828046553570248764e-04 2.807729938751890586e-04 1.240193339668149264e+00 1.226948812262204092e+00 1.253575550429885777e+00 0.000000000000000000e+00
7.219678298023954888e+00 1.717284110302493172e+00 5.704331469801837256e-05 1.000000000000000000e+00 -3.127086973783475355e-04 4.347400913041780599e-04 2.638570704294807001e-02 1.245111561068743544e+00 1.231771377308149340e+00 1.258590895588866720e+00 0.000000000000000000e+00
7.225698861671710382e+00 1.715853242716494531e+00 1.647705323220955385e-04 1.000000000000000000e+00 -2.062498140478158468e-04 5.437810019172800453e-04 2.197964351391021864e-01 1.243813786691040812e+00 1.230487551840971250e+00 1.257278915414613119e+00 0.000000000000000000e+00
7.231724445929129885e+00 1.714423567351419875e+00 2.520657293511557981e-04 1.000000000000000000e+00 -1.213241639017498307e-04 6.334685014278727344e-04 5.109424572434306810e-01 1.243448889337811725e+00 1.230046629474168762e+00 1.256991727289014094e+00 0.000000000000000000e+00
7.237755054982951464e+00 1.712995083213891823e+00 3.186468015136659964e-04 1.000000000000000000e+00 -5.811011407343060365e-05 7.034286202014770634e-04 8.072595780969038515e-01 1.243853244781741862e+00 1.230290913400860386e+00 1.257559419773911724e+00 0.000000000000000000e+00
7.243790693023404614e+00 1.711567789311361887e+00 4.053227537491141830e-04 1.000000000000000000e+00 2.550593178918963717e-05 7.932070946263091588e-04 1.290373452695121159e+00 1.241250981190966440e+00 1.227774137387241504e+00 1.254870237549770007e+00 0.000000000000000000e+00
7.249831364244212040e+00 1.710141684652107807e+00 4.775242117353952257e-04 1.000000000000000000e+00 9.450626374537071011e-05 8.686557726185861576e-04 1.771075531818695481e+00 1.240265876564651037e+00 1.226708657346432974e+00 1.253967072408661343e+00 0.000000000000000000e+00
7.255877072842594977e+00 1.708716768245233997e+00 5.512180875990250594e-04 1.000000000000000000e+00 1.653851989526639575e-04 9.452101983406303084e-04 2.340701370865062358e+00 1.240070238272116265e+00 1.226355685606030477e+00 1.253932043105344007e+00 0.000000000000000000e+00
7.261927823019274086e+00 1.707293039100669763e+00 6.714492550016513744e-04 1.000000000000000000e+00 2.839141828627089899e-04 1.067202120722159217e-03 3.459474797937218682e+00 1.236336792557902520e+00 1.222722060071173011e+00 1.250097216683241141e+00 0.000000000000000000e+00
7.267983618978473004e+00 1.705870496229170197e+00 7.737697969416364868e-04 1.000000000000000000e+00 3.841597020316947866e-04 1.171629143014068022e-03 4.579276895988982687e+00 1.235523570790976855e+00 1.221758565792439022e+00 1.249437561700416088e+00 0.000000000000000000e+00
7.274044464927921894e+00 1.704449138642313732e+00 9.084257685404907188e-04 1.000000000000000000e+00 5.173354986348749872e-04 1.307800681908494536e-03 6.297799463067093484e+00 1.231534743752775052e+00 1.217873334236875049e+00 1.245343442023022940e+00 0.000000000000000000e+00
7.280110365078859225e+00 1.703028965352503699e+00 9.966071006494710109e-04 1.000000000000000000e+00 6.035040945437419087e-04 1.397997214876903378e-03 7.550333637442008694e+00 1.231459067459112378e+00 1.217643077805826923e+00 1.245425695847555358e+00 0.000000000000000000e+00
7.286181323646034436e+00 1.701609975372965211e+00 1.083178634130920479e-03 1.000000000000000000e+00 6.890290512243529581e-04 1.485630490734827711e-03 8.893264281387416759e+00 1.229255419013024930e+00 1.215534722474852725e+00 1.243125240457375158e+00 0.000000000000000000e+00
7.292257344847713263e+00 1.700192167717745617e+00 1.124914355807272613e-03 1.000000000000000000e+00 7.296384629790125592e-04 1.528513906622348600e-03 9.572577583090236431e+00 1.228262336886034589e+00 1.214392146899352820e+00 1.242284876515016734e+00 0.000000000000000000e+00
7.298338432905678630e+00 1.698775541401714717e+00 1.166133508868287538e-03 1.000000000000000000e+00 7.703175109891123151e-04 1.570345730711312322e-03 1.028857495596091098e+01 1.223010315563618944e+00 1.209087683038428285e+00 1.237087044515527090e+00 0.000000000000000000e+00
7.304424592045234199e+00 1.697360095440562322e+00 1.109781571082653177e-03 1.000000000000000000e+00 7.141101472769479123e-04 1.513958671645068699e-03 9.285918902247402684e+00 1.223818596896446120e+00 1.209901391804935722e+00 1.237889684253284495e+00 0.000000000000000000e+00
7.310515826495206149e+00 1.695945828850798032e+00 1.029767011158054741e-03 1.000000000000000000e+00 6.333202648492832799e-04 1.434824637929464804e-03 7.932046485842107586e+00 1.223560873188957565e+00 1.209560793919701505e+00 1.237716802230338420e+00 0.000000000000000000e+00
7.316612140487947613e+00 1.694532740649751679e+00 9.098684766090343401e-04 1.000000000000000000e+00 5.120522234565149386e-04 1.316395880860868773e-03 6.101342021420123274e+00 1.225180888714080485e+00 1.211177613000557374e+00 1.239339716681679304e+00 0.000000000000000000e+00
7.322713538259342236e+00 1.693120829855571774e+00 7.797873515047895696e-04 1.000000000000000000e+00 3.795519791466917306e-04 1.188846279990690051e-03 4.395941579878268612e+00 1.226939171519296989e+00 1.212838772656138930e+00 1.241197195471422488e+00 0.000000000000000000e+00
7.328820024048804171e+00 1.691710095487224841e+00 6.830798599576331630e-04 1.000000000000000000e+00 2.802959749449678690e-04 1.094857485647927117e-03 3.312483239141158720e+00 1.225740592671862306e+00 1.211561985561478094e+00 1.240078617427208263e+00 0.000000000000000000e+00
7.334931602099284298e+00 1.690300536564494527e+00 5.797161972072875863e-04 1.000000000000000000e+00 1.755020619619536491e-04 9.931466427715589414e-04 2.349627898175924656e+00 1.227124052709072544e+00 1.212953137999109643e+00 1.241454015976726222e+00 0.000000000000000000e+00
7.341048276657271110e+00 1.688892152107981603e+00 5.064721011703627760e-04 1.000000000000000000e+00 1.009924740529269567e-04 9.213709436719967963e-04 1.772576264958445336e+00 1.227890674707084573e+00 1.213637712773350197e+00 1.242304406846465481e+00 0.000000000000000000e+00
7.347170051972794269e+00 1.687484941139102412e+00 4.570873250971380758e-04 1.000000000000000000e+00 5.052575050738594220e-05 8.732239288886760580e-04 1.428029951867927139e+00 1.228570318845666032e+00 1.214332222233929448e+00 1.242968961478054357e+00 0.000000000000000000e+00
7.353296932299427269e+00 1.686078902680089531e+00 4.398442552918133499e-04 1.000000000000000000e+00 3.130378352052872598e-05 8.580691915907232535e-04 1.307136785885575136e+00 1.227577902238253360e+00 1.213264030749669153e+00 1.242054269590877835e+00 0.000000000000000000e+00
7.359428921894291875e+00 1.684674035753989330e+00 3.860093019118619761e-04 1.000000000000000000e+00 -2.490213183078227943e-05 8.067141604793082697e-04 9.924634146178448191e-01 1.231477260711907107e+00 1.216978836692570232e+00 1.246142021012530687e+00 0.000000000000000000e+00
7.365566025018059015e+00 1.683270339384662417e+00 4.530011954651574826e-04 1.000000000000000000e+00 3.942790992552221889e-05 8.765384604828742191e-04 1.351223505204842468e+00 1.223093990053187197e+00 1.208731718101328845e+00 1.237620636532736906e+00 0.000000000000000000e+00
7.371708245934952330e+00 1.681867812596783196e+00 4.511481850834789904e-04 1.000000000000000000e+00 3.421440445356831476e-05 8.781991710386170520e-04 1.320243826090063521e+00 1.222598611150975234e+00 1.208070549863800913e+00 1.237294714765641679e+00 0.000000000000000000e+00
7.377855588912752616e+00 1.680466454415837863e+00 4.805750823897538861e-04 1.000000000000000000e+00 6.078102298965709334e-05 9.105984391168833562e-04 1.477200813457102413e+00 1.219576317390213660e+00 1.205149960798138631e+00 1.234168988252188681e+00 0.000000000000000000e+00
7.384008058222798709e+00 1.679066263868125519e+00 4.996097515555228191e-04 1.000000000000000000e+00 7.698984928534096479e-05 9.324660375899904326e-04 1.579761846126700675e+00 1.218490598837803196e+00 1.203896854051281551e+00 1.233254553130487263e+00 0.000000000000000000e+00
7.390165658139991045e+00 1.677667239980756175e+00 5.826595884859919446e-04 1.000000000000000000e+00 1.590215172712991119e-04 1.016501430743009787e-03 2.150110737851349541e+00 1.210934445590880593e+00 1.196290578789142689e+00 1.225750901544410798e+00 0.000000000000000000e+00
7.396328392942796093e+00 1.676269381781650081e+00 5.841900269060101370e-04 1.000000000000000000e+00 1.628764620235284891e-04 1.015717531813096130e-03 2.181831394017820003e+00 1.210937097641571869e+00 1.196307415891668890e+00 1.225739090518035646e+00 0.000000000000000000e+00
7.402496266913247247e+00 1.674872688299538392e+00 6.233715151455549624e-04 1.000000000000000000e+00 2.054304793926429226e-04 1.051564457476224495e-03 2.530856826292591677e+00 1.204250309585471523e+00 1.189570495620826174e+00 1.219104424540813802e+00 0.000000000000000000e+00
7.408669284336948380e+00 1.673477158563960288e+00 5.571059105401104461e-04 1.000000000000000000e+00 1.434032944121772096e-04 9.811006571833653933e-04 2.052020753212218551e+00 1.205030640384748386e+00 1.190358725361346126e+00 1.219876768569754022e+00 0.000000000000000000e+00
7.414847449503079169e+00 1.672082791605264962e+00 5.004093005135408631e-04 1.000000000000000000e+00 8.901291183031271974e-05 9.221075032452162503e-04 1.670483195351778249e+00 1.200303579546772914e+00 1.185557904591253875e+00 1.215225849380520806e+00 0.000000000000000000e+00
7.421030766704393322e+00 1.670689586454608300e+00 4.698814200631524574e-04 1.000000000000000000e+00 5.873609336780056655e-05 8.913267930200557748e-04 1.475561463123540307e+00 1.188739993101347814e+00 1.173950991862000137e+00 1.203708307546095035e+00 0.000000000000000000e+00
7.427219240237226572e+00 1.669297542143953983e+00 2.927286096884593528e-04 1.000000000000000000e+00 -1.179153339533899102e-04 7.136917930675933889e-04 5.681492788757509516e-01 1.190891679775817336e+00 1.176083449093310529e+00 1.205879230001137170e+00 0.000000000000000000e+00
7.433412874401496673e+00 1.667906657706072160e+00 2.261272526844034154e-04 1.000000000000000000e+00 -1.848414811589925465e-04 6.474820996006787300e-04 3.379579440838824667e-01 1.181337997937107920e+00 1.166472046526609629e+00 1.196386066906518497e+00 0.000000000000000000e+00
7.439611673500706956e+00 1.666516932174539223e+00 8.286781931446523543e-05 1.000000000000000000e+00 -3.264803985133366742e-04 5.027165745908857789e-04 4.530653058810685252e-02 1.183092997629435983e+00 1.168219066841525100e+00 1.198148747786642154e+00 0.000000000000000000e+00
7.445815641841948995e+00 1.665128364583736253e+00 1.552500157355154900e-04 1.000000000000000000e+00 -2.535350870162257045e-04 5.746353940794673987e-04 1.603812960353252492e-01 1.166569339774598646e+00 1.151689140624589935e+00 1.181633885646511617e+00 0.000000000000000000e+00
7.452024783735907043e+00 1.663740953968849468e+00 1.170525772805593097e-04 1.000000000000000000e+00 -2.899811504564937543e-04 5.347276998597744408e-04 9.157122134871542585e-02 1.167045692242434818e+00 1.152174674072610205e+00 1.182101027821025108e+00 0.000000000000000000e+00
7.458239103496859812e+00 1.662354699365868660e+00 2.745129440926243124e-04 1.000000000000000000e+00 -1.330324358349222933e-04 6.926840971979398524e-04 5.080437303353733114e-01 1.150437513006646872e+00 1.135565827956608320e+00 1.165496172842781730e+00 0.000000000000000000e+00
7.464458605442683137e+00 1.660969599811586539e+00 2.928093527143186842e-04 1.000000000000000000e+00 -1.149076120071269185e-04 7.111160656328215784e-04 5.790424519550469995e-01 1.151239303403493341e+00 1.136180500400026716e+00 1.166489812421216854e+00 0.000000000000000000e+00
7.470683293894854415e+00 1.659585654343599170e+00 4.090321110136269306e-04 1.000000000000000000e+00 1.038266096587824473e-06 8.276433049587170014e-04 1.134561883982030395e+00 1.141795471483894264e+00 1.126883572729007854e+00 1.156897162175329896e+00 0.000000000000000000e+00
7.476913173178454386e+00 1.658202862000304201e+00 5.108214780251437272e-04 1.000000000000000000e+00 1.014105006680497364e-04 9.308970036486351879e-04 1.773038327300128003e+00 1.132930785076189828e+00 1.117888515650276471e+00 1.148167472158017510e+00 0.000000000000000000e+00
7.483148247622170679e+00 1.656821221820899526e+00 5.960111403259202864e-04 1.000000000000000000e+00 1.854326910668951381e-04 1.017344529281255430e-03 2.410173783708899009e+00 1.124252041544637981e+00 1.109346614860478919e+00 1.139349803028250285e+00 0.000000000000000000e+00
7.489388521558299594e+00 1.655440732845385288e+00 6.000744060889670606e-04 1.000000000000000000e+00 1.871705551781733027e-04 1.023796284902971001e-03 2.423207667629696971e+00 1.123191033475516409e+00 1.108097506299554169e+00 1.138481779570162722e+00 0.000000000000000000e+00
7.495633999322752317e+00 1.654061394114560324e+00 6.963611609822383322e-04 1.000000000000000000e+00 2.800093292279266679e-04 1.123589067244087827e-03 3.237923648442233571e+00 1.111989208408874275e+00 1.096846857128459307e+00 1.127331817984236872e+00 0.000000000000000000e+00
7.501884685255054031e+00 1.652683204670022832e+00 7.020711279289045242e-04 1.000000000000000000e+00 2.831999438510576241e-04 1.131868636304296429e-03 3.253190239824164109e+00 1.111956533065560526e+00 1.096811825891906622e+00 1.127301700707466825e+00 0.000000000000000000e+00
7.508140583698349246e+00 1.651306163554170148e+00 8.179658923765183078e-04 1.000000000000000000e+00 3.958900265315051618e-04 1.251020141703070975e-03 4.390457989989840826e+00 1.102883144096965307e+00 1.087681000586410374e+00 1.118288677403921350e+00 0.000000000000000000e+00
7.514401698999403578e+00 1.649930269810196748e+00 8.884820007060062258e-04 1.000000000000000000e+00 4.646967344658363593e-04 1.323311092105499201e-03 5.157437505399684596e+00 1.102029069819502771e+00 1.086838731591494023e+00 1.117422698397750880e+00 0.000000000000000000e+00
7.520668035508609073e+00 1.648555522482095359e+00 1.090213855638340161e-03 1.000000000000000000e+00 6.640297291687095784e-04 1.527476301489990142e-03 7.787228777777841060e+00 1.090232703123106495e+00 1.075012861413645160e+00 1.105658575307629121e+00 0.000000000000000000e+00
7.526939597579984209e+00 1.647181920614653627e+00 1.298807279987259852e-03 1.000000000000000000e+00 8.712833865809040471e-04 1.737405636463982238e-03 1.110596450789500977e+01 1.079247760641674825e+00 1.064192938613222505e+00 1.094506477082804130e+00 0.000000000000000000e+00
7.533216389571179228e+00 1.645809463253457006e+00 1.465206563882132974e-03 1.000000000000000000e+00 1.036176172083583692e-03 1.905258101537446371e-03 1.420345237550998263e+01 1.072178160535008029e+00 1.056989486845292925e+00 1.087575936844951574e+00 0.000000000000000000e+00
7.539498415843477019e+00 1.644438149444884756e+00 1.688916060887001545e-03 1.000000000000000000e+00 1.258518056011108648e-03 2.130323338673515386e-03 1.904091807421207250e+01 1.055890308904329444e+00 1.040707288537956021e+00 1.071285484551673495e+00 0.000000000000000000e+00
7.545785680761798453e+00 1.643067978236111282e+00 1.717288129262097311e-03 1.000000000000000000e+00 1.287298858705638802e-03 2.158333785496357755e-03 1.973566288597498897e+01 1.055636618637645796e+00 1.040469871768830767e+00 1.071015346184326367e+00 0.000000000000000000e+00
7.552078188694705041e+00 1.641698948675104575e+00 1.802320418551561516e-03 1.000000000000000000e+00 1.371813934108911254e-03 2.243964110841734430e-03 2.185014670066300368e+01 1.042949347174366048e+00 1.027759826072616400e+00 1.058353873165841286e+00 0.000000000000000000e+00
7.558375944014398939e+00 1.640331059810627101e+00 1.695891416209609898e-03 1.000000000000000000e+00 1.266370587745013418e-03 2.136628564054494743e-03 1.929198546996099140e+01 1.044469973897004467e+00 1.029277286439611361e+00 1.059877513803109794e+00 0.000000000000000000e+00
7.564678951096730941e+00 1.638964310692231585e+00 1.646283231249901944e-03 1.000000000000000000e+00 1.216888249627885374e-03 2.086952594581270061e-03 1.817396299487734268e+01 1.033574254624309408e+00 1.018336754469998384e+00 1.049030044456699562e+00 0.000000000000000000e+00
7.570987214321198699e+00 1.637598700370265004e+00 1.419621958502019542e-03 1.000000000000000000e+00 9.922481234134685087e-04 1.858344659795730693e-03 1.343647344037219682e+01 1.036673036311901663e+00 1.021417513520478382e+00 1.052146951235422900e+00 0.000000000000000000e+00
7.577300738070952946e+00 1.636234227895864146e+00 1.272869171936157626e-03 1.000000000000000000e+00 8.472248310097095503e-04 1.709987284595325223e-03 1.081238372224311206e+01 1.027508455322227343e+00 1.012195541341135430e+00 1.043043028296893660e+00 0.000000000000000000e+00
7.583619526732800153e+00 1.634870892320956948e+00 1.035111207388230521e-03 1.000000000000000000e+00 6.125348176922338836e-04 1.469322036908212066e-03 7.159897675723982502e+00 1.026564485517600378e+00 1.011061166121839161e+00 1.042294972764219674e+00 0.000000000000000000e+00
7.589943584697204315e+00 1.633508692698261822e+00 8.380712573342361882e-04 1.000000000000000000e+00 4.199096944202476440e-04 1.268037616658762752e-03 4.719888883300768612e+00 1.021551992522006458e+00 1.006174475038927651e+00 1.037153966336311184e+00 0.000000000000000000e+00
7.596272916358290495e+00 1.632147628081284996e+00 5.995371182619959292e-04 1.000000000000000000e+00 1.854985751140485932e-04 1.025463745934354111e-03 2.426293091401589663e+00 1.022863302735992574e+00 1.007284036885912171e+00 1.038672766843019124e+00 0.000000000000000000e+00
7.602607526113848380e+00 1.630787697524322288e+00 4.507186655965140110e-04 1.000000000000000000e+00 4.098553452681034806e-05 8.724154127037202396e-04 1.381538335618188285e+00 1.016937548231062305e+00 1.001492984209164216e+00 1.032609837581221601e+00 0.000000000000000000e+00
7.608947418365335835e+00 1.629428900082457776e+00 3.479974890066927324e-04 1.000000000000000000e+00 -5.875208666707393106e-05 7.667695581582462290e-04 8.308533845062129330e-01 1.008768731178987021e+00 9.931904161946881748e-01 1.024580590273236780e+00 0.000000000000000000e+00
7.615292597517878903e+00 1.628071234811562906e+00 2.388853201159933247e-04 1.000000000000000000e+00 -1.639429117196724791e-04 6.538632502710640428e-04 3.946239584410022871e-01 1.004015173545126816e+00 9.885636353461759729e-01 1.019697715881249911e+00 0.000000000000000000e+00
7.621643067980279795e+00 1.626714700768294497e+00 1.623725467147606584e-04 1.000000000000000000e+00 -2.379474275300297336e-04 5.748988306675469106e-04 1.837630734972890423e-01 9.980759369613348975e-01 9.824750638085854026e-01 1.013913871324291893e+00 0.000000000000000000e+00
7.627998834165015118e+00 1.625359297010096737e+00 1.714082072582762248e-04 1.000000000000000000e+00 -2.270147422217339895e-04 5.820192434951689323e-04 2.070347427246588268e-01 9.842362966199015295e-01 9.686165610767120127e-01 1.000017481124106711e+00 0.000000000000000000e+00
7.634359900488242090e+00 1.624005022595198744e+00 5.018626917331171571e-05 1.000000000000000000e+00 -3.444887605176943923e-04 4.570157941971596575e-04 1.786811569104429509e-02 9.858942503072111174e-01 9.702817749103341827e-01 1.001668035431948267e+00 0.000000000000000000e+00
7.640726271369800315e+00 1.622651876582614117e+00 5.238462633962675505e-05 1.000000000000000000e+00 -3.392027712300862865e-04 4.561759826823871388e-04 1.977458201940862637e-02 9.731052165220591688e-01 9.574711688531549747e-01 9.889031839077201402e-01 0.000000000000000000e+00
7.647097951233216229e+00 1.621299858032140939e+00 -8.664128791643225852e-05 -1.000000000000000000e+00 -4.732960712898533098e-04 3.123608293510502626e-04 5.465495672683573503e-02 9.749987639832937703e-01 9.593726496277344973e-01 9.907883376168350464e-01 0.000000000000000000e+00
7.653474944505703093e+00 1.619948966004359558e+00 -1.035329929816382371e-04 -1.000000000000000000e+00 -4.873078902857564949e-04 2.927254051096518520e-04 7.910028467472329794e-02 9.600634046703293567e-01 9.444255961550058753e-01 9.758674223033454442e-01 0.000000000000000000e+00
7.659857255618167216e+00 1.618599199560634805e+00 -2.955168002958280418e-04 -1.000000000000000000e+00 -6.757046714203458152e-04 9.715367830077329282e-05 6.448142253668720514e-01 9.626703349809980770e-01 9.470234446510005233e-01 9.784834570729629144e-01 0.000000000000000000e+00
7.666244889005210617e+00 1.617250557763112662e+00 -3.549505063891944469e-04 -1.000000000000000000e+00 -7.332267190711625479e-04 3.571834097386894415e-05 9.367710830917985732e-01 9.469877461419680120e-01 9.313271594748616655e-01 9.628177648344750095e-01 0.000000000000000000e+00
7.672637849105131913e+00 1.615903039674720043e+00 -4.823914580965395259e-04 -1.000000000000000000e+00 -8.567320700772988046e-04 -9.563012938665734408e-05 1.749120888923016537e+00 9.376365348912583109e-01 9.218441548566094212e-01 9.536029979300258974e-01 0.000000000000000000e+00
7.679036140359931650e+00 1.614556644359165460e+00 -6.557936757093057838e-04 -1.000000000000000000e+00 -1.022402734271064687e-03 -2.764736677921151783e-04 3.292433376978124215e+00 9.329548547003838621e-01 9.172980754775162948e-01 9.487835099269570360e-01 0.000000000000000000e+00
7.685439767215314077e+00 1.613211370880937023e+00 -8.142015256964225565e-04 -1.000000000000000000e+00 -1.173348886935209360e-03 -4.420862748880121013e-04 5.187325850215302125e+00 9.258260621202775154e-01 9.100336690806779538e-01 9.417944664790457443e-01 0.000000000000000000e+00
7.691848734120691589e+00 1.611867218305303329e+00 -1.011212388734664732e-03 -1.000000000000000000e+00 -1.363429583358590803e-03 -6.459400815858562473e-04 8.106497951725486928e+00 9.218633181836048962e-01 9.061939179057020288e-01 9.377069356614330387e-01 0.000000000000000000e+00
7.698263045529186499e+00 1.610524185698310351e+00 -1.129377888440604490e-03 -1.000000000000000000e+00 -1.478384052009604210e-03 -7.674557485267349561e-04 1.020558395721104716e+01 9.066377761089076115e-01 8.908810029155204147e-01 9.225738904354655601e-01 0.000000000000000000e+00
7.704682705897634598e+00 1.609182272126782998e+00 -1.336788155757177767e-03 -1.000000000000000000e+00 -1.680570525328746586e-03 -9.801210192460468439e-04 1.437252278482606016e+01 9.025439166689070980e-01 8.869017240450371986e-01 9.183639245381602922e-01 0.000000000000000000e+00
7.711107719686588702e+00 1.607841476658323998e+00 -1.516056273458083001e-03 -1.000000000000000000e+00 -1.852687494659857126e-03 -1.166276439054605117e-03 1.879131139701667053e+01 8.980210921951207181e-01 8.822223631484036321e-01 9.140021573846364156e-01 0.000000000000000000e+00
7.717538091360320429e+00 1.606501798361312572e+00 -1.606518210135110406e-03 -1.000000000000000000e+00 -1.934818556265855034e-03 -1.264692509575379492e-03 2.168550772743788002e+01 8.860435769068993883e-01 8.702292793047177177e-01 9.020426840563363635e-01 0.000000000000000000e+00
7.723973825386825531e+00 1.605163236304904206e+00 -1.746167529148075909e-03 -1.000000000000000000e+00 -2.067177904055065088e-03 -1.411644735374060567e-03 2.610062416425148513e+01 8.820335144698978613e-01 8.663463679310107191e-01 8.979037119141096701e-01 0.000000000000000000e+00
7.730414926237823892e+00 1.603825789559029547e+00 -1.835746483135259526e-03 -1.000000000000000000e+00 -2.153091054780959055e-03 -1.505182701152291917e-03 2.925814441925649589e+01 8.725488952266541309e-01 8.567436659743603578e-01 8.885423538453428582e-01 0.000000000000000000e+00
7.736861398388765743e+00 1.602489457194395728e+00 -1.947565196808198921e-03 -1.000000000000000000e+00 -2.259244011406229356e-03 -1.622712951039162466e-03 3.340755645654098771e+01 8.680474840459868613e-01 8.523692424842546078e-01 8.839121633764183139e-01 0.000000000000000000e+00
7.743313246318833443e+00 1.601154238282482378e+00 -1.994450769674173396e-03 -1.000000000000000000e+00 -2.299626386983646444e-03 -1.675903339844737059e-03 3.591665717716614381e+01 8.577550807570062386e-01 8.419829754730246973e-01 8.737181448028408237e-01 0.000000000000000000e+00
7.749770474510944140e+00 1.599820131895543396e+00 -2.074941550736363483e-03 -1.000000000000000000e+00 -2.372256357263912568e-03 -1.764076728811903678e-03 3.980230052466072266e+01 8.524171035777357019e-01 8.367902056588678583e-01 8.682328193241447556e-01 0.000000000000000000e+00
7.756233087451753327e+00 1.598487137106606282e+00 -2.159548966104965408e-03 -1.000000000000000000e+00 -2.451150737527643588e-03 -1.854414996279745527e-03 4.392750261097557996e+01 8.454060647069131518e-01 8.296598048152656890e-01 8.613458480994642397e-01 0.000000000000000000e+00
7.762701089631657503e+00 1.597155252989470364e+00 -2.284601492846782735e-03 -1.000000000000000000e+00 -2.570341723643839588e-03 -1.985351271407840863e-03 4.973873037418684362e+01 8.401909787118704287e-01 8.245792687113561170e-01 8.559945399229793583e-01 0.000000000000000000e+00
7.769174485544799502e+00 1.595824478618706577e+00 -2.380124971360027524e-03 -1.000000000000000000e+00 -2.659809984102693391e-03 -2.086813452029345674e-03 5.485061483573917940e+01 8.275914662833364632e-01 8.119114660497847025e-01 8.434680070627456061e-01 0.000000000000000000e+00
7.775653279689067610e+00 1.594494813069657235e+00 -2.495499997601932900e-03 -1.000000000000000000e+00 -2.766632685604379898e-03 -2.210230319043773699e-03 6.141332924911284863e+01 8.145907546406476740e-01 7.989206954303277319e-01 8.304601050169584386e-01 0.000000000000000000e+00
7.782137476566102663e+00 1.593166255418435151e+00 -2.756375933323962531e-03 -1.000000000000000000e+00 -3.018078752476535068e-03 -2.480169663613376006e-03 7.519712424064505285e+01 8.176880314196517396e-01 8.020093016324757462e-01 8.335656597760892073e-01 0.000000000000000000e+00
7.788627080681298942e+00 1.591838804741922297e+00 -2.936113907443319015e-03 -1.000000000000000000e+00 -3.191767935881906996e-03 -2.665920943617063835e-03 8.572243151461384514e+01 8.051588344839558653e-01 7.894672216260674169e-01 8.210529722285604404e-01 0.000000000000000000e+00
7.795122096543806833e+00 1.590512460117771143e+00 -3.207132968018993214e-03 -1.000000000000000000e+00 -3.453006121978560716e-03 -2.946377944732834521e-03 1.025307338814891409e+02 8.083339568235422545e-01 7.926275664431957635e-01 8.242424582621737938e-01 0.000000000000000000e+00
7.801622528666539047e+00 1.589187220624400876e+00 -3.222349940130110266e-03 -1.000000000000000000e+00 -3.456780367965882166e-03 -2.972531711300337252e-03 1.074820052281650078e+02 7.852804518321958582e-01 7.696849653804476166e-01 8.010809896266791741e-01 0.000000000000000000e+00
7.808128381566169729e+00 1.587863085341000069e+00 -3.355311429714863229e-03 -1.000000000000000000e+00 -3.579403894950943313e-03 -3.116085303667582174e-03 1.197164620012742944e+02 7.866679513910671551e-01 7.710842032648704825e-01 8.024565738279701987e-01 0.000000000000000000e+00
7.814639659763139790e+00 1.586540053347523793e+00 -3.303518580130649328e-03 -1.000000000000000000e+00 -3.521420586030707834e-03 -3.070729542424612511e-03 1.207560978692033586e+02 7.661058864230601007e-01 7.504942853343400389e-01 7.818237107078701564e-01 0.000000000000000000e+00
7.821156367781661345e+00 1.585218123724693617e+00 -1.528490253695923527e-02 -1.000000000000000000e+00 0.000000000000000000e+00 0.000000000000000000e+00 0.000000000000000000e+00 8.102281286686824346e-01 0.000000000000000000e+00 0.000000000000000000e+00 1.000000000000000000e+00
7.827678510149716828e+00 1.583897295553998275e+00 -1.109285054500227033e-02 -1.000000000000000000e+00 -1.172651210902354683e-02 -1.039399418746125327e-02 -6.157450320992006709e+01 7.843804648459850037e-01 7.662450584158488898e-01 7.979184784720375623e-01 0.000000000000000000e+00
7.834206091399066985e+00 1.582577567917689887e+00 -1.740675996573672057e-02 -1.000000000000000000e+00 0.000000000000000000e+00 0.000000000000000000e+00 0.000000000000000000e+00 8.046531308788907877e-01 0.000000000000000000e+00 0.000000000000000000e+00 1.000000000000000000e+00
7.840739116065250869e+00 1.581258939898786631e+00 -1.856988291198848409e-02 -1.000000000000000000e+00 0.000000000000000000e+00 0.000000000000000000e+00 0.000000000000000000e+00 7.678634588637410774e-01 0.000000000000000000e+00 0.000000000000000000e+00 1.000000000000000000e+00
7.847277588687588512e+00 1.579941410581070071e+00 -1.626714807002637569e-02 -1.000000000000000000e+00 0.000000000000000000e+00 0.000000000000000000e+00 0.000000000000000000e+00 7.779197320969412077e-01 0.000000000000000000e+00 0.000000000000000000e+00 1.000000000000000000e+00
7.853821513809187138e+00 1.578624979049085830e+00 -2.135650850322964173e-02 -1.000000000000000000e+00 0.000000000000000000e+00 0.000000000000000000e+00 0.000000000000000000e+00 7.656576070050545857e-01 0.000000000000000000e+00 0.000000000000000000e+00 1.000000000000000000e+00
7.860370895976941163e+00 1.577309644388141585e+00 -1.530527840601822107e-02 -1.000000000000000000e+00 0.000000000000000000e+00 0.000000000000000000e+00 0.000000000000000000e+00 7.689980307509939328e-01 0.000000000000000000e+00 0.000000000000000000e+00 1.000000000000000000e+00
7.866925739741537527e+00 1.575995405684307737e+00 -2.566332541885987112e-02 -1.000000000000000000e+00 0.000000000000000000e+00 0.000000000000000000e+00 0.000000000000000000e+00 7.541186400467920770e-01 0.000000000000000000e+00 0.000000000000000000e+00 1.000000000000000000e+00
7.873486049657457464e+00 1.574682262024415857e+00 -2.807858541618581116e-02 -1.000000000000000000e+00 0.000000000000000000e+00 0.000000000000000000e+00 0.000000000000000000e+00 7.357258691923092009e-01 0.000000000000000000e+00 0.000000000000000000e+00 1.000000000000000000e+00
7.880051830282980951e+00 1.573370212496058462e+00 -2.966258050077382608e-02 -1.000000000000000000e+00 0.000000000000000000e+00 0.000000000000000000e+00 0.000000000000000000e+00 7.484302555431736614e-01 0.000000000000000000e+00 0.000000000000000000e+00 1.000000000000000000e+00
7.886623086180188480e+00 1.572059256187587906e+00 -3.046522450172932037e-02 -1.000000000000000000e+00 0.000000000000000000e+00 0.000000000000000000e+00 0.000000000000000000e+00 7.810617847347717246e-01 0.000000000000000000e+00 0.000000000000000000e+00 1.000000000000000000e+00
7.893199821914964609e+00 1.570749392188117488e+00 -3.056463483043080423e-02 -1.000000000000000000e+00 0.000000000000000000e+00 0.000000000000000000e+00 0.000000000000000000e+00 7.445616840263966640e-01 0.000000000000000000e+00 0.000000000000000000e+00 1.000000000000000000e+00
7.899782042057002407e+00 1.569440619587517682e+00 -3.006185251566512520e-02 -1.000000000000000000e+00 0.000000000000000000e+00 0.000000000000000000e+00 0.000000000000000000e+00 6.952676955924901314e-01 0.000000000000000000e+00 0.000000000000000000e+00 1.000000000000000000e+00
7.906369751179806116e+00 1.568132937476418354e+00 -2.892363308275808231e-02 -1.000000000000000000e+00 0.000000000000000000e+00 0.000000000000000000e+00 0.000000000000000000e+00 7.095920069325402091e-01 0.000000000000000000e+00 0.000000000000000000e+00 1.000000000000000000e+00
7.912962953860692039e+00 1.566826344946206540e+00 -2.986493432879955279e-02 -1.000000000000000000e+00 0.000000000000000000e+00 0.000000000000000000e+00 0.000000000000000000e+00 6.804236116274340329e-01 0.000000000000000000e+00 0.000000000000000000e+00 1.000000000000000000e+00
7.919561654680794760e+00 1.565520841089027337e+00 -3.079584424100334505e-02 -1.000000000000000000e+00 0.000000000000000000e+00 0.000000000000000000e+00 0.000000000000000000e+00 6.702634933777970039e-01 0.000000000000000000e+00 0.000000000000000000e+00 1.000000000000000000e+00
7.926165858225068916e+00 1.564216424997781019e+00 -3.240508911558306893e-02 -1.000000000000000000e+00 0.000000000000000000e+00 0.000000000000000000e+00 0.000000000000000000e+00 6.483432713762256050e-01 0.000000000000000000e+00 0.000000000000000000e+00 1.000000000000000000e+00
7.932775569082291867e+00 1.562913095766124583e+00 -3.414240584491746999e-02 -1.000000000000000000e+00 0.000000000000000000e+00 0.000000000000000000e+00 0.000000000000000000e+00 6.772769777337952490e-01 0.000000000000000000e+00 0.000000000000000000e+00 1.000000000000000000e+00
7.939390791845069018e+00 1.561610852488469980e+00 -3.677919092018749198e-02 -1.000000000000000000e+00 0.000000000000000000e+00 0.000000000000000000e+00 0.000000000000000000e+00 6.213854595191108388e-01 0.000000000000000000e+00 0.000000000000000000e+00 1.000000000000000000e+00
7.946011531109834714e+00 1.560309694259983226e+00 -3.689950644180289840e-02 -1.000000000000000000e+00 0.000000000000000000e+00 0.000000000000000000e+00 0.000000000000000000e+00 6.508748202866735388e-01 0.000000000000000000e+00 0.000000000000000000e+00 1.000000000000000000e+00
7.952637791476856677e+00 1.559009620176584621e+00 -3.280125985560952001e-02 -1.000000000000000000e+00 0.000000000000000000e+00 0.000000000000000000e+00 0.000000000000000000e+00 5.837754507273698046e-01 0.000000000000000000e+00 0.000000000000000000e+00 1.000000000000000000e+00
7.959269577550237784e+00 1.557710629334948083e+00 -1.832171234584280967e-02 -1.000000000000000000e+00 0.000000000000000000e+00 0.000000000000000000e+00 0.000000000000000000e+00 5.439241372922678508e-01 0.000000000000000000e+00 0.000000000000000000e+00 1.000000000000000000e+00
7.965906893937922284e+00 1.556412720832499597e+00 -1.556273869001118318e-02 -1.000000000000000000e+00 0.000000000000000000e+00 0.000000000000000000e+00 0.000000000000000000e+00 5.467402410698316562e-01 0.000000000000000000e+00 0.000000000000000000e+00 1.000000000000000000e+00
7.972549745251694908e+00 1.555115893767417656e+00 -1.619942252083653861e-02 -1.000000000000000000e+00 0.000000000000000000e+00 0.000000000000000000e+00 0.000000000000000000e+00 5.308364529948784716e-01 0.000000000000000000e+00 0.000000000000000000e+00 1.000000000000000000e+00
7.979198136107187977e+00 1.553820147238631932e+00 -2.714279330082191091e-02 -1.000000000000000000e+00 0.000000000000000000e+00 0.000000000000000000e+00 0.000000000000000000e+00 5.135509250576922868e-01 0.000000000000000000e+00 0.000000000000000000e+00 1.000000000000000000e+00
7.985852071123881402e+00 1.552525480345822828e+00 -2.031313604800047759e-02 -1.000000000000000000e+00 0.000000000000000000e+00 0.000000000000000000e+00 0.000000000000000000e+00 5.004802398152282672e-01 0.000000000000000000e+00 0.000000000000000000e+00 1.000000000000000000e+00
7.992511554925108008e+00 1.551231892189421036e+00 -1.419045828139834341e-02 -1.000000000000000000e+00 0.000000000000000000e+00 0.000000000000000000e+00 0.000000000000000000e+00 4.753416308909128585e-01 0.000000000000000000e+00 0.000000000000000000e+00 1.000000000000000000e+00
7.999176592138056208e+00 1.549939381870606869e+00 -2.098000247188254105e-02 -1.000000000000000000e+00 0.000000000000000000e+00 0.000000000000000000e+00 0.000000000000000000e+00 4.752277656787732285e-01 0.000000000000000000e+00 0.000000000000000000e+00 1.000000000000000000e+00
