# OBJ_NAME=CIR X-1
#         GRID_START=6.00
#         GRID_END=8.00
#         GRID_STEP_FRACTION=0.50
#         XSPEC_FITSTAT=cstat
#         XSPEC_CONTINUUM_MODEL=tbabs*(bbodyrad + pow)*constant
#         XSPEC_LINE_MODEL=gauss
#         LINE_VELOCITY_WIDTH=500
#         INPUT_FILE=/home/simon/Downloads/tgcat/obs_1907_tgid_3665/pm_heg_abs1.pha
#         SEARCH_MODE=Sliding window
#         FIT_REGION_WIDTH=30.00
#         RUNTIME=68
#         COLUMN_NAMES=ENERGY,WAVELENGTH,NORM,NORM_SIGN,NORM_ERR_LO,NORM_ERR_HI,DELTA_FITSTAT,CONSTANT_FACTOR,CONSTANT_FACTOR_ERR_LO,CONSTANT_FACTOR_ERR_HI,FIT_ERR
6.000000000000000000e+00 2.066373137115381287e+00 -1.632222896715159713e-04 -1.000000000000000000e+00 -3.997255176859766321e-04 7.713046025783346147e-05 5.141403618154072319e-01 1.066521788050354136e+00 1.058576128449689069e+00 1.074525283922840524e+00 0.000000000000000000e+00
6.005003461427972589e+00 2.064651403172383937e+00 -1.161766505147007750e-04 -1.000000000000000000e+00 -3.538985934218591293e-04 1.254098435805675333e-04 2.590184568127824605e-01 1.066768706474597206e+00 1.058760990359544962e+00 1.074835025406718936e+00 0.000000000000000000e+00
6.010011095293655181e+00 2.062931103804642063e+00 -7.617943866557721426e-05 -1.000000000000000000e+00 -3.150346616495459766e-04 1.665547659141387166e-04 1.105001154273850261e-01 1.067314326511020095e+00 1.059351691025844922e+00 1.075334922563817353e+00 0.000000000000000000e+00
6.015022905076486737e+00 2.061212237816845594e+00 -3.089475337151500594e-05 -1.000000000000000000e+00 -2.711646572671654520e-04 2.132571048443596834e-04 1.802864320438857249e-02 1.067266586917698490e+00 1.059288790384073087e+00 1.075302495777010314e+00 0.000000000000000000e+00
6.020038894258807005e+00 2.059494804014679215e+00 2.046101053520648551e-05 1.000000000000000000e+00 -2.210934939276087258e-04 2.658978350631193126e-04 7.863453744221260422e-03 1.066914652597548141e+00 1.058876149770823671e+00 1.075012172162895796e+00 0.000000000000000000e+00
6.025059066325860080e+00 2.057778801204824592e+00 5.215347125927024131e-05 1.000000000000000000e+00 -1.899425624043148153e-04 2.981386834150478440e-04 5.096277414031646913e-02 1.068815986770851545e+00 1.060757549862552551e+00 1.076933671323715869e+00 0.000000000000000000e+00
6.030083424765796174e+00 2.056064228194956822e+00 9.080089243569417629e-05 1.000000000000000000e+00 -1.512740529324765870e-04 3.367759403547857791e-04 1.546041417461765377e-01 1.069450745838953498e+00 1.061440425993499082e+00 1.077519541175991913e+00 0.000000000000000000e+00
6.035111973069674285e+00 2.054351083793744426e+00 1.120138844414414844e-04 1.000000000000000000e+00 -1.302597465197884510e-04 3.581926391246507881e-04 2.354360352860567218e-01 1.070355684753114822e+00 1.062282280610349350e+00 1.078488476623867820e+00 0.000000000000000000e+00
6.040144714731465747e+00 2.052639366810848021e+00 1.089383347868893930e-04 1.000000000000000000e+00 -1.335767518781266229e-04 3.553689753946094316e-04 2.221965247213120165e-01 1.071546738019542921e+00 1.063455168805458095e+00 1.079697955416905497e+00 0.000000000000000000e+00
6.045181653248054232e+00 2.050929076056921652e+00 9.635808612675348978e-05 1.000000000000000000e+00 -1.465486975858691220e-04 3.431942975688799177e-04 1.729539834354909544e-01 1.071501500085050074e+00 1.063456920430339236e+00 1.079605067141204078e+00 0.000000000000000000e+00
6.050222792119239301e+00 2.049220210343609683e+00 5.152021856337213443e-05 1.000000000000000000e+00 -1.921551798055499581e-04 2.991306099269837467e-04 4.907204092933170614e-02 1.073473710203539433e+00 1.065357744920363281e+00 1.081649406181905970e+00 0.000000000000000000e+00
6.055268134847740846e+00 2.047512768483544576e+00 9.552331009757814272e-06 1.000000000000000000e+00 -2.345566824412831668e-04 2.576082228941249143e-04 1.677130358530121157e-03 1.075100832868193246e+00 1.066962939920270026e+00 1.083298792481177886e+00 0.000000000000000000e+00
6.060317684939197314e+00 2.045806749290351334e+00 -1.563478654050918929e-05 -1.000000000000000000e+00 -2.598168305762831596e-04 2.325113263471105464e-04 4.482353457433418953e-03 1.076115889584342789e+00 1.067959932398793388e+00 1.084332110272021810e+00 0.000000000000000000e+00
6.065371445902172809e+00 2.044102151578641724e+00 -1.579481216793336820e-05 -1.000000000000000000e+00 -2.597946365232950503e-04 2.321840752026636475e-04 4.578214346338427276e-03 1.076117210579346617e+00 1.067963697186434580e+00 1.084330958550170587e+00 0.000000000000000000e+00
6.070429421248155322e+00 2.042398974164015168e+00 2.100421953302800463e-05 1.000000000000000000e+00 -2.229995366785526834e-04 2.689940035058624771e-04 8.114737527876059175e-03 1.073464061810279979e+00 1.065306893015976808e+00 1.081681569533414766e+00 0.000000000000000000e+00
6.075491614491562942e+00 2.040697215863058300e+00 3.761128997550886515e-05 1.000000000000000000e+00 -2.064951867858291074e-04 2.857039601509804767e-04 2.602347948483441087e-02 1.073296426391963765e+00 1.065126188665187712e+00 1.081527226890006244e+00 0.000000000000000000e+00
6.080558029149742971e+00 2.038996875493343186e+00 4.871723252857066588e-05 1.000000000000000000e+00 -1.955616560711829154e-04 2.969783981230066637e-04 4.361650824218088474e-02 1.073180370942204087e+00 1.065012172998355711e+00 1.081409151871248531e+00 0.000000000000000000e+00
6.085628668742976366e+00 2.037297951873428659e+00 4.387014489831325600e-05 1.000000000000000000e+00 -2.005426058597152127e-04 2.922650183302598847e-04 3.532095013952130103e-02 1.073584338119553561e+00 1.065400081182679148e+00 1.081829528076279967e+00 0.000000000000000000e+00
6.090703536794479511e+00 2.035600443822857208e+00 1.617893854693989663e-05 1.000000000000000000e+00 -2.282171053636859433e-04 2.645736144011094594e-04 4.795568223471491365e-03 1.075036675828312083e+00 1.066832517816251658e+00 1.083301985773689191e+00 0.000000000000000000e+00
6.095782636830406886e+00 2.033904350162153651e+00 -1.677558925332035361e-05 -1.000000000000000000e+00 -2.614204030836541292e-04 2.318897196264691342e-04 5.140200835739960894e-03 1.075966997419272708e+00 1.067694728600981913e+00 1.084301220707472480e+00 0.000000000000000000e+00
6.100865972379854618e+00 2.032209669712826461e+00 -5.718331930656017393e-05 -1.000000000000000000e+00 -3.019952802420055975e-04 1.916629491033832291e-04 5.941258202255994547e-02 1.077321587797763769e+00 1.069093007138040008e+00 1.085611407943680051e+00 0.000000000000000000e+00
6.105953546974859592e+00 2.030516401297367324e+00 -8.244818927780322299e-05 -1.000000000000000000e+00 -3.278927547873960340e-04 1.670232280132262232e-04 1.228865446839790820e-01 1.077637248806961434e+00 1.069341612662816354e+00 1.085995139277822652e+00 0.000000000000000000e+00
6.111045364150406556e+00 2.028824543739246700e+00 -1.151194963774690558e-04 -1.000000000000000000e+00 -3.605916828156473979e-04 1.343834939901831680e-04 2.389980547832237789e-01 1.079986390956590991e+00 1.071666677277959945e+00 1.088368630975117268e+00 0.000000000000000000e+00
6.116141427444425460e+00 2.027134095862917373e+00 -1.162957161564492713e-04 -1.000000000000000000e+00 -3.611859233892950180e-04 1.326474836649701138e-04 2.445194837910094066e-01 1.080284559623889029e+00 1.072016074927952145e+00 1.088614831565130281e+00 0.000000000000000000e+00
6.121241740397799447e+00 2.025445056493809570e+00 -1.107147726104057851e-04 -1.000000000000000000e+00 -3.553126341176882520e-04 1.379464439234613421e-04 2.223690584353334998e-01 1.080394501337990310e+00 1.072063238237527250e+00 1.088788488086688711e+00 0.000000000000000000e+00
6.126346306554362187e+00 2.023757424458334508e+00 -1.344451908506464212e-04 -1.000000000000000000e+00 -3.788725441838552998e-04 1.140478347520885929e-04 3.277552544468562701e-01 1.083219349264219922e+00 1.074862920477799522e+00 1.091638611414271987e+00 0.000000000000000000e+00
6.131455129460903208e+00 2.022071198583879958e+00 -1.451129097569333910e-04 -1.000000000000000000e+00 -3.899153565554289093e-04 1.037589829532702297e-04 3.805170990331134817e-01 1.083744677873474060e+00 1.075369597850710290e+00 1.092182808617818246e+00 0.000000000000000000e+00
6.136568212667169675e+00 2.020386377698810687e+00 -1.580722119584163814e-04 -1.000000000000000000e+00 -4.034621859844856185e-04 9.139841247024783877e-05 4.490440862919058418e-01 1.083880128125360720e+00 1.075503922818347613e+00 1.092319469096067586e+00 0.000000000000000000e+00
6.141685559725869936e+00 2.018702960632467569e+00 -1.909639826931394484e-04 -1.000000000000000000e+00 -4.369168476057846886e-04 5.908767302754034073e-05 6.511970444132657576e-01 1.086420312187576176e+00 1.078016923152031126e+00 1.094886985965888515e+00 0.000000000000000000e+00
6.146807174192673529e+00 2.017020946215167587e+00 -1.861228761655220429e-04 -1.000000000000000000e+00 -4.327230988458557462e-04 6.460249366037511330e-05 6.157733419909305894e-01 1.086396367937088714e+00 1.077975723830575605e+00 1.094880607325730004e+00 0.000000000000000000e+00
6.151933059626216505e+00 2.015340333278202056e+00 -1.563241853263775110e-04 -1.000000000000000000e+00 -4.036963326563672880e-04 9.519197835672089112e-05 4.325203018690899626e-01 1.086072607892224262e+00 1.077653353353737797e+00 1.094555346032035192e+00 0.000000000000000000e+00
6.157063219588101433e+00 2.013661120653835290e+00 -1.051223504128355490e-04 -1.000000000000000000e+00 -3.535199636969442406e-04 1.474167244029965041e-04 1.947289431072931620e-01 1.086177457728801254e+00 1.077741154976013194e+00 1.094677721286201111e+00 0.000000000000000000e+00
6.162197657642900950e+00 2.011983307175305935e+00 -2.938174926912529581e-05 -1.000000000000000000e+00 -2.787812802359291068e-04 2.241503332304723502e-04 1.517023156043251220e-02 1.085983510241565142e+00 1.077531881784385748e+00 1.094499194979313916e+00 0.000000000000000000e+00
6.167336377358160426e+00 2.010306891676824304e+00 6.246562421953682435e-05 1.000000000000000000e+00 -1.878427506508461100e-04 3.169054108971087395e-04 6.855939601268801198e-02 1.085156378267751798e+00 1.076642430891126656e+00 1.093735406027586343e+00 0.000000000000000000e+00
6.172479382304400630e+00 2.008631872993570600e+00 1.418656830814140756e-04 1.000000000000000000e+00 -1.087833778298971893e-04 3.966590348036526338e-04 3.538070743550179031e-01 1.084988896021153559e+00 1.076530114442430852e+00 1.093512108459183452e+00 0.000000000000000000e+00
6.177626676055119503e+00 2.006958249961698471e+00 2.142620119247687111e-04 1.000000000000000000e+00 -3.723915900168042054e-05 4.699104869638751807e-04 8.063972759455282358e-01 1.083302503369792058e+00 1.074783577191648520e+00 1.091886777196637626e+00 0.000000000000000000e+00
6.182778262186794827e+00 2.005286021418328790e+00 2.398153925287053068e-04 1.000000000000000000e+00 -1.254083376846717589e-05 4.963225191784380839e-04 1.005326635334753860e+00 1.083410378107569016e+00 1.074873611816132168e+00 1.092012873431865483e+00 0.000000000000000000e+00
6.187934144278887771e+00 2.003615186201552323e+00 2.337122735811273039e-04 1.000000000000000000e+00 -1.936054271188330459e-05 4.909491225391103336e-04 9.479771391211215814e-01 1.083622874335192332e+00 1.075135125742119557e+00 1.092175518544213020e+00 0.000000000000000000e+00
6.193094325913842901e+00 2.001945743150427948e+00 1.988696912270584570e-04 1.000000000000000000e+00 -5.500032246820150982e-05 4.569141711242850402e-04 6.817202897502738779e-01 1.084297720582781732e+00 1.075737370789652703e+00 1.092924042136797169e+00 0.000000000000000000e+00
6.198258810677093500e+00 2.000277691104981770e+00 1.322249867399310152e-04 1.000000000000000000e+00 -1.216266625133256710e-04 3.902634846623653222e-04 3.001429251842182566e-01 1.086760279192712009e+00 1.078172586695841373e+00 1.095414133324509320e+00 0.000000000000000000e+00
6.203427602157062459e+00 1.998611028906206677e+00 8.584974678862495505e-05 1.000000000000000000e+00 -1.671782507841132069e-04 3.430866431424672760e-04 1.267226936013230443e-01 1.086352108384081694e+00 1.077819197904672510e+00 1.094950272986476625e+00 0.000000000000000000e+00
6.208600703945164057e+00 1.996945755396060118e+00 1.894463981506362484e-05 1.000000000000000000e+00 -2.331312184248701246e-04 2.752530777968992281e-04 6.193872386575094424e-03 1.087733651526096468e+00 1.079129346739785111e+00 1.096404228503687683e+00 0.000000000000000000e+00
6.213778119635809283e+00 1.995281869417466547e+00 -2.696669560101573799e-05 -1.000000000000000000e+00 -2.781468081129639730e-04 2.284693861651009787e-04 1.259607997985767724e-02 1.086480683689938997e+00 1.077864797956470166e+00 1.095163174934680850e+00 0.000000000000000000e+00
6.218959852826404955e+00 1.993619369814312314e+00 -1.220441213694531559e-04 -1.000000000000000000e+00 -3.726632479040177547e-04 1.328424340614403143e-04 2.574609135103855806e-01 1.090183955675449567e+00 1.081535883051916613e+00 1.098898870812312856e+00 0.000000000000000000e+00
6.224145907117359044e+00 1.991958255431448777e+00 -1.853090622761646776e-04 -1.000000000000000000e+00 -4.359850865748526004e-04 6.964783872495514854e-05 5.907655729999987670e-01 1.090868822978498631e+00 1.082217623498260339e+00 1.099586960868514929e+00 0.000000000000000000e+00
6.229336286112081567e+00 1.990298525114688521e+00 -2.269903763118337383e-04 -1.000000000000000000e+00 -4.781655815484973059e-04 2.848736562807301130e-05 8.809742982457464677e-01 1.091001894833244279e+00 1.082329248309400915e+00 1.099741715025538635e+00 0.000000000000000000e+00
6.234530993416986355e+00 1.988640177710806478e+00 -2.432677059453724718e-04 -1.000000000000000000e+00 -4.953245466776143129e-04 1.311444697946588804e-05 1.005496763901192026e+00 1.091800036598963519e+00 1.083051731899580705e+00 1.100616608442232858e+00 0.000000000000000000e+00
6.239730032641496393e+00 1.986983212067538140e+00 -2.077923966851358761e-04 -1.000000000000000000e+00 -4.606697219043373918e-04 4.943134168768322846e-05 7.296579361138810782e-01 1.091668996454017382e+00 1.082973899753687519e+00 1.100431575865862932e+00 0.000000000000000000e+00
6.244933407398043812e+00 1.985327627033580011e+00 -1.096261116066250211e-04 -1.000000000000000000e+00 -3.638821524566179105e-04 1.489730691968757666e-04 2.023289884214136691e-01 1.089682772763105767e+00 1.080976390083912220e+00 1.098456875734160398e+00 0.000000000000000000e+00
6.250141121302072555e+00 1.983673421458586272e+00 1.980479772193058447e-05 1.000000000000000000e+00 -2.359296205713854681e-04 2.798592223506485592e-04 6.593280136030443828e-03 1.088108127053620588e+00 1.079337977629675205e+00 1.096947155251584816e+00 0.000000000000000000e+00
6.255353177972041934e+00 1.982020594193170782e+00 1.502141965704881536e-04 1.000000000000000000e+00 -1.061960507290999548e-04 4.109350268909099310e-04 3.797776737346794107e-01 1.087882213126621700e+00 1.079169876671627115e+00 1.096662593834935251e+00 0.000000000000000000e+00
6.260569581029430175e+00 1.980369144088905076e+00 2.819878421115268687e-04 1.000000000000000000e+00 2.491531556884972552e-05 5.433773663510272581e-04 1.342487178579858664e+00 1.086137219580656232e+00 1.077416391474200763e+00 1.094926314528299027e+00 0.000000000000000000e+00
6.265790334098732650e+00 1.978719069998317037e+00 3.744575505500617805e-04 1.000000000000000000e+00 1.164755773915806180e-04 6.367688840505979306e-04 2.367658715851121087e+00 1.084885888191857273e+00 1.076100388774788197e+00 1.093740752267060135e+00 0.000000000000000000e+00
6.271015440807469865e+00 1.977070370774890451e+00 4.179174084178547831e-04 1.000000000000000000e+00 1.588043992515526825e-04 6.813667756434321678e-04 2.933160745848908846e+00 1.084085345369949716e+00 1.075282495406255645e+00 1.092957940803305439e+00 0.000000000000000000e+00
6.276244904786186574e+00 1.975423045273065226e+00 4.106239230040173893e-04 1.000000000000000000e+00 1.502306920518824379e-04 6.753594544878969118e-04 2.803640604000293024e+00 1.084177625321005145e+00 1.075371832690390272e+00 1.093053094571738937e+00 0.000000000000000000e+00
6.281478729668454442e+00 1.973777092348234952e+00 3.229145257938264928e-04 1.000000000000000000e+00 6.160468737664002471e-05 5.885859643338977589e-04 1.713092039255116106e+00 1.089665319360220375e+00 1.080814925133117832e+00 1.098585663894914743e+00 0.000000000000000000e+00
6.286716919090875599e+00 1.972132510856748011e+00 2.673522037684723622e-04 1.000000000000000000e+00 5.538816884629520036e-06 5.335637952053908211e-04 1.166283956412598855e+00 1.090697513316400302e+00 1.081820651506163689e+00 1.099644788441507925e+00 0.000000000000000000e+00
6.291959476693084419e+00 1.970489299655904469e+00 2.259501857298787592e-04 1.000000000000000000e+00 -3.578917118673448491e-05 4.921175469029510181e-04 8.309827586936080479e-01 1.091162025020692594e+00 1.082284400439469385e+00 1.100109920379570783e+00 0.000000000000000000e+00
6.297206406117751065e+00 1.968847457603957185e+00 1.635381191675284844e-04 1.000000000000000000e+00 -9.777243951261302933e-05 4.292824573821457353e-04 4.347966201673898468e-01 1.095804320727225445e+00 1.086890446798547405e+00 1.104788783772614025e+00 0.000000000000000000e+00
6.302457711010582386e+00 1.967206983560110700e+00 1.499774191232855611e-04 1.000000000000000000e+00 -1.109844461953658724e-04 4.153721320400676886e-04 3.661875721836622688e-01 1.097183208847070990e+00 1.088246680655733378e+00 1.106190574055643694e+00 0.000000000000000000e+00
6.307713395020327241e+00 1.965567876384518575e+00 1.598130466249074900e-04 1.000000000000000000e+00 -1.008477707191244178e-04 4.249155273854789226e-04 4.166706110727318446e-01 1.097078807399581857e+00 1.088146480750430412e+00 1.106081922896316794e+00 0.000000000000000000e+00
6.312973461798775610e+00 1.963930134938285832e+00 1.208921880741443191e-04 1.000000000000000000e+00 -1.395043617532563496e-04 3.857399681417247352e-04 2.381927849496605631e-01 1.102052356905501629e+00 1.093082469895876097e+00 1.111093302737723443e+00 0.000000000000000000e+00
6.318237915000763039e+00 1.962293758083465844e+00 1.108580239845922543e-04 1.000000000000000000e+00 -1.497945152719572595e-04 3.759607487930804364e-04 2.000197300556010305e-01 1.102821031915087513e+00 1.093774134429669864e+00 1.111940161556122630e+00 0.000000000000000000e+00
6.323506758284172413e+00 1.960658744683059451e+00 9.192417999078007535e-05 1.000000000000000000e+00 -1.686073110226503770e-04 3.569080862669895019e-04 1.372639824567158939e-01 1.102827119047732340e+00 1.093836233315865103e+00 1.111889436589804658e+00 0.000000000000000000e+00
6.328779995309938400e+00 1.959025093601015399e+00 3.314546107873029250e-05 1.000000000000000000e+00 -2.271178594638530472e-04 2.978713721971031699e-04 1.781127369895330048e-02 1.105216808986248189e+00 1.096196958144558309e+00 1.114308400898403884e+00 0.000000000000000000e+00
6.334057629742047446e+00 1.957392803702229900e+00 -3.639854809220220466e-05 -1.000000000000000000e+00 -2.962649122865498191e-04 2.279573314729980700e-04 2.146625652289912978e-02 1.107050582651408765e+00 1.097949597788040244e+00 1.116224525442570670e+00 0.000000000000000000e+00
6.339339665247542221e+00 1.955761873852543076e+00 -1.080286831501626766e-04 -1.000000000000000000e+00 -3.671511809161792498e-04 1.556223393037080229e-04 1.889005048949456977e-01 1.107915824768928470e+00 1.098867857865367892e+00 1.117035808800117769e+00 0.000000000000000000e+00
6.344626105496522506e+00 1.954132302918741848e+00 -2.131019969391445372e-04 -1.000000000000000000e+00 -4.719684926082967831e-04 5.031389806956819226e-05 7.313844332043117902e-01 1.112102199353878884e+00 1.103016299957127355e+00 1.121260368519326089e+00 0.000000000000000000e+00
6.349916954162148741e+00 1.952504089768555939e+00 -2.750179748833897942e-04 -1.000000000000000000e+00 -5.343872646101219996e-04 -1.108947542668861988e-05 1.210710223447904355e+00 1.112674904541831600e+00 1.103508933589381735e+00 1.121914497255788845e+00 0.000000000000000000e+00
6.355212214920644698e+00 1.950877233270659206e+00 -3.464564765194320722e-04 -1.000000000000000000e+00 -6.062154881343964109e-04 -8.212110822257493977e-05 1.907295489323814763e+00 1.116912022042193753e+00 1.107706490108708142e+00 1.126191343836413283e+00 0.000000000000000000e+00
6.360511891451300137e+00 1.949251732294668749e+00 -3.411960651504359265e-04 -1.000000000000000000e+00 -6.014616295824940688e-04 -7.633303706844481954e-05 1.842818923148115573e+00 1.116842760423624181e+00 1.107638523087332016e+00 1.126120996957785225e+00 0.000000000000000000e+00
6.365815987436472589e+00 1.947627585711142251e+00 -2.707864527207645960e-04 -1.000000000000000000e+00 -5.317829193033851102e-04 -5.181236487746205058e-06 1.159895168840876067e+00 1.114089013531351702e+00 1.104875121842223695e+00 1.123377237086435443e+00 0.000000000000000000e+00
6.371124506561590906e+00 1.946004792391578420e+00 -2.123599773443142480e-04 -1.000000000000000000e+00 -4.740275625381020581e-04 5.391701550792288669e-05 7.123851306255630789e-01 1.116226666231751041e+00 1.106984579425166926e+00 1.125543241908023795e+00 0.000000000000000000e+00
6.376437452515156146e+00 1.944383351208418098e+00 -1.025383614177288201e-04 -1.000000000000000000e+00 -3.651535552422610826e-04 1.646883122982530871e-04 1.660191692208172753e-01 1.114988740047280436e+00 1.105754794765949844e+00 1.124297133655564718e+00 0.000000000000000000e+00
6.381754828988746020e+00 1.942763261035039601e+00 1.300069380498385319e-05 1.000000000000000000e+00 -2.508969198774575358e-04 2.815132427568357376e-04 2.663937263832849567e-03 1.113601705154293464e+00 1.104352650322874441e+00 1.122925588902986993e+00 0.000000000000000000e+00
6.387076639677015777e+00 1.941144520745761159e+00 9.635976153779115074e-05 1.000000000000000000e+00 -1.689684129825455398e-04 3.663047282058900329e-04 1.456128715890372405e-01 1.114763696367517820e+00 1.105488085598834935e+00 1.124114482308855356e+00 0.000000000000000000e+00
6.392402888277703532e+00 1.939527129215838475e+00 1.825769247323095470e-04 1.000000000000000000e+00 -8.429574016727433249e-05 4.540673806908760140e-04 5.196966835053444811e-01 1.113798194999196411e+00 1.104526671102988633e+00 1.123144922252228506e+00 0.000000000000000000e+00
6.397733578491629380e+00 1.937911085321463833e+00 2.327812025443286867e-04 1.000000000000000000e+00 -3.548466322644922510e-05 5.056675091881522631e-04 8.392242199388419976e-01 1.114545318445747668e+00 1.105246941559476781e+00 1.123919219609700315e+00 0.000000000000000000e+00
6.403068714022700725e+00 1.936296387939767438e+00 2.750624306300425469e-04 1.000000000000000000e+00 5.550394860448265751e-06 5.492051104317640861e-04 1.166165965765458168e+00 1.113979139459753798e+00 1.104603083997974800e+00 1.123432045585738948e+00 0.000000000000000000e+00
6.408408298577912277e+00 1.934683035948813856e+00 2.936927997444055936e-04 1.000000000000000000e+00 2.376500685496394380e-05 5.682763305780900130e-04 1.324958551389272543e+00 1.114008351084405879e+00 1.104689932908205829e+00 1.123402691390609220e+00 0.000000000000000000e+00
6.413752335867351384e+00 1.933071028227602239e+00 2.781826784482475880e-04 1.000000000000000000e+00 7.934652182611324003e-06 5.531043280834342353e-04 1.184806402401363812e+00 1.116057484696549862e+00 1.106708431132559456e+00 1.125482805138341869e+00 0.000000000000000000e+00
6.419100829604198033e+00 1.931460363656067436e+00 2.794614946531008147e-04 1.000000000000000000e+00 8.699101681526458848e-06 5.549083727886425189e-04 1.193106672102885568e+00 1.114989618412375094e+00 1.105565327475066306e+00 1.124491418191756020e+00 0.000000000000000000e+00
6.424453783504729287e+00 1.929851041115075327e+00 2.564910801778780844e-04 1.000000000000000000e+00 -1.430463411669424334e-05 5.319921643592948491e-04 1.001702087741932701e+00 1.115633542568898573e+00 1.106264542228980963e+00 1.125079179367250548e+00 0.000000000000000000e+00
6.429811201288321953e+00 1.928243059486426159e+00 2.192935802161286312e-04 1.000000000000000000e+00 -5.196704800618248362e-05 4.952771593655686151e-04 7.290486382166818657e-01 1.117447089753375478e+00 1.107990060089854456e+00 1.126981999891846220e+00 0.000000000000000000e+00
6.435173086677453469e+00 1.926636417652850763e+00 1.769868547177449742e-04 1.000000000000000000e+00 -9.458534653392579837e-05 4.532986415446778241e-04 4.725970298759420984e-01 1.120054788365520970e+00 1.110563010999353395e+00 1.129624857110462122e+00 0.000000000000000000e+00
6.440539443397706343e+00 1.925031114498011453e+00 1.470748472387400159e-04 1.000000000000000000e+00 -1.245171892376837784e-04 4.234215493359959597e-04 3.251164156608865596e-01 1.122083918848328254e+00 1.112642735930988724e+00 1.131602541205318335e+00 0.000000000000000000e+00
6.445910275177769044e+00 1.923427148906499795e+00 1.514333261387694452e-04 1.000000000000000000e+00 -1.204984387502652018e-04 4.281290258017397799e-04 3.443642302963780821e-01 1.121349804307272935e+00 1.111831788929131370e+00 1.130946529139971402e+00 0.000000000000000000e+00
6.451285585749439555e+00 1.921824519763838390e+00 1.276972099884041275e-04 1.000000000000000000e+00 -1.439981330753534162e-04 4.041690575641455202e-04 2.448211550213272858e-01 1.124227007205758300e+00 1.114675787594011425e+00 1.133857260534373745e+00 0.000000000000000000e+00
6.456665378847628034e+00 1.920223225956476210e+00 1.285752939617574100e-04 1.000000000000000000e+00 -1.427562265440301850e-04 4.046934333258933114e-04 2.486481726527927094e-01 1.124221292834051145e+00 1.114674515988134829e+00 1.133847145320580951e+00 0.000000000000000000e+00
6.462049658210359482e+00 1.918623266371792813e+00 1.176373603857158972e-04 1.000000000000000000e+00 -1.533378190542346179e-04 3.934034892853607770e-04 2.084719018369014520e-01 1.124201522150349630e+00 1.114633202573311221e+00 1.133849156053700291e+00 0.000000000000000000e+00
6.467438427578775517e+00 1.917024639898092353e+00 4.394136174518926909e-05 1.000000000000000000e+00 -2.264405011312450422e-04 3.191186889923792796e-04 2.906035862088174326e-02 1.128799411367864547e+00 1.119190207083300193e+00 1.138488358158929570e+00 0.000000000000000000e+00
6.472831690697137930e+00 1.915427345424606687e+00 -1.919612977284738945e-05 -1.000000000000000000e+00 -2.889761614988096386e-04 2.553950927152533385e-04 5.543711816699214978e-03 1.129521210818823285e+00 1.119911917738763085e+00 1.139210258077565374e+00 0.000000000000000000e+00
6.478229451312831344e+00 1.913831381841492263e+00 -1.295417566626230462e-04 -1.000000000000000000e+00 -3.986771986099554182e-04 1.444350286998015095e-04 2.517628412208523514e-01 1.132916797678531706e+00 1.123268871517375533e+00 1.142644947010883927e+00 0.000000000000000000e+00
6.483631713176364109e+00 1.912236748039830792e+00 -2.686559426358214181e-04 -1.000000000000000000e+00 -5.372511561838476304e-04 4.822583495664467014e-06 1.077028304506939094e+00 1.137941735975711133e+00 1.128247292093903509e+00 1.147716714347106537e+00 0.000000000000000000e+00
6.489038480041373624e+00 1.910643442911627687e+00 -3.720633402229595109e-04 -1.000000000000000000e+00 -6.405466863415440124e-04 -9.866212867643003740e-05 2.052765369768849268e+00 1.139111640380775725e+00 1.129411744251761718e+00 1.148891910873934608e+00 0.000000000000000000e+00
6.494449755664626345e+00 1.909051465349812737e+00 -4.771173427728801677e-04 -1.000000000000000000e+00 -7.457010311728647263e-04 -2.036124410011568042e-04 3.351511781626186348e+00 1.142456240579655447e+00 1.132715166342914692e+00 1.152278213988899624e+00 0.000000000000000000e+00
6.499865543806021329e+00 1.907460814248235881e+00 -5.197910683312977845e-04 -1.000000000000000000e+00 -7.884875049265162219e-04 -2.461788700215049265e-04 3.969356508122700689e+00 1.142621699585130601e+00 1.132795236457230459e+00 1.152530535980469173e+00 0.000000000000000000e+00
6.505285848228594681e+00 1.905871488501671207e+00 -5.443003583158156607e-04 -1.000000000000000000e+00 -8.120158715000993241e-04 -2.716362598923137374e-04 4.363746959639001943e+00 1.144900458831153989e+00 1.135129312542493052e+00 1.154752942908934710e+00 0.000000000000000000e+00
6.510710672698518664e+00 1.904283487005811404e+00 -5.102618081182740389e-04 -1.000000000000000000e+00 -7.774273270354568974e-04 -2.381132373223788460e-04 3.854975563895550295e+00 1.143767848780957719e+00 1.133980278303213129e+00 1.153636971251507104e+00 0.000000000000000000e+00
6.516140020985107917e+00 1.902696808657271088e+00 -4.782976978094480606e-04 -1.000000000000000000e+00 -7.458280293871623291e-04 -2.057857004534407422e-04 3.388953397839713944e+00 1.144143656284761779e+00 1.134271928812393693e+00 1.154098435254223398e+00 0.000000000000000000e+00
6.521573896860818564e+00 1.901111452353583031e+00 -4.540205284926489694e-04 -1.000000000000000000e+00 -7.222739740784562970e-04 -1.807994733068695966e-04 3.038691138984404461e+00 1.145395144093538820e+00 1.135578445011097948e+00 1.155294036481110398e+00 0.000000000000000000e+00
6.527012304101254436e+00 1.899527416993199491e+00 -4.193200553833169005e-04 -1.000000000000000000e+00 -6.890101923844304263e-04 -1.446641522441114922e-04 2.576242124215696094e+00 1.145074530916067257e+00 1.135171794825252656e+00 1.155060738499163353e+00 0.000000000000000000e+00
6.532455246485166178e+00 1.897944701475490215e+00 -3.995316735183991001e-04 -1.000000000000000000e+00 -6.701504912957339122e-04 -1.239212626912272047e-04 2.326863832157641809e+00 1.146122532709038744e+00 1.136188251967847451e+00 1.156141025331578254e+00 0.000000000000000000e+00
6.537902727794456581e+00 1.896363304700741548e+00 -3.636923451342851245e-04 -1.000000000000000000e+00 -6.348407860657641431e-04 -8.750668237265653380e-05 1.921854165970671602e+00 1.145432534073075992e+00 1.135561805482854236e+00 1.155386126788580770e+00 0.000000000000000000e+00
6.543354751814182357e+00 1.894783225570156437e+00 -3.184282562422399319e-04 -1.000000000000000000e+00 -5.908350286260897295e-04 -4.095379942677129402e-05 1.466728764063191193e+00 1.144162969646220773e+00 1.134210296698215714e+00 1.154200169123688946e+00 0.000000000000000000e+00
6.548811322332555918e+00 1.893204462985853986e+00 -3.038247446230346832e-04 -1.000000000000000000e+00 -5.777296730448164101e-04 -2.483547390664300183e-05 1.323131242336557989e+00 1.147369205178490281e+00 1.137373316677257495e+00 1.157449798105130379e+00 0.000000000000000000e+00
6.554272443140948923e+00 1.891627015850867455e+00 -2.356337517370656477e-04 -1.000000000000000000e+00 -5.115784307115399474e-04 4.539606239385059476e-05 7.882741140481357434e-01 1.146567417195289540e+00 1.136573340536729537e+00 1.156646320662806371e+00 0.000000000000000000e+00
6.559738118033894949e+00 1.890050883069143817e+00 -1.634472613078219742e-04 -1.000000000000000000e+00 -4.414071639150561133e-04 1.196023741490420819e-04 3.759261361835797288e-01 1.147867551231660954e+00 1.137838497229587853e+00 1.157982092674435526e+00 0.000000000000000000e+00
6.565208350809092153e+00 1.888476063545543981e+00 -5.609428417142699224e-05 -1.000000000000000000e+00 -3.358477025540362805e-04 2.287752217172610238e-04 4.403669499242823804e-02 1.147855294238006474e+00 1.137798400761894868e+00 1.157997911294355253e+00 0.000000000000000000e+00
6.570683145267405045e+00 1.886902556185840796e+00 8.243942273676357815e-05 1.000000000000000000e+00 -1.990467398914982531e-04 3.690679796379259508e-04 9.475988630583742633e-02 1.146244485703143967e+00 1.136197029359210076e+00 1.156377596605634661e+00 0.000000000000000000e+00
6.576162505212867160e+00 1.885330359896719488e+00 1.881578759652912367e-04 1.000000000000000000e+00 -9.522600134039826427e-05 4.766858384152033870e-04 4.905084811994129268e-01 1.148932682718482923e+00 1.138846472228405737e+00 1.159105081879456378e+00 0.000000000000000000e+00
6.581646434452685490e+00 1.883759473585775446e+00 3.112080911794214816e-04 1.000000000000000000e+00 2.545543023007847084e-05 6.020876068090912124e-04 1.332594895925240053e+00 1.149297198448196333e+00 1.139118622882222986e+00 1.159563685869891003e+00 0.000000000000000000e+00
6.587134936797241380e+00 1.882189896161514886e+00 4.312349194804680134e-04 1.000000000000000000e+00 1.437272879858969175e-04 7.238644740411340987e-04 2.543379773435617608e+00 1.148507875955610436e+00 1.138394715981909444e+00 1.158707847276722935e+00 0.000000000000000000e+00
6.592628016060094076e+00 1.880621626533353297e+00 5.240299420741396930e-04 1.000000000000000000e+00 2.350570595780655130e-04 8.181294119540619136e-04 3.740786730055788212e+00 1.148289906996596166e+00 1.138148659178285671e+00 1.158518397054367766e+00 0.000000000000000000e+00
6.598125676057981615e+00 1.879054663611614329e+00 6.172280219397702520e-04 1.000000000000000000e+00 3.270070829841649311e-04 9.125941522180288420e-04 5.184090103239469727e+00 1.145024384089414093e+00 1.134806574615824459e+00 1.155330907607826418e+00 0.000000000000000000e+00
6.603627920610826152e+00 1.877489006307530905e+00 6.431474926387378008e-04 1.000000000000000000e+00 3.524758754191099127e-04 9.389975939252418954e-04 5.611317785479542408e+00 1.145980353133834617e+00 1.135821841432939516e+00 1.156226584775643662e+00 0.000000000000000000e+00
6.609134753541735741e+00 1.875924653533241671e+00 6.625236741528734308e-04 1.000000000000000000e+00 3.706638311628622485e-04 9.595797598602497092e-04 5.924341221756321829e+00 1.144969925372249175e+00 1.134723021701729673e+00 1.155306069181894824e+00 0.000000000000000000e+00
6.614646178677005217e+00 1.874361604201792542e+00 6.213828848527093007e-04 1.000000000000000000e+00 3.284433096331645799e-04 9.195309546294170742e-04 5.162586457746328961e+00 1.148727524019701463e+00 1.138431444539710347e+00 1.159113344187289618e+00 0.000000000000000000e+00
6.620162199846120643e+00 1.872799857227134490e+00 5.978973660470044598e-04 1.000000000000000000e+00 3.040602420878782126e-04 8.969629875825305739e-04 4.737897865933291541e+00 1.149845127608538853e+00 1.139604455519921622e+00 1.160174477584339670e+00 0.000000000000000000e+00
6.625682820881761970e+00 1.871239411524124430e+00 5.867341744090476393e-04 1.000000000000000000e+00 2.919494865435386458e-04 8.867593870971858874e-04 4.538277070053254647e+00 1.149876974245578554e+00 1.139542563421692245e+00 1.160301728457592940e+00 0.000000000000000000e+00
6.631208045619805702e+00 1.869680266008521441e+00 5.481434671219010150e-04 1.000000000000000000e+00 2.535566685740857384e-04 8.479774053084698131e-04 3.955844184838497313e+00 1.153433534719838116e+00 1.143055363314354533e+00 1.163902495981740781e+00 0.000000000000000000e+00
6.636737877899325788e+00 1.868122419596990769e+00 5.417079501505370209e-04 1.000000000000000000e+00 2.480653976357673619e-04 8.406071178186634053e-04 3.882218081206019633e+00 1.153529815856166874e+00 1.143158366459182673e+00 1.163992026810158231e+00 0.000000000000000000e+00
6.642272321562598059e+00 1.866565871207098271e+00 5.130880943209389488e-04 1.000000000000000000e+00 2.207079091281496062e-04 8.107485243632853470e-04 3.504326534723531950e+00 1.154832790420422750e+00 1.144431123372443349e+00 1.165325601581657322e+00 0.000000000000000000e+00
6.647811380455102892e+00 1.865010619757312416e+00 4.685678653834332357e-04 1.000000000000000000e+00 1.771612797083734945e-04 7.652856403972904155e-04 2.933006763878466927e+00 1.155490533285139509e+00 1.145058546943397371e+00 1.166014296879100964e+00 0.000000000000000000e+00
6.653355058425526991e+00 1.863456664167002952e+00 3.956147813548658155e-04 1.000000000000000000e+00 1.045967460883485858e-04 6.919636366765060873e-04 2.085809694263645042e+00 1.156373777054021446e+00 1.145939486057843348e+00 1.166899649835289932e+00 0.000000000000000000e+00
6.658903359325766047e+00 1.861904003356439352e+00 2.949948351311536049e-04 1.000000000000000000e+00 3.668545210835157545e-06 5.916604572670687567e-04 1.150804447995597002e+00 1.157907827306131843e+00 1.147431689535757249e+00 1.168476306067790960e+00 0.000000000000000000e+00
6.664456287010930069e+00 1.860352636246791480e+00 1.710061911252296518e-04 1.000000000000000000e+00 -1.208387527645455597e-04 4.682093008336682275e-04 3.831589982987679832e-01 1.161140124354908210e+00 1.150549891080800968e+00 1.171824389316439285e+00 0.000000000000000000e+00
6.670013845339340719e+00 1.858802561760127592e+00 9.215795180429551387e-05 1.000000000000000000e+00 -1.993891688426306977e-04 3.891074405742103877e-04 1.107838169518799987e-01 1.160659298665031480e+00 1.150135214432808084e+00 1.171276205671155202e+00 0.000000000000000000e+00
6.675576038172540194e+00 1.857253778819414780e+00 3.166411551220756049e-05 1.000000000000000000e+00 -2.594312348373586691e-04 3.281854770814522952e-04 1.308353641809389956e-02 1.161046186129712332e+00 1.150425839542750239e+00 1.171760923802933396e+00 0.000000000000000000e+00
6.681142869375288562e+00 1.855706286348516532e+00 -4.379950017662900190e-05 -1.000000000000000000e+00 -3.336819630699588025e-04 2.515219777635049198e-04 2.509682204788532545e-02 1.166364691162628420e+00 1.155693508208058162e+00 1.177130863632158242e+00 0.000000000000000000e+00
6.686714342815570866e+00 1.854160083272192949e+00 -4.791223059924679475e-05 -1.000000000000000000e+00 -3.366060337808514705e-04 2.462416803805240182e-04 3.018360469545200431e-02 1.166241277442545243e+00 1.155642381921948347e+00 1.176933877603576040e+00 0.000000000000000000e+00
6.692290462364595349e+00 1.852615168516101862e+00 -7.216701170851093968e-05 -1.000000000000000000e+00 -3.605331078651403346e-04 2.216675455827100223e-04 6.857113847536311368e-02 1.169281353959990444e+00 1.158576235832605716e+00 1.180081812576859290e+00 0.000000000000000000e+00
6.697871231896799671e+00 1.851071541006794829e+00 -7.792791133838054818e-05 -1.000000000000000000e+00 -3.665673099935264426e-04 2.161861728532742219e-04 7.978108867666833248e-02 1.169919004592045564e+00 1.159179061855995618e+00 1.180755035017919230e+00 0.000000000000000000e+00
6.703456655289853572e+00 1.849529199671717139e+00 -8.594216821754637652e-05 -1.000000000000000000e+00 -3.753135592591560240e-04 2.089179073847992211e-04 9.648021455620892084e-02 1.170012480764588414e+00 1.159272897359490573e+00 1.180848226219024744e+00 0.000000000000000000e+00
6.709046736424657986e+00 1.847988143439209141e+00 -1.260474820744604096e-04 -1.000000000000000000e+00 -4.163638941741995255e-04 1.697856713908712449e-04 2.057808733916317578e-01 1.173347206795796849e+00 1.162556899591758119e+00 1.184234114224902656e+00 0.000000000000000000e+00
6.714641479185352146e+00 1.846448371238503361e+00 -1.326781471459697042e-04 -1.000000000000000000e+00 -4.241186902061419356e-04 1.643170557008820636e-04 2.263139654868382422e-01 1.173653854953950137e+00 1.162825295723624919e+00 1.184579681608320278e+00 0.000000000000000000e+00
6.720240887459313583e+00 1.844909881999724721e+00 -1.182290883006609683e-04 -1.000000000000000000e+00 -4.107095611082094708e-04 1.798341516848784433e-04 1.785886163894474521e-01 1.173473793207017390e+00 1.162646332506817259e+00 1.184398452081514286e+00 0.000000000000000000e+00
6.725844965137160791e+00 1.843372674653889876e+00 -9.403187472775440350e-05 -1.000000000000000000e+00 -3.875432123277823765e-04 2.050672712904566726e-04 1.124066039392346283e-01 1.174772956078097730e+00 1.163904281757507819e+00 1.185739366877969880e+00 0.000000000000000000e+00
6.731453716112758556e+00 1.841836748132905655e+00 -2.803070131373349748e-05 -1.000000000000000000e+00 -3.223728721113814527e-04 2.719049312510737090e-04 9.968969883175304858e-03 1.173970991061183522e+00 1.163109366615975304e+00 1.184930453667714545e+00 0.000000000000000000e+00
6.737067144283217068e+00 1.840302101369569288e+00 5.264489996580819513e-05 1.000000000000000000e+00 -2.425234090329699791e-04 3.534287330275148048e-04 3.515055272339395742e-02 1.173340811691704122e+00 1.162449376153207536e+00 1.184330645625387257e+00 0.000000000000000000e+00
6.742685253548897251e+00 1.838768733297566405e+00 1.412268448913012555e-04 1.000000000000000000e+00 -1.550388695174609104e-04 4.431407293800791909e-04 2.525541746608723770e-01 1.172612552573388145e+00 1.161690573635206780e+00 1.183633545995342429e+00 0.000000000000000000e+00
6.748308047813412536e+00 1.837236642851472368e+00 2.334192075247116713e-04 1.000000000000000000e+00 -6.447937219262753834e-05 5.369869043384213527e-04 6.863210274364064389e-01 1.171499656141550050e+00 1.160584167885745810e+00 1.182514189978214558e+00 0.000000000000000000e+00
6.753935530983630642e+00 1.835705828966748943e+00 3.187497225524262099e-04 1.000000000000000000e+00 1.854974321851166497e-05 6.246161896349695496e-04 1.268367324257496875e+00 1.170889687714987915e+00 1.159937678540539086e+00 1.181941378657258568e+00 0.000000000000000000e+00
6.759567706969678902e+00 1.834176290579746293e+00 3.939166230123170433e-04 1.000000000000000000e+00 9.118256835192377428e-05 7.023066807783911059e-04 1.918102909877347884e+00 1.171156633849363971e+00 1.160097348235898052e+00 1.182317631358948518e+00 0.000000000000000000e+00
6.765204579684944264e+00 1.832648026627699211e+00 4.698046953562810628e-04 1.000000000000000000e+00 1.655347504439646784e-04 7.797455719022554615e-04 2.709499744204549643e+00 1.171058369142982780e+00 1.160066748735059994e+00 1.182150480838126017e+00 0.000000000000000000e+00
6.770846153046076843e+00 1.831121036048729556e+00 5.502785053255883048e-04 1.000000000000000000e+00 2.446039477193208021e-04 8.616424806431422856e-04 3.707208173969320342e+00 1.169825142657653583e+00 1.158737264574977832e+00 1.181015310305438160e+00 0.000000000000000000e+00
6.776492430972993475e+00 1.829595317781842700e+00 6.049754747941814021e-04 1.000000000000000000e+00 2.986133606061478428e-04 9.170493850147105105e-04 4.475596484195307312e+00 1.170152897859269681e+00 1.159028932994729200e+00 1.181379758903062793e+00 0.000000000000000000e+00
6.782143417388880380e+00 1.828070870766929312e+00 6.302134276753660605e-04 1.000000000000000000e+00 3.236131160139198723e-04 9.425451928867499031e-04 4.846567043380886730e+00 1.171682073138588631e+00 1.160622140127705704e+00 1.182843732738185327e+00 0.000000000000000000e+00
6.787799116220194051e+00 1.826547693944761797e+00 6.320197560764972489e-04 1.000000000000000000e+00 3.246103492039303364e-04 9.451634912584671233e-04 4.856184304417865860e+00 1.173048146366002298e+00 1.161878197476994723e+00 1.184321668734647170e+00 0.000000000000000000e+00
6.793459531396665696e+00 1.825025786256996740e+00 6.088318243002450308e-04 1.000000000000000000e+00 3.009152490682519862e-04 9.224936682715028377e-04 4.486606890122516234e+00 1.174016591828548117e+00 1.162802991337755776e+00 1.185334442968617896e+00 0.000000000000000000e+00
6.799124666851304788e+00 1.823505146646170916e+00 5.603707580795989083e-04 1.000000000000000000e+00 2.524692998257868767e-04 8.740456363686556311e-04 3.788163221054503538e+00 1.174640430075029496e+00 1.163425948701974022e+00 1.185959036653055021e+00 0.000000000000000000e+00
6.804794526520399067e+00 1.821985774055703944e+00 4.796667079167105606e-04 1.000000000000000000e+00 1.722254468100154444e-04 7.929201384082916818e-04 2.770625623586681741e+00 1.176184230480803006e+00 1.164923208136116939e+00 1.187550199423699437e+00 0.000000000000000000e+00
6.810469114343518982e+00 1.820467667429894965e+00 3.906635128853483104e-04 1.000000000000000000e+00 8.431583258187937049e-05 7.028722171878691452e-04 1.837105618217265146e+00 1.176829919058000273e+00 1.165634566759247814e+00 1.188128838343507354e+00 0.000000000000000000e+00
6.816148434263521239e+00 1.818950825713921748e+00 2.900688326907582934e-04 1.000000000000000000e+00 -1.571060748560961038e-05 6.017486014564211658e-04 1.011585192921018006e+00 1.178002766560499293e+00 1.166696500589043950e+00 1.189414485009737676e+00 0.000000000000000000e+00
6.821832490226549695e+00 1.817435247853842917e+00 1.626991341567587631e-04 1.000000000000000000e+00 -1.425435526141499904e-04 4.738860882111741194e-04 3.168418629531686292e-01 1.182582395592276514e+00 1.171213109872603964e+00 1.194057907608810698e+00 0.000000000000000000e+00
6.827521286182038907e+00 1.815920932796593723e+00 8.205563082631552724e-05 1.000000000000000000e+00 -2.231650284271273195e-04 3.932541977944720439e-04 8.016556655493900507e-02 1.183588155419309951e+00 1.172214840124408797e+00 1.195067768529021857e+00 0.000000000000000000e+00
6.833214826082717686e+00 1.814407879489987385e+00 2.182060945785781550e-05 1.000000000000000000e+00 -2.837274261293501248e-04 3.333497325960703243e-04 5.638141978806743282e-03 1.185102768710637244e+00 1.173678436918254242e+00 1.196634130629046222e+00 0.000000000000000000e+00
6.838913113884609984e+00 1.812896086882713975e+00 -2.857473155930650481e-05 -1.000000000000000000e+00 -3.342904470589750168e-04 2.831161111051279508e-04 9.641222426921558508e-03 1.188975547358100293e+00 1.177424497740293674e+00 1.200635695837731998e+00 0.000000000000000000e+00
6.844616153547039339e+00 1.811385553924339531e+00 -4.762103398018818729e-05 -1.000000000000000000e+00 -3.525008302328865115e-04 2.632671626151018569e-04 2.681439729138901384e-02 1.192663399800759416e+00 1.181169338724871620e+00 1.204265169292321414e+00 0.000000000000000000e+00
6.850323949032630644e+00 1.809876279565305390e+00 -5.795409527810976413e-05 -1.000000000000000000e+00 -3.622921940316016108e-04 2.524347501095183387e-04 3.979210553478651491e-02 1.197677250546087313e+00 1.186122205540685925e+00 1.209340658131490720e+00 0.000000000000000000e+00
6.856036504307313706e+00 1.808368262756926637e+00 5.526914855457875272e-06 1.000000000000000000e+00 -2.995581013196006118e-04 3.166803967010024617e-04 3.621713230472778378e-04 1.195228872846905821e+00 1.183576564992210534e+00 1.206991631205589055e+00 0.000000000000000000e+00
6.861753823340325908e+00 1.806861502451392543e+00 6.224640543369116337e-05 1.000000000000000000e+00 -2.439407617523505953e-04 3.744928885250738615e-04 4.571224668242734879e-02 1.193430227190161119e+00 1.181854905142034617e+00 1.205114819361926326e+00 0.000000000000000000e+00
6.867475910104213099e+00 1.805355997601766127e+00 6.964323477819243555e-05 1.000000000000000000e+00 -2.382778086545503946e-04 3.835950392993594236e-04 5.673118619452566236e-02 1.196680124118420174e+00 1.184975418595444419e+00 1.208496327962917283e+00 0.000000000000000000e+00
6.873202768574835808e+00 1.803851747161981711e+00 9.174431051742356312e-05 1.000000000000000000e+00 -2.169964777580776273e-04 4.065396614612381372e-04 9.790536817538963987e-02 1.197624599334556450e+00 1.185984585563085947e+00 1.209374665867471332e+00 0.000000000000000000e+00
6.878934402731368358e+00 1.802348750086846252e+00 1.056063532472756468e-04 1.000000000000000000e+00 -2.038511910065280417e-04 4.211731319239928354e-04 1.294115305516641001e-01 1.198899263135677851e+00 1.187142256907855353e+00 1.210768470757345394e+00 0.000000000000000000e+00
6.884670816556305084e+00 1.800847005332036233e+00 8.657636173693054969e-05 1.000000000000000000e+00 -2.231936737753894336e-04 4.025090132167513744e-04 8.667868154171287642e-02 1.203348972674544548e+00 1.191526676883571501e+00 1.215284172333938262e+00 0.000000000000000000e+00
6.890412014035459443e+00 1.799346511854099884e+00 8.314757200297491523e-05 1.000000000000000000e+00 -2.272074661041972258e-04 3.996869960383982526e-04 7.948923703401078455e-02 1.205538673566141750e+00 1.193776485082182814e+00 1.217412557282269825e+00 0.000000000000000000e+00
6.896157999157970231e+00 1.797847268610453630e+00 9.745960986274436054e-05 1.000000000000000000e+00 -2.146076168551587092e-04 4.157005286045392309e-04 1.083506616749332352e-01 1.205472324445617138e+00 1.193593742143572944e+00 1.217464778651202506e+00 0.000000000000000000e+00
6.901908775916301586e+00 1.796349274559382980e+00 7.111705034315347776e-05 1.000000000000000000e+00 -2.421920518276756296e-04 3.906085933556425311e-04 5.717745959066178330e-02 1.210178341393923551e+00 1.198227794394343126e+00 1.222243673959880539e+00 0.000000000000000000e+00
6.907664348306248314e+00 1.794852528660041413e+00 9.236981316309864705e-05 1.000000000000000000e+00 -2.217252924604978315e-04 4.126857056203874071e-04 9.604973107838077340e-02 1.209912252240746611e+00 1.197966210451938851e+00 1.221973051566357826e+00 0.000000000000000000e+00
6.913424720326936779e+00 1.793357029872449937e+00 7.060450674429213447e-05 1.000000000000000000e+00 -2.436995975393015665e-04 3.911665408988432139e-04 5.595043230863439021e-02 1.214854376138301051e+00 1.202840037089676795e+00 1.226984393084461056e+00 0.000000000000000000e+00
6.919189895980827565e+00 1.791862777157495312e+00 9.229751285450222067e-05 1.000000000000000000e+00 -2.220823625196648870e-04 4.129535135463912048e-04 9.559920249330389197e-02 1.214582833791699512e+00 1.202576030463423429e+00 1.226705287398983435e+00 0.000000000000000000e+00
6.924959879273719920e+00 1.790369769476931161e+00 1.059857256119683201e-04 1.000000000000000000e+00 -2.085882482213481551e-04 4.268391742232913221e-04 1.260119538061985622e-01 1.214072778043892908e+00 1.202022561766218800e+00 1.226239469467216070e+00 0.000000000000000000e+00
6.930734674214753532e+00 1.788878005793375303e+00 7.332253347594434195e-05 1.000000000000000000e+00 -2.412326349191920615e-04 3.941684591565435946e-04 6.018851914001288606e-02 1.216883730989878787e+00 1.204774149506045111e+00 1.229110849017692297e+00 0.000000000000000000e+00
6.936514284816411191e+00 1.787387485070310644e+00 3.916144662809731237e-05 1.000000000000000000e+00 -2.751972393956826678e-04 3.598430592034624351e-04 1.713882600705574077e-02 1.217322277981570888e+00 1.205214870665114679e+00 1.229547045302430197e+00 0.000000000000000000e+00
6.942298715094520567e+00 1.785898206272082511e+00 -1.544625741786668648e-05 -1.000000000000000000e+00 -3.296893009737292637e-04 3.051577655995931816e-04 2.659586584883300020e-03 1.217579402373165864e+00 1.205421546999462690e+00 1.229855470422160257e+00 0.000000000000000000e+00
6.948087969068260428e+00 1.784410168363900873e+00 -1.006837921776793007e-04 -1.000000000000000000e+00 -4.149960479286279673e-04 2.200252186057913956e-04 1.125216995436915113e-01 1.219476894472768302e+00 1.207187733382264705e+00 1.231886689310357497e+00 0.000000000000000000e+00
6.953882050760158862e+00 1.782923370311836564e+00 -2.243565844440039531e-04 -1.000000000000000000e+00 -5.381459105851516250e-04 9.588095985127559318e-05 5.549905254304690061e-01 1.225112415565818846e+00 1.212868280435416501e+00 1.237475817478115081e+00 0.000000000000000000e+00
6.959680964196100383e+00 1.781437811082822398e+00 -2.694592949230309258e-04 -1.000000000000000000e+00 -5.838527644857420106e-04 5.142286820484685220e-05 7.968762795634347640e-01 1.222480514406565355e+00 1.210124286476965905e+00 1.234958264926735438e+00 0.000000000000000000e+00
6.965484713405325046e+00 1.779953489644652054e+00 -3.673143553884014199e-04 -1.000000000000000000e+00 -6.818013566284122397e-04 -4.631686804162932084e-05 1.471138362233077146e+00 1.228143988339594816e+00 1.215707098865337121e+00 1.240703471620017595e+00 0.000000000000000000e+00
6.971293302420433768e+00 1.778470404965979412e+00 -3.917894252258738528e-04 -1.000000000000000000e+00 -7.062070637682672878e-04 -7.086186838885092428e-05 1.670680574031692345e+00 1.228443832948954206e+00 1.216009603834530495e+00 1.241000654801275083e+00 0.000000000000000000e+00
6.977106735277391003e+00 1.776988556016316556e+00 -3.832227559716346412e-04 -1.000000000000000000e+00 -6.971967006889001010e-04 -6.273727895453941892e-05 1.603249210649224210e+00 1.227860446697505381e+00 1.215380676897517942e+00 1.240463943210276643e+00 0.000000000000000000e+00
6.982925016015525621e+00 1.775507941766035547e+00 -3.448373863215634626e-04 -1.000000000000000000e+00 -6.576419420242893450e-04 -2.547261945718516185e-05 1.306690767184960578e+00 1.225457813624571735e+00 1.213070986412691843e+00 1.237966590360614960e+00 0.000000000000000000e+00
6.988748148677535355e+00 1.774028561186365982e+00 -3.454867829671077529e-04 -1.000000000000000000e+00 -6.578780580196724867e-04 -2.648881270219695643e-05 1.315521947382720214e+00 1.227507751767308752e+00 1.214992347076540691e+00 1.240147448881552705e+00 0.000000000000000000e+00
6.994576137309488573e+00 1.772550413249394330e+00 -3.577323994139914470e-04 -1.000000000000000000e+00 -6.706104815177927388e-04 -3.822893731917227081e-05 1.405357558522808858e+00 1.229516413690736387e+00 1.216937297253054995e+00 1.242221023878779418e+00 0.000000000000000000e+00
7.000408985960828723e+00 1.771073496928063928e+00 -3.676213460800754548e-04 -1.000000000000000000e+00 -6.819456579575215727e-04 -4.667741373401906391e-05 1.470336041200539512e+00 1.229626840932939613e+00 1.217045951626204436e+00 1.242333346730256638e+00 0.000000000000000000e+00
7.006246698684376106e+00 1.769597811196173431e+00 -3.633718481765506152e-04 -1.000000000000000000e+00 -6.796342718227632237e-04 -4.047959466739529900e-05 1.421983083427846850e+00 1.227445274949572340e+00 1.214814150710019192e+00 1.240203198011364361e+00 0.000000000000000000e+00
7.012089279536330544e+00 1.768123355028376364e+00 -3.720016241801026285e-04 -1.000000000000000000e+00 -6.893375344450569393e-04 -4.797987770963708975e-05 1.479047180741986267e+00 1.227537297750521894e+00 1.214906492526976356e+00 1.240294785115542142e+00 0.000000000000000000e+00
7.017936732576273151e+00 1.766650127400181791e+00 -4.028666745345334146e-04 -1.000000000000000000e+00 -7.205548624658633617e-04 -7.843438252492574477e-05 1.726997719703717848e+00 1.231935074674272990e+00 1.219227889620363214e+00 1.244769926193163068e+00 0.000000000000000000e+00
7.023789061867172556e+00 1.765178127287950538e+00 -3.848977212420969548e-04 -1.000000000000000000e+00 -7.028430754668542075e-04 -6.017934086353140524e-05 1.575297018456780052e+00 1.232424917217499694e+00 1.219662381662155237e+00 1.245316292789627299e+00 0.000000000000000000e+00
7.029646271475383124e+00 1.763707353668898525e+00 -3.494490349282630757e-04 -1.000000000000000000e+00 -6.676580811042843230e-04 -2.444893108569871475e-05 1.297798725356585692e+00 1.231937734980889987e+00 1.219184973609866551e+00 1.244819273352152589e+00 0.000000000000000000e+00
7.035508365470652059e+00 1.762237805521092104e+00 -3.548357178448694436e-04 -1.000000000000000000e+00 -6.736519198846443058e-04 -2.920112872979415200e-05 1.332476344781582611e+00 1.236420824911506955e+00 1.223590367957430036e+00 1.249380997238208835e+00 0.000000000000000000e+00
7.041375347926120298e+00 1.760769481823449834e+00 -3.200382787971163892e-04 -1.000000000000000000e+00 -6.404575098975687046e-04 7.232589208024846686e-06 1.077749957393081104e+00 1.235691831490596693e+00 1.222732211550266124e+00 1.248783813567584167e+00 0.000000000000000000e+00
7.047247222918324283e+00 1.759302381555740702e+00 -2.751355970346247288e-04 -1.000000000000000000e+00 -5.971265604123240922e-04 5.374081931586069090e-05 7.901685599867960264e-01 1.233274706184887881e+00 1.220401466786805944e+00 1.246278947476888055e+00 0.000000000000000000e+00
7.053123994527200402e+00 1.757836503698584130e+00 -2.545736060512676191e-04 -1.000000000000000000e+00 -5.787548977842059275e-04 7.650019042013339945e-05 6.700489356830132692e-01 1.233763776481911378e+00 1.220751407557836066e+00 1.246909863223320869e+00 0.000000000000000000e+00
7.059005666836087656e+00 1.756371847233449524e+00 -2.325500952963860857e-04 -1.000000000000000000e+00 -5.579228063862365144e-04 9.974999699638331554e-05 5.549323288523169140e-01 1.234809274863883699e+00 1.221867771623172505e+00 1.247882953719376964e+00 0.000000000000000000e+00
7.064892243931729432e+00 1.754908411142653613e+00 -2.053406417834332371e-04 -1.000000000000000000e+00 -5.320141435288822801e-04 1.283001668224288379e-04 4.306818668920868731e-01 1.236326777357194873e+00 1.223244467514501999e+00 1.249543914954047708e+00 0.000000000000000000e+00
7.070783729904277948e+00 1.753446194409361780e+00 -1.882610482416031278e-04 -1.000000000000000000e+00 -5.157161655607051670e-04 1.461991081178194804e-04 3.606887527064372989e-01 1.239902100352404668e+00 1.226742345792865896e+00 1.253197901171431594e+00 0.000000000000000000e+00
7.076680128847296025e+00 1.751985196017586288e+00 -1.427289939928459380e-04 -1.000000000000000000e+00 -4.707858844657988179e-04 1.923523831712112492e-04 2.067228043366355905e-01 1.240344573716984256e+00 1.227261146605396869e+00 1.253562482184719995e+00 0.000000000000000000e+00
7.082581444857760644e+00 1.750525414952186498e+00 -1.095065112104176168e-04 -1.000000000000000000e+00 -4.387625635942243342e-04 2.267646540968820310e-04 1.212726049450907340e-01 1.241621347701844735e+00 1.228396725660994893e+00 1.254983311093872622e+00 0.000000000000000000e+00
7.088487682036063831e+00 1.749066850198867318e+00 -1.015530179587427776e-04 -1.000000000000000000e+00 -4.314522260173483665e-04 2.353757211528414517e-04 1.039681263104057507e-01 1.244537717627396844e+00 1.231234603614707712e+00 1.257979510201292062e+00 0.000000000000000000e+00
7.094398844486017985e+00 1.747609500744178535e+00 -8.220861773625706779e-05 -1.000000000000000000e+00 -4.123109105389391026e-04 2.549772480212347163e-04 6.805769293455909974e-02 1.244273240400811220e+00 1.230977597013851677e+00 1.257707358701229960e+00 0.000000000000000000e+00
7.100314936314857661e+00 1.746153365575515037e+00 -6.471790883896747350e-05 -1.000000000000000000e+00 -3.952134685124345220e-04 2.729262904916450027e-04 4.213823613542899693e-02 1.242326556160527229e+00 1.228974043177423869e+00 1.255818786237686169e+00 0.000000000000000000e+00
7.106235961633242226e+00 1.744698443681114597e+00 -7.618020266872478521e-05 -1.000000000000000000e+00 -4.070805930401991818e-04 2.619293611943828261e-04 5.815761178786260643e-02 1.242476632573831008e+00 1.229126918089985310e+00 1.255966053450590758e+00 0.000000000000000000e+00
7.112161924555259418e+00 1.743244734050058975e+00 -7.444784321920474733e-05 -1.000000000000000000e+00 -4.065329871599674067e-04 2.648897942969935526e-04 5.521287426367393891e-02 1.240891596040715417e+00 1.227477162673203503e+00 1.254447105055624290e+00 0.000000000000000000e+00
7.118092829198427118e+00 1.741792235672271039e+00 -9.634936509961103434e-05 -1.000000000000000000e+00 -4.299208916106282957e-04 2.445075871515846040e-04 9.172992095065524154e-02 1.243541580773604105e+00 1.229967232187995085e+00 1.257260050780995453e+00 0.000000000000000000e+00
7.124028679683696907e+00 1.740340947538516092e+00 -5.239800416355468247e-05 -1.000000000000000000e+00 -3.869518493351756651e-04 2.894926647410181160e-04 2.700218178912905387e-02 1.241310661115171854e+00 1.227823070558583973e+00 1.254940821704360721e+00 0.000000000000000000e+00
7.129969480135457616e+00 1.738890868640399878e+00 1.222786336396487772e-05 1.000000000000000000e+00 -3.233336204101587151e-04 3.551664349219590911e-04 1.468333447718350726e-03 1.240238470627077483e+00 1.226685784181640981e+00 1.253935233889370116e+00 0.000000000000000000e+00
7.135915234681537100e+00 1.737441997970369245e+00 1.038023388937176606e-04 1.000000000000000000e+00 -2.321846392775640160e-04 4.471962378129367343e-04 1.060166635776056410e-01 1.239001429907338858e+00 1.225465799634914976e+00 1.252680900942963804e+00 0.000000000000000000e+00
7.141865947453204910e+00 1.735994334521709703e+00 2.188969664192966930e-04 1.000000000000000000e+00 -1.175844563482836020e-04 5.627874567074411024e-04 4.734869803267258703e-01 1.236269536810297387e+00 1.222683466333135405e+00 1.250001028367903944e+00 0.000000000000000000e+00
7.147821622585176726e+00 1.734547877288545648e+00 3.308530666062537004e-04 1.000000000000000000e+00 -6.315761529907448681e-06 6.754292160301694076e-04 1.086290010383095250e+00 1.232970205993240143e+00 1.219263595142535683e+00 1.246825181908395308e+00 0.000000000000000000e+00
7.153782264215615250e+00 1.733102625265839913e+00 4.230463801563662946e-04 1.000000000000000000e+00 8.547873432688212186e-05 7.680647325139639253e-04 1.778672263588816804e+00 1.229186780811668767e+00 1.215580580833419688e+00 1.242939770587760062e+00 0.000000000000000000e+00
7.159747876486134643e+00 1.731658577449392222e+00 4.446256960052502117e-04 1.000000000000000000e+00 1.055430112286761266e-04 7.912125217083409295e-04 1.953594870427082242e+00 1.230310169843204848e+00 1.216550143170173515e+00 1.244219940443651584e+00 0.000000000000000000e+00
7.165718463541802308e+00 1.730215732835839626e+00 4.623644692648709326e-04 1.000000000000000000e+00 1.212902257613937638e-04 8.110059309065300887e-04 2.088585583290239356e+00 1.228690038021408304e+00 1.215008077787826046e+00 1.242520230907772971e+00 0.000000000000000000e+00
7.171694029531142434e+00 1.728774090422655174e+00 4.723091524507702361e-04 1.000000000000000000e+00 1.278892554658124124e-04 8.243222751009441403e-04 2.145600901990945886e+00 1.226566503152840104e+00 1.212736776745787504e+00 1.240547849695933236e+00 0.000000000000000000e+00
7.177674578606138667e+00 1.727333649208146804e+00 4.465762773666822087e-04 1.000000000000000000e+00 9.931719475152542406e-05 8.014542140081510994e-04 1.887010642499788560e+00 1.229574021904613623e+00 1.215640981703319135e+00 1.243660453336380645e+00 0.000000000000000000e+00
7.183660114922237661e+00 1.725894408191456675e+00 4.981656560690643758e-04 1.000000000000000000e+00 1.490656453436283997e-04 8.549452152554360557e-04 2.328198784559887713e+00 1.226357667585098454e+00 1.212516707150052664e+00 1.240350550098863414e+00 0.000000000000000000e+00
7.189650642638349964e+00 1.724456366372562499e+00 5.743071284147274486e-04 1.000000000000000000e+00 2.237532790894455480e-04 9.326000584480149914e-04 3.088700646512435810e+00 1.224102361020012797e+00 1.210125261603055113e+00 1.238234483801053942e+00 0.000000000000000000e+00
7.195646165916856241e+00 1.723019522752273547e+00 6.859730946711120820e-04 1.000000000000000000e+00 3.350190528673525707e-04 1.044722051573484080e-03 4.417040140990621921e+00 1.220819863158342233e+00 1.206946510671602413e+00 1.234846430183143884e+00 0.000000000000000000e+00
7.201646688923606376e+00 1.721583876332232421e+00 7.592610943470140409e-04 1.000000000000000000e+00 4.073135135181782515e-04 1.119011758893954673e-03 5.410698281377037233e+00 1.223604460365881108e+00 1.209570890496875606e+00 1.237794438559270516e+00 0.000000000000000000e+00
7.207652215827925701e+00 1.720149426114913060e+00 8.577587769179933954e-04 1.000000000000000000e+00 5.042614294605510944e-04 1.219053546320612337e-03 6.889542974489046401e+00 1.222810375122595383e+00 1.208705649162078677e+00 1.237073297103573610e+00 0.000000000000000000e+00
7.213662750802614987e+00 1.718716171103621404e+00 9.393155739201729162e-04 1.000000000000000000e+00 5.840473257224022569e-04 1.302383830578898250e-03 8.215686605382131802e+00 1.221733479719717241e+00 1.207639626085406759e+00 1.235985549002035278e+00 0.000000000000000000e+00
7.219678298023954888e+00 1.717284110302493172e+00 1.017907431300513286e-03 1.000000000000000000e+00 6.603983900556615726e-04 1.383239470601163156e-03 9.584666830550489180e+00 1.217676237983086329e+00 1.203521930237360316e+00 1.231990568293325650e+00 0.000000000000000000e+00
7.225698861671710382e+00 1.715853242716494531e+00 1.036144064479607762e-03 1.000000000000000000e+00 6.769797746105008212e-04 1.403190098365525267e-03 9.848524357111202221e+00 1.217488976454714322e+00 1.203336696474866185e+00 1.231801211322435252e+00 0.000000000000000000e+00
7.231724445929129885e+00 1.714423567351419875e+00 1.042501689004935285e-03 1.000000000000000000e+00 6.815718836863675269e-04 1.411389204630755789e-03 9.889560137556827613e+00 1.216189514738745370e+00 1.201958186247702010e+00 1.230582578441534514e+00 0.000000000000000000e+00
7.237755054982951464e+00 1.712995083213891823e+00 9.935005635253058714e-04 1.000000000000000000e+00 6.309206122917823635e-04 1.364107150063026061e-03 8.892628745391903067e+00 1.220401708134990271e+00 1.205980978288389016e+00 1.234987775362701878e+00 0.000000000000000000e+00
7.243790693023404614e+00 1.711567789311361887e+00 1.007408484301307175e-03 1.000000000000000000e+00 6.434911759209290243e-04 1.379417267257983942e-03 9.072921789635273626e+00 1.217583146506414415e+00 1.203256777780823850e+00 1.232073067221573170e+00 0.000000000000000000e+00
7.249831364244212040e+00 1.710141684652107807e+00 1.064977715914712650e-03 1.000000000000000000e+00 6.992286834293771989e-04 1.438844315350696615e-03 1.008797004800675268e+01 1.211174769744086888e+00 1.196796656682799886e+00 1.225718420387955865e+00 0.000000000000000000e+00
7.255877072842594977e+00 1.708716768245233997e+00 1.083190353691011092e-03 1.000000000000000000e+00 7.163474798241992441e-04 1.458148237388563057e-03 1.040301105934184989e+01 1.211120862670924669e+00 1.196580700130938091e+00 1.225830353050778587e+00 0.000000000000000000e+00
7.261927823019274086e+00 1.707293039100669763e+00 1.109692273578143660e-03 1.000000000000000000e+00 7.434233247770897710e-04 1.484092206643236383e-03 1.094171826942800863e+01 1.210934462275993218e+00 1.196486879061234410e+00 1.225549526571939607e+00 0.000000000000000000e+00
7.267983618978473004e+00 1.705870496229170197e+00 1.113546597917668048e-03 1.000000000000000000e+00 7.480423908896183943e-04 1.487208864527472460e-03 1.107721511847441320e+01 1.212728797511191559e+00 1.198116626221485070e+00 1.227511987923951109e+00 0.000000000000000000e+00
7.274044464927921894e+00 1.704449138642313732e+00 1.116696603411009882e-03 1.000000000000000000e+00 7.526479685493663117e-04 1.488974720959611569e-03 1.120365943066150294e+01 1.212248463866692383e+00 1.197733297554551601e+00 1.226932461557526555e+00 0.000000000000000000e+00
7.280110365078859225e+00 1.703028965352503699e+00 1.092112729226684580e-03 1.000000000000000000e+00 7.281150375263859605e-04 1.464402168668214876e-03 1.072034212908900486e+01 1.211675917690111293e+00 1.197002621249706689e+00 1.226521724872195351e+00 0.000000000000000000e+00
7.286181323646034436e+00 1.701609975372965211e+00 1.027869341213189045e-03 1.000000000000000000e+00 6.634848853623248957e-04 1.400605795040313394e-03 9.421263892407168328e+00 1.212318411433960685e+00 1.197722732571482984e+00 1.227084805234790243e+00 0.000000000000000000e+00
7.292257344847713263e+00 1.700192167717745617e+00 9.409812103597708574e-04 1.000000000000000000e+00 5.745465179370533781e-04 1.315790288749391860e-03 7.784075378563912295e+00 1.212895500331105048e+00 1.198119201649792798e+00 1.227846703909525772e+00 0.000000000000000000e+00
7.298338432905678630e+00 1.698775541401714717e+00 8.616615689459069909e-04 1.000000000000000000e+00 4.932548441647123527e-04 1.238463288062522597e-03 6.435198815980740505e+00 1.211405909408824311e+00 1.196538158082891323e+00 1.226450846244163451e+00 0.000000000000000000e+00
7.304424592045234199e+00 1.697360095440562322e+00 7.649862275407457368e-04 1.000000000000000000e+00 3.961803403467480090e-04 1.142235857833994285e-03 5.027419734395152773e+00 1.212871288447319174e+00 1.197997124651452916e+00 1.227922707646690315e+00 0.000000000000000000e+00
7.310515826495206149e+00 1.695945828850798032e+00 7.184808170087136859e-04 1.000000000000000000e+00 3.504636511307666772e-04 1.095025578690605756e-03 4.441951416155404786e+00 1.210811236601555763e+00 1.195863795232775084e+00 1.225937709001365228e+00 0.000000000000000000e+00
7.316612140487947613e+00 1.694532740649751679e+00 6.718994521501943460e-04 1.000000000000000000e+00 3.061294976441618094e-04 1.046300265998027432e-03 3.912577502860898448e+00 1.211542977145950495e+00 1.196610208120103103e+00 1.226654487796336124e+00 0.000000000000000000e+00
7.322713538259342236e+00 1.693120829855571774e+00 6.496981779410130383e-04 1.000000000000000000e+00 2.856320718013465715e-04 1.022455484340260195e-03 3.685158173278793470e+00 1.211182375060248173e+00 1.196171930345627077e+00 1.226373440370750467e+00 0.000000000000000000e+00
7.328820024048804171e+00 1.691710095487224841e+00 6.460968107558478493e-04 1.000000000000000000e+00 2.825593956296279519e-04 1.018332752388436541e-03 3.654193276663164625e+00 1.208802117763587036e+00 1.193719496818247183e+00 1.224067565888566911e+00 0.000000000000000000e+00
7.334931602099284298e+00 1.690300536564494527e+00 6.096955222416069976e-04 1.000000000000000000e+00 2.460405875763348052e-04 9.820453053535867834e-04 3.240499137140361086e+00 1.209382763993444909e+00 1.194304022622500794e+00 1.224644449158291071e+00 0.000000000000000000e+00
7.341048276657271110e+00 1.688892152107981603e+00 5.836183869894197252e-04 1.000000000000000000e+00 2.188868605019989792e-04 9.570646922275369934e-04 2.950027185682301933e+00 1.207064839988027494e+00 1.191900651135477496e+00 1.222414210259912482e+00 0.000000000000000000e+00
7.347170051972794269e+00 1.687484941139102412e+00 5.224801691255428603e-04 1.000000000000000000e+00 1.571364195053274429e-04 8.966343047199607386e-04 2.345620697200715199e+00 1.207998318190184328e+00 1.192831039521808689e+00 1.223350528654209013e+00 0.000000000000000000e+00
7.353296932299427269e+00 1.686078902680089531e+00 4.668562052980397212e-04 1.000000000000000000e+00 1.006410929086808581e-04 8.419937204977433632e-04 1.858941667067597336e+00 1.208544308514857946e+00 1.193271895908591951e+00 1.224004074067573056e+00 0.000000000000000000e+00
7.359428921894291875e+00 1.684674035753989330e+00 4.733563938431083803e-04 1.000000000000000000e+00 1.054971091867490211e-04 8.502094276749275811e-04 1.899937895538784005e+00 1.203480312191508528e+00 1.188052630196976267e+00 1.219099729846621294e+00 0.000000000000000000e+00
7.365566025018059015e+00 1.683270339384662417e+00 5.048005788625702008e-04 1.000000000000000000e+00 1.358948180322473655e-04 8.827266047159518106e-04 2.149462590757423186e+00 1.198634998468024682e+00 1.183322281084891126e+00 1.214137608384638023e+00 0.000000000000000000e+00
7.371708245934952330e+00 1.681867812596783196e+00 5.187650250616110143e-04 1.000000000000000000e+00 1.487123928775441997e-04 8.978182912334031589e-04 2.261852102087658523e+00 1.199532492723661026e+00 1.184033436292686536e+00 1.215226028406740211e+00 0.000000000000000000e+00
7.377855588912752616e+00 1.680466454415837863e+00 6.115341889675299410e-04 1.000000000000000000e+00 2.416488148779800493e-04 9.904470931418256179e-04 3.156922364838266049e+00 1.193489552532884801e+00 1.178123863081234290e+00 1.209047521484472920e+00 0.000000000000000000e+00
7.384008058222798709e+00 1.679066263868125519e+00 6.388050406691432852e-04 1.000000000000000000e+00 2.696795843631625590e-04 1.016995349019323130e-03 3.466402861683690162e+00 1.196208158795950771e+00 1.180656316301523567e+00 1.211956539826442469e+00 0.000000000000000000e+00
7.390165658139991045e+00 1.677667239980756175e+00 7.197659108921425613e-04 1.000000000000000000e+00 3.514350681742175585e-04 1.097214342587917672e-03 4.441970947732698960e+00 1.190408591004649796e+00 1.174803407777879727e+00 1.206212831291109122e+00 0.000000000000000000e+00
7.396328392942796093e+00 1.676269381781650081e+00 7.219081382756252713e-04 1.000000000000000000e+00 3.543829504791822676e-04 1.098609090436339581e-03 4.478261414508722282e+00 1.190470438557226895e+00 1.174885525615726900e+00 1.206253995905651966e+00 0.000000000000000000e+00
7.402496266913247247e+00 1.674872688299538392e+00 7.142803285085199457e-04 1.000000000000000000e+00 3.458595835476243490e-04 1.091953879003815589e-03 4.360340749112850744e+00 1.186143296076902054e+00 1.170486656479024390e+00 1.202001368973483864e+00 0.000000000000000000e+00
7.408669284336948380e+00 1.673477158563960288e+00 6.115917365714465016e-04 1.000000000000000000e+00 2.416110626534181266e-04 9.909620763023910175e-04 3.142052024439465185e+00 1.187791822622315419e+00 1.172134362073852909e+00 1.203650285314312285e+00 0.000000000000000000e+00
7.414847449503079169e+00 1.672082791605264962e+00 5.408232404279334849e-04 1.000000000000000000e+00 1.677602292868760319e-04 9.234738563067818430e-04 2.406598841859079130e+00 1.179641908767026903e+00 1.163928111973985713e+00 1.195559539601517951e+00 0.000000000000000000e+00
7.421030766704393322e+00 1.670689586454608300e+00 4.080774455614978699e-04 1.000000000000000000e+00 3.224219162852753374e-05 7.937437596232907759e-04 1.338291077087689018e+00 1.175345513168779332e+00 1.159549734091429807e+00 1.191347753954402844e+00 0.000000000000000000e+00
7.427219240237226572e+00 1.669297542143953983e+00 2.057516321231044054e-04 1.000000000000000000e+00 -1.712616918056320393e-04 5.928572252869956753e-04 3.326377223951624273e-01 1.178329262488128526e+00 1.162524381420543484e+00 1.194340330103504488e+00 0.000000000000000000e+00
7.433412874401496673e+00 1.667906657706072160e+00 7.266155340130472234e-05 1.000000000000000000e+00 -3.051330432382129984e-04 4.607762903855736406e-04 4.090573099529137835e-02 1.174321945365269126e+00 1.158439948874260272e+00 1.190412698759069299e+00 0.000000000000000000e+00
7.439611673500706956e+00 1.666516932174539223e+00 -7.807289546218645047e-05 -1.000000000000000000e+00 -4.549583038003337295e-04 3.093170598361600406e-04 4.679126318103499216e-02 1.176446156907380969e+00 1.160569338701569642e+00 1.192531441843208029e+00 0.000000000000000000e+00
7.445815641841948995e+00 1.665128364583736253e+00 -9.509102934154358702e-05 -1.000000000000000000e+00 -4.714026476128877928e-04 2.918615233093979611e-04 6.945363770984158691e-02 1.166845837371324857e+00 1.150935561071652069e+00 1.182967225576751158e+00 0.000000000000000000e+00
7.452024783735907043e+00 1.663740953968849468e+00 -1.627585323800580231e-04 -1.000000000000000000e+00 -5.372381527822243669e-04 2.224891563930980201e-04 2.036550454308780900e-01 1.167764683647338986e+00 1.151872960838320914e+00 1.183867183910083609e+00 0.000000000000000000e+00
7.458239103496859812e+00 1.662354699365868660e+00 -1.268734128872600294e-04 -1.000000000000000000e+00 -5.008119765343614985e-04 2.579654128889427903e-04 1.242795785018984134e-01 1.158130563181322126e+00 1.142206763823022886e+00 1.174267716079490320e+00 0.000000000000000000e+00
7.464458605442683137e+00 1.660969599811586539e+00 -1.623751726300973674e-04 -1.000000000000000000e+00 -5.363434080725261802e-04 2.226106413703051574e-04 2.030169056584441023e-01 1.158155285336305740e+00 1.142044124805863703e+00 1.174484786412049786e+00 0.000000000000000000e+00
7.470683293894854415e+00 1.659585654343599170e+00 -1.364541439092949269e-04 -1.000000000000000000e+00 -5.112645884132947490e-04 2.494778235376446645e-04 1.427014526554444274e-01 1.149619648708532837e+00 1.133659034408849964e+00 1.165796453368903585e+00 0.000000000000000000e+00
7.476913173178454386e+00 1.658202862000304201e+00 -1.517138443321410033e-04 -1.000000000000000000e+00 -5.282715896167176168e-04 2.359722459364134970e-04 1.750566492094094428e-01 1.145396455603154395e+00 1.129261521891124165e+00 1.161752994052987376e+00 0.000000000000000000e+00
7.483148247622170679e+00 1.656821221820899526e+00 -1.370569588815657124e-04 -1.000000000000000000e+00 -5.138876758821087250e-04 2.508859934450581586e-04 1.426885225770888610e-01 1.136977618486016750e+00 1.120985780478069849e+00 1.153188872888569305e+00 0.000000000000000000e+00
7.489388521558299594e+00 1.655440732845385288e+00 -1.744740514564804444e-04 -1.000000000000000000e+00 -5.499755535839260601e-04 2.121187244138616514e-04 2.326528233046474270e-01 1.135558481469326253e+00 1.119376430638574504e+00 1.151965656734573962e+00 0.000000000000000000e+00
7.495633999322752317e+00 1.654061394114560324e+00 -1.466317382507743275e-04 -1.000000000000000000e+00 -5.193046282430789249e-04 2.371809740053046898e-04 1.671843448085041928e-01 1.126469034137173031e+00 1.110240413339045107e+00 1.142925616210160644e+00 0.000000000000000000e+00
7.501884685255054031e+00 1.652683204670022832e+00 -1.927051996950280568e-04 -1.000000000000000000e+00 -5.614487739015346351e-04 1.872461502615464129e-04 2.931162560430493613e-01 1.127129496380067764e+00 1.110909776899322576e+00 1.143576881382613486e+00 0.000000000000000000e+00
7.508140583698349246e+00 1.651306163554170148e+00 -1.670645468215896888e-04 -1.000000000000000000e+00 -5.341066719906470590e-04 2.112011277013187843e-04 2.229657801277653562e-01 1.118101235954266803e+00 1.101831065521040154e+00 1.134602115558690505e+00 0.000000000000000000e+00
7.514401698999403578e+00 1.649930269810196748e+00 -2.207040324474557260e-04 -1.000000000000000000e+00 -5.869441811075092486e-04 1.567185758918723294e-04 3.890322320420409596e-01 1.118874046744689155e+00 1.102600536693504107e+00 1.135378356524750831e+00 0.000000000000000000e+00
7.520668035508609073e+00 1.648555522482095359e+00 -1.606225307055730693e-04 -1.000000000000000000e+00 -5.284195545770628989e-04 2.183071626279241707e-04 2.059162060689914142e-01 1.104748552542289541e+00 1.088450121622159372e+00 1.121281503387248968e+00 0.000000000000000000e+00
7.526939597579984209e+00 1.647181920614653627e+00 -1.473688868660991841e-04 -1.000000000000000000e+00 -5.156779805339816759e-04 2.320880313938141479e-04 1.728692567664893431e-01 1.097558689139634280e+00 1.081397377365957535e+00 1.113952113351623030e+00 0.000000000000000000e+00
7.533216389571179228e+00 1.645809463253457006e+00 -1.553606851998838145e-04 -1.000000000000000000e+00 -5.238183145351532448e-04 2.242902879422023444e-04 1.922185981678694588e-01 1.094477705642665999e+00 1.078138716880198578e+00 1.111054416344915863e+00 0.000000000000000000e+00
7.539498415843477019e+00 1.644438149444884756e+00 -2.250051086291315127e-05 -1.000000000000000000e+00 -3.910269522674174737e-04 3.573061273667696891e-04 4.077546010989863134e-03 1.074313171054408711e+00 1.058009414902786549e+00 1.090857922221155629e+00 0.000000000000000000e+00
7.545785680761798453e+00 1.643067978236111282e+00 -4.594463342334047793e-05 -1.000000000000000000e+00 -4.128048642574578772e-04 3.322840983636957883e-04 1.708406025443309773e-02 1.074657682597515818e+00 1.058366175923454167e+00 1.091189904142041645e+00 0.000000000000000000e+00
7.552078188694705041e+00 1.641698948675104575e+00 2.257017577934793132e-05 1.000000000000000000e+00 -3.444397413687849251e-04 4.010282394138725667e-04 4.146711586713536235e-03 1.062556829906349254e+00 1.046239514284474703e+00 1.079118144737761797e+00 0.000000000000000000e+00
7.558375944014398939e+00 1.640331059810627101e+00 -9.980812641241795528e-06 -1.000000000000000000e+00 -3.772940018138941105e-04 3.688465300116167741e-04 8.067623236911458662e-04 1.063040930612631163e+00 1.046724169742872190e+00 1.079601610452604943e+00 0.000000000000000000e+00
7.564678951096730941e+00 1.638964310692231585e+00 4.043707589177960850e-05 1.000000000000000000e+00 -3.295005810686928768e-04 4.219335622819348126e-04 1.314617885270763509e-02 1.052852741581432827e+00 1.036483132878872171e+00 1.069470010924498116e+00 0.000000000000000000e+00
7.570987214321198699e+00 1.637598700370265004e+00 2.236352474497901532e-05 1.000000000000000000e+00 -3.499148360216106069e-04 4.062362783135053577e-04 3.966441503280293546e-03 1.053124779070043981e+00 1.036749601196776061e+00 1.069747793065629393e+00 0.000000000000000000e+00
7.577300738070952946e+00 1.636234227895864146e+00 1.550294755652182504e-04 1.000000000000000000e+00 -2.207395727429704976e-04 5.424244414205955066e-04 1.896812109287111525e-01 1.037250687166447305e+00 1.020867043272475128e+00 1.053885873009785090e+00 0.000000000000000000e+00
7.583619526732800153e+00 1.634870892320956948e+00 2.684412953645336805e-04 1.000000000000000000e+00 -1.096523642057817033e-04 6.581753174408869374e-04 5.685639956386694394e-01 1.027520520783374858e+00 1.011003076152436675e+00 1.044210583016313754e+00 0.000000000000000000e+00
7.589943584697204315e+00 1.633508692698261822e+00 4.108829593971699448e-04 1.000000000000000000e+00 3.240902615241303365e-05 8.010945861607790108e-04 1.341325377320686130e+00 1.016766554130742461e+00 1.000437467508238143e+00 1.033266515923544793e+00 0.000000000000000000e+00
7.596272916358290495e+00 1.632147628081284996e+00 5.665257388171690252e-04 1.000000000000000000e+00 1.872770849643274737e-04 9.575558066970485871e-04 2.576665680835162675e+00 1.005010909442671130e+00 9.885762120182531865e-01 1.021620553518613139e+00 0.000000000000000000e+00
7.602607526113848380e+00 1.630787697524322288e+00 6.938884509146369360e-04 1.000000000000000000e+00 3.147363978156732830e-04 1.084867282155978479e-03 3.898693727010368093e+00 9.952377914747082555e-01 9.789863211928302444e-01 1.011662103732025919e+00 0.000000000000000000e+00
7.608947418365335835e+00 1.629428900082457776e+00 7.881158371221126625e-04 1.000000000000000000e+00 4.079201410701548364e-04 1.180147349895815760e-03 5.051650928395361007e+00 9.863090039657154140e-01 9.699287699785053007e-01 1.002866613223773351e+00 0.000000000000000000e+00
7.615292597517878903e+00 1.628071234811562906e+00 8.528848811929188060e-04 1.000000000000000000e+00 4.720727177059508522e-04 1.245572449575921975e-03 5.919930661923558546e+00 9.765373254916230872e-01 9.603300261849628816e-01 9.929200600326056891e-01 0.000000000000000000e+00
7.621643067980279795e+00 1.626714700768294497e+00 8.898618854231870635e-04 1.000000000000000000e+00 5.076519839158331621e-04 1.283972197382739471e-03 6.436790626771312418e+00 9.653629407166114396e-01 9.490321727859694079e-01 9.818738733422223142e-01 0.000000000000000000e+00
7.627998834165015118e+00 1.625359297010096737e+00 9.185639201220783092e-04 1.000000000000000000e+00 5.357276066902275178e-04 1.313345224961366860e-03 6.868354951909623196e+00 9.503780766076904696e-01 9.340414473939477880e-01 9.668977166354554287e-01 0.000000000000000000e+00
7.634359900488242090e+00 1.624005022595198744e+00 7.783977415898771885e-04 1.000000000000000000e+00 3.977961695908151978e-04 1.171017458129375473e-03 4.925253966161108110e+00 9.526254019187521127e-01 9.362811196710246753e-01 9.691525742084698969e-01 0.000000000000000000e+00
7.640726271369800315e+00 1.622651876582614117e+00 7.549442807109092842e-04 1.000000000000000000e+00 3.768579948090081469e-04 1.145160372551352283e-03 4.693610351202437414e+00 9.359889053627497013e-01 9.196623256082764319e-01 9.525011535957393916e-01 0.000000000000000000e+00
7.647097951233216229e+00 1.621299858032140939e+00 5.524676750781983741e-04 1.000000000000000000e+00 1.800531737385956729e-04 9.371599704178705352e-04 2.538843175964530019e+00 9.391865120319380367e-01 9.228559939657163813e-01 9.557021252995105964e-01 0.000000000000000000e+00
7.653474944505703093e+00 1.619948966004359558e+00 4.508314514257010810e-04 1.000000000000000000e+00 8.346199839727067938e-05 8.306254837977236540e-04 1.721939761508338051e+00 9.263799538164847469e-01 9.100415579428099422e-01 9.429062509026183703e-01 0.000000000000000000e+00
7.659857255618167216e+00 1.618599199560634805e+00 2.034800841963239004e-04 1.000000000000000000e+00 -1.575665268613473443e-04 5.770785441178946954e-04 3.536677948266060412e-01 9.302445407573813885e-01 9.138954902151316118e-01 9.467811043472582622e-01 0.000000000000000000e+00
7.666244889005210617e+00 1.617250557763112662e+00 1.350882440159596515e-04 1.000000000000000000e+00 -2.224046983268404391e-04 5.052581742326128951e-04 1.580695836893255546e-01 9.078925636954745526e-01 8.916102292234420190e-01 9.243654836424547439e-01 0.000000000000000000e+00
7.672637849105131913e+00 1.615903039674720043e+00 -4.239548038101554131e-05 -1.000000000000000000e+00 -3.962512683367415238e-04 3.242654304327466960e-04 1.563078402045903204e-02 8.984750853787547564e-01 8.820618652227225631e-01 9.150838010140234235e-01 0.000000000000000000e+00
7.679036140359931650e+00 1.614556644359165460e+00 -2.699915744742349710e-04 -1.000000000000000000e+00 -6.189576308922796651e-04 9.197905755204576535e-05 6.338829614068117735e-01 8.954220569818563957e-01 8.791348639392631004e-01 9.119024978638247125e-01 0.000000000000000000e+00
7.685439767215314077e+00 1.613211370880937023e+00 -4.670939731536846652e-04 -1.000000000000000000e+00 -8.117736142762444623e-04 -1.091982413830381443e-04 1.902524796429929665e+00 8.897797977540407022e-01 8.733382660099465733e-01 9.064195380327320084e-01 0.000000000000000000e+00
7.691848734120691589e+00 1.611867218305303329e+00 -6.512933988224238165e-04 -1.000000000000000000e+00 -9.902973217726885810e-04 -2.988285642161724867e-04 3.719532204571123657e+00 8.853462447047818484e-01 8.690515924351145394e-01 9.018366516944562594e-01 0.000000000000000000e+00
7.698263045529186499e+00 1.610524185698310351e+00 -8.311774756696731388e-04 -1.000000000000000000e+00 -1.164836867090846646e-03 -4.838464288461966339e-04 6.102259967925419915e+00 8.840701902626476594e-01 8.675903780615354943e-01 9.007508482002019035e-01 0.000000000000000000e+00
7.704682705897634598e+00 1.609182272126782998e+00 -9.680344693607003661e-04 -1.000000000000000000e+00 -1.295669396750389647e-03 -6.266096356834422766e-04 8.372759886363269288e+00 8.803494502881116235e-01 8.640139809615102751e-01 8.968834409847159517e-01 0.000000000000000000e+00
7.711107719686588702e+00 1.607841476658323998e+00 -1.010934829376361867e-03 -1.000000000000000000e+00 -1.333718305120951738e-03 -6.743374246797078546e-04 9.321013986543334795e+00 8.658025243798256332e-01 8.494056472151072512e-01 8.824031686987530154e-01 0.000000000000000000e+00
7.717538091360320429e+00 1.606501798361312572e+00 -1.020240415796514572e-03 -1.000000000000000000e+00 -1.337330850656828036e-03 -6.892821069998079312e-04 9.761207063201027267e+00 8.467827458582127820e-01 8.304453884999994928e-01 8.633271858524618203e-01 0.000000000000000000e+00
7.723973825386825531e+00 1.605163236304904206e+00 -1.146938480495763094e-03 -1.000000000000000000e+00 -1.455971420828974013e-03 -8.239279751050198556e-04 1.262309145613369310e+01 8.429360356515068764e-01 8.267422287831631689e-01 8.593345862716009753e-01 0.000000000000000000e+00
7.730414926237823892e+00 1.603825789559029547e+00 -1.271795080804926162e-03 -1.000000000000000000e+00 -1.573625246266045904e-03 -9.558560799558203300e-04 1.588135363667947786e+01 8.354890944681087062e-01 8.191650898828014560e-01 8.520231546310818027e-01 0.000000000000000000e+00
7.736861398388765743e+00 1.602489457194395728e+00 -1.452288239257498292e-03 -1.000000000000000000e+00 -1.746660530798244473e-03 -1.143821973294937861e-03 2.103571212375220512e+01 8.318278516510592135e-01 8.156282154736611556e-01 8.482353975744896246e-01 0.000000000000000000e+00
7.743313246318833443e+00 1.601154238282482378e+00 -1.619975501015745445e-03 -1.000000000000000000e+00 -1.908109608715449421e-03 -1.317801790388993142e-03 2.658518771452077090e+01 8.228263173792899066e-01 8.064943194895374257e-01 8.393721273691661100e-01 0.000000000000000000e+00
7.749770474510944140e+00 1.599820131895543396e+00 -1.822511768438239222e-03 -1.000000000000000000e+00 -2.101738071632739801e-03 -1.529118627653032079e-03 3.426769744999410250e+01 8.188457906838427780e-01 8.026389889820021439e-01 8.352642817529986052e-01 0.000000000000000000e+00
7.756233087451753327e+00 1.598487137106606282e+00 -1.964593061085989287e-03 -1.000000000000000000e+00 -2.233750740515120202e-03 -1.681089053356029641e-03 4.112459876682794402e+01 8.092837483489306871e-01 7.929651113837989929e-01 8.258194642977354505e-01 0.000000000000000000e+00
7.762701089631657503e+00 1.597155252989470364e+00 -2.117374743390237381e-03 -1.000000000000000000e+00 -2.374320165111977118e-03 -1.845815437617972241e-03 4.950543371979506446e+01 8.059097784521261909e-01 7.897260421663235830e-01 8.223081874080317988e-01 0.000000000000000000e+00
7.769174485544799502e+00 1.595824478618706577e+00 -2.244147000138858698e-03 -1.000000000000000000e+00 -2.491412469245529292e-03 -1.982244958782010142e-03 5.746786280389198964e+01 8.013983502255721536e-01 7.850558192766357024e-01 8.179612777973687132e-01 0.000000000000000000e+00
7.775653279689067610e+00 1.594494813069657235e+00 -2.259505907953490798e-03 -1.000000000000000000e+00 -2.500681472649595501e-03 -2.003937582811218896e-03 6.028728663919469000e+01 7.803321802864833234e-01 7.640584740176122880e-01 7.968304463941038307e-01 0.000000000000000000e+00
7.782137476566102663e+00 1.593166255418435151e+00 -2.402124834545732706e-03 -1.000000000000000000e+00 -2.635858569783453096e-03 -2.154069357414644531e-03 6.941388050332716375e+01 7.824321051224577550e-01 7.661514147492847204e-01 7.989372611879844710e-01 0.000000000000000000e+00
7.788627080681298942e+00 1.591838804741922297e+00 -2.360107012502437630e-03 -1.000000000000000000e+00 -2.587446371068816055e-03 -2.118376263165847560e-03 6.966647826762368823e+01 7.589312351058210560e-01 7.427581040532723611e-01 7.753325888190445436e-01 0.000000000000000000e+00
7.795122096543806833e+00 1.590512460117771143e+00 -2.452204249610864459e-03 -1.000000000000000000e+00 -2.671853834307130835e-03 -2.218246264476793003e-03 7.700275716658870806e+01 7.601786936578649456e-01 7.440146597371578574e-01 7.765707849314729128e-01 0.000000000000000000e+00
7.801622528666539047e+00 1.589187220624400876e+00 -2.404565341720342996e-03 -1.000000000000000000e+00 -2.618933130560865876e-03 -2.175803337187896119e-03 7.659262937902065005e+01 7.384081706088446717e-01 7.223403105556439607e-01 7.547080082115096289e-01 0.000000000000000000e+00
7.808128381566169729e+00 1.587863085341000069e+00 -2.502742230097863146e-03 -1.000000000000000000e+00 -2.711800116148650481e-03 -2.279291290607435815e-03 8.379495178653860421e+01 7.397266481438392605e-01 7.236560434539127673e-01 7.560290842291694791e-01 0.000000000000000000e+00
7.814639659763139790e+00 1.586540053347523793e+00 -2.486749601005338282e-03 -1.000000000000000000e+00 -2.692479126965779263e-03 -2.266440372679879352e-03 8.426686557317157167e+01 7.214266862569959082e-01 7.054148243223130610e-01 7.376745194970755204e-01 0.000000000000000000e+00
7.821156367781661345e+00 1.585218123724693617e+00 -2.504369781026841938e-03 -1.000000000000000000e+00 -2.707229451968386994e-03 -2.287006606227678148e-03 8.664871787743049936e+01 7.111388248435335235e-01 6.950309666426198740e-01 7.274890308879724543e-01 0.000000000000000000e+00
7.827678510149716828e+00 1.583897295553998275e+00 -8.311713591518886043e-03 -1.000000000000000000e+00 0.000000000000000000e+00 0.000000000000000000e+00 0.000000000000000000e+00 7.505610810910687825e-01 0.000000000000000000e+00 0.000000000000000000e+00 1.000000000000000000e+00
7.834206091399066985e+00 1.582577567917689887e+00 -1.163403867579212818e-02 -1.000000000000000000e+00 0.000000000000000000e+00 0.000000000000000000e+00 0.000000000000000000e+00 7.753353591801743772e-01 0.000000000000000000e+00 0.000000000000000000e+00 1.000000000000000000e+00
7.840739116065250869e+00 1.581258939898786631e+00 -1.378394412225228405e-02 -1.000000000000000000e+00 0.000000000000000000e+00 0.000000000000000000e+00 0.000000000000000000e+00 7.354153017342284215e-01 0.000000000000000000e+00 0.000000000000000000e+00 1.000000000000000000e+00
7.847277588687588512e+00 1.579941410581070071e+00 -1.260688924067491015e-02 -1.000000000000000000e+00 0.000000000000000000e+00 0.000000000000000000e+00 0.000000000000000000e+00 7.447207236605054570e-01 0.000000000000000000e+00 0.000000000000000000e+00 1.000000000000000000e+00
7.853821513809187138e+00 1.578624979049085830e+00 -1.318690277469204870e-02 -1.000000000000000000e+00 0.000000000000000000e+00 0.000000000000000000e+00 0.000000000000000000e+00 7.250857641588289715e-01 0.000000000000000000e+00 0.000000000000000000e+00 1.000000000000000000e+00
7.860370895976941163e+00 1.577309644388141585e+00 -1.128734995073107580e-02 -1.000000000000000000e+00 0.000000000000000000e+00 0.000000000000000000e+00 0.000000000000000000e+00 7.170062135757201416e-01 0.000000000000000000e+00 0.000000000000000000e+00 1.000000000000000000e+00
7.866925739741537527e+00 1.575995405684307737e+00 -7.970009212594345027e-03 -1.000000000000000000e+00 0.000000000000000000e+00 0.000000000000000000e+00 0.000000000000000000e+00 6.932344131328271875e-01 0.000000000000000000e+00 0.000000000000000000e+00 1.000000000000000000e+00
7.873486049657457464e+00 1.574682262024415857e+00 -1.143590784478208319e-02 -1.000000000000000000e+00 0.000000000000000000e+00 0.000000000000000000e+00 0.000000000000000000e+00 6.752221857970818197e-01 0.000000000000000000e+00 0.000000000000000000e+00 1.000000000000000000e+00
7.880051830282980951e+00 1.573370212496058462e+00 -2.245318443115157468e-03 -1.000000000000000000e+00 0.000000000000000000e+00 0.000000000000000000e+00 0.000000000000000000e+00 6.321195208878350735e-01 0.000000000000000000e+00 0.000000000000000000e+00 1.000000000000000000e+00
7.886623086180188480e+00 1.572059256187587906e+00 -5.270867558125490529e-03 -1.000000000000000000e+00 0.000000000000000000e+00 0.000000000000000000e+00 0.000000000000000000e+00 6.317287751872167068e-01 0.000000000000000000e+00 0.000000000000000000e+00 1.000000000000000000e+00
7.893199821914964609e+00 1.570749392188117488e+00 -1.826936244403002535e-02 -1.000000000000000000e+00 0.000000000000000000e+00 0.000000000000000000e+00 0.000000000000000000e+00 6.629092858750826878e-01 0.000000000000000000e+00 0.000000000000000000e+00 1.000000000000000000e+00
7.899782042057002407e+00 1.569440619587517682e+00 -1.696439685854082141e-02 -1.000000000000000000e+00 0.000000000000000000e+00 0.000000000000000000e+00 0.000000000000000000e+00 6.850068111967749784e-01 0.000000000000000000e+00 0.000000000000000000e+00 1.000000000000000000e+00
7.906369751179806116e+00 1.568132937476418354e+00 -1.979382025076504778e-02 -1.000000000000000000e+00 0.000000000000000000e+00 0.000000000000000000e+00 0.000000000000000000e+00 6.211197249908980700e-01 0.000000000000000000e+00 0.000000000000000000e+00 1.000000000000000000e+00
7.912962953860692039e+00 1.566826344946206540e+00 -2.221527183772708386e-02 -1.000000000000000000e+00 0.000000000000000000e+00 0.000000000000000000e+00 0.000000000000000000e+00 6.400957137067454505e-01 0.000000000000000000e+00 0.000000000000000000e+00 1.000000000000000000e+00
7.919561654680794760e+00 1.565520841089027337e+00 -2.393808449951770681e-02 -1.000000000000000000e+00 0.000000000000000000e+00 0.000000000000000000e+00 0.000000000000000000e+00 6.300982335689374603e-01 0.000000000000000000e+00 0.000000000000000000e+00 1.000000000000000000e+00
7.926165858225068916e+00 1.564216424997781019e+00 -2.606228240477798108e-02 -1.000000000000000000e+00 0.000000000000000000e+00 0.000000000000000000e+00 0.000000000000000000e+00 6.161771656627705873e-01 0.000000000000000000e+00 0.000000000000000000e+00 1.000000000000000000e+00
7.932775569082291867e+00 1.562913095766124583e+00 -2.303835492572508387e-02 -1.000000000000000000e+00 0.000000000000000000e+00 0.000000000000000000e+00 0.000000000000000000e+00 6.336137085806500258e-01 0.000000000000000000e+00 0.000000000000000000e+00 1.000000000000000000e+00
7.939390791845069018e+00 1.561610852488469980e+00 -2.624853033978280861e-02 -1.000000000000000000e+00 0.000000000000000000e+00 0.000000000000000000e+00 0.000000000000000000e+00 6.234138655981531496e-01 0.000000000000000000e+00 0.000000000000000000e+00 1.000000000000000000e+00
7.946011531109834714e+00 1.560309694259983226e+00 -2.420768400175949547e-02 -1.000000000000000000e+00 0.000000000000000000e+00 0.000000000000000000e+00 0.000000000000000000e+00 6.034973414240443201e-01 0.000000000000000000e+00 0.000000000000000000e+00 1.000000000000000000e+00
7.952637791476856677e+00 1.559009620176584621e+00 -1.398320885024082784e-02 -1.000000000000000000e+00 0.000000000000000000e+00 0.000000000000000000e+00 0.000000000000000000e+00 5.589824112055519212e-01 0.000000000000000000e+00 0.000000000000000000e+00 1.000000000000000000e+00
7.959269577550237784e+00 1.557710629334948083e+00 -1.968619620565420850e-02 -1.000000000000000000e+00 0.000000000000000000e+00 0.000000000000000000e+00 0.000000000000000000e+00 5.608670461693325837e-01 0.000000000000000000e+00 0.000000000000000000e+00 1.000000000000000000e+00
7.965906893937922284e+00 1.556412720832499597e+00 -2.100619056845742794e-02 -1.000000000000000000e+00 0.000000000000000000e+00 0.000000000000000000e+00 0.000000000000000000e+00 5.609520877350829826e-01 0.000000000000000000e+00 0.000000000000000000e+00 1.000000000000000000e+00
7.972549745251694908e+00 1.555115893767417656e+00 -2.128062747160053628e-02 -1.000000000000000000e+00 0.000000000000000000e+00 0.000000000000000000e+00 0.000000000000000000e+00 5.657033252919315691e-01 0.000000000000000000e+00 0.000000000000000000e+00 1.000000000000000000e+00
7.979198136107187977e+00 1.553820147238631932e+00 -3.833437113291025822e-02 -1.000000000000000000e+00 0.000000000000000000e+00 0.000000000000000000e+00 0.000000000000000000e+00 5.725658421468442505e-01 0.000000000000000000e+00 0.000000000000000000e+00 1.000000000000000000e+00
7.985852071123881402e+00 1.552525480345822828e+00 -3.735262274901827995e-02 -1.000000000000000000e+00 0.000000000000000000e+00 0.000000000000000000e+00 0.000000000000000000e+00 5.412848472900422259e-01 0.000000000000000000e+00 0.000000000000000000e+00 1.000000000000000000e+00
7.992511554925108008e+00 1.551231892189421036e+00 -3.572899228845478198e-02 -1.000000000000000000e+00 0.000000000000000000e+00 0.000000000000000000e+00 0.000000000000000000e+00 5.271590458245416499e-01 0.000000000000000000e+00 0.000000000000000000e+00 1.000000000000000000e+00
7.999176592138056208e+00 1.549939381870606869e+00 -3.431251676909718301e-02 -1.000000000000000000e+00 0.000000000000000000e+00 0.000000000000000000e+00 0.000000000000000000e+00 5.077286032719657838e-01 0.000000000000000000e+00 0.000000000000000000e+00 1.000000000000000000e+00
