# OBJ_NAME=Cir X-1
#         GRID_START=6.00
#         GRID_END=8.00
#         GRID_STEP_FRACTION=0.50
#         XSPEC_FITSTAT=cstat
#         XSPEC_CONTINUUM_MODEL=tbabs*(bbodyrad + pow)*constant
#         XSPEC_LINE_MODEL=gauss
#         LINE_VELOCITY_WIDTH=500
#         INPUT_FILE=/home/simon/Downloads/tgcat/obs_12235_tgid_4316/pm_heg_abs1.pha
#         SEARCH_MODE=Sliding window
#         FIT_REGION_WIDTH=30.00
#         RUNTIME=70
#         COLUMN_NAMES=ENERGY,WAVELENGTH,NORM,NORM_SIGN,NORM_ERR_LO,NORM_ERR_HI,DELTA_FITSTAT,CONSTANT_FACTOR,CONSTANT_FACTOR_ERR_LO,CONSTANT_FACTOR_ERR_HI,FIT_ERR
6.000000000000000000e+00 2.066373137115381287e+00 -2.458006892367879988e-06 -1.000000000000000000e+00 -2.148591763967598196e-05 1.814837809937843233e-05 1.692567747696216429e-02 1.090150951048133310e+00 1.049697272516501689e+00 1.131604938425924134e+00 0.000000000000000000e+00
6.005003461427972589e+00 2.064651403172383937e+00 -5.336879120116820408e-06 -1.000000000000000000e+00 -2.434969056023662506e-05 1.525957524658582977e-05 7.913512650682719141e-02 1.094402558408152926e+00 1.053551787385733851e+00 1.136269297055572114e+00 0.000000000000000000e+00
6.010011095293655181e+00 2.062931103804642063e+00 -4.955921348011696039e-06 -1.000000000000000000e+00 -2.375276499961444915e-05 1.543130984556088573e-05 6.959321024733355898e-02 1.087518169493741027e+00 1.047078106717882484e+00 1.128960754419945589e+00 0.000000000000000000e+00
6.015022905076486737e+00 2.061212237816845594e+00 -6.732457110334258657e-06 -1.000000000000000000e+00 -2.515976442779345885e-05 1.329359536251865181e-05 1.317241686093097996e-01 1.102171855037568982e+00 1.061476601660950259e+00 1.143869166767982781e+00 0.000000000000000000e+00
6.020038894258807005e+00 2.059494804014679215e+00 -6.723857149689185392e-06 -1.000000000000000000e+00 -2.490772699846132663e-05 1.306037900447068773e-05 1.344586346031633184e-01 1.106041964051020177e+00 1.065031435391931902e+00 1.148067221441584129e+00 0.000000000000000000e+00
6.025059066325860080e+00 2.057778801204824592e+00 -8.284801021063588526e-06 -1.000000000000000000e+00 -2.638896027408808951e-05 1.141246499724065347e-05 2.043542210167146322e-01 1.115555820809961629e+00 1.074333269071081176e+00 1.157795582761669495e+00 0.000000000000000000e+00
6.030083424765796174e+00 2.056064228194956822e+00 -9.962001677180562566e-06 -1.000000000000000000e+00 -2.814797318079088336e-05 9.807922391804393473e-06 2.911307805625824585e-01 1.118109225724397637e+00 1.077060260104946821e+00 1.160164924535310060e+00 0.000000000000000000e+00
6.035111973069674285e+00 2.054351083793744426e+00 -1.232857077135234110e-05 -1.000000000000000000e+00 -3.063827738100999352e-05 7.558209216710890489e-06 4.376654132924073792e-01 1.119487533151743097e+00 1.078069149936235371e+00 1.161929268785113045e+00 0.000000000000000000e+00
6.040144714731465747e+00 2.052639366810848021e+00 -1.473118331212940388e-05 -1.000000000000000000e+00 -3.299753503723100066e-05 5.120650389108321411e-06 6.213567357900871002e-01 1.119721009249752708e+00 1.078230275235207536e+00 1.162237804988944800e+00 0.000000000000000000e+00
6.045181653248054232e+00 2.050929076056921652e+00 -1.684001947772834071e-05 -1.000000000000000000e+00 -3.484771141424159010e-05 2.770670686450047419e-06 8.221573085667728265e-01 1.119982009867117378e+00 1.078768874707291436e+00 1.162207332144137517e+00 0.000000000000000000e+00
6.050222792119239301e+00 2.049220210343609683e+00 -1.885792352042326076e-05 -1.000000000000000000e+00 -3.654572479559899632e-05 4.409049050174063047e-07 1.053186998289817211e+00 1.121088926600660285e+00 1.079596103758572401e+00 1.163606980681238134e+00 0.000000000000000000e+00
6.055268134847740846e+00 2.047512768483544576e+00 -2.378007737941299269e-05 -1.000000000000000000e+00 -4.112479887694772934e-05 -4.823299441428346290e-06 1.692163946104130900e+00 1.140785925556849989e+00 1.098900918888865652e+00 1.183697418171406390e+00 0.000000000000000000e+00
6.060317684939197314e+00 2.045806749290351334e+00 -2.715044149341504760e-05 -1.000000000000000000e+00 -4.428350593484714070e-05 -8.405368444680511681e-06 2.218293190143398874e+00 1.144617886457687916e+00 1.102617154172869540e+00 1.187648079938284695e+00 0.000000000000000000e+00
6.065371445902172809e+00 2.044102151578641724e+00 -3.109853982836144814e-05 -1.000000000000000000e+00 -4.808315781613973431e-05 -1.249765669985575183e-05 2.901598353672454778e+00 1.147208066542236171e+00 1.105154436748400082e+00 1.190291523900268045e+00 0.000000000000000000e+00
6.070429421248155322e+00 2.042398974164015168e+00 -3.714368234636897595e-05 -1.000000000000000000e+00 -5.394110641661593408e-05 -1.870891383682461319e-05 4.095771168739560153e+00 1.162892718455917684e+00 1.120490024302267296e+00 1.206327662868698969e+00 0.000000000000000000e+00
6.075491614491562942e+00 2.040697215863058300e+00 -4.128322099843090417e-05 -1.000000000000000000e+00 -5.791601169729752152e-05 -2.298300985647773185e-05 5.028505854168642486e+00 1.168910112841202276e+00 1.126337897021033374e+00 1.212516705947927598e+00 0.000000000000000000e+00
6.080558029149742971e+00 2.038996875493343186e+00 -4.346888695161940685e-05 -1.000000000000000000e+00 -6.003681825272914944e-05 -2.520894184630111822e-05 5.536249687682357035e+00 1.170290477965289178e+00 1.127689671844660735e+00 1.213924857382669309e+00 0.000000000000000000e+00
6.085628668742976366e+00 2.037297951873428659e+00 -4.378020322533933905e-05 -1.000000000000000000e+00 -6.044838317023459699e-05 -2.538546609267552118e-05 5.534941090485332893e+00 1.171921158702244004e+00 1.129208629449269807e+00 1.215668957607352940e+00 0.000000000000000000e+00
6.090703536794479511e+00 2.035600443822857208e+00 -4.403269130068386013e-05 -1.000000000000000000e+00 -6.103313855403849175e-05 -2.529950153427776459e-05 5.428963847360805062e+00 1.189727437325024839e+00 1.146605497185342104e+00 1.233888080458285241e+00 0.000000000000000000e+00
6.095782636830406886e+00 2.033904350162153651e+00 -3.776290745418783113e-05 -1.000000000000000000e+00 -5.541789712113186624e-05 -1.844559312122583336e-05 3.905501999407889002e+00 1.183083169257790113e+00 1.139711212973449683e+00 1.227513253239737701e+00 0.000000000000000000e+00
6.100865972379854618e+00 2.032209669712826461e+00 -2.804906760464482532e-05 -1.000000000000000000e+00 -4.658995345997406348e-05 -8.337066340886507707e-06 2.158186677200802706e+00 1.172161997519411303e+00 1.129269314928031065e+00 1.216101960156243722e+00 0.000000000000000000e+00
6.105953546974859592e+00 2.030516401297367324e+00 -1.853693618962900689e-05 -1.000000000000000000e+00 -3.706032008487979905e-05 1.394646264389412662e-06 9.581512452895850629e-01 1.167508954829998169e+00 1.124437920267472801e+00 1.211640663639276694e+00 0.000000000000000000e+00
6.111045364150406556e+00 2.028824543739246700e+00 -1.054493379532037446e-05 -1.000000000000000000e+00 -2.906916243451829879e-05 9.613763564948100640e-06 3.129826225272722695e-01 1.163725312384115806e+00 1.120699634368130804e+00 1.207812658410102324e+00 0.000000000000000000e+00
6.116141427444425460e+00 2.027134095862917373e+00 -4.177122017255651407e-06 -1.000000000000000000e+00 -2.305492444091754658e-05 1.632908135152700175e-05 4.868919371249091910e-02 1.155336992717015399e+00 1.112720039441190911e+00 1.199003630756804162e+00 0.000000000000000000e+00
6.121241740397799447e+00 2.025445056493809570e+00 -7.255140371958570686e-07 -1.000000000000000000e+00 -2.007442124539051640e-05 2.024661544476455391e-05 1.427721407864623870e-03 1.151728412507358579e+00 1.108806223890269393e+00 1.195718352779434834e+00 0.000000000000000000e+00
6.126346306554362187e+00 2.023757424458334508e+00 1.722319638064356601e-06 1.000000000000000000e+00 -1.808989833172631740e-05 2.316583370898311225e-05 7.790127169883476199e-03 1.143068868494302892e+00 1.100169420160859168e+00 1.187041705673796743e+00 0.000000000000000000e+00
6.131455129460903208e+00 2.022071198583879958e+00 -7.661661512181007119e-07 -1.000000000000000000e+00 -2.082096942562077578e-05 2.092718493316688202e-05 1.493690171670891687e-03 1.159932303347368077e+00 1.116613736039815841e+00 1.204328994374171291e+00 0.000000000000000000e+00
6.136568212667169675e+00 2.020386377698810687e+00 -1.239727221966883161e-06 -1.000000000000000000e+00 -2.129507773296866068e-05 2.045503578003844727e-05 3.902074844887692961e-03 1.160247418611563441e+00 1.116931500762341045e+00 1.204641429122462082e+00 0.000000000000000000e+00
6.141685559725869936e+00 2.018702960632467569e+00 -2.180716401941124149e-06 -1.000000000000000000e+00 -2.195726509894918772e-05 1.924547543502343883e-05 1.231691948656532531e-02 1.161239257078184206e+00 1.117898848402941736e+00 1.205658400240270156e+00 0.000000000000000000e+00
6.146807174192673529e+00 2.017020946215167587e+00 -3.789223562648286191e-06 -1.000000000000000000e+00 -2.316842729586110087e-05 1.725944041540219162e-05 3.822929316547174494e-02 1.161193755652524695e+00 1.117860634336976133e+00 1.205605235687496668e+00 0.000000000000000000e+00
6.151933059626216505e+00 2.015340333278202056e+00 -7.163059046246511112e-06 -1.000000000000000000e+00 -2.621677194059988963e-05 1.356954971839933240e-05 1.386940123447288897e-01 1.163431646970673361e+00 1.120101241525868430e+00 1.207838622556261843e+00 0.000000000000000000e+00
6.157063219588101433e+00 2.013661120653835290e+00 -1.375678666698769024e-05 -1.000000000000000000e+00 -3.263634754644233996e-05 6.799784204305991898e-06 5.065362888713451639e-01 1.175714247499766385e+00 1.132068501189815946e+00 1.220425879018764093e+00 0.000000000000000000e+00
6.162197657642900950e+00 2.011983307175305935e+00 -2.061486405912203197e-05 -1.000000000000000000e+00 -3.944823094273636232e-05 -8.841799352054686956e-08 1.112338122812417396e+00 1.179196100430220717e+00 1.135376772568657877e+00 1.224096554117821034e+00 0.000000000000000000e+00
6.167336377358160426e+00 2.010306891676824304e+00 -2.793272973354313319e-05 -1.000000000000000000e+00 -4.670043618528473309e-05 -7.433959388726175699e-06 1.995778568869752689e+00 1.184158896831337238e+00 1.139859127658186200e+00 1.229561113174071130e+00 0.000000000000000000e+00
6.172479382304400630e+00 2.008631872993570600e+00 -3.212522099918676649e-05 -1.000000000000000000e+00 -5.073491943329246003e-05 -1.174753473621279964e-05 2.622652383440538415e+00 1.179692996663886717e+00 1.135723621069980593e+00 1.224746941995735972e+00 0.000000000000000000e+00
6.177626676055119503e+00 2.006958249961698471e+00 -3.459041910008704479e-05 -1.000000000000000000e+00 -5.298676664916183521e-05 -1.440662184122330010e-05 3.062681097398254337e+00 1.184425636253382041e+00 1.140056209289642908e+00 1.229898841868909187e+00 0.000000000000000000e+00
6.182778262186794827e+00 2.005286021418328790e+00 -3.222938221176404835e-05 -1.000000000000000000e+00 -5.049080742753577400e-05 -1.219113109299338644e-05 2.715531296893061608e+00 1.177143477598128651e+00 1.132871504811829411e+00 1.222510024656235927e+00 0.000000000000000000e+00
6.187934144278887771e+00 2.003615186201552323e+00 -2.768025700512391130e-05 -1.000000000000000000e+00 -4.589097985811754646e-05 -7.727495490694293923e-06 2.051031605293744065e+00 1.167026622474184316e+00 1.123203598408531123e+00 1.211869709952536178e+00 0.000000000000000000e+00
6.193094325913842901e+00 2.001945743150427948e+00 -2.528277222296208525e-05 -1.000000000000000000e+00 -4.348388864637873575e-05 -5.359168604366908742e-06 1.731627051799691230e+00 1.174425593914768973e+00 1.130225428811413302e+00 1.219711413978306958e+00 0.000000000000000000e+00
6.198258810677093500e+00 2.000277691104981770e+00 -2.221756676332618257e-05 -1.000000000000000000e+00 -4.054053924813810799e-05 -2.144784833546837404e-06 1.335271149953484837e+00 1.172696201347527944e+00 1.128455336338802573e+00 1.218014227804632643e+00 0.000000000000000000e+00
6.203427602157062459e+00 1.998611028906206677e+00 -2.058147893136558294e-05 -1.000000000000000000e+00 -3.928380458266699416e-05 -9.073529761707564202e-08 1.110642626667342370e+00 1.175334473188615503e+00 1.131280633383241252e+00 1.220467326146132514e+00 0.000000000000000000e+00
6.208600703945164057e+00 1.996945755396060118e+00 -1.734297329512620031e-05 -1.000000000000000000e+00 -3.683880562851398220e-05 3.942879115457155248e-06 7.478746113523584427e-01 1.168308839184605263e+00 1.123871885086203726e+00 1.213795853263174074e+00 0.000000000000000000e+00
6.213778119635809283e+00 1.995281869417466547e+00 -1.268787363619665540e-05 -1.000000000000000000e+00 -3.305559056388981118e-05 9.446647890074025787e-06 3.794548031633837581e-01 1.165660667570532993e+00 1.121054556754155440e+00 1.211298602153769055e+00 0.000000000000000000e+00
6.218959852826404955e+00 1.993619369814312314e+00 -4.172688511579571517e-06 -1.000000000000000000e+00 -2.516599669749666824e-05 1.857844561913025023e-05 4.014496424838398525e-02 1.159066742166313002e+00 1.114397712588548250e+00 1.204690280302810779e+00 0.000000000000000000e+00
6.224145907117359044e+00 1.991958255431448777e+00 6.742186467420827719e-06 1.000000000000000000e+00 -1.457785082952520452e-05 2.981917920006889748e-05 1.057090261075330773e-01 1.151728261938347986e+00 1.107134393495057934e+00 1.197155666878562785e+00 0.000000000000000000e+00
6.229336286112081567e+00 1.990298525114688521e+00 1.618379670729783539e-05 1.000000000000000000e+00 -5.332351340530669593e-06 3.944667839853901981e-05 6.178676510952527678e-01 1.155381684724512859e+00 1.110794847548498998e+00 1.200867090545444160e+00 0.000000000000000000e+00
6.234530993416986355e+00 1.988640177710806478e+00 2.490343176076818889e-05 1.000000000000000000e+00 3.121376633845733312e-06 4.841018171394831723e-05 1.473930410975526684e+00 1.155244473371334069e+00 1.110358854674546425e+00 1.201037227720752831e+00 0.000000000000000000e+00
6.239730032641496393e+00 1.986983212067538140e+00 3.149134459380767875e-05 1.000000000000000000e+00 9.416627446909773110e-06 5.526838029339481103e-05 2.344508138670761355e+00 1.153574596189296697e+00 1.108998701580751867e+00 1.199023636245700519e+00 0.000000000000000000e+00
6.244933407398043812e+00 1.985327627033580011e+00 3.502171915622061997e-05 1.000000000000000000e+00 1.266040479309778473e-05 5.907091207505742924e-05 2.860227600874665654e+00 1.151682787492340099e+00 1.107015125878327177e+00 1.197193382949508944e+00 0.000000000000000000e+00
6.250141121302072555e+00 1.983673421458586272e+00 3.485340461057369658e-05 1.000000000000000000e+00 1.231457772985522864e-05 5.908354516986758626e-05 2.791340563871756331e+00 1.151130701775651799e+00 1.106069935111264391e+00 1.197033186435539465e+00 0.000000000000000000e+00
6.255353177972041934e+00 1.982020594193170782e+00 3.087853398264514082e-05 1.000000000000000000e+00 8.381263128297677646e-06 5.509488494590024854e-05 2.167812467600668924e+00 1.153562957425885882e+00 1.108758653478695955e+00 1.199245704312807081e+00 0.000000000000000000e+00
6.260569581029430175e+00 1.980369144088905076e+00 2.338935374842895568e-05 1.000000000000000000e+00 1.091175816425644403e-06 4.745134505595022663e-05 1.233788640484249299e+00 1.162528181835554619e+00 1.117590288537960275e+00 1.208478524018013589e+00 0.000000000000000000e+00
6.265790334098732650e+00 1.978719069998317037e+00 1.484304640731476709e-05 1.000000000000000000e+00 -7.237788699811517021e-06 3.874405441559606651e-05 4.919090360976667853e-01 1.171076633892975227e+00 1.125673426873490701e+00 1.217589365299629911e+00 0.000000000000000000e+00
6.271015440807469865e+00 1.977070370774890451e+00 7.160843927150726874e-06 1.000000000000000000e+00 -1.482802985373149419e-05 3.103065703376446454e-05 1.122344233729535290e-01 1.176927296527321865e+00 1.131313125934539254e+00 1.223689069702118992e+00 0.000000000000000000e+00
6.276244904786186574e+00 1.975423045273065226e+00 1.918775854932048402e-06 1.000000000000000000e+00 -2.022474437784111306e-05 2.596633494024904378e-05 7.813794809223395532e-03 1.180482189190160014e+00 1.134735953953303289e+00 1.227390465562995470e+00 0.000000000000000000e+00
6.281478729668454442e+00 1.973777092348234952e+00 2.187277615834229634e-06 1.000000000000000000e+00 -2.028779973725930322e-05 2.651231718574700706e-05 9.930924642844729533e-03 1.173080769641081433e+00 1.127302849231098802e+00 1.219994997866049147e+00 0.000000000000000000e+00
6.286716919090875599e+00 1.972132510856748011e+00 6.557395547613589120e-06 1.000000000000000000e+00 -1.596351124499029443e-05 3.087620078687336824e-05 9.030439234847165153e-02 1.165915587188102620e+00 1.120180022993700897e+00 1.212728856229295493e+00 0.000000000000000000e+00
6.291959476693084419e+00 1.970489299655904469e+00 1.279620609046315873e-05 1.000000000000000000e+00 -9.411464329021169156e-06 3.681205793492799274e-05 3.590434415235819188e-01 1.161729509787841952e+00 1.116176041130774621e+00 1.208306217922030967e+00 0.000000000000000000e+00
6.297206406117751065e+00 1.968847457603957185e+00 1.781079647313419799e-05 1.000000000000000000e+00 -4.101493967927756311e-06 4.155311636240503607e-05 7.237381039099943791e-01 1.165520435712681380e+00 1.120001071213841737e+00 1.212108559266537933e+00 0.000000000000000000e+00
6.302457711010582386e+00 1.967206983560110700e+00 2.552719462902048892e-05 1.000000000000000000e+00 3.493592092347182291e-06 4.941215904976171741e-05 1.513518020215443016e+00 1.143351233522756694e+00 1.097836868236012675e+00 1.189547286347688804e+00 0.000000000000000000e+00
6.307713395020327241e+00 1.965567876384518575e+00 2.891993718801001329e-05 1.000000000000000000e+00 6.422086156262924177e-06 5.327357028069497775e-05 1.888451399673982678e+00 1.141122795404299950e+00 1.095544159919650706e+00 1.187330540462182116e+00 0.000000000000000000e+00
6.312973461798775610e+00 1.963930134938285832e+00 3.006480999553604613e-05 1.000000000000000000e+00 6.817875956727979082e-06 5.513985353835617925e-05 1.923419662009877129e+00 1.147692726097299554e+00 1.101929505616059179e+00 1.194247616706136439e+00 0.000000000000000000e+00
6.318237915000763039e+00 1.962293758083465844e+00 3.226938997378146973e-05 1.000000000000000000e+00 8.214541534828128841e-06 5.813981277105840980e-05 2.093673950913668591e+00 1.146859022020410013e+00 1.100568102527651915e+00 1.193935956315189006e+00 0.000000000000000000e+00
6.323506758284172413e+00 1.960658744683059451e+00 3.509641967374775692e-05 1.000000000000000000e+00 1.059882047087178748e-05 6.141867498759358323e-05 2.407861661595916303e+00 1.146887158218261593e+00 1.100835758298084777e+00 1.193723554623725036e+00 0.000000000000000000e+00
6.328779995309938400e+00 1.959025093601015399e+00 3.694138368788202798e-05 1.000000000000000000e+00 1.242011645987296103e-05 6.331399851551827024e-05 2.674215141070689583e+00 1.159635496856153969e+00 1.113539264573968790e+00 1.206754135661394001e+00 0.000000000000000000e+00
6.334057629742047446e+00 1.957392803702229900e+00 4.264402568466855114e-05 1.000000000000000000e+00 1.817163157362436819e-05 6.898482547133736426e-05 3.645359008052366789e+00 1.156312328518174670e+00 1.109938578430051725e+00 1.203670676936403616e+00 0.000000000000000000e+00
6.339339665247542221e+00 1.955761873852543076e+00 4.852210545934295305e-05 1.000000000000000000e+00 2.404893372964492422e-05 7.486665386067634825e-05 4.791630914341538983e+00 1.154315999552259386e+00 1.108326017405252273e+00 1.201256068103541574e+00 0.000000000000000000e+00
6.344626105496522506e+00 1.954132302918741848e+00 5.392437648643289775e-05 1.000000000000000000e+00 2.924500808892462969e-05 8.045292456244452974e-05 5.910334318989171720e+00 1.153081497883176043e+00 1.107043330854698526e+00 1.200062519051608323e+00 0.000000000000000000e+00
6.349916954162148741e+00 1.952504089768555939e+00 5.836851853112102307e-05 1.000000000000000000e+00 3.336928901272033667e-05 8.519303691130865417e-05 6.839558291017894476e+00 1.150432368219060253e+00 1.104013269617466486e+00 1.197770245402219214e+00 0.000000000000000000e+00
6.355212214920644698e+00 1.950877233270659206e+00 5.824283857170967321e-05 1.000000000000000000e+00 3.305730698074488646e-05 8.524207052386523892e-05 6.694265062953789425e+00 1.163066805938693271e+00 1.116498457496155172e+00 1.210760308074365854e+00 0.000000000000000000e+00
6.360511891451300137e+00 1.949251732294668749e+00 5.750074092899716712e-05 1.000000000000000000e+00 3.230965057214935294e-05 8.451436983808860491e-05 6.507221984041279939e+00 1.163642540273153836e+00 1.117076479416500456e+00 1.211346222998603395e+00 0.000000000000000000e+00
6.365815987436472589e+00 1.947627585711142251e+00 5.473214097153078505e-05 1.000000000000000000e+00 2.973822712107628861e-05 8.157404282640125432e-05 5.949209541786899536e+00 1.161288506161171519e+00 1.114678579047900575e+00 1.209016943427500657e+00 0.000000000000000000e+00
6.371124506561590906e+00 1.946004792391578420e+00 4.919389568643681816e-05 1.000000000000000000e+00 2.451263747029317115e-05 7.575635786391470114e-05 4.852901880928854439e+00 1.164147098662096980e+00 1.117447091526769798e+00 1.212001280903593603e+00 0.000000000000000000e+00
6.376437452515156146e+00 1.944383351208418098e+00 4.217231036803823819e-05 1.000000000000000000e+00 1.776032419296410275e-05 6.848914647147419203e-05 3.570362856715931343e+00 1.169000360902190172e+00 1.122248980797343698e+00 1.216946781735479544e+00 0.000000000000000000e+00
6.381754828988746020e+00 1.942763261035039601e+00 3.426059656323360042e-05 1.000000000000000000e+00 9.980097257691493201e-06 6.047372573234568072e-05 2.322182805718213672e+00 1.176919106010183569e+00 1.129918726902185311e+00 1.225156252228221110e+00 0.000000000000000000e+00
6.387076639677015777e+00 1.941144520745761159e+00 2.730392851429189804e-05 1.000000000000000000e+00 2.945319069279538684e-06 5.361642614165436295e-05 1.434462306700680756e+00 1.182514696664227705e+00 1.135235429084830994e+00 1.231041562625035501e+00 0.000000000000000000e+00
6.392402888277703532e+00 1.939527129215838475e+00 2.276840106589904451e-05 1.000000000000000000e+00 -1.804333435339182569e-06 4.931806532511017355e-05 9.676105508218881823e-01 1.185641563746096416e+00 1.138212328583138921e+00 1.234320406766904465e+00 0.000000000000000000e+00
6.397733578491629380e+00 1.937911085321463833e+00 2.153187234553363626e-05 1.000000000000000000e+00 -3.261564485722831720e-06 4.831865069532536054e-05 8.477733148938995100e-01 1.190811814295639870e+00 1.143139152183004104e+00 1.239739164916480618e+00 0.000000000000000000e+00
6.403068714022700725e+00 1.936296387939767438e+00 2.487233959397814329e-05 1.000000000000000000e+00 -1.196545963751652244e-07 5.185376958300624188e-05 1.126557602949873171e+00 1.196087165511949157e+00 1.147927296347690307e+00 1.245521774156410189e+00 0.000000000000000000e+00
6.408408298577912277e+00 1.934683035948813856e+00 3.324115112021588502e-05 1.000000000000000000e+00 8.066583145265173127e-06 6.038969153181739905e-05 2.029582934439659425e+00 1.195902665609122506e+00 1.148117694662206922e+00 1.244945241515516221e+00 0.000000000000000000e+00
6.413752335867351384e+00 1.933071028227602239e+00 4.450142701428844399e-05 1.000000000000000000e+00 1.905785177280819401e-05 7.188594703050622792e-05 3.681621801693538032e+00 1.192670013879424840e+00 1.144930686263323949e+00 1.241671592056495799e+00 0.000000000000000000e+00
6.419100829604198033e+00 1.931460363656067436e+00 5.537759108568495023e-05 1.000000000000000000e+00 2.967661040598531459e-05 8.297045850268880548e-05 5.763848588347130431e+00 1.192869429215576149e+00 1.144819823360094135e+00 1.242202926597618662e+00 0.000000000000000000e+00
6.424453783504729287e+00 1.929851041115075327e+00 6.424064916747785161e-05 1.000000000000000000e+00 3.844942812784309078e-05 9.188119805510592218e-05 7.862542673764650658e+00 1.192584237506540301e+00 1.144942596605122098e+00 1.241494723197202665e+00 0.000000000000000000e+00
6.429811201288321953e+00 1.928243059486426159e+00 6.820857355941200933e-05 1.000000000000000000e+00 4.249252025538036062e-05 9.574999122774470819e-05 9.002390304211260741e+00 1.197439857940339580e+00 1.149400832716473309e+00 1.246767503333632288e+00 0.000000000000000000e+00
6.435173086677453469e+00 1.926636417652850763e+00 6.864266267757379635e-05 1.000000000000000000e+00 4.316236634490547926e-05 9.594798896146466310e-05 9.312677883861752548e+00 1.190816164648485831e+00 1.142871379533497933e+00 1.240052190526199638e+00 0.000000000000000000e+00
6.440539443397706343e+00 1.925031114498011453e+00 6.126908800092855116e-05 1.000000000000000000e+00 3.621790136334115278e-05 8.817215595089513737e-05 7.513245936015451321e+00 1.198315327785329787e+00 1.150556533828513528e+00 1.247347118307333691e+00 0.000000000000000000e+00
6.445910275177769044e+00 1.923427148906499795e+00 4.825723207498128458e-05 1.000000000000000000e+00 2.370232272250063384e-05 7.469777939886735154e-05 4.674685414408287443e+00 1.207810161632778545e+00 1.159455966480599676e+00 1.257456519862877320e+00 0.000000000000000000e+00
6.451285585749439555e+00 1.921824519763838390e+00 2.922789841555291685e-05 1.000000000000000000e+00 5.237279653380660433e-06 5.513791190928400351e-05 1.691589740837443401e+00 1.225618534647876956e+00 1.176754890498690642e+00 1.275778990186974049e+00 0.000000000000000000e+00
6.456665378847628034e+00 1.920223225956476210e+00 6.651618932612350231e-06 1.000000000000000000e+00 -1.677888413429015434e-05 3.202847340316292873e-05 8.533290390342074261e-02 1.241214985084717837e+00 1.191941680865454378e+00 1.291786865480992086e+00 0.000000000000000000e+00
6.462049658210359482e+00 1.918623266371792813e+00 -1.717951379858833710e-05 -1.000000000000000000e+00 -4.170832539710874105e-05 7.525248936994034696e-06 5.536921147762399187e-01 1.253310624615684654e+00 1.203582795718928233e+00 1.304342407353649591e+00 0.000000000000000000e+00
6.467438427578775517e+00 1.917024639898092353e+00 -3.986698014376496575e-05 -1.000000000000000000e+00 -6.223084136139017740e-05 -1.528600961558888239e-05 2.840942880008469729e+00 1.269189659723183983e+00 1.218949231750311446e+00 1.320749039157496751e+00 0.000000000000000000e+00
6.472831690697137930e+00 1.915427345424606687e+00 -5.158029271079032983e-05 -1.000000000000000000e+00 -7.240999860759971896e-05 -2.860128686747886412e-05 5.054530329085466178e+00 1.278069549824668139e+00 1.227549790576887956e+00 1.329617894965837044e+00 0.000000000000000000e+00
6.478229451312831344e+00 1.913831381841492263e+00 -5.112051089083203187e-05 -1.000000000000000000e+00 -7.134837974869022523e-05 -2.865862086833917511e-05 5.161645789792942196e+00 1.266304546512216911e+00 1.216279362060983527e+00 1.317633129930849689e+00 0.000000000000000000e+00
6.483631713176364109e+00 1.912236748039830792e+00 -4.490809209061950407e-05 -1.000000000000000000e+00 -6.501089200849162323e-05 -2.269417163962410367e-05 4.149091701247257902e+00 1.265223506199297798e+00 1.215248103837045068e+00 1.316509813445080779e+00 0.000000000000000000e+00
6.489038480041373624e+00 1.910643442911627687e+00 -3.432640312281083817e-05 -1.000000000000000000e+00 -5.448327489604430933e-05 -1.212626877720838448e-05 2.518181506776315359e+00 1.257883195526362075e+00 1.208177770762585368e+00 1.308898361789672560e+00 0.000000000000000000e+00
6.494449755664626345e+00 1.909051465349812737e+00 -2.430887241544306418e-05 -1.000000000000000000e+00 -4.472224384559211826e-05 -1.888402774175150002e-06 1.286327227296396813e+00 1.253864870252446861e+00 1.204208884675319613e+00 1.304834960436855651e+00 0.000000000000000000e+00
6.499865543806021329e+00 1.907460814248235881e+00 -1.715219458231557643e-05 -1.000000000000000000e+00 -3.801617267251184454e-05 5.685509399344538200e-06 6.359888015366550462e-01 1.257364071517694137e+00 1.207250079439477375e+00 1.308814879309891266e+00 0.000000000000000000e+00
6.505285848228594681e+00 1.905871488501671207e+00 -1.053549976002697138e-05 -1.000000000000000000e+00 -3.192031097449382209e-05 1.279918586699110687e-05 2.357951136843183804e-01 1.247709401167207854e+00 1.198068246614674814e+00 1.298673846290368639e+00 0.000000000000000000e+00
6.510710672698518664e+00 1.904283487005811404e+00 -6.498269178700415677e-06 -1.000000000000000000e+00 -2.832959664484078173e-05 1.727276235356973739e-05 8.791079220743824862e-02 1.238869352156142689e+00 1.189252684801409554e+00 1.289817967479313543e+00 0.000000000000000000e+00
6.516140020985107917e+00 1.902696808657271088e+00 -6.677907036674576776e-06 -1.000000000000000000e+00 -2.872900940973802941e-05 1.732999583805080803e-05 9.121312052583618879e-02 1.243233422637687102e+00 1.193083988700295306e+00 1.294737227671018287e+00 0.000000000000000000e+00
6.521573896860818564e+00 1.901111452353583031e+00 -8.664797071312841132e-06 -1.000000000000000000e+00 -3.067934778870151993e-05 1.535007186012410027e-05 1.523455644854152524e-01 1.247142466746237188e+00 1.197222643378365481e+00 1.298397683701257188e+00 0.000000000000000000e+00
6.527012304101254436e+00 1.899527416993199491e+00 -1.243712858105687500e-05 -1.000000000000000000e+00 -3.433472114629830335e-05 1.149173972779842197e-05 3.123772561874034182e-01 1.254077928836728972e+00 1.203602078314944812e+00 1.305909496122001023e+00 0.000000000000000000e+00
6.532455246485166178e+00 1.897944701475490215e+00 -1.573798172537798466e-05 -1.000000000000000000e+00 -3.752189183987238760e-05 8.079662102445964405e-06 4.990065265052407995e-01 1.252037063335110556e+00 1.201485824443281558e+00 1.303950595669194801e+00 0.000000000000000000e+00
6.537902727794456581e+00 1.896363304700741548e+00 -1.940282779609916935e-05 -1.000000000000000000e+00 -4.101364661386726964e-05 4.230639809627108127e-06 7.586390368473416856e-01 1.249712897392742494e+00 1.199522525041238019e+00 1.301250320093769952e+00 0.000000000000000000e+00
6.543354751814182357e+00 1.894783225570156437e+00 -2.548339326498352548e-05 -1.000000000000000000e+00 -4.675633394333152180e-05 -2.182437545349256872e-06 1.314916179814417774e+00 1.263858254818856164e+00 1.212995477829735602e+00 1.316089167126451631e+00 0.000000000000000000e+00
6.548811322332555918e+00 1.893204462985853986e+00 -3.049136520290104206e-05 -1.000000000000000000e+00 -5.125882921266753403e-05 -7.666518714999444783e-06 1.915775250205385305e+00 1.272524867863097153e+00 1.221438487692297237e+00 1.324982047942657060e+00 0.000000000000000000e+00
6.554272443140948923e+00 1.891627015850867455e+00 -3.466597360388912696e-05 -1.000000000000000000e+00 -5.493869465608751607e-05 -1.230959829935170558e-05 2.524124653192103551e+00 1.275356808334916048e+00 1.224272910550511684e+00 1.327808715711704446e+00 0.000000000000000000e+00
6.559738118033894949e+00 1.890050883069143817e+00 -3.894540856706336750e-05 -1.000000000000000000e+00 -5.888895856530799658e-05 -1.689247230885785673e-05 3.207377508716888315e+00 1.275990928148499792e+00 1.224797870418690371e+00 1.328556636495869414e+00 0.000000000000000000e+00
6.565208350809092153e+00 1.888476063545543981e+00 -4.279157354406439159e-05 -1.000000000000000000e+00 -6.265572522054682592e-05 -2.079401454114496165e-05 3.835463152114527929e+00 1.270937216716732765e+00 1.219703485893019801e+00 1.323550485652584596e+00 0.000000000000000000e+00
6.570683145267405045e+00 1.886902556185840796e+00 -4.726898928903373783e-05 -1.000000000000000000e+00 -6.723084386674792819e-05 -2.517511257616493134e-05 4.575020870437228382e+00 1.273954177043695069e+00 1.222603720092310109e+00 1.326686939679212696e+00 0.000000000000000000e+00
6.576162505212867160e+00 1.885330359896719488e+00 -4.700264790120497137e-05 -1.000000000000000000e+00 -6.709542251471887076e-05 -2.477141087475440308e-05 4.486530436240116160e+00 1.259920664777872457e+00 1.208699176342632020e+00 1.312532413282047949e+00 0.000000000000000000e+00
6.581646434452685490e+00 1.883759473585775446e+00 -4.545371674500619429e-05 -1.000000000000000000e+00 -6.549949125772861966e-05 -2.321314639910858793e-05 4.210905720495517812e+00 1.259169091678198571e+00 1.207557702854208159e+00 1.312190095113746846e+00 0.000000000000000000e+00
6.587134936797241380e+00 1.882189896161514886e+00 -3.993909030643835094e-05 -1.000000000000000000e+00 -6.023619363750065735e-05 -1.748704520298082762e-05 3.256587567268326211e+00 1.248694613388657615e+00 1.197641797799563923e+00 1.301135581761930116e+00 0.000000000000000000e+00
6.592628016060094076e+00 1.880621626533353297e+00 -3.149080856813842705e-05 -1.000000000000000000e+00 -5.240283546744689709e-05 -8.355429470494805353e-06 1.988857170222075865e+00 1.231099399582381348e+00 1.180247418111010305e+00 1.283349163986808428e+00 0.000000000000000000e+00
6.598125676057981615e+00 1.879054663611614329e+00 -2.321355770135809308e-05 -1.000000000000000000e+00 -4.503761682965181864e-05 7.571936816594587499e-07 1.048072117879229381e+00 1.229007115347961809e+00 1.177701179405686860e+00 1.281741090930026639e+00 0.000000000000000000e+00
6.603627920610826152e+00 1.877489006307530905e+00 -1.210871063606977502e-05 -1.000000000000000000e+00 -3.468877886657993214e-05 1.259703302114591168e-05 2.798898800907494433e-01 1.221001544154881824e+00 1.170163301239362630e+00 1.273252108734986843e+00 0.000000000000000000e+00
6.609134753541735741e+00 1.875924653533241671e+00 5.787932204703407104e-07 1.000000000000000000e+00 -2.267011761831331428e-05 2.595117044293597221e-05 6.354552581626649044e-04 1.207769118352382209e+00 1.156775994785031347e+00 1.260197981840008419e+00 0.000000000000000000e+00
6.614646178677005217e+00 1.874361604201792542e+00 1.098719852538577869e-05 1.000000000000000000e+00 -1.280494281471034945e-05 3.689382464004906386e-05 2.274149250289951851e-01 1.205931848803189377e+00 1.154885401608715556e+00 1.258420165533177926e+00 0.000000000000000000e+00
6.620162199846120643e+00 1.872799857227134490e+00 1.927530683352720478e-05 1.000000000000000000e+00 -4.974040830388170030e-06 4.562081162380748228e-05 6.930905878338222692e-01 1.208211506015573589e+00 1.157460120480791055e+00 1.260387070639385598e+00 0.000000000000000000e+00
6.625682820881761970e+00 1.871239411524124430e+00 2.445891063905467416e-05 1.000000000000000000e+00 -1.806602444788523050e-07 5.116578156462226791e-05 1.101941481048683613e+00 1.215966392335659840e+00 1.164631181726021536e+00 1.268751983277849771e+00 0.000000000000000000e+00
6.631208045619805702e+00 1.869680266008521441e+00 3.101531084873487533e-05 1.000000000000000000e+00 6.099026869900470057e-06 5.798352595370423099e-05 1.773166914741878486e+00 1.195352022772991019e+00 1.144342405299217935e+00 1.247820808465874398e+00 0.000000000000000000e+00
6.636737877899325788e+00 1.868122419596990769e+00 3.106163195595822553e-05 1.000000000000000000e+00 6.125221245896935167e-06 5.806207292757562736e-05 1.774817244076700717e+00 1.195392544567491555e+00 1.144395888063923783e+00 1.247847410032226323e+00 0.000000000000000000e+00
6.642272321562598059e+00 1.866565871207098271e+00 3.030549957433307891e-05 1.000000000000000000e+00 5.456503519787693138e-06 5.726179001375323381e-05 1.699164014973533199e+00 1.179278801174410640e+00 1.128452516269933259e+00 1.231529036070994287e+00 0.000000000000000000e+00
6.647811380455102892e+00 1.865010619757312416e+00 2.441138807603919318e-05 1.000000000000000000e+00 -2.399732319568120354e-07 5.122374050652994264e-05 1.098072938437780977e+00 1.178996542873513187e+00 1.128032924213164367e+00 1.231385373066621103e+00 0.000000000000000000e+00
6.653355058425526991e+00 1.863456664167002952e+00 1.559226200088180449e-05 1.000000000000000000e+00 -8.852653481818624400e-06 4.223579824042810751e-05 4.415267236460351796e-01 1.185196282932267975e+00 1.134089915688473837e+00 1.237760776256281225e+00 0.000000000000000000e+00
6.658903359325766047e+00 1.861904003356439352e+00 4.376875022338101456e-06 1.000000000000000000e+00 -1.989534145498308141e-05 3.085704496148756261e-05 3.395592223445476066e-02 1.200492604452150225e+00 1.148881902700129798e+00 1.253581129916831571e+00 0.000000000000000000e+00
6.664456287010930069e+00 1.860352636246791480e+00 -5.500642748041491872e-06 -1.000000000000000000e+00 -2.959288923052551463e-05 2.081885376405730458e-05 5.268603902955248941e-02 1.210404053348146380e+00 1.158071062671071960e+00 1.264242429490920694e+00 0.000000000000000000e+00
6.670013845339340719e+00 1.858802561760127592e+00 -1.109516546346337685e-05 -1.000000000000000000e+00 -3.480218878213449320e-05 1.492251511694006347e-05 2.151145796733686666e-01 1.208657998126918764e+00 1.156704787061104245e+00 1.262092744273273670e+00 0.000000000000000000e+00
6.675576038172540194e+00 1.857253778819414780e+00 -1.069343447508850455e-05 -1.000000000000000000e+00 -3.413631534623325677e-05 1.513297423785239406e-05 2.034985371630142481e-01 1.191743697931013868e+00 1.139762958469891174e+00 1.245226462117795307e+00 0.000000000000000000e+00
6.681142869375288562e+00 1.855706286348516532e+00 -7.799377820328286077e-06 -1.000000000000000000e+00 -3.126419545965603312e-05 1.803739067980108824e-05 1.092802038406830434e-01 1.180678339960676615e+00 1.128798103151768428e+00 1.234030070424390280e+00 0.000000000000000000e+00
6.686714342815570866e+00 1.854160083272192949e+00 -3.048928085064332854e-06 -1.000000000000000000e+00 -2.678154099053920760e-05 2.299232980917012667e-05 1.666701382715984892e-02 1.176297173270959284e+00 1.124824890137878564e+00 1.229193669115796972e+00 0.000000000000000000e+00
6.692290462364595349e+00 1.852615168516101862e+00 5.765713223911867307e-06 1.000000000000000000e+00 -1.840751805538642607e-05 3.220384780328942837e-05 5.966977603681300479e-02 1.159923779834560076e+00 1.108110864080678715e+00 1.212934692824466643e+00 0.000000000000000000e+00
6.697871231896799671e+00 1.851071541006794829e+00 1.445824641737915825e-05 1.000000000000000000e+00 -1.009420185444516834e-05 4.127080456913306762e-05 3.756594446645351582e-01 1.150660416428738841e+00 1.098718960320127724e+00 1.203581034853270504e+00 0.000000000000000000e+00
6.703456655289853572e+00 1.849529199671717139e+00 2.253990999685426345e-05 1.000000000000000000e+00 -2.377697161134260110e-06 4.972586179940951357e-05 9.121201460082772883e-01 1.145014127533247272e+00 1.093069075883789987e+00 1.197773398810973777e+00 0.000000000000000000e+00
6.709046736424657986e+00 1.847988143439209141e+00 3.288469842598155122e-05 1.000000000000000000e+00 7.476426223673516603e-06 6.052318357280810784e-05 1.946835724657290712e+00 1.119894483281034692e+00 1.068205227458571160e+00 1.172778827595469364e+00 0.000000000000000000e+00
6.714641479185352146e+00 1.846448371238503361e+00 4.135253299321597540e-05 1.000000000000000000e+00 1.555808797643441839e-05 6.935679052866133550e-05 3.078015628109184831e+00 1.097536741389475878e+00 1.046047511575056488e+00 1.150414093713397090e+00 0.000000000000000000e+00
6.720240887459313583e+00 1.844909881999724721e+00 4.461588008894418488e-05 1.000000000000000000e+00 1.860533255550908630e-05 7.282116112550604406e-05 3.558395195534060917e+00 1.095284098272753859e+00 1.043823340292318713e+00 1.148114552278397538e+00 0.000000000000000000e+00
6.725844965137160791e+00 1.843372674653889876e+00 4.410338798863164126e-05 1.000000000000000000e+00 1.805374145808791173e-05 7.234265228208010788e-05 3.457845308927247174e+00 1.101277798728906410e+00 1.049645236744173538e+00 1.154322308577854894e+00 0.000000000000000000e+00
6.731453716112758556e+00 1.841836748132905655e+00 4.153983480912288109e-05 1.000000000000000000e+00 1.564674628398093776e-05 6.963155415770363673e-05 3.075887587592490036e+00 1.103250297748946451e+00 1.051627528709188963e+00 1.156285702016204953e+00 0.000000000000000000e+00
6.737067144283217068e+00 1.840302101369569288e+00 3.617210867950286854e-05 1.000000000000000000e+00 1.060676155650721743e-05 6.395998453271830621e-05 2.349170866852702488e+00 1.106548274742872540e+00 1.054782724134319505e+00 1.159719626186885399e+00 0.000000000000000000e+00
6.742685253548897251e+00 1.838768733297566405e+00 2.799556591150766644e-05 1.000000000000000000e+00 2.872757118818891473e-06 5.538352100733483099e-05 1.415567600102960455e+00 1.113801856739308427e+00 1.061797786906190977e+00 1.167137908394756396e+00 0.000000000000000000e+00
6.748308047813412536e+00 1.837236642851472368e+00 1.824735097993532103e-05 1.000000000000000000e+00 -6.401661115560779565e-06 4.521819586820261113e-05 6.020004801056870747e-01 1.120912291206797695e+00 1.068762512551913790e+00 1.174246129556574703e+00 0.000000000000000000e+00
6.753935530983630642e+00 1.835705828966748943e+00 7.185768122970248361e-06 1.000000000000000000e+00 -1.702776926465598143e-05 3.378405015539258914e-05 9.255699244181414542e-02 1.130667372648135771e+00 1.078128880764634312e+00 1.184113498242832074e+00 0.000000000000000000e+00
6.759567706969678902e+00 1.834176290579746293e+00 -1.347682484974972211e-06 -1.000000000000000000e+00 -2.534574521762235098e-05 2.503100095525330002e-05 3.222986804345850942e-03 1.124548924716385345e+00 1.071594448267628508e+00 1.178606927425785988e+00 0.000000000000000000e+00
6.765204579684944264e+00 1.832648026627699211e+00 -1.077931045893214186e-05 -1.000000000000000000e+00 -3.438666536937518968e-05 1.523573197911580099e-05 2.045717616752540380e-01 1.131673680281756633e+00 1.078879620162326747e+00 1.185347220950338176e+00 0.000000000000000000e+00
6.770846153046076843e+00 1.831121036048729556e+00 -1.577736327033751201e-05 -1.000000000000000000e+00 -3.887890217236058318e-05 9.744087885040001563e-06 4.469228268316811636e-01 1.127353604078553229e+00 1.074219050380398333e+00 1.181512866322896871e+00 0.000000000000000000e+00
6.776492430972993475e+00 1.829595317781842700e+00 -1.399686002233503945e-05 -1.000000000000000000e+00 -3.648713677678432077e-05 1.091377901178561099e-05 3.703125478581625885e-01 1.097657996893311338e+00 1.045194745715131601e+00 1.151747146066759209e+00 0.000000000000000000e+00
6.782143417388880380e+00 1.828070870766929312e+00 -1.765762479318513914e-05 -1.000000000000000000e+00 -3.940179059510262664e-05 6.486674460629119509e-06 6.136311276782180357e-01 1.113277307625038626e+00 1.060280816620066124e+00 1.167674712559554573e+00 0.000000000000000000e+00
6.787799116220194051e+00 1.826547693944761797e+00 -1.576111172865691550e-05 -1.000000000000000000e+00 -3.707421057590897542e-05 7.943042712388129076e-06 5.080731503557984752e-01 1.092914410370226408e+00 1.040996480644848621e+00 1.146491690991773060e+00 0.000000000000000000e+00
6.793459531396665696e+00 1.825025786256996740e+00 -1.739227219720688457e-05 -1.000000000000000000e+00 -3.854317468311130551e-05 6.155031628648384559e-06 6.220231657768238165e-01 1.091020535883219011e+00 1.039016184852536329e+00 1.144692819284567120e+00 0.000000000000000000e+00
6.799124666851304788e+00 1.823505146646170916e+00 -2.062875464003245614e-05 -1.000000000000000000e+00 -4.190246822362722146e-05 3.073055148517655496e-06 8.538747561647710427e-01 1.093310901436265414e+00 1.041196112829844367e+00 1.147094546093535783e+00 0.000000000000000000e+00
6.804794526520399067e+00 1.821985774055703944e+00 -2.579601100515050761e-05 -1.000000000000000000e+00 -4.741689467284955300e-05 -1.719094252471704273e-06 1.274026714235134250e+00 1.105745967933223550e+00 1.053054106932084899e+00 1.160121383833633057e+00 0.000000000000000000e+00
6.810469114343518982e+00 1.820467667429894965e+00 -2.767638993126480859e-05 -1.000000000000000000e+00 -4.973578296666989650e-05 -3.183582635797853479e-06 1.413618690584684146e+00 1.104258477181395692e+00 1.051804186089870141e+00 1.158384625406006840e+00 0.000000000000000000e+00
6.816148434263521239e+00 1.818950825713921748e+00 -2.799763513648180908e-05 -1.000000000000000000e+00 -5.021707017322866160e-05 -3.452578465824957476e-06 1.440857564899488352e+00 1.111736782337159113e+00 1.058627108362067748e+00 1.166551640958124025e+00 0.000000000000000000e+00
6.821832490226549695e+00 1.817435247853842917e+00 -2.506199735166596881e-05 -1.000000000000000000e+00 -4.706869325846736014e-05 -8.720232400813150535e-07 1.194462621329392960e+00 1.116645556512217752e+00 1.063385988997584297e+00 1.171611810529316067e+00 0.000000000000000000e+00
6.827521286182038907e+00 1.815920932796593723e+00 -2.009859956901841255e-05 -1.000000000000000000e+00 -4.152835844440446752e-05 3.804478135979179982e-06 7.982389724878800052e-01 1.112993129546389071e+00 1.059968511064707908e+00 1.167715937410314764e+00 0.000000000000000000e+00
6.833214826082717686e+00 1.814407879489987385e+00 -1.770108286971556436e-05 -1.000000000000000000e+00 -3.915035383084651543e-05 6.192494202483912822e-06 6.247527853860646019e-01 1.120636487075029608e+00 1.067304268719006854e+00 1.175677782545343719e+00 0.000000000000000000e+00
6.838913113884609984e+00 1.812896086882713975e+00 -1.447538953572785306e-05 -1.000000000000000000e+00 -3.631138277205053815e-05 9.753527655418779791e-06 4.132512199067690517e-01 1.111429472966243281e+00 1.057786386082264052e+00 1.166818987787462847e+00 0.000000000000000000e+00
6.844616153547039339e+00 1.811385553924339531e+00 -1.335141832107405064e-05 -1.000000000000000000e+00 -3.556913077340592298e-05 1.123406165674143713e-05 3.434034012461637531e-01 1.105965866769634376e+00 1.052704803950256451e+00 1.160958412977542986e+00 0.000000000000000000e+00
6.850323949032630644e+00 1.809876279565305390e+00 -1.558202055440591923e-05 -1.000000000000000000e+00 -3.800841233412804283e-05 9.220917591012182089e-06 4.576050687507233761e-01 1.114558923164091331e+00 1.060226407662857362e+00 1.170516818261044589e+00 0.000000000000000000e+00
6.856036504307313706e+00 1.808368262756926637e+00 -1.762536481631513195e-05 -1.000000000000000000e+00 -3.995163661822071573e-05 7.118359635004544870e-06 5.845920061887568409e-01 1.116195436876131319e+00 1.061301842414203334e+00 1.172717002262640973e+00 0.000000000000000000e+00
6.861753823340325908e+00 1.806861502451392543e+00 -1.989195178148550381e-05 -1.000000000000000000e+00 -4.186479083966525684e-05 4.544243071376827709e-06 7.536065958381357177e-01 1.115884763142195091e+00 1.061373920820919636e+00 1.172008162040488077e+00 0.000000000000000000e+00
6.867475910104213099e+00 1.805355997601766127e+00 -2.258492875125607009e-05 -1.000000000000000000e+00 -4.423733078665607237e-05 1.566222329484444754e-06 9.827274776882717333e-01 1.115449363701396912e+00 1.060461580709178397e+00 1.172078253724377461e+00 0.000000000000000000e+00
6.873202768574835808e+00 1.803851747161981711e+00 -2.659496007403813948e-05 -1.000000000000000000e+00 -4.800829324737480668e-05 -2.642724406552639802e-06 1.358011237774235269e+00 1.121154966220742066e+00 1.066346411910439329e+00 1.177507200995982828e+00 0.000000000000000000e+00
6.878934402731368358e+00 1.802348750086846252e+00 -2.950239801871829158e-05 -1.000000000000000000e+00 -5.100361153050864496e-05 -5.438965714067044214e-06 1.642617644994686543e+00 1.118341587274471971e+00 1.063009401807128773e+00 1.175284843125345757e+00 0.000000000000000000e+00
6.884670816556305084e+00 1.800847005332036233e+00 -3.343197327301669012e-05 -1.000000000000000000e+00 -5.514569979915930254e-05 -9.134126137537797077e-06 2.044830325231416168e+00 1.127321497598286371e+00 1.071474220012534895e+00 1.184643239309357110e+00 0.000000000000000000e+00
6.890412014035459443e+00 1.799346511854099884e+00 -3.240751636049061016e-05 -1.000000000000000000e+00 -5.441188347254981511e-05 -7.791602859351693549e-06 1.885478486252850416e+00 1.117259804966110437e+00 1.061923580248102628e+00 1.174220492320754206e+00 0.000000000000000000e+00
6.896157999157970231e+00 1.797847268610453630e+00 -2.960484858823055426e-05 -1.000000000000000000e+00 -5.187324356999010099e-05 -4.702242596084127728e-06 1.560923270947313313e+00 1.114889489504296449e+00 1.059062328803587194e+00 1.172398450888469279e+00 0.000000000000000000e+00
6.901908775916301586e+00 1.796349274559382980e+00 -2.311059008125046783e-05 -1.000000000000000000e+00 -4.568079360570108936e-05 2.091508602976887204e-06 9.548041214502518415e-01 1.105465874429149897e+00 1.049679932442899810e+00 1.163050818360703564e+00 0.000000000000000000e+00
6.907664348306248314e+00 1.794852528660041413e+00 -1.572855842710428048e-05 -1.000000000000000000e+00 -3.867404665683452656e-05 9.770547939616293793e-06 4.446033610930157920e-01 1.099798033654067586e+00 1.044213196307409275e+00 1.157227809097835847e+00 0.000000000000000000e+00
6.913424720326936779e+00 1.793357029872449937e+00 -8.740752051697412250e-06 -1.000000000000000000e+00 -3.221930615249126161e-05 1.699389860010496183e-05 1.383008178981128822e-01 1.097611761683820797e+00 1.041923919371215090e+00 1.155175041456034446e+00 0.000000000000000000e+00
6.919189895980827565e+00 1.791862777157495312e+00 -2.598115140364257228e-06 -1.000000000000000000e+00 -2.638235970138731371e-05 2.323437381350342432e-05 1.238033678336591947e-02 1.092925712628684654e+00 1.037445211885760221e+00 1.150303436251802980e+00 0.000000000000000000e+00
6.924959879273719920e+00 1.790369769476931161e+00 -1.627731262728715577e-06 -1.000000000000000000e+00 -2.551667764551946170e-05 2.418019720785849488e-05 4.878716183810638540e-03 1.108337804669045079e+00 1.052319812098239993e+00 1.166153408960593829e+00 0.000000000000000000e+00
6.930734674214753532e+00 1.788878005793375303e+00 -3.976484817539410215e-07 -1.000000000000000000e+00 -2.444102286625916753e-05 2.546232513144712999e-05 2.919487169208423438e-04 1.102722013653974376e+00 1.046633844491113408e+00 1.160670245606647999e+00 0.000000000000000000e+00
6.936514284816411191e+00 1.787387485070310644e+00 -3.048047627796398113e-06 -1.000000000000000000e+00 -2.753521825390198448e-05 2.292072302458291396e-05 1.685897193463858912e-02 1.104740554653435236e+00 1.048559095500909422e+00 1.162764269930669503e+00 0.000000000000000000e+00
6.942298715094520567e+00 1.785898206272082511e+00 -8.868177657593128696e-06 -1.000000000000000000e+00 -3.397678091982542898e-05 1.727724205922709773e-05 1.380241377636224342e-01 1.111760093155982787e+00 1.055039584863556534e+00 1.170264327443351515e+00 0.000000000000000000e+00
6.948087969068260428e+00 1.784410168363900873e+00 -1.824668318443656515e-05 -1.000000000000000000e+00 -4.302536177705114926e-05 7.966498539354551660e-06 5.632764723045085020e-01 1.131720905938661703e+00 1.073805791820792388e+00 1.191103793683400580e+00 0.000000000000000000e+00
6.953882050760158862e+00 1.782923370311836564e+00 -2.502695714938247830e-05 -1.000000000000000000e+00 -4.856682925810671748e-05 8.853794006531833676e-07 1.054765366263765713e+00 1.135370580488864967e+00 1.077701806207397750e+00 1.194410224985642532e+00 0.000000000000000000e+00
6.959680964196100383e+00 1.781437811082822398e+00 -2.917019275347698808e-05 -1.000000000000000000e+00 -5.173230118743164243e-05 -3.911787587841339555e-06 1.476495626599415800e+00 1.132607709297700271e+00 1.074526408203227312e+00 1.192137484889111088e+00 0.000000000000000000e+00
6.965484713405325046e+00 1.779953489644652054e+00 -3.040492413743445659e-05 -1.000000000000000000e+00 -5.223188680944564218e-05 -5.839008404570401211e-06 1.673041915120535350e+00 1.120439712272358612e+00 1.062560604854281499e+00 1.180015267655462941e+00 0.000000000000000000e+00
6.971293302420433768e+00 1.778470404965979412e+00 -3.320541632910184725e-05 -1.000000000000000000e+00 -5.458494095014960242e-05 -9.089537895929834544e-06 2.032508419587102821e+00 1.122521095035958760e+00 1.064672524704559864e+00 1.182029668074853435e+00 0.000000000000000000e+00
6.977106735277391003e+00 1.776988556016316556e+00 -3.260137735712870076e-05 -1.000000000000000000e+00 -5.406636937575671380e-05 -8.434733486201451147e-06 1.962073113602983199e+00 1.100405513660968282e+00 1.042845903602594992e+00 1.159932415952755980e+00 0.000000000000000000e+00
6.982925016015525621e+00 1.775507941766035547e+00 -3.677621389432328213e-05 -1.000000000000000000e+00 -5.835545088404116905e-05 -1.254319638240824811e-05 2.441302725161392573e+00 1.112856281827872218e+00 1.055258420821322707e+00 1.172274118856560188e+00 0.000000000000000000e+00
6.988748148677535355e+00 1.774028561186365982e+00 -3.762609547505201994e-05 -1.000000000000000000e+00 -5.923805865410097619e-05 -1.336473993044769919e-05 2.546269030286097745e+00 1.109380082054645333e+00 1.051276980190058330e+00 1.169382142402663360e+00 0.000000000000000000e+00
6.994576137309488573e+00 1.772550413249394330e+00 -3.639880126420763222e-05 -1.000000000000000000e+00 -5.774368975966244472e-05 -1.234003409266868763e-05 2.424511170816927574e+00 1.100308717552086257e+00 1.042271772656694129e+00 1.160345712669734741e+00 0.000000000000000000e+00
7.000408985960828723e+00 1.771073496928063928e+00 -3.588813078364246675e-05 -1.000000000000000000e+00 -5.697140099440092668e-05 -1.202886979643476788e-05 2.387626427911698102e+00 1.099749409734545935e+00 1.041820057974378155e+00 1.159675608289931548e+00 0.000000000000000000e+00
7.006246698684376106e+00 1.769597811196173431e+00 -3.337365742660998468e-05 -1.000000000000000000e+00 -5.465343267812262603e-05 -9.294727060862290166e-06 2.056379319279585616e+00 1.083871989230978716e+00 1.026096843848458340e+00 1.143723100235362056e+00 0.000000000000000000e+00
7.012089279536330544e+00 1.768123355028376364e+00 -3.305161245658823127e-05 -1.000000000000000000e+00 -5.488321796378155476e-05 -8.441858129517259792e-06 1.947881188312592826e+00 1.083490283132105381e+00 1.025637520984327811e+00 1.143425399065102432e+00 0.000000000000000000e+00
7.017936732576273151e+00 1.766650127400181791e+00 -3.445659856389005261e-05 -1.000000000000000000e+00 -5.695571417343175014e-05 -9.217494955327821935e-06 2.019115168098991830e+00 1.101479908591131096e+00 1.042773418858201406e+00 1.162215084512542962e+00 0.000000000000000000e+00
7.023789061867172556e+00 1.765178127287950538e+00 -3.006849296569644232e-05 -1.000000000000000000e+00 -5.307320114639631068e-05 -4.293674135346491484e-06 1.509228054664376373e+00 1.095510356207256342e+00 1.036658550140118873e+00 1.156454116585337477e+00 0.000000000000000000e+00
7.029646271475383124e+00 1.763707353668898525e+00 -2.372308850845808659e-05 -1.000000000000000000e+00 -4.697387761999996005e-05 2.351536969043511251e-06 9.414541171694139621e-01 1.090467277146129232e+00 1.031812775881636002e+00 1.151232241334107398e+00 0.000000000000000000e+00
7.035508365470652059e+00 1.762237805521092104e+00 -1.538055466530834789e-05 -1.000000000000000000e+00 -3.895824267970395075e-05 1.103237249625983561e-05 3.992060107087525012e-01 1.078420684990808454e+00 1.019892618950807739e+00 1.139081182835159467e+00 0.000000000000000000e+00
7.041375347926120298e+00 1.760769481823449834e+00 -9.061255844664393462e-06 -1.000000000000000000e+00 -3.308281509815490516e-05 1.777361246220620261e-05 1.378266043410718567e-01 1.079673683817711449e+00 1.020550061528693764e+00 1.140974653873759515e+00 0.000000000000000000e+00
7.047247222918324283e+00 1.759302381555740702e+00 -1.834570770038877790e-06 -1.000000000000000000e+00 -2.640089789403807002e-05 2.550143911164459335e-05 5.583612684475269816e-03 1.070971891209765881e+00 1.012497318301439631e+00 1.131598723631660697e+00 0.000000000000000000e+00
7.053123994527200402e+00 1.757836503698584130e+00 4.304043913715469407e-06 1.000000000000000000e+00 -2.083723236424114375e-05 3.217525179507683671e-05 3.022814315336574964e-02 1.063363572714288718e+00 1.004543336785786112e+00 1.124384041456961247e+00 0.000000000000000000e+00
7.059005666836087656e+00 1.756371847233449524e+00 6.697668296245058946e-06 1.000000000000000000e+00 -1.883652368569341953e-05 3.504689862746333806e-05 7.118971279238905936e-02 1.073549368969550999e+00 1.014230392522218915e+00 1.134459738373495785e+00 0.000000000000000000e+00
7.064892243931729432e+00 1.754908411142653613e+00 1.193081546989498039e-05 1.000000000000000000e+00 -1.420993559675666475e-05 4.105195018294383193e-05 2.191055896072811038e-01 1.057611433972375448e+00 9.982323853199550623e-01 1.118919235900046827e+00 0.000000000000000000e+00
7.070783729904277948e+00 1.753446194409361780e+00 1.423741267186673002e-05 1.000000000000000000e+00 -1.287982072989726881e-05 4.465045034175988325e-05 2.896058538970009977e-01 1.059630468288116356e+00 1.000048948354645750e+00 1.121104711529987918e+00 0.000000000000000000e+00
7.076680128847296025e+00 1.751985196017586288e+00 1.789780547877683906e-05 1.000000000000000000e+00 -1.108311953720070346e-05 5.061339182408532817e-05 4.021345993028972998e-01 1.058041138978325968e+00 9.989184680016975904e-01 1.119051394802658805e+00 0.000000000000000000e+00
7.082581444857760644e+00 1.750525414952186498e+00 2.647558969698204760e-05 1.000000000000000000e+00 -5.739287661773996124e-06 5.988376016903324586e-05 7.336238467595990187e-01 1.040839126196947406e+00 9.814916298018758756e-01 1.102338014528887467e+00 0.000000000000000000e+00
7.088487682036063831e+00 1.749066850198867318e+00 3.444105703690375541e-05 1.000000000000000000e+00 7.998294250307158115e-07 6.555134301674445357e-05 1.172611284033848733e+00 1.030420426414455859e+00 9.711807738093872766e-01 1.091916569305419360e+00 0.000000000000000000e+00
7.094398844486017985e+00 1.747609500744178535e+00 3.707033307929143867e-05 1.000000000000000000e+00 5.453832824339734586e-06 6.806087605768522582e-05 1.493506367633258947e+00 1.028486988468471974e+00 9.694739722609317933e-01 1.089752541312769551e+00 0.000000000000000000e+00
7.100314936314857661e+00 1.746153365575515037e+00 4.001933633599400592e-05 1.000000000000000000e+00 9.727284777584733279e-06 7.078677848237229821e-05 1.842912447532967235e+00 1.013747842135591215e+00 9.550092350221001114e-01 1.074765943842391547e+00 0.000000000000000000e+00
7.106235961633242226e+00 1.744698443681114597e+00 3.882148539465628560e-05 1.000000000000000000e+00 8.256182236385694098e-06 6.926684191044675098e-05 1.731975953163399140e+00 1.014925290299940386e+00 9.562667966638837003e-01 1.075859364748576130e+00 0.000000000000000000e+00
7.112161924555259418e+00 1.743244734050058975e+00 3.704162479543624719e-05 1.000000000000000000e+00 4.941799885822222677e-06 6.741153508843816691e-05 1.474159858591292505e+00 1.010063295823723006e+00 9.512585983435855042e-01 1.071154247066183007e+00 0.000000000000000000e+00
7.118092829198427118e+00 1.741792235672271039e+00 2.815296222984884025e-05 1.000000000000000000e+00 -2.868171526903724191e-06 6.131094940107935365e-05 8.905254834606211034e-01 1.023123773912704149e+00 9.632966888943873540e-01 1.085301393040383200e+00 0.000000000000000000e+00
7.124028679683696907e+00 1.740340947538516092e+00 2.105550558494118592e-05 1.000000000000000000e+00 -7.973431287202277675e-06 5.399571756400158582e-05 5.567581090720494785e-01 1.024664079589423960e+00 9.651194823400587319e-01 1.086544852548591455e+00 0.000000000000000000e+00
7.129969480135457616e+00 1.738890868640399878e+00 1.683769352509788299e-05 1.000000000000000000e+00 -1.117298301254859974e-05 4.838488648206986894e-05 3.795823253828842780e-01 1.023421410992674918e+00 9.635435060457480105e-01 1.085674122489019844e+00 0.000000000000000000e+00
7.135915234681537100e+00 1.737441997970369245e+00 1.494113763100117971e-05 1.000000000000000000e+00 -1.264273200996852675e-05 4.602821347776706680e-05 3.057475248299823534e-01 1.024590926164065330e+00 9.646807842184281778e-01 1.086871907121557790e+00 0.000000000000000000e+00
7.141865947453204910e+00 1.735994334521709703e+00 1.618696306315064453e-05 1.000000000000000000e+00 -1.166498473947226908e-05 4.751883827105482614e-05 3.521506870210657780e-01 1.023775495218238074e+00 9.636596202800036259e-01 1.086275541182345927e+00 0.000000000000000000e+00
7.147821622585176726e+00 1.734547877288545648e+00 2.161956184529562048e-05 1.000000000000000000e+00 -7.606295719369400126e-06 5.248216395125690487e-05 5.843531824457528501e-01 1.015432402748215335e+00 9.549654376520394505e-01 1.078328593157509285e+00 0.000000000000000000e+00
7.153782264215615250e+00 1.733102625265839913e+00 2.593319476311632717e-05 1.000000000000000000e+00 -3.030510116359943151e-06 5.622227827786309889e-05 8.831093961357794342e-01 1.017415006991875481e+00 9.573503463786754430e-01 1.079872102483150131e+00 0.000000000000000000e+00
7.159747876486134643e+00 1.731658577449392222e+00 3.088782063942574176e-05 1.000000000000000000e+00 2.600857771136840050e-06 6.134501581553481147e-05 1.315601761934473757e+00 1.011766664642226310e+00 9.512736213290154952e-01 1.074687778207096267e+00 0.000000000000000000e+00
7.165718463541802308e+00 1.730215732835839626e+00 3.443801666249069393e-05 1.000000000000000000e+00 6.648052757075748010e-06 6.495507913813722311e-05 1.676069469674388301e+00 1.007850590721649953e+00 9.479151760058125431e-01 1.070159694386461524e+00 0.000000000000000000e+00
7.171694029531142434e+00 1.728774090422655174e+00 3.501070868205197141e-05 1.000000000000000000e+00 7.290487392449302611e-06 6.561407496304717541e-05 1.742679520579343944e+00 1.011795170993704085e+00 9.511548906343825216e-01 1.074879520640860342e+00 0.000000000000000000e+00
7.177674578606138667e+00 1.727333649208146804e+00 3.158331607370453472e-05 1.000000000000000000e+00 3.644819818125767370e-06 6.218627170191903765e-05 1.403778213574426559e+00 1.027869676016918365e+00 9.665063386431640424e-01 1.091681067363276636e+00 0.000000000000000000e+00
7.183660114922237661e+00 1.725894408191456675e+00 2.623211531671643405e-05 1.000000000000000000e+00 -2.344575332588977003e-06 5.680203142607412087e-05 9.365815918041420218e-01 1.040252749039314972e+00 9.788790402609528485e-01 1.103938719577920669e+00 0.000000000000000000e+00
7.189650642638349964e+00 1.724456366372562499e+00 2.103920950478134792e-05 1.000000000000000000e+00 -8.561356651313044189e-06 5.174294035120943660e-05 5.509103892101165911e-01 1.035495223941577558e+00 9.735070350989838417e-01 1.099892375237255138e+00 0.000000000000000000e+00
7.195646165916856241e+00 1.723019522752273547e+00 1.036691381122408852e-05 1.000000000000000000e+00 -1.840494008554102726e-05 4.199477172344266181e-05 1.286008972343211099e-01 1.048106720782328249e+00 9.860301493928330663e-01 1.112420092803956706e+00 0.000000000000000000e+00
7.201646688923606376e+00 1.721583876332232421e+00 1.537044826952688701e-06 1.000000000000000000e+00 -2.596469859870305681e-05 3.287159391714031899e-05 3.037296670882483340e-03 1.047911256074427921e+00 9.848851415060302372e-01 1.113238044711390318e+00 0.000000000000000000e+00
7.207652215827925701e+00 1.720149426114913060e+00 -7.184037707446239661e-06 -1.000000000000000000e+00 -3.415605651373718795e-05 2.350071258748178066e-05 6.743943640934446648e-02 1.061282901356774167e+00 9.971931431922846922e-01 1.127459719748609590e+00 0.000000000000000000e+00
7.213662750802614987e+00 1.718716171103621404e+00 -1.175514116927439046e-05 -1.000000000000000000e+00 -3.849198224734341316e-05 1.854428334709477399e-05 1.815942129425849316e-01 1.064924845393114161e+00 1.000448924321365451e+00 1.131422531152814992e+00 0.000000000000000000e+00
7.219678298023954888e+00 1.717284110302493172e+00 -1.217036665628772242e-05 -1.000000000000000000e+00 -3.852838838120289103e-05 1.766645809207801024e-05 2.008076538457714832e-01 1.065515566283180116e+00 1.000587205134088498e+00 1.132474911670005246e+00 0.000000000000000000e+00
7.225698861671710382e+00 1.715853242716494531e+00 -9.169037126131284181e-06 -1.000000000000000000e+00 -3.480107368265208961e-05 1.995763823569263073e-05 1.207897502752501850e-01 1.063272076437178804e+00 9.985482576966419055e-01 1.130073423514912578e+00 0.000000000000000000e+00
7.231724445929129885e+00 1.714423567351419875e+00 -6.605936160104171101e-06 -1.000000000000000000e+00 -3.175254000042737292e-05 2.193801399782531472e-05 6.586043058385371296e-02 1.071463869888105602e+00 1.006269893902491441e+00 1.138536319992202728e+00 0.000000000000000000e+00
7.237755054982951464e+00 1.712995083213891823e+00 -2.692879954533950514e-06 -1.000000000000000000e+00 -2.788870452484974282e-05 2.575380259830873855e-05 1.122242443766197084e-02 1.065906265095202254e+00 1.000171529668554493e+00 1.133698545519427947e+00 0.000000000000000000e+00
7.243790693023404614e+00 1.711567789311361887e+00 1.040346755978953091e-07 1.000000000000000000e+00 -2.540954986482657035e-05 2.876313969073924349e-05 1.665388680294199730e-05 1.058694033948052171e+00 9.935819813959457791e-01 1.126019715256821874e+00 0.000000000000000000e+00
7.249831364244212040e+00 1.710141684652107807e+00 -2.969440926374227643e-07 -1.000000000000000000e+00 -2.624217616735486755e-05 2.867559716824333418e-05 1.321649306333938512e-04 1.062777935568750554e+00 9.970984340754489583e-01 1.130612197038425304e+00 0.000000000000000000e+00
7.255877072842594977e+00 1.708716768245233997e+00 -3.506216534493066388e-06 -1.000000000000000000e+00 -2.955424656789260409e-05 2.560998832454824378e-05 1.802353235522957675e-02 1.074102497116456112e+00 1.007221365025472881e+00 1.142881798405561478e+00 0.000000000000000000e+00
7.261927823019274086e+00 1.707293039100669763e+00 -6.299059713695862385e-06 -1.000000000000000000e+00 -3.189066853610483354e-05 2.261838688578538071e-05 5.835204400187876672e-02 1.071549341134276467e+00 1.005205988661829641e+00 1.139842057748101434e+00 0.000000000000000000e+00
7.267983618978473004e+00 1.705870496229170197e+00 -1.170701565534753892e-05 -1.000000000000000000e+00 -3.682115928493749949e-05 1.692706269645613602e-05 2.025907817383654219e-01 1.080920383258721973e+00 1.013551889405912343e+00 1.150019028837523605e+00 0.000000000000000000e+00
7.274044464927921894e+00 1.704449138642313732e+00 -1.625128310461014945e-05 -1.000000000000000000e+00 -4.112734666272719827e-05 1.229949941131936554e-05 3.853587149981052562e-01 1.079810335419825629e+00 1.012848525584056025e+00 1.148488937896047446e+00 0.000000000000000000e+00
7.280110365078859225e+00 1.703028965352503699e+00 -2.110922432883570007e-05 -1.000000000000000000e+00 -4.650731046973320866e-05 8.011498097798895699e-06 6.173206023473341020e-01 1.080958273340956843e+00 1.012911388231239718e+00 1.150734553498574009e+00 0.000000000000000000e+00
7.286181323646034436e+00 1.701609975372965211e+00 -2.430619509442089119e-05 -1.000000000000000000e+00 -5.074864917433440147e-05 5.778234378595644566e-06 7.629229019681247337e-01 1.082229097646588700e+00 1.014262186319042414e+00 1.151914564607936287e+00 0.000000000000000000e+00
7.292257344847713263e+00 1.700192167717745617e+00 -2.343055366367262878e-05 -1.000000000000000000e+00 -5.059654555736684824e-05 7.277447763765520133e-06 6.842528404124266217e-01 1.086263346442578603e+00 1.017321137209423965e+00 1.157069746136489163e+00 0.000000000000000000e+00
7.298338432905678630e+00 1.698775541401714717e+00 -1.226675934284229647e-05 -1.000000000000000000e+00 -3.947438886547480257e-05 1.849807431992895256e-05 1.948564934413639094e-01 1.057024448919581250e+00 9.886492069419853257e-01 1.127874343384474898e+00 0.000000000000000000e+00
7.304424592045234199e+00 1.697360095440562322e+00 -2.520435110864836447e-06 -1.000000000000000000e+00 -2.938160128487721362e-05 2.797705745298780517e-05 8.661651694964689341e-03 1.048825008828647265e+00 9.810359271489043076e-01 1.119215196566525128e+00 0.000000000000000000e+00
7.310515826495206149e+00 1.695945828850798032e+00 6.101042198888558402e-06 1.000000000000000000e+00 -2.080312230907087830e-05 3.660050101543709997e-05 5.242866675158097678e-02 1.045422717938842228e+00 9.775546587149445132e-01 1.115950363587853378e+00 0.000000000000000000e+00
7.316612140487947613e+00 1.694532740649751679e+00 1.365945821865542488e-05 1.000000000000000000e+00 -1.363398831156146160e-05 4.444709041972384907e-05 2.646339116740961117e-01 1.039140803510237188e+00 9.716008533588035290e-01 1.109417773648705419e+00 0.000000000000000000e+00
7.322713538259342236e+00 1.693120829855571774e+00 1.899592303689870854e-05 1.000000000000000000e+00 -8.816912993238839826e-06 5.025855511620717117e-05 5.047164815842251073e-01 1.034455142334991695e+00 9.666844789714862385e-01 1.105033761671578851e+00 0.000000000000000000e+00
7.328820024048804171e+00 1.691710095487224841e+00 1.919012646576619133e-05 1.000000000000000000e+00 -9.149929491869526532e-06 5.100710640744556641e-05 4.974324169224502157e-01 1.050582011603461874e+00 9.809478945969448693e-01 1.121974675896383999e+00 0.000000000000000000e+00
7.334931602099284298e+00 1.690300536564494527e+00 1.940243777867742600e-05 1.000000000000000000e+00 -9.414264068799635003e-06 5.181200240783474629e-05 4.911252826482410683e-01 1.050680275668229191e+00 9.810291155927119977e-01 1.122001572057780949e+00 0.000000000000000000e+00
7.341048276657271110e+00 1.688892152107981603e+00 2.010993311412966549e-05 1.000000000000000000e+00 -9.303805789862469599e-06 5.323650057486340343e-05 5.078856986158228892e-01 1.037405217700736015e+00 9.677178364578171710e-01 1.109245801937749132e+00 0.000000000000000000e+00
7.347170051972794269e+00 1.687484941139102412e+00 1.844112708318891081e-05 1.000000000000000000e+00 -1.166101510574454861e-05 5.213428981228309175e-05 4.041547608789102242e-01 1.039244657582526710e+00 9.696021768823552822e-01 1.111012536033606724e+00 0.000000000000000000e+00
7.353296932299427269e+00 1.686078902680089531e+00 1.627615399770279849e-05 1.000000000000000000e+00 -1.451903215560435895e-05 5.054953148887118369e-05 3.045167944659539216e-01 1.049311742988618734e+00 9.791222306770880346e-01 1.121830073672437589e+00 0.000000000000000000e+00
7.359428921894291875e+00 1.684674035753989330e+00 1.555031083389443611e-05 1.000000000000000000e+00 -1.591402271520844797e-05 5.023798439697902492e-05 2.742516293794778903e-01 1.062126380063511899e+00 9.906006605001967946e-01 1.135906448730367391e+00 0.000000000000000000e+00
7.365566025018059015e+00 1.683270339384662417e+00 2.033724546934771756e-05 1.000000000000000000e+00 -1.136902262103937911e-05 5.514837136153194702e-05 4.714628796610185191e-01 1.054285922423729982e+00 9.834845524048150267e-01 1.127317839755410889e+00 0.000000000000000000e+00
7.371708245934952330e+00 1.681867812596783196e+00 2.593481126896919804e-05 1.000000000000000000e+00 -5.310963463290964897e-06 6.057839025316503101e-05 7.905927176620224373e-01 1.048656174728231028e+00 9.773190066219945571e-01 1.122415250726312319e+00 0.000000000000000000e+00
7.377855588912752616e+00 1.680466454415837863e+00 3.320773281376970397e-05 1.000000000000000000e+00 2.584529222183180939e-06 6.755548637882351432e-05 1.346462123610862704e+00 1.030222311265380997e+00 9.602382595033113200e-01 1.102997625294811934e+00 0.000000000000000000e+00
7.384008058222798709e+00 1.679066263868125519e+00 3.695507052667967157e-05 1.000000000000000000e+00 6.560341191889714645e-06 7.109252671178947530e-05 1.716646776362352966e+00 1.026120503164783537e+00 9.555787527337180620e-01 1.099579608857575996e+00 0.000000000000000000e+00
7.390165658139991045e+00 1.677667239980756175e+00 3.627249912408421392e-05 1.000000000000000000e+00 5.998397020091792770e-06 7.028459174842043976e-05 1.666494107561632632e+00 1.039711081762018097e+00 9.683625501911898859e-01 1.113738243370125058e+00 0.000000000000000000e+00
7.396328392942796093e+00 1.676269381781650081e+00 3.499874922721396726e-05 1.000000000000000000e+00 4.631079258892862032e-06 6.910599510139727570e-05 1.531133542329570218e+00 1.041050959436438994e+00 9.696571438723922132e-01 1.115091512451829470e+00 0.000000000000000000e+00
7.402496266913247247e+00 1.674872688299538392e+00 3.081272101979536468e-05 1.000000000000000000e+00 1.568570823704855334e-07 6.515546600842237065e-05 1.151546116758993321e+00 1.044427614720333963e+00 9.723198346900694400e-01 1.119136623249350926e+00 0.000000000000000000e+00
7.408669284336948380e+00 1.673477158563960288e+00 2.357553533229966215e-05 1.000000000000000000e+00 -7.414005705891932812e-06 5.808645196445894033e-05 6.498268274136336231e-01 1.050960722351754750e+00 9.784855082310064400e-01 1.125872848686480410e+00 0.000000000000000000e+00
7.414847449503079169e+00 1.672082791605264962e+00 1.333608421282435195e-05 1.000000000000000000e+00 -1.764612176224670542e-05 4.774709123820268438e-05 2.023353780845553729e-01 1.064117735323353742e+00 9.907263732599342898e-01 1.139931640590449824e+00 0.000000000000000000e+00
7.421030766704393322e+00 1.670689586454608300e+00 6.259934041969854538e-06 1.000000000000000000e+00 -2.409768341657009350e-05 4.043589824308910268e-05 4.305515424411510139e-02 1.051340065358334686e+00 9.772168634562746758e-01 1.127683350953979646e+00 0.000000000000000000e+00
7.427219240237226572e+00 1.669297542143953983e+00 -3.109259904950414013e-06 -1.000000000000000000e+00 -3.222269528558304537e-05 3.010758967853942487e-05 1.119465803245134339e-02 1.059073307903909189e+00 9.845780877939395159e-01 1.135701516349495899e+00 0.000000000000000000e+00
7.433412874401496673e+00 1.667906657706072160e+00 -1.110821048583732810e-05 -1.000000000000000000e+00 -3.891185119043876503e-05 2.080424973661776464e-05 1.500237615417887582e-01 1.070373516409214076e+00 9.952086317317154762e-01 1.147706505681038269e+00 0.000000000000000000e+00
7.439611673500706956e+00 1.666516932174539223e+00 -1.672175511748700356e-05 -1.000000000000000000e+00 -4.376786753064765707e-05 1.409100228137655567e-05 3.535565675740457436e-01 1.075387372321382706e+00 1.000214694079942124e+00 1.152542864796113786e+00 0.000000000000000000e+00
7.445815641841948995e+00 1.665128364583736253e+00 -1.762087681133623818e-05 -1.000000000000000000e+00 -4.464712628995793730e-05 1.294142802073325682e-05 4.005709683957405787e-01 1.051793516464501588e+00 9.763531630733608413e-01 1.129421652895356676e+00 0.000000000000000000e+00
7.452024783735907043e+00 1.663740953968849468e+00 -2.173205209896300990e-05 -1.000000000000000000e+00 -4.861862709041913017e-05 8.939214768449495077e-06 5.956151839163226214e-01 1.055574523604584813e+00 9.798493274454362911e-01 1.133234927517568158e+00 0.000000000000000000e+00
7.458239103496859812e+00 1.662354699365868660e+00 -2.181757821109428066e-05 -1.000000000000000000e+00 -4.893911620558409593e-05 9.460345253232745614e-06 5.822497176531129526e-01 1.040001811786719133e+00 9.640099082906712358e-01 1.118671694321641041e+00 0.000000000000000000e+00
7.464458605442683137e+00 1.660969599811586539e+00 -2.554589871898858261e-05 -1.000000000000000000e+00 -5.299900514315261245e-05 6.022582210283348823e-06 7.764770657799147102e-01 1.065768996040625360e+00 9.878979398197496042e-01 1.145347915913307091e+00 0.000000000000000000e+00
7.470683293894854415e+00 1.659585654343599170e+00 -1.984677597549285889e-05 -1.000000000000000000e+00 -4.740543836632218910e-05 1.167273957088700722e-05 4.785524256297293277e-01 1.047343403412106744e+00 9.706041259602039561e-01 1.126364007384851540e+00 0.000000000000000000e+00
7.476913173178454386e+00 1.658202862000304201e+00 -1.018833022095551613e-05 -1.000000000000000000e+00 -3.790780407178199086e-05 2.141506157858320624e-05 1.304443745334538107e-01 1.012032899550713072e+00 9.378084225758741566e-01 1.089691917208431837e+00 0.000000000000000000e+00
7.483148247622170679e+00 1.656821221820899526e+00 -3.291281980592616865e-06 -1.000000000000000000e+00 -3.105614440854041210e-05 2.872079742599902182e-05 1.367597561493028024e-02 9.988182130591110042e-01 9.256394213004612848e-01 1.075537233892077449e+00 0.000000000000000000e+00
7.489388521558299594e+00 1.655440732845385288e+00 4.571538764786815458e-06 1.000000000000000000e+00 -2.420826032211427387e-05 3.768509629605049538e-05 2.576130733702086673e-02 9.815271855893482611e-01 9.078783080941419392e-01 1.058886103975183790e+00 0.000000000000000000e+00
7.495633999322752317e+00 1.654061394114560324e+00 1.376740686826185730e-05 1.000000000000000000e+00 -1.626482069786887508e-05 4.807907424208205093e-05 2.246667495421377225e-01 9.601308945464893663e-01 8.865854738721141715e-01 1.037450104200009715e+00 0.000000000000000000e+00
7.501884685255054031e+00 1.652683204670022832e+00 2.138932024055352509e-05 1.000000000000000000e+00 -9.837129821524479288e-06 5.674932786699915651e-05 5.220791855676480964e-01 9.533884535636485413e-01 8.800042250726647364e-01 1.030564814465653178e+00 0.000000000000000000e+00
7.508140583698349246e+00 1.651306163554170148e+00 3.061846537717777028e-05 1.000000000000000000e+00 -1.407007241443130946e-06 6.676598865877850382e-05 1.057161602992010785e+00 9.362422537844694581e-01 8.630029073591607425e-01 1.013325124025758583e+00 0.000000000000000000e+00
7.514401698999403578e+00 1.649930269810196748e+00 3.725130737253009726e-05 1.000000000000000000e+00 4.882215903683323726e-06 7.380840738734627835e-05 1.567971274218876943e+00 9.304923216435405653e-01 8.575810221426287683e-01 1.007230252670559212e+00 0.000000000000000000e+00
7.520668035508609073e+00 1.648555522482095359e+00 4.420416989932559817e-05 1.000000000000000000e+00 1.157663596385776693e-05 8.109633013887844477e-05 2.235322664230125156e+00 9.147279282966183089e-01 8.419772030146805974e-01 9.912766972637602203e-01 0.000000000000000000e+00
7.526939597579984209e+00 1.647181920614653627e+00 4.880067246051001274e-05 1.000000000000000000e+00 1.599844997680483887e-05 8.590441349339090408e-05 2.737604270926254912e+00 9.053259657005215955e-01 8.334213924997150302e-01 9.808723402244065026e-01 0.000000000000000000e+00
7.533216389571179228e+00 1.645809463253457006e+00 5.322449166529443268e-05 1.000000000000000000e+00 2.008836336970756836e-05 9.063677485216149613e-05 3.257039053245875948e+00 8.874811883304165594e-01 8.150338774418043331e-01 9.632926068217758653e-01 0.000000000000000000e+00
7.539498415843477019e+00 1.644438149444884756e+00 5.307484137018562682e-05 1.000000000000000000e+00 1.977361632604190104e-05 9.060698073934869354e-05 3.202070694113871241e+00 8.877249910172132497e-01 8.148203328901413300e-01 9.640445734146330103e-01 0.000000000000000000e+00
7.545785680761798453e+00 1.643067978236111282e+00 5.038027275827159848e-05 1.000000000000000000e+00 1.712961481335834377e-05 8.785642321063546166e-05 2.858782443487257297e+00 8.904539542050707857e-01 8.175406196131279613e-01 9.668589603994749426e-01 0.000000000000000000e+00
7.552078188694705041e+00 1.641698948675104575e+00 4.866795858724912209e-05 1.000000000000000000e+00 1.573227030908503607e-05 8.590880690916890877e-05 2.692468240058573770e+00 8.721805148671722963e-01 8.008029685217429305e-01 9.463144810864937417e-01 0.000000000000000000e+00
7.558375944014398939e+00 1.640331059810627101e+00 4.107788597354087630e-05 1.000000000000000000e+00 8.762517685400286651e-06 7.781306508581437801e-05 1.929820773415727331e+00 8.789397068325145446e-01 8.076274194677836027e-01 9.532708614598314201e-01 0.000000000000000000e+00
7.564678951096730941e+00 1.638964310692231585e+00 3.388964927539978180e-05 1.000000000000000000e+00 2.101215452600759849e-06 7.014681744802780852e-05 1.330351169788499988e+00 8.741490839378018851e-01 8.024022476482584043e-01 9.487216959774120717e-01 0.000000000000000000e+00
7.570987214321198699e+00 1.637598700370265004e+00 2.378343382931714502e-05 1.000000000000000000e+00 -7.259779251493891092e-06 5.937413528209789276e-05 6.551302300152315183e-01 8.829756139313057473e-01 8.112649616764158189e-01 9.578450532938863615e-01 0.000000000000000000e+00
7.577300738070952946e+00 1.636234227895864146e+00 1.698909553303175812e-05 1.000000000000000000e+00 -1.364268626201844010e-05 5.224199792144818390e-05 3.334208613676565847e-01 8.680150408694355946e-01 7.957754361067685966e-01 9.427862894836718244e-01 0.000000000000000000e+00
7.583619526732800153e+00 1.634870892320956948e+00 7.983144078696884365e-06 1.000000000000000000e+00 -2.225294479220846737e-05 4.293597735228810495e-05 7.255662637004434146e-02 8.684886102273766673e-01 7.952091294756724604e-01 9.443478012765227358e-01 0.000000000000000000e+00
7.589943584697204315e+00 1.633508692698261822e+00 8.162679727098475887e-07 1.000000000000000000e+00 -2.884198477671498474e-05 3.540079279217001312e-05 7.544635400051902252e-04 8.648612777004806018e-01 7.919799614105993424e-01 9.400905746634089510e-01 0.000000000000000000e+00
7.596272916358290495e+00 1.632147628081284996e+00 -7.985689939588756163e-06 -1.000000000000000000e+00 -3.682657512072452517e-05 2.591417809477821274e-05 7.220597064676326227e-02 8.866136074160498870e-01 8.130390500387316699e-01 9.635614545828978805e-01 0.000000000000000000e+00
7.602607526113848380e+00 1.630787697524322288e+00 -8.744329874357192970e-06 -1.000000000000000000e+00 -3.710631637572956956e-05 2.469970190045012742e-05 8.824295887845323705e-02 8.773324425627792023e-01 8.044298115774520808e-01 9.532328013049645721e-01 0.000000000000000000e+00
7.608947418365335835e+00 1.629428900082457776e+00 -8.664351250638108439e-06 -1.000000000000000000e+00 -3.680757576687907466e-05 2.444454288559529554e-05 8.800710598231376025e-02 8.805938029476507722e-01 8.069880006499954295e-01 9.573872056304864042e-01 0.000000000000000000e+00
7.615292597517878903e+00 1.628071234811562906e+00 -4.193678184005109123e-06 -1.000000000000000000e+00 -3.230429417888347726e-05 2.877882303561481408e-05 2.107845329771862453e-02 8.671377872775711815e-01 7.941700461851060044e-01 9.426353616707605632e-01 0.000000000000000000e+00
7.621643067980279795e+00 1.626714700768294497e+00 1.708506952715976673e-06 1.000000000000000000e+00 -2.653623371642210876e-05 3.480753003083879294e-05 3.577850914922464654e-03 8.482687304224141300e-01 7.743859274219689892e-01 9.239774211938989179e-01 0.000000000000000000e+00
7.627998834165015118e+00 1.625359297010096737e+00 9.540429941200278654e-06 1.000000000000000000e+00 -1.890892071856632909e-05 4.296658521202228938e-05 1.138350063253028566e-01 8.126842888911994800e-01 7.405570912991658039e-01 8.870737474786472010e-01 0.000000000000000000e+00
7.634359900488242090e+00 1.624005022595198744e+00 1.188477334845518153e-05 1.000000000000000000e+00 -1.693391349279271612e-05 4.597989294546145692e-05 1.721074066438603722e-01 8.111506062414544083e-01 7.393678494896002151e-01 8.852250795770127967e-01 0.000000000000000000e+00
7.640726271369800315e+00 1.622651876582614117e+00 1.182005595151564963e-05 1.000000000000000000e+00 -1.792004607592558415e-05 4.732418366456121018e-05 1.574015288616692487e-01 8.223467694120142335e-01 7.502617900585222266e-01 8.968867889707102803e-01 0.000000000000000000e+00
7.647097951233216229e+00 1.621299858032140939e+00 1.268317803408996137e-05 1.000000000000000000e+00 -1.901090381708237664e-05 5.054245961847508639e-05 1.588559888384253327e-01 8.224132294541157684e-01 7.504148550387592653e-01 8.968549963107355083e-01 0.000000000000000000e+00
7.653474944505703093e+00 1.619948966004359558e+00 1.926426453569237673e-05 1.000000000000000000e+00 -1.602512855264215380e-05 5.896997261818549168e-05 3.075039435313300373e-01 7.836964015593521626e-01 7.109155310306327635e-01 8.583695510347651991e-01 0.000000000000000000e+00
7.659857255618167216e+00 1.618599199560634805e+00 1.932253554680383941e-05 1.000000000000000000e+00 -2.032744927505158991e-05 5.897529535605412521e-05 2.488979443604790731e-01 7.847042589644099841e-01 7.117521017737273858e-01 8.596115853642267712e-01 0.000000000000000000e+00
7.666244889005210617e+00 1.617250557763112662e+00 1.851040644353071826e-05 1.000000000000000000e+00 -2.459499492387138292e-05 5.838647951485175511e-05 1.944424060085765404e-01 7.782704579058941086e-01 7.042858710805022238e-01 8.538364305044023883e-01 0.000000000000000000e+00
7.672637849105131913e+00 1.615903039674720043e+00 8.743830275619228370e-06 1.000000000000000000e+00 -3.344585560003209674e-05 5.142443638126157804e-05 4.239504042817543450e-02 7.975106412741952422e-01 7.230626387921754716e-01 8.742749246339011071e-01 0.000000000000000000e+00
7.679036140359931650e+00 1.614556644359165460e+00 2.490613904168675984e-06 1.000000000000000000e+00 -3.476377268624855437e-05 4.574864121721490084e-05 4.050432358795319487e-03 7.923016606749436752e-01 7.186687237170189535e-01 8.680914132740197298e-01 0.000000000000000000e+00
7.685439767215314077e+00 1.613211370880937023e+00 -6.543860838486102643e-06 -1.000000000000000000e+00 -3.902205043713884733e-05 3.364232673304341304e-05 3.530692767701282264e-02 8.117642182833881837e-01 7.376237398381737531e-01 8.881451022008722829e-01 0.000000000000000000e+00
7.691848734120691589e+00 1.611867218305303329e+00 -1.101061434589778200e-05 -1.000000000000000000e+00 -4.098245923796181486e-05 2.439039816409769592e-05 1.228648814275317136e-01 8.125151149111452531e-01 7.389525277482501542e-01 8.882901931016740082e-01 0.000000000000000000e+00
7.698263045529186499e+00 1.610524185698310351e+00 -1.150409807322817013e-05 -1.000000000000000000e+00 -4.011157137031503010e-05 2.131414099917641150e-05 1.546785711502138838e-01 7.847309250385451351e-01 7.096835541288871729e-01 8.614613852795959259e-01 0.000000000000000000e+00
7.704682705897634598e+00 1.609182272126782998e+00 -1.497566448790608138e-05 -1.000000000000000000e+00 -4.259825718817159890e-05 1.662688213231883081e-05 2.745890878912433664e-01 7.788894330880521411e-01 7.038391373758201564e-01 8.557113246563978759e-01 0.000000000000000000e+00
7.711107719686588702e+00 1.607841476658323998e+00 -1.751471517168276814e-05 -1.000000000000000000e+00 -4.454125662252666763e-05 1.415360421017665394e-05 3.705917376272793717e-01 7.678360678145956797e-01 6.909500719576709971e-01 8.465160472090729193e-01 0.000000000000000000e+00
7.717538091360320429e+00 1.606501798361312572e+00 -1.783651203514596237e-05 -1.000000000000000000e+00 -4.460431078844841136e-05 1.451260971634102718e-05 3.729853070851874008e-01 7.507762923039439373e-01 6.727409732163284195e-01 8.306322657958942202e-01 0.000000000000000000e+00
7.723973825386825531e+00 1.605163236304904206e+00 -1.775926174505262445e-05 -1.000000000000000000e+00 -4.437995408639670278e-05 1.495283906559086726e-05 3.591671730275294294e-01 7.478386042157568747e-01 6.705381996523169796e-01 8.268785618027216788e-01 0.000000000000000000e+00
7.730414926237823892e+00 1.603825789559029547e+00 -1.153676778080698590e-05 -1.000000000000000000e+00 -3.848096796156969386e-05 2.198677512235814362e-05 1.496189707571033978e-01 7.131654539370017032e-01 6.341452429316679629e-01 7.932062405724129572e-01 0.000000000000000000e+00
7.736861398388765743e+00 1.602489457194395728e+00 -7.907460760792051250e-06 -1.000000000000000000e+00 -3.560041507346135814e-05 2.642185225140177137e-05 6.587898970887806627e-02 6.997036269657354035e-01 6.216587132967941187e-01 7.792652266530621930e-01 0.000000000000000000e+00
7.743313246318833443e+00 1.601154238282482378e+00 -7.756417230078743575e-06 -1.000000000000000000e+00 -3.697797658844035977e-05 2.712634390946396711e-05 5.634012146845179814e-02 7.046220427217388949e-01 6.253997815081659972e-01 7.850229624148874485e-01 0.000000000000000000e+00
7.749770474510944140e+00 1.599820131895543396e+00 -9.322594242380088649e-06 -1.000000000000000000e+00 -4.059677547958021792e-05 2.665948728004546948e-05 7.172355417597486849e-02 7.027315226869491616e-01 6.240942302781926632e-01 7.827010805233053370e-01 0.000000000000000000e+00
7.756233087451753327e+00 1.598487137106606282e+00 -1.381299546702591783e-05 -1.000000000000000000e+00 -4.682733532664555787e-05 2.438356178485325616e-05 1.464843972445919462e-01 6.943373522647151574e-01 6.140749149524518113e-01 7.762373680973031487e-01 0.000000000000000000e+00
7.762701089631657503e+00 1.597155252989470364e+00 -2.302505636658621065e-05 -1.000000000000000000e+00 -5.626463456901634045e-05 1.560975934644948454e-05 4.264500021369457272e-01 6.993890979525656526e-01 6.196593783873134420e-01 7.805646142944120403e-01 0.000000000000000000e+00
7.769174485544799502e+00 1.595824478618706577e+00 -2.985581839729079087e-05 -1.000000000000000000e+00 -7.007083382004829729e-05 4.150507571760100206e-06 8.839250800067333103e-01 7.024652381589856498e-01 6.216036899339141275e-01 7.844926403510950053e-01 0.000000000000000000e+00
7.775653279689067610e+00 1.594494813069657235e+00 -3.555797860172224518e-05 -1.000000000000000000e+00 -7.778574306634986675e-05 -1.198996124904002476e-06 1.198335510088540445e+00 6.733825289111429191e-01 5.950742064709007018e-01 7.551802969187367820e-01 0.000000000000000000e+00
7.782137476566102663e+00 1.593166255418435151e+00 -1.035913837480047456e-04 -1.000000000000000000e+00 0.000000000000000000e+00 0.000000000000000000e+00 0.000000000000000000e+00 7.014641882731685874e-01 0.000000000000000000e+00 0.000000000000000000e+00 1.000000000000000000e+00
7.788627080681298942e+00 1.591838804741922297e+00 -1.225812947492632427e-04 -1.000000000000000000e+00 0.000000000000000000e+00 0.000000000000000000e+00 0.000000000000000000e+00 6.798922509696353478e-01 0.000000000000000000e+00 0.000000000000000000e+00 1.000000000000000000e+00
7.795122096543806833e+00 1.590512460117771143e+00 -4.648862078191663021e-04 -1.000000000000000000e+00 0.000000000000000000e+00 0.000000000000000000e+00 0.000000000000000000e+00 7.029348346016640603e-01 0.000000000000000000e+00 0.000000000000000000e+00 1.000000000000000000e+00
7.801622528666539047e+00 1.589187220624400876e+00 -1.972050375278266987e-02 -1.000000000000000000e+00 -3.282568000669774250e-02 -1.717024449535200364e-02 2.785608050796955126e+01 8.964207736791379721e-01 8.240233666829280823e-01 1.052962932105858895e+00 0.000000000000000000e+00
7.808128381566169729e+00 1.587863085341000069e+00 -2.708786391774403723e-02 -1.000000000000000000e+00 0.000000000000000000e+00 0.000000000000000000e+00 0.000000000000000000e+00 8.890286557290206781e-01 0.000000000000000000e+00 0.000000000000000000e+00 1.000000000000000000e+00
7.814639659763139790e+00 1.586540053347523793e+00 -3.866814050674396291e-02 -1.000000000000000000e+00 0.000000000000000000e+00 0.000000000000000000e+00 0.000000000000000000e+00 1.031454921922985379e+00 0.000000000000000000e+00 0.000000000000000000e+00 1.000000000000000000e+00
7.821156367781661345e+00 1.585218123724693617e+00 -2.760214216499416381e-02 -1.000000000000000000e+00 -3.931621722785010736e-02 -9.185148700797486632e-03 3.970115321112956508e+01 9.490217393053935746e-01 8.635143157794872293e-01 1.121871144653030949e+00 0.000000000000000000e+00
7.827678510149716828e+00 1.583897295553998275e+00 -1.321939769821244004e-02 -1.000000000000000000e+00 0.000000000000000000e+00 0.000000000000000000e+00 0.000000000000000000e+00 8.207645183915890374e-01 0.000000000000000000e+00 0.000000000000000000e+00 1.000000000000000000e+00
7.834206091399066985e+00 1.582577567917689887e+00 -8.644426428317883437e-02 -1.000000000000000000e+00 0.000000000000000000e+00 0.000000000000000000e+00 0.000000000000000000e+00 1.216751740187688391e+00 0.000000000000000000e+00 0.000000000000000000e+00 1.000000000000000000e+00
7.840739116065250869e+00 1.581258939898786631e+00 -4.693249181210598642e-02 -1.000000000000000000e+00 0.000000000000000000e+00 0.000000000000000000e+00 0.000000000000000000e+00 9.317296282100826499e-01 0.000000000000000000e+00 0.000000000000000000e+00 1.000000000000000000e+00
7.847277588687588512e+00 1.579941410581070071e+00 -1.169365274309260433e-01 -1.000000000000000000e+00 0.000000000000000000e+00 0.000000000000000000e+00 0.000000000000000000e+00 1.274908247670232475e+00 0.000000000000000000e+00 0.000000000000000000e+00 1.000000000000000000e+00
7.853821513809187138e+00 1.578624979049085830e+00 -1.209699144150213762e-01 -1.000000000000000000e+00 0.000000000000000000e+00 0.000000000000000000e+00 0.000000000000000000e+00 1.278573354837778231e+00 0.000000000000000000e+00 0.000000000000000000e+00 1.000000000000000000e+00
7.860370895976941163e+00 1.577309644388141585e+00 -8.464904703436480771e-02 -1.000000000000000000e+00 0.000000000000000000e+00 0.000000000000000000e+00 0.000000000000000000e+00 1.130963732672029209e+00 0.000000000000000000e+00 0.000000000000000000e+00 1.000000000000000000e+00
7.866925739741537527e+00 1.575995405684307737e+00 -2.234044132423697593e-01 -1.000000000000000000e+00 0.000000000000000000e+00 0.000000000000000000e+00 0.000000000000000000e+00 1.499065751717059358e+00 0.000000000000000000e+00 0.000000000000000000e+00 1.000000000000000000e+00
7.873486049657457464e+00 1.574682262024415857e+00 -2.392304198284168626e-01 -1.000000000000000000e+00 -3.461505057923856543e-01 -1.557322967916786038e-01 1.428006821324867701e+02 1.527311882313451719e+00 1.424006561019498740e+00 1.696241210838854263e+00 0.000000000000000000e+00
7.880051830282980951e+00 1.573370212496058462e+00 -1.994323369470515916e-03 -1.000000000000000000e+00 0.000000000000000000e+00 0.000000000000000000e+00 0.000000000000000000e+00 6.363666507154518426e-01 0.000000000000000000e+00 0.000000000000000000e+00 1.000000000000000000e+00
7.886623086180188480e+00 1.572059256187587906e+00 -2.015284350737855425e-03 -1.000000000000000000e+00 0.000000000000000000e+00 0.000000000000000000e+00 0.000000000000000000e+00 6.574137081426930651e-01 0.000000000000000000e+00 0.000000000000000000e+00 1.000000000000000000e+00
7.893199821914964609e+00 1.570749392188117488e+00 -4.249198963521621901e-03 -1.000000000000000000e+00 0.000000000000000000e+00 0.000000000000000000e+00 0.000000000000000000e+00 7.198198803813730118e-01 0.000000000000000000e+00 0.000000000000000000e+00 1.000000000000000000e+00
7.899782042057002407e+00 1.569440619587517682e+00 -4.414357320090674282e-03 -1.000000000000000000e+00 0.000000000000000000e+00 0.000000000000000000e+00 0.000000000000000000e+00 7.034457588977740539e-01 0.000000000000000000e+00 0.000000000000000000e+00 1.000000000000000000e+00
7.906369751179806116e+00 1.568132937476418354e+00 -6.326065035789424362e-01 -1.000000000000000000e+00 0.000000000000000000e+00 0.000000000000000000e+00 0.000000000000000000e+00 2.342975531389901445e+00 0.000000000000000000e+00 0.000000000000000000e+00 1.000000000000000000e+00
7.912962953860692039e+00 1.566826344946206540e+00 -1.292190246014566668e+00 -1.000000000000000000e+00 0.000000000000000000e+00 0.000000000000000000e+00 0.000000000000000000e+00 3.710026429689193161e+00 0.000000000000000000e+00 0.000000000000000000e+00 1.000000000000000000e+00
7.919561654680794760e+00 1.565520841089027337e+00 -9.143816001865281290e-03 -1.000000000000000000e+00 0.000000000000000000e+00 0.000000000000000000e+00 0.000000000000000000e+00 6.146344895707279710e-01 0.000000000000000000e+00 0.000000000000000000e+00 1.000000000000000000e+00
7.926165858225068916e+00 1.564216424997781019e+00 -9.751757542012136348e-03 -1.000000000000000000e+00 0.000000000000000000e+00 0.000000000000000000e+00 0.000000000000000000e+00 6.380113249328829284e-01 0.000000000000000000e+00 0.000000000000000000e+00 1.000000000000000000e+00
7.932775569082291867e+00 1.562913095766124583e+00 -9.030334858899216610e-03 -1.000000000000000000e+00 0.000000000000000000e+00 0.000000000000000000e+00 0.000000000000000000e+00 5.967626428056485022e-01 0.000000000000000000e+00 0.000000000000000000e+00 1.000000000000000000e+00
7.939390791845069018e+00 1.561610852488469980e+00 -9.839209751411380836e-03 -1.000000000000000000e+00 0.000000000000000000e+00 0.000000000000000000e+00 0.000000000000000000e+00 5.670927382736006273e-01 0.000000000000000000e+00 0.000000000000000000e+00 1.000000000000000000e+00
7.946011531109834714e+00 1.560309694259983226e+00 -7.747731874983244948e-02 -1.000000000000000000e+00 0.000000000000000000e+00 0.000000000000000000e+00 0.000000000000000000e+00 9.201305361120356574e-01 0.000000000000000000e+00 0.000000000000000000e+00 1.000000000000000000e+00
7.952637791476856677e+00 1.559009620176584621e+00 -5.614337739980537201e-01 -1.000000000000000000e+00 0.000000000000000000e+00 0.000000000000000000e+00 0.000000000000000000e+00 1.869646370722813478e+00 0.000000000000000000e+00 0.000000000000000000e+00 1.000000000000000000e+00
7.959269577550237784e+00 1.557710629334948083e+00 -1.204556655786441111e+00 -1.000000000000000000e+00 0.000000000000000000e+00 0.000000000000000000e+00 0.000000000000000000e+00 2.869542535194969268e+00 0.000000000000000000e+00 0.000000000000000000e+00 1.000000000000000000e+00
7.965906893937922284e+00 1.556412720832499597e+00 -5.152928783913361954e-01 -1.000000000000000000e+00 0.000000000000000000e+00 0.000000000000000000e+00 0.000000000000000000e+00 1.728393495701694427e+00 0.000000000000000000e+00 0.000000000000000000e+00 1.000000000000000000e+00
7.972549745251694908e+00 1.555115893767417656e+00 -1.128848601264680063e-01 -1.000000000000000000e+00 0.000000000000000000e+00 0.000000000000000000e+00 0.000000000000000000e+00 9.658221543299611023e-01 0.000000000000000000e+00 0.000000000000000000e+00 1.000000000000000000e+00
7.979198136107187977e+00 1.553820147238631932e+00 -2.867209968736627035e-01 -1.000000000000000000e+00 0.000000000000000000e+00 0.000000000000000000e+00 0.000000000000000000e+00 1.287623229190630658e+00 0.000000000000000000e+00 0.000000000000000000e+00 1.000000000000000000e+00
7.985852071123881402e+00 1.552525480345822828e+00 -3.707987477208229410e-01 -1.000000000000000000e+00 0.000000000000000000e+00 0.000000000000000000e+00 0.000000000000000000e+00 1.364111431365063742e+00 0.000000000000000000e+00 0.000000000000000000e+00 1.000000000000000000e+00
7.992511554925108008e+00 1.551231892189421036e+00 -4.179084883196564904e-01 -1.000000000000000000e+00 0.000000000000000000e+00 0.000000000000000000e+00 0.000000000000000000e+00 1.541254113480019949e+00 0.000000000000000000e+00 0.000000000000000000e+00 1.000000000000000000e+00
7.999176592138056208e+00 1.549939381870606869e+00 -2.113041571229177518e-01 -1.000000000000000000e+00 0.000000000000000000e+00 0.000000000000000000e+00 0.000000000000000000e+00 1.066245827172017879e+00 0.000000000000000000e+00 0.000000000000000000e+00 1.000000000000000000e+00
