# OBJ_NAME=Cir X-1
#         GRID_START=6.00
#         GRID_END=8.00
#         GRID_STEP_FRACTION=0.50
#         XSPEC_FITSTAT=cstat
#         XSPEC_CONTINUUM_MODEL=tbabs*(bbodyrad + pow)*constant
#         XSPEC_LINE_MODEL=gauss
#         LINE_VELOCITY_WIDTH=500
#         INPUT_FILE=/home/simon/Downloads/tgcat/obs_8993_tgid_4117/pm_heg_abs1.pha
#         SEARCH_MODE=Sliding window
#         FIT_REGION_WIDTH=30.00
#         RUNTIME=72
#         COLUMN_NAMES=ENERGY,WAVELENGTH,NORM,NORM_SIGN,NORM_ERR_LO,NORM_ERR_HI,DELTA_FITSTAT,CONSTANT_FACTOR,CONSTANT_FACTOR_ERR_LO,CONSTANT_FACTOR_ERR_HI,FIT_ERR
6.000000000000000000e+00 2.066373137115381287e+00 1.575864290967924535e-06 1.000000000000000000e+00 -4.382174710224659505e-06 7.201490554820990746e-06 6.910778973778519685e-02 9.244335013550007973e-01 8.345075230285678991e-01 1.020464049453225108e+00 0.000000000000000000e+00
6.005003461427972589e+00 2.064651403172383937e+00 -5.007991379452715942e-07 -1.000000000000000000e+00 -7.119261413066882848e-06 5.808426557562318740e-06 5.989747933426770032e-03 9.247889426945811175e-01 8.335918991457225147e-01 1.022101958372071850e+00 0.000000000000000000e+00
6.010011095293655181e+00 2.062931103804642063e+00 -3.742026246226271345e-06 -1.000000000000000000e+00 -1.036837701341405179e-05 3.502289639218803133e-06 3.124470644519306006e-01 9.249501478660928644e-01 8.340897348635105679e-01 1.021914279685494087e+00 0.000000000000000000e+00
6.015022905076486737e+00 2.061212237816845594e+00 -6.211682383067483441e-06 -1.000000000000000000e+00 -1.123557640727556450e-05 4.703047776457104079e-07 9.719860438531782165e-01 9.148218832556906932e-01 8.258175004229627580e-01 1.009582210381740675e+00 0.000000000000000000e+00
6.020038894258807005e+00 2.059494804014679215e+00 -6.752318724634092543e-06 -1.000000000000000000e+00 -1.090011358329455473e-05 -1.302593767181034630e-06 1.577291597653257327e+00 9.198345268103541583e-01 8.304821957633137242e-01 1.014886256784743646e+00 0.000000000000000000e+00
6.025059066325860080e+00 2.057778801204824592e+00 -6.931474502534756127e-06 -1.000000000000000000e+00 -1.056651142152939157e-05 -2.043980056458337053e-06 1.998168511154361227e+00 9.430797915876454329e-01 8.525997299807925867e-01 1.039270143588244100e+00 0.000000000000000000e+00
6.030083424765796174e+00 2.056064228194956822e+00 -6.821369011986823832e-06 -1.000000000000000000e+00 -1.049501964639403274e-05 -2.040146359880634203e-06 2.052548582640298491e+00 9.586342971658228240e-01 8.660003006409080495e-01 1.056930197443170183e+00 0.000000000000000000e+00
6.035111973069674285e+00 2.054351083793744426e+00 -6.379198467772983949e-06 -1.000000000000000000e+00 -1.025528285395023231e-05 -1.353998159238434553e-06 1.711842661898657525e+00 9.565043477131044414e-01 8.631484991643566529e-01 1.055904951893015697e+00 0.000000000000000000e+00
6.040144714731465747e+00 2.052639366810848021e+00 -5.445851887885586803e-06 -1.000000000000000000e+00 -9.665951218950062797e-06 -2.717121157408610582e-08 1.122680019743953039e+00 9.364241243838710149e-01 8.439193961301547642e-01 1.035212425775258627e+00 0.000000000000000000e+00
6.045181653248054232e+00 2.050929076056921652e+00 -4.205694650952422582e-06 -1.000000000000000000e+00 -8.966068987186204796e-06 1.481475309676284901e-06 5.960339134491903224e-01 9.151971940076458756e-01 8.239024112093007446e-01 1.012372911791853847e+00 0.000000000000000000e+00
6.050222792119239301e+00 2.049220210343609683e+00 -2.660931525421160575e-06 -1.000000000000000000e+00 -7.959171175920110828e-06 2.829492420531740395e-06 2.421043026444209545e-01 8.917396129616681488e-01 8.011832775908954707e-01 9.869378811907468796e-01 0.000000000000000000e+00
6.055268134847740846e+00 2.047512768483544576e+00 -1.868889835307797888e-06 -1.000000000000000000e+00 -7.169604138516681111e-06 3.263763944490590959e-06 1.498137110269226469e-01 8.916874017269913466e-01 8.010822546448583825e-01 9.869897159588799651e-01 0.000000000000000000e+00
6.060317684939197314e+00 2.045806749290351334e+00 -2.106056860730587349e-06 -1.000000000000000000e+00 -7.060700683121065623e-06 2.945779057555917860e-06 2.151748364380381418e-01 9.134270027476610876e-01 8.227309235708694102e-01 1.009955559454464025e+00 0.000000000000000000e+00
6.065371445902172809e+00 2.044102151578641724e+00 -2.450900959191644905e-06 -1.000000000000000000e+00 -7.089209171971338580e-06 2.626672383358124753e-06 2.894164432678252297e-01 9.158107174242848814e-01 8.249111394190298263e-01 1.012592144504641745e+00 0.000000000000000000e+00
6.070429421248155322e+00 2.042398974164015168e+00 -2.727295452907127118e-06 -1.000000000000000000e+00 -7.109065943884759859e-06 2.344299720488058675e-06 3.546115294058154177e-01 9.033165607725626156e-01 8.122044127073093644e-01 9.997708726861986861e-01 0.000000000000000000e+00
6.075491614491562942e+00 2.040697215863058300e+00 -3.391505118590830242e-06 -1.000000000000000000e+00 -7.514235755992184945e-06 1.624904735671786723e-06 5.463988671154567101e-01 9.102800719548578279e-01 8.189785488643177569e-01 1.007279177910059609e+00 0.000000000000000000e+00
6.080558029149742971e+00 2.038996875493343186e+00 -3.879169709656519333e-06 -1.000000000000000000e+00 -7.957836006051263093e-06 1.025295372487000637e-06 7.294254679394640561e-01 9.134240731692399029e-01 8.222187419666415753e-01 1.010439276087738536e+00 0.000000000000000000e+00
6.085628668742976366e+00 2.037297951873428659e+00 -4.158263257103879779e-06 -1.000000000000000000e+00 -8.522355046504101188e-06 6.419744062908190932e-07 8.637744358189394234e-01 9.115223560460973262e-01 8.213704640481921393e-01 1.006472589101879755e+00 0.000000000000000000e+00
6.090703536794479511e+00 2.035600443822857208e+00 -4.603544393263948643e-06 -1.000000000000000000e+00 -9.344952394800255758e-06 1.928865447265211086e-07 1.034903407210407522e+00 9.160383066548019038e-01 8.256339016003360065e-01 1.011679079485128030e+00 0.000000000000000000e+00
6.095782636830406886e+00 2.033904350162153651e+00 -5.481735491105796597e-06 -1.000000000000000000e+00 -1.035453998118975635e-05 -4.108717750452793696e-07 1.288276856781237711e+00 9.260043372164499242e-01 8.348722352748250142e-01 1.022716365239118019e+00 0.000000000000000000e+00
6.100865972379854618e+00 2.032209669712826461e+00 -6.640043277229516416e-06 -1.000000000000000000e+00 -1.189612914515635007e-05 -1.037367387529479424e-06 1.516191299203953236e+00 9.239007890178932980e-01 8.334611523682791123e-01 1.019907979043498392e+00 0.000000000000000000e+00
6.105953546974859592e+00 2.030516401297367324e+00 -8.376118339648672099e-06 -1.000000000000000000e+00 -1.350844046743320109e-05 -1.973837860080637713e-06 1.819605448995815777e+00 9.279359066655447075e-01 8.360482321061341038e-01 1.025580064408904590e+00 0.000000000000000000e+00
6.111045364150406556e+00 2.028824543739246700e+00 -1.044985058226391872e-05 -1.000000000000000000e+00 -1.756206947420802872e-05 -2.874195366028599082e-06 2.163768215407429807e+00 9.645309496079025324e-01 8.689507226507739990e-01 1.065373020554438721e+00 0.000000000000000000e+00
6.116141427444425460e+00 2.027134095862917373e+00 -9.460173192024706070e-06 -1.000000000000000000e+00 -1.950869591020145056e-05 -1.409211646324751683e-06 1.674296639414095011e+00 9.728066937831648664e-01 8.758887399780944660e-01 1.075252005576958325e+00 0.000000000000000000e+00
6.121241740397799447e+00 2.025445056493809570e+00 -5.542004303429437750e-06 -1.000000000000000000e+00 -1.301473844285991419e-05 3.656559499564034584e-07 1.037753395196972406e+00 9.608519861023314679e-01 8.654391628147766191e-01 1.062172032323627668e+00 0.000000000000000000e+00
6.126346306554362187e+00 2.023757424458334508e+00 -3.797880795812379973e-06 -1.000000000000000000e+00 -8.997146029576633569e-06 1.536166462337749201e-06 5.883206643370186839e-01 9.382419822613164984e-01 8.436931324722340975e-01 1.039050572008331175e+00 0.000000000000000000e+00
6.131455129460903208e+00 2.022071198583879958e+00 -2.775832857798855655e-06 -1.000000000000000000e+00 -7.271810263950155025e-06 2.594887097204840540e-06 3.249866200879836242e-01 9.261266915725006044e-01 8.320966977635062545e-01 1.026141836699181242e+00 0.000000000000000000e+00
6.136568212667169675e+00 2.020386377698810687e+00 -1.895453751752167742e-06 -1.000000000000000000e+00 -6.500699512637321354e-06 3.856272555059046142e-06 1.382830293214993844e-01 9.198775599311321827e-01 8.264077788124571944e-01 1.019055366133008400e+00 0.000000000000000000e+00
6.141685559725869936e+00 2.018702960632467569e+00 -1.053409882518184267e-06 -1.000000000000000000e+00 -6.080614425357729102e-06 5.337799655709568895e-06 3.600425791582040347e-02 9.266993087423185393e-01 8.335149413001219365e-01 1.025813624929501566e+00 0.000000000000000000e+00
6.146807174192673529e+00 2.017020946215167587e+00 7.248409024912941050e-07 1.000000000000000000e+00 -5.105201946454683811e-06 8.249761299824896261e-06 1.327478096656875550e-02 9.035785194925197716e-01 8.104771240464102577e-01 1.001325137067331728e+00 0.000000000000000000e+00
6.151933059626216505e+00 2.015340333278202056e+00 2.866906211279895056e-06 1.000000000000000000e+00 -4.232057697411089510e-06 1.096040881781028297e-05 1.480706327506027264e-01 8.969588768490190933e-01 8.039603590329736926e-01 9.940419562005669007e-01 0.000000000000000000e+00
6.157063219588101433e+00 2.013661120653835290e+00 4.898951489528073074e-06 1.000000000000000000e+00 -3.753845341352293286e-06 1.244222198432464675e-05 3.014415772624658985e-01 9.146559953059596459e-01 8.205120511969969943e-01 1.014304802108072279e+00 0.000000000000000000e+00
6.162197657642900950e+00 2.011983307175305935e+00 5.651838924983331552e-06 1.000000000000000000e+00 -4.101317108601636311e-06 1.255689309535110791e-05 3.128615705073514164e-01 9.374755568470087841e-01 8.416132376669478443e-01 1.039974156684192685e+00 0.000000000000000000e+00
6.167336377358160426e+00 2.010306891676824304e+00 3.904756631070749474e-06 1.000000000000000000e+00 -5.490675716607081437e-06 1.200018706699852922e-05 1.498144211873295717e-01 9.410658678167063140e-01 8.436773543942008846e-01 1.044819910705964805e+00 0.000000000000000000e+00
6.172479382304400630e+00 2.008631872993570600e+00 2.218721881204373485e-07 1.000000000000000000e+00 -7.566110593882660066e-06 9.809948525582863312e-06 6.186594574444370664e-04 9.452333438666322696e-01 8.484899495329194519e-01 1.048259483916075707e+00 0.000000000000000000e+00
6.177626676055119503e+00 2.006958249961698471e+00 -3.160696993852116492e-06 -1.000000000000000000e+00 -9.357069030816765335e-06 5.472170159332080702e-06 1.744842880897863324e-01 9.665573991295279832e-01 8.676661117600836803e-01 1.071356374670130007e+00 0.000000000000000000e+00
6.182778262186794827e+00 2.005286021418328790e+00 -4.490461510646043002e-06 -1.000000000000000000e+00 -9.843663785372988107e-06 2.593386510242027809e-06 4.810195912507282401e-01 9.598899316355564704e-01 8.627210369958815406e-01 1.063111409797880214e+00 0.000000000000000000e+00
6.187934144278887771e+00 2.003615186201552323e+00 -4.702678346489573929e-06 -1.000000000000000000e+00 -1.026062063058665687e-05 1.414219852012012158e-06 6.845355680089113548e-01 9.494663676228580762e-01 8.531336657991153150e-01 1.052090384817347291e+00 0.000000000000000000e+00
6.193094325913842901e+00 2.001945743150427948e+00 -4.963073971459707323e-06 -1.000000000000000000e+00 -1.055861209409955861e-05 5.258283559488324962e-07 9.149058341308915487e-01 9.725423952509177905e-01 8.738907998593964388e-01 1.076879640476678723e+00 0.000000000000000000e+00
6.198258810677093500e+00 2.000277691104981770e+00 -4.927176173211921595e-06 -1.000000000000000000e+00 -9.747299233449550787e-06 2.732218350445114689e-07 1.004665095786094753e+00 9.881661370662263577e-01 8.882497353422780240e-01 1.092980570272606311e+00 0.000000000000000000e+00
6.203427602157062459e+00 1.998611028906206677e+00 -4.574701583858144253e-06 -1.000000000000000000e+00 -8.998329698214407589e-06 5.032864996498438438e-07 9.158453062044600301e-01 9.817899851543603340e-01 8.827500045521341487e-01 1.086070524879231058e+00 0.000000000000000000e+00
6.208600703945164057e+00 1.996945755396060118e+00 -4.820903056565734097e-06 -1.000000000000000000e+00 -9.380885474151780549e-06 2.505787686810092375e-07 1.015747688185683728e+00 1.003573436973035138e+00 9.021053499120270658e-01 1.108934993715878337e+00 0.000000000000000000e+00
6.213778119635809283e+00 1.995281869417466547e+00 -4.720741733503845741e-06 -1.000000000000000000e+00 -9.354472023351973338e-06 4.388567905722422270e-07 9.546510837681552175e-01 9.974760274152134620e-01 8.957856806986129738e-01 1.103487640770754341e+00 0.000000000000000000e+00
6.218959852826404955e+00 1.993619369814312314e+00 -4.854106142206591629e-06 -1.000000000000000000e+00 -9.305347666729593085e-06 4.456074441207868159e-07 9.643067794786475133e-01 1.002515763952548378e+00 8.999055213525105623e-01 1.109013055266774517e+00 0.000000000000000000e+00
6.224145907117359044e+00 1.991958255431448777e+00 -4.808573295909247742e-06 -1.000000000000000000e+00 -9.378459478849944032e-06 7.223727030077357805e-07 8.803737264771314130e-01 1.001213023187110140e+00 8.983921015289491052e-01 1.108154104708633625e+00 0.000000000000000000e+00
6.229336286112081567e+00 1.990298525114688521e+00 -4.352680046896861028e-06 -1.000000000000000000e+00 -9.228938099984246448e-06 1.532117213096706373e-06 6.307555657613335143e-01 9.799722142361614319e-01 8.782747975866243006e-01 1.087135640781532686e+00 0.000000000000000000e+00
6.234530993416986355e+00 1.988640177710806478e+00 -3.589680030483319008e-06 -1.000000000000000000e+00 -8.950920985141102483e-06 2.574592251568821416e-06 3.688214040669066662e-01 9.547504248397739035e-01 8.553288959525884305e-01 1.060495235288300586e+00 0.000000000000000000e+00
6.239730032641496393e+00 1.986983212067538140e+00 -2.748339645794389573e-06 -1.000000000000000000e+00 -8.794983761531166244e-06 3.466584713327504766e-06 2.002158865433329993e-01 9.448810347966142276e-01 8.464868034163349764e-01 1.049675529143085928e+00 0.000000000000000000e+00
6.244933407398043812e+00 1.985327627033580011e+00 -1.562499796088157677e-06 -1.000000000000000000e+00 -8.370574759837557589e-06 4.267162601498730201e-06 9.005701932028387091e-02 9.432619995705636695e-01 8.433829661695589897e-01 1.048608377018938942e+00 0.000000000000000000e+00
6.250141121302072555e+00 1.983673421458586272e+00 -3.837416358356177709e-07 -1.000000000000000000e+00 -7.039115826239235664e-06 5.790786687429505196e-06 5.287902087076190583e-03 9.239884546955347000e-01 8.724856284209070445e-01 1.030046398139299546e+00 0.000000000000000000e+00
6.255353177972041934e+00 1.982020594193170782e+00 5.785993162269566680e-07 1.000000000000000000e+00 -5.857705051832246771e-06 7.089940448781858693e-06 1.104259984020927732e-02 9.325391185597466936e-01 8.311733762278048498e-01 1.038107275643093796e+00 0.000000000000000000e+00
6.260569581029430175e+00 1.980369144088905076e+00 2.700452786591150077e-06 1.000000000000000000e+00 -3.340362758150489413e-06 9.510475101183740116e-06 2.317531092194400344e-01 8.968758418863503890e-01 7.989640763873283591e-01 9.996763507788505310e-01 0.000000000000000000e+00
6.265790334098732650e+00 1.978719069998317037e+00 4.158832002909389542e-06 1.000000000000000000e+00 -1.880396548831352251e-06 1.083325249824500889e-05 5.055604979199301852e-01 8.988617696276810509e-01 8.008228858531976080e-01 1.002047226949853487e+00 0.000000000000000000e+00
6.271015440807469865e+00 1.977070370774890451e+00 5.378043048953717905e-06 1.000000000000000000e+00 -6.231221338092067245e-07 1.188752824993369415e-05 8.872255785431519826e-01 8.862501680750558553e-01 7.888586810505748836e-01 9.889036218279622092e-01 0.000000000000000000e+00
6.276244904786186574e+00 1.975423045273065226e+00 5.890840835453656022e-06 1.000000000000000000e+00 -6.277673977691054362e-08 1.245749064893577628e-05 1.090268140193657587e+00 8.835027011945967290e-01 7.864271724077801506e-01 9.858502144191411132e-01 0.000000000000000000e+00
6.281478729668454442e+00 1.973777092348234952e+00 6.506956037346516307e-06 1.000000000000000000e+00 3.735949543884486973e-07 1.329833249772360907e-05 1.253168508938358627e+00 8.643121326483288458e-01 7.674115441626202516e-01 9.666850030896958490e-01 0.000000000000000000e+00
6.286716919090875599e+00 1.972132510856748011e+00 6.312169878264496728e-06 1.000000000000000000e+00 -2.626914606808476049e-07 1.345872796940381334e-05 1.037939683013931358e+00 8.784798775663721360e-01 7.789378430798700181e-01 9.831549129032260970e-01 0.000000000000000000e+00
6.291959476693084419e+00 1.970489299655904469e+00 6.180553488054694193e-06 1.000000000000000000e+00 -9.206444567638429115e-07 1.355672818916901507e-05 8.457722945895227440e-01 8.818837870820345204e-01 7.822347298587845055e-01 9.866118715118057381e-01 0.000000000000000000e+00
6.297206406117751065e+00 1.968847457603957185e+00 5.768412705308197531e-06 1.000000000000000000e+00 -1.803061428582246205e-06 1.283194749174712237e-05 6.261057808474248532e-01 8.907835130313803695e-01 7.910946542461279041e-01 9.955689794712748730e-01 0.000000000000000000e+00
6.302457711010582386e+00 1.967206983560110700e+00 4.413391802266338156e-06 1.000000000000000000e+00 -2.780754536063194540e-06 1.142772622360735208e-05 4.019954513741481605e-01 9.091101668721145446e-01 8.076412768925190777e-01 1.015448746422139781e+00 0.000000000000000000e+00
6.307713395020327241e+00 1.965567876384518575e+00 3.530907401440911989e-06 1.000000000000000000e+00 -3.705936785861462035e-06 1.008735881094714933e-05 2.635205562418008185e-01 9.130476846738315722e-01 8.117405082514358439e-01 1.019111636123413822e+00 0.000000000000000000e+00
6.312973461798775610e+00 1.963930134938285832e+00 2.148003911165864208e-06 1.000000000000000000e+00 -5.622112999162767719e-06 8.825779038073745057e-06 9.115954710513562986e-02 9.211404605248540989e-01 8.169464911145747354e-01 1.029671087613962310e+00 0.000000000000000000e+00
6.318237915000763039e+00 1.962293758083465844e+00 -4.774387248405081955e-07 -1.000000000000000000e+00 -8.613299513934645385e-06 7.051490950942465343e-06 4.485177121253514088e-03 9.423357254849364928e-01 8.353511143205046841e-01 1.052133795679775607e+00 0.000000000000000000e+00
6.323506758284172413e+00 1.960658744683059451e+00 -4.318521824459936137e-06 -1.000000000000000000e+00 -1.084682008822732848e-05 3.735478760061045761e-06 3.296337645783040671e-01 9.825977683096804860e-01 8.761549443300084006e-01 1.092429560510018494e+00 0.000000000000000000e+00
6.328779995309938400e+00 1.959025093601015399e+00 -6.125652746252540298e-06 -1.000000000000000000e+00 -1.156116333806754171e-05 8.630648064659916460e-07 8.775484169929654854e-01 1.005945147442285581e+00 9.008855074567767574e-01 1.116616876403373926e+00 0.000000000000000000e+00
6.334057629742047446e+00 1.957392803702229900e+00 -6.622085120419285445e-06 -1.000000000000000000e+00 -1.172591220038583879e-05 -5.112755266927230586e-07 1.276892329275426619e+00 1.032710922034232315e+00 9.266891564400198122e-01 1.145635368361889617e+00 0.000000000000000000e+00
6.339339665247542221e+00 1.955761873852543076e+00 -6.313008749274750201e-06 -1.000000000000000000e+00 -1.156837354397152341e-05 -6.502206127970892955e-07 1.339058891905580140e+00 1.054876812415898257e+00 9.489533265297906972e-01 1.167953339306468052e+00 0.000000000000000000e+00
6.344626105496522506e+00 1.954132302918741848e+00 -5.930018151381015180e-06 -1.000000000000000000e+00 -1.127133370450368756e-05 -3.296070875506554499e-07 1.240107578617383410e+00 1.081815562202265157e+00 9.724447975173213798e-01 1.198241785782041546e+00 0.000000000000000000e+00
6.349916954162148741e+00 1.952504089768555939e+00 -5.147481957077030802e-06 -1.000000000000000000e+00 -1.025137732745157214e-05 6.038040080298462389e-07 9.161779247649093350e-01 1.089014267776861944e+00 9.776761670431100004e-01 1.207364662023071800e+00 0.000000000000000000e+00
6.355212214920644698e+00 1.950877233270659206e+00 -4.501461429167112578e-06 -1.000000000000000000e+00 -9.797657789082085434e-06 1.512997255650334590e-06 6.622469172676517246e-01 1.115318090295100983e+00 1.000192938735217973e+00 1.236108751079974200e+00 0.000000000000000000e+00
6.360511891451300137e+00 1.949251732294668749e+00 -2.887331305312142894e-06 -1.000000000000000000e+00 -8.808693629244223860e-06 3.385274213571735766e-06 2.647964930591655275e-01 1.103482501529359894e+00 9.891985221804665551e-01 1.223737859307344467e+00 0.000000000000000000e+00
6.365815987436472589e+00 1.947627585711142251e+00 -1.786572685677479068e-06 -1.000000000000000000e+00 -7.843782522563656480e-06 4.764510107492908169e-06 9.609213827174301059e-02 1.126881944285246462e+00 1.009694911707440523e+00 1.248138650377361714e+00 0.000000000000000000e+00
6.371124506561590906e+00 1.946004792391578420e+00 -8.022198522380111350e-08 -1.000000000000000000e+00 -6.115500945127408660e-06 6.948340738187021702e-06 1.760532328205499653e-04 1.120997754220855125e+00 1.004533324204871958e+00 1.241751611484426698e+00 0.000000000000000000e+00
6.376437452515156146e+00 1.944383351208418098e+00 2.115595787423451446e-06 1.000000000000000000e+00 -4.398699408249090676e-06 1.015631971469441350e-05 1.004123877206239968e-01 1.109276220230978938e+00 9.940666883329967174e-01 1.229534342880414188e+00 0.000000000000000000e+00
6.381754828988746020e+00 1.942763261035039601e+00 4.892079065089695607e-06 1.000000000000000000e+00 -3.078875171547816128e-06 1.348525898039973109e-05 3.745232906764641712e-01 1.132268846704947762e+00 1.013923461498275724e+00 1.253563540278263666e+00 0.000000000000000000e+00
6.387076639677015777e+00 1.941144520745761159e+00 7.895814046573028998e-06 1.000000000000000000e+00 -3.907978341547377885e-07 1.569069205839548493e-05 9.949876232427925515e-01 1.137235423227643372e+00 1.019070933313688698e+00 1.258117528081850400e+00 0.000000000000000000e+00
6.392402888277703532e+00 1.939527129215838475e+00 9.295516046430341185e-06 1.000000000000000000e+00 1.989067468887273242e-06 1.713257682571972155e-05 1.645791349726366093e+00 1.127558157821607621e+00 1.010093098152123003e+00 1.248166149246641377e+00 0.000000000000000000e+00
6.397733578491629380e+00 1.937911085321463833e+00 9.757413156702728001e-06 1.000000000000000000e+00 2.715337175260295696e-06 1.762225687532094945e-05 1.914967973782097488e+00 1.130516685403608834e+00 1.012902335710319290e+00 1.250825314873480254e+00 0.000000000000000000e+00
6.403068714022700725e+00 1.936296387939767438e+00 9.395501511347130360e-06 1.000000000000000000e+00 2.237353230549612492e-06 1.730463671325448339e-05 1.734098546820646902e+00 1.146762935376874015e+00 1.027908784107348650e+00 1.267737092549482192e+00 0.000000000000000000e+00
6.408408298577912277e+00 1.934683035948813856e+00 8.340719607514249063e-06 1.000000000000000000e+00 5.799493135751580271e-07 1.640145155732634225e-05 1.235164659604521376e+00 1.172455931031799015e+00 1.054009408587892827e+00 1.295722837321370280e+00 0.000000000000000000e+00
6.413752335867351384e+00 1.933071028227602239e+00 6.584300850145956605e-06 1.000000000000000000e+00 -2.183549935639458117e-06 1.478216817910008497e-05 6.249343900680912611e-01 1.208244630714838230e+00 1.089281906021102309e+00 1.334256443898197864e+00 0.000000000000000000e+00
6.419100829604198033e+00 1.931460363656067436e+00 4.116229440280432002e-06 1.000000000000000000e+00 -4.214921559466453464e-06 1.308253581152041629e-05 2.375751920154556274e-01 1.233153292664887823e+00 1.111835328077626084e+00 1.361217296277844380e+00 0.000000000000000000e+00
6.424453783504729287e+00 1.929851041115075327e+00 2.760610608742749034e-06 1.000000000000000000e+00 -4.794737868336503063e-06 1.175676676452026538e-05 1.316149945419624601e-01 1.239805712547683569e+00 1.119059777755377683e+00 1.367046778787405215e+00 0.000000000000000000e+00
6.429811201288321953e+00 1.928243059486426159e+00 2.306953489128904278e-06 1.000000000000000000e+00 -5.103208759577720323e-06 1.103203037115376841e-05 9.874322934679469199e-02 1.268493829086323466e+00 1.144972737402975227e+00 1.396173711685652297e+00 0.000000000000000000e+00
6.435173086677453469e+00 1.926636417652850763e+00 2.936360259211243986e-06 1.000000000000000000e+00 -4.698147441132046931e-06 1.137309481484724686e-05 1.583814063557014151e-01 1.279566047057012046e+00 1.152904656741652101e+00 1.408830505489404583e+00 0.000000000000000000e+00
6.440539443397706343e+00 1.925031114498011453e+00 4.359960624323763170e-06 1.000000000000000000e+00 -3.563820257541226715e-06 1.221434073827068321e-05 3.281598448051710193e-01 1.263158587733275384e+00 1.138535406402227945e+00 1.392481668048328514e+00 0.000000000000000000e+00
6.445910275177769044e+00 1.923427148906499795e+00 4.081270511827015511e-06 1.000000000000000000e+00 -3.735060327186779881e-06 1.164257199958509382e-05 3.124179648249452157e-01 1.292682126291459177e+00 1.165348741376468489e+00 1.420590225426695774e+00 0.000000000000000000e+00
6.451285585749439555e+00 1.921824519763838390e+00 3.172646943806780299e-06 1.000000000000000000e+00 -5.168242891629737411e-06 1.055108325023910606e-05 1.730727390332305049e-01 1.316854205534022215e+00 1.188862150876477619e+00 1.442856553133447850e+00 0.000000000000000000e+00
6.456665378847628034e+00 1.920223225956476210e+00 8.196191541537290467e-07 1.000000000000000000e+00 -8.153107524573342731e-06 8.851740823995146669e-06 9.628119457644856993e-03 1.328465723851345537e+00 1.200125306260808822e+00 1.454070671955389749e+00 0.000000000000000000e+00
6.462049658210359482e+00 1.918623266371792813e+00 -4.142985715215315706e-06 -1.000000000000000000e+00 -1.200225252766613435e-05 4.563832731354874272e-06 2.620113188827417616e-01 1.386248883721927783e+00 1.260295958589256804e+00 1.513034511896516943e+00 0.000000000000000000e+00
6.467438427578775517e+00 1.917024639898092353e+00 -7.745634172834832160e-06 -1.000000000000000000e+00 -1.424020413221582633e-05 1.809315877549237846e-08 1.076366979807303892e+00 1.389252644800293979e+00 1.262544207992775558e+00 1.516930496973043718e+00 0.000000000000000000e+00
6.472831690697137930e+00 1.915427345424606687e+00 -1.037858660049071046e-05 -1.000000000000000000e+00 -1.789531781794370243e-05 -3.754498783224512583e-06 2.366442689069799599e+00 1.408075360843821233e+00 1.281855252759640518e+00 1.535700266643172274e+00 0.000000000000000000e+00
6.478229451312831344e+00 1.913831381841492263e+00 -1.316886386859417502e-05 -1.000000000000000000e+00 -1.983597330373048433e-05 -6.806635730905204620e-06 3.956890531902800490e+00 1.443926617971026838e+00 1.318916922185173979e+00 1.572438257661591177e+00 0.000000000000000000e+00
6.483631713176364109e+00 1.912236748039830792e+00 -1.322593787220409770e-05 -1.000000000000000000e+00 -1.822991157501440115e-05 -7.369134461140108415e-06 4.453589270323163873e+00 1.415593734722033314e+00 1.289745415315512123e+00 1.544424567129170978e+00 0.000000000000000000e+00
6.489038480041373624e+00 1.910643442911627687e+00 -1.274415122913808914e-05 -1.000000000000000000e+00 -1.720150146409751444e-05 -7.114861259765725857e-06 4.468254275070052017e+00 1.415415828167603252e+00 1.289600290571144336e+00 1.544178699193663684e+00 0.000000000000000000e+00
6.494449755664626345e+00 1.909051465349812737e+00 -1.220596099969225566e-05 -1.000000000000000000e+00 -1.696467598682397702e-05 -6.664626340249739135e-06 4.292500220480079065e+00 1.440635451746805185e+00 1.315142172601635462e+00 1.569518629468838133e+00 0.000000000000000000e+00
6.499865543806021329e+00 1.907460814248235881e+00 -1.065834662963704219e-05 -1.000000000000000000e+00 -1.612634800253735128e-05 -5.084869512108006607e-06 3.439573771486848841e+00 1.407098385788256190e+00 1.280612988207456171e+00 1.537397270769138569e+00 0.000000000000000000e+00
6.505285848228594681e+00 1.905871488501671207e+00 -9.800823471685105184e-06 -1.000000000000000000e+00 -1.608230092417056758e-05 -4.168524498931475903e-06 2.934832928380245676e+00 1.392177870848482657e+00 1.266583728659337549e+00 1.521667473443784724e+00 0.000000000000000000e+00
6.510710672698518664e+00 1.904283487005811404e+00 -9.595904566828429290e-06 -1.000000000000000000e+00 -1.648092554481836634e-05 -3.778405142089536805e-06 2.688480158140635012e+00 1.387356281816286785e+00 1.260983642814463623e+00 1.517451399165994363e+00 0.000000000000000000e+00
6.516140020985107917e+00 1.902696808657271088e+00 -1.035000876215766695e-05 -1.000000000000000000e+00 -1.702092159631765509e-05 -4.172971144215023593e-06 2.812877670329257285e+00 1.419431402855398483e+00 1.291258619499678018e+00 1.550499191607135563e+00 0.000000000000000000e+00
6.521573896860818564e+00 1.901111452353583031e+00 -1.012626153612568037e-05 -1.000000000000000000e+00 -1.646715903022533565e-05 -3.522942596105850862e-06 2.457495187378214041e+00 1.418680235229337283e+00 1.290765843310244021e+00 1.549953929935101948e+00 0.000000000000000000e+00
6.527012304101254436e+00 1.899527416993199491e+00 -9.061148220752257961e-06 -1.000000000000000000e+00 -1.562390823878631260e-05 -1.917435818683068299e-06 1.803351553861944012e+00 1.415609705383847894e+00 1.286250457286766125e+00 1.548330014487756090e+00 0.000000000000000000e+00
6.532455246485166178e+00 1.897944701475490215e+00 -6.419633128379462519e-06 -1.000000000000000000e+00 -1.420163488483506143e-05 2.807084611693631850e-07 1.046956243103451811e+00 1.396497520126674052e+00 1.267429869263922093e+00 1.529498316771918942e+00 0.000000000000000000e+00
6.537902727794456581e+00 1.896363304700741548e+00 -4.365346376717010888e-06 -1.000000000000000000e+00 -1.182697234336781448e-05 2.338690606416970776e-06 5.095431718695522250e-01 1.363056554053242220e+00 1.234369252282439655e+00 1.494217979468575486e+00 0.000000000000000000e+00
6.543354751814182357e+00 1.894783225570156437e+00 -3.552987118747421213e-06 -1.000000000000000000e+00 -1.037622738979149215e-05 3.212575424209318526e-06 3.379313322491555027e-01 1.362699423821190026e+00 1.232632382789970338e+00 1.495173842989995006e+00 0.000000000000000000e+00
6.548811322332555918e+00 1.893204462985853986e+00 -3.708797779909389456e-06 -1.000000000000000000e+00 -1.027890423599137347e-05 3.214471091190920112e-06 3.511552796731507442e-01 1.381690545116276425e+00 1.251833584846319791e+00 1.514960235163193225e+00 0.000000000000000000e+00
6.554272443140948923e+00 1.891627015850867455e+00 -4.059799642946919991e-06 -1.000000000000000000e+00 -1.052328645958467446e-05 3.099072933570375544e-06 3.914745760398972152e-01 1.383916575257879478e+00 1.253447758332342898e+00 1.517731474683603921e+00 0.000000000000000000e+00
6.559738118033894949e+00 1.890050883069143817e+00 -5.248712757422988602e-06 -1.000000000000000000e+00 -1.157598712132108475e-05 2.194167698056183299e-06 5.969875907676538418e-01 1.420933646203627276e+00 1.289850568033689582e+00 1.554840458968672401e+00 0.000000000000000000e+00
6.565208350809092153e+00 1.888476063545543981e+00 -5.450826144370994020e-06 -1.000000000000000000e+00 -1.187995828986712919e-05 2.305658265890180296e-06 5.984474632122669391e-01 1.429492774610207961e+00 1.297440420177623510e+00 1.564161213683737062e+00 0.000000000000000000e+00
6.570683145267405045e+00 1.886902556185840796e+00 -4.229818345770424414e-06 -1.000000000000000000e+00 -1.128931039629289687e-05 3.858105637254484668e-06 3.440726023298026348e-01 1.421542800116249561e+00 1.288896854202164155e+00 1.556727640527121537e+00 0.000000000000000000e+00
6.576162505212867160e+00 1.885330359896719488e+00 -1.149975790908886528e-06 -1.000000000000000000e+00 -8.549721803317100402e-06 7.273836616701867147e-06 2.511698077312018995e-02 1.386557842331895829e+00 1.254019444869523880e+00 1.523237876775636490e+00 0.000000000000000000e+00
6.581646434452685490e+00 1.883759473585775446e+00 2.154739483946323910e-06 1.000000000000000000e+00 -5.372036366524655146e-06 1.090377286144791888e-05 8.717502293018242199e-02 1.381008812058601043e+00 1.247330038624776760e+00 1.519810669253783386e+00 0.000000000000000000e+00
6.587134936797241380e+00 1.882189896161514886e+00 6.696275459108663074e-06 1.000000000000000000e+00 -1.164515195551038754e-06 1.585138664434513269e-05 8.356528825153333173e-01 1.342489155909444509e+00 1.210158518295599173e+00 1.478756103429912150e+00 0.000000000000000000e+00
6.592628016060094076e+00 1.880621626533353297e+00 1.041902127897265810e-05 1.000000000000000000e+00 2.175901745477494998e-06 1.992623282791380760e-05 1.969010775016428738e+00 1.348441458549084926e+00 1.216863898310780900e+00 1.485030123880516584e+00 0.000000000000000000e+00
6.598125676057981615e+00 1.879054663611614329e+00 1.510003635673727655e-05 1.000000000000000000e+00 6.400479668879238308e-06 2.504272319562131003e-05 4.032059396197524848e+00 1.311169466292933850e+00 1.179638892674314432e+00 1.448501133201506752e+00 0.000000000000000000e+00
6.603627920610826152e+00 1.877489006307530905e+00 1.955998019444992936e-05 1.000000000000000000e+00 1.048319393455871572e-05 2.987463440096836160e-05 6.550453409923804315e+00 1.275892019155854706e+00 1.147678058631384834e+00 1.410912446637050843e+00 0.000000000000000000e+00
6.609134753541735741e+00 1.875924653533241671e+00 2.363880023551618765e-05 1.000000000000000000e+00 1.416657575193680811e-05 3.434856462778782682e-05 9.221855623957097237e+00 1.243718540997586164e+00 1.114728926355845973e+00 1.378697276146550355e+00 0.000000000000000000e+00
6.614646178677005217e+00 1.874361604201792542e+00 2.782196188009180182e-05 1.000000000000000000e+00 1.792688948755577551e-05 3.898816884008879461e-05 1.226105050104271754e+01 1.193931551849403139e+00 1.064405788438093969e+00 1.327055503204623399e+00 0.000000000000000000e+00
6.620162199846120643e+00 1.872799857227134490e+00 3.062124946589070445e-05 1.000000000000000000e+00 2.025980425282890236e-05 4.231964599799856923e-05 1.382213339331504187e+01 1.202970701397488629e+00 1.075025416460035466e+00 1.333594887632825854e+00 0.000000000000000000e+00
6.625682820881761970e+00 1.871239411524124430e+00 3.341409781228022992e-05 1.000000000000000000e+00 2.251998027279861905e-05 4.525344208553587152e-05 1.499041760318495164e+01 1.221270696397463551e+00 1.093224784854996745e+00 1.353673519998167318e+00 0.000000000000000000e+00
6.631208045619805702e+00 1.869680266008521441e+00 3.431010562264232098e-05 1.000000000000000000e+00 2.353980318916358149e-05 4.630152090380707051e-05 1.559583082568603629e+01 1.248776034615706854e+00 1.119084987851806101e+00 1.385140038838969634e+00 0.000000000000000000e+00
6.636737877899325788e+00 1.868122419596990769e+00 3.536401879638164227e-05 1.000000000000000000e+00 2.449299194641428568e-05 4.748238703899283888e-05 1.647278385916270338e+01 1.245601005809215511e+00 1.116287048015053074e+00 1.381368965914631763e+00 0.000000000000000000e+00
6.642272321562598059e+00 1.866565871207098271e+00 3.636137172916387541e-05 1.000000000000000000e+00 2.536205961542686518e-05 4.866735742243685558e-05 1.722954541196162381e+01 1.229180205966979189e+00 1.099419839127193210e+00 1.364080558283067957e+00 0.000000000000000000e+00
6.647811380455102892e+00 1.865010619757312416e+00 3.738428279569097818e-05 1.000000000000000000e+00 2.612614979153587489e-05 5.004766107033768903e-05 1.759693946904185680e+01 1.214192363897844684e+00 1.083395147148017434e+00 1.348329559595318194e+00 0.000000000000000000e+00
6.653355058425526991e+00 1.863456664167002952e+00 3.845039701474353558e-05 1.000000000000000000e+00 2.671719510734578841e-05 5.171220270126039456e-05 1.724356845383194070e+01 1.221565115553026049e+00 1.090118892721576138e+00 1.355617284089972729e+00 0.000000000000000000e+00
6.658903359325766047e+00 1.861904003356439352e+00 3.990041329080393819e-05 1.000000000000000000e+00 2.779659686513980441e-05 5.252600831537485580e-05 1.671713495169375108e+01 1.237480485890770643e+00 1.105195944709714162e+00 1.372432898958585668e+00 0.000000000000000000e+00
6.664456287010930069e+00 1.860352636246791480e+00 3.823496594145582979e-05 1.000000000000000000e+00 2.702064794049181015e-05 5.075016411662557677e-05 1.537591658658963922e+01 1.277161497021808589e+00 1.144347549208550419e+00 1.414996901851748978e+00 0.000000000000000000e+00
6.670013845339340719e+00 1.858802561760127592e+00 3.740449986821745270e-05 1.000000000000000000e+00 2.618131592690554251e-05 4.999293221391733861e-05 1.437028675287010060e+01 1.282257990166704609e+00 1.150184813676523810e+00 1.418630941319624306e+00 0.000000000000000000e+00
6.675576038172540194e+00 1.857253778819414780e+00 3.628640819922309172e-05 1.000000000000000000e+00 2.483518534087367257e-05 4.919545791757155655e-05 1.262063624585992727e+01 1.313610042066645889e+00 1.180535971874691059e+00 1.452476572195975146e+00 0.000000000000000000e+00
6.681142869375288562e+00 1.855706286348516532e+00 3.587847837384031412e-05 1.000000000000000000e+00 2.380972954685437365e-05 4.946091820260354059e-05 1.091198445368692660e+01 1.349978219798181334e+00 1.216384283293239887e+00 1.489947676318428949e+00 0.000000000000000000e+00
6.686714342815570866e+00 1.854160083272192949e+00 3.690848591275041831e-05 1.000000000000000000e+00 2.442654674586481586e-05 4.984163555482973805e-05 1.037785643457834794e+01 1.334900996484352342e+00 1.201814348564813395e+00 1.473769077900872970e+00 0.000000000000000000e+00
6.692290462364595349e+00 1.852615168516101862e+00 3.515459743921201679e-05 1.000000000000000000e+00 2.377331144672804102e-05 4.782637364727304683e-05 9.365478222600629010e+00 1.358903818716851619e+00 1.224269276442637944e+00 1.499472099003537284e+00 0.000000000000000000e+00
6.697871231896799671e+00 1.851071541006794829e+00 3.384284094789517426e-05 1.000000000000000000e+00 2.182643293582133871e-05 4.651825816113721337e-05 8.325932494006636375e+00 1.377519540825577593e+00 1.242300227379376398e+00 1.518081893060677423e+00 0.000000000000000000e+00
6.703456655289853572e+00 1.849529199671717139e+00 3.113347459133135081e-05 1.000000000000000000e+00 1.915670593991858643e-05 4.472485377173209171e-05 7.435034704926295035e+00 1.387822127082316559e+00 1.253358225631350242e+00 1.528180027640759997e+00 0.000000000000000000e+00
6.709046736424657986e+00 1.847988143439209141e+00 2.936002666129268392e-05 1.000000000000000000e+00 1.828606102311781370e-05 4.174884100182979578e-05 7.151118284518773294e+00 1.374688512753232006e+00 1.240402275734127313e+00 1.514811733610458067e+00 0.000000000000000000e+00
6.714641479185352146e+00 1.846448371238503361e+00 2.751952242296343553e-05 1.000000000000000000e+00 1.673079408847849624e-05 3.936647912404562968e-05 6.548385146298016934e+00 1.386409585669453159e+00 1.252233075554550101e+00 1.527385749268739934e+00 0.000000000000000000e+00
6.720240887459313583e+00 1.844909881999724721e+00 2.613974092255744319e-05 1.000000000000000000e+00 1.431930346550551649e-05 3.769530172725792214e-05 5.774340106794923599e+00 1.390375301074786574e+00 1.255630429542438531e+00 1.531756564966435086e+00 0.000000000000000000e+00
6.725844965137160791e+00 1.843372674653889876e+00 2.157451252895880867e-05 1.000000000000000000e+00 1.062476276577566347e-05 3.424601139517092314e-05 4.525779293631813971e+00 1.422422779301722562e+00 1.286439504401954981e+00 1.564320656725493919e+00 0.000000000000000000e+00
6.731453716112758556e+00 1.841836748132905655e+00 1.822036621397062206e-05 1.000000000000000000e+00 8.224599520695985745e-06 2.977092849222269373e-05 3.621574565376576516e+00 1.430482596874935730e+00 1.293916401389760606e+00 1.572481263468837653e+00 0.000000000000000000e+00
6.737067144283217068e+00 1.840302101369569288e+00 1.665226149132218589e-05 1.000000000000000000e+00 7.030703735301503893e-06 2.749053251351811665e-05 3.187637457974588528e+00 1.384429517673657850e+00 1.249788326469519761e+00 1.524870789077321653e+00 0.000000000000000000e+00
6.742685253548897251e+00 1.838768733297566405e+00 1.490095385932616163e-05 1.000000000000000000e+00 5.025960519507410287e-06 2.525526817221964454e-05 2.507912171947069169e+00 1.355961401882492812e+00 1.222219582714655139e+00 1.493147838487943302e+00 0.000000000000000000e+00
6.748308047813412536e+00 1.837236642851472368e+00 1.146909798624114532e-05 1.000000000000000000e+00 1.368213012669450016e-06 2.216905374525769229e-05 1.475763836841863963e+00 1.370141161607248304e+00 1.236239769026230562e+00 1.508393051994929124e+00 0.000000000000000000e+00
6.753935530983630642e+00 1.835705828966748943e+00 7.043849764379781520e-06 1.000000000000000000e+00 -1.695894286416773202e-06 1.754931541283374073e-05 7.032936783521108737e-01 1.394478899636023783e+00 1.260805383379919986e+00 1.534353385010809756e+00 0.000000000000000000e+00
6.759567706969678902e+00 1.834176290579746293e+00 4.037861751043460175e-06 1.000000000000000000e+00 -4.427453832720028603e-06 1.349263339866235904e-05 2.676070447340492819e-01 1.411732611066317977e+00 1.276387856532866127e+00 1.554207024417102012e+00 0.000000000000000000e+00
6.765204579684944264e+00 1.832648026627699211e+00 1.226364793413183201e-06 1.000000000000000000e+00 -7.955018346934104038e-06 1.019695187297446806e-05 2.601216140773487950e-02 1.446710687375510895e+00 1.309247401412329870e+00 1.591998308297124520e+00 0.000000000000000000e+00
6.770846153046076843e+00 1.831121036048729556e+00 -1.619762667217348581e-06 -1.000000000000000000e+00 -1.112493200526875672e-05 7.486440948192517783e-06 2.911992755920778109e-02 1.467590928370033465e+00 1.326622778919521073e+00 1.616217994881417930e+00 0.000000000000000000e+00
6.776492430972993475e+00 1.829595317781842700e+00 -4.899455891601922401e-06 -1.000000000000000000e+00 -1.286461168549144044e-05 4.396421478574174986e-06 3.072212344602576195e-01 1.507875357964568064e+00 1.364477513999038605e+00 1.656925655988692458e+00 0.000000000000000000e+00
6.782143417388880380e+00 1.828070870766929312e+00 -5.856077244525002635e-06 -1.000000000000000000e+00 -1.318163611057656098e-05 2.657172935256863081e-06 5.459368770900141499e-01 1.507180843109063417e+00 1.364955898978011728e+00 1.655114014822451241e+00 0.000000000000000000e+00
6.787799116220194051e+00 1.826547693944761797e+00 -6.092897355253839229e-06 -1.000000000000000000e+00 -1.366706609739131665e-05 1.728914331796246627e-06 6.974181110901866987e-01 1.491533361085126241e+00 1.348279300979921658e+00 1.641489944822263070e+00 0.000000000000000000e+00
6.793459531396665696e+00 1.825025786256996740e+00 -6.593539633243587768e-06 -1.000000000000000000e+00 -1.434805779724095209e-05 1.559087559290654597e-06 7.307432830368156829e-01 1.441349959341357456e+00 1.302233890901191238e+00 1.589270658004041659e+00 0.000000000000000000e+00
6.799124666851304788e+00 1.823505146646170916e+00 -9.037210201539588473e-06 -1.000000000000000000e+00 -1.645283591166482915e-05 -2.122381727066298640e-07 1.175464440570380020e+00 1.452005409342925324e+00 1.312162371689630458e+00 1.600529993779888027e+00 0.000000000000000000e+00
6.804794526520399067e+00 1.821985774055703944e+00 -1.126986120948869532e-05 -1.000000000000000000e+00 -1.799047300510787575e-05 -2.516171881904450457e-06 1.869734889710684911e+00 1.462945027146930865e+00 1.321937004822481887e+00 1.611699483397170951e+00 0.000000000000000000e+00
6.810469114343518982e+00 1.820467667429894965e+00 -1.266477653948284857e-05 -1.000000000000000000e+00 -1.982963761945642629e-05 -4.782172947500209321e-06 2.686009941197553985e+00 1.468528701011737603e+00 1.328090160765031280e+00 1.615529851576392950e+00 0.000000000000000000e+00
6.816148434263521239e+00 1.818950825713921748e+00 -1.535281553274514400e-05 -1.000000000000000000e+00 -4.030809130681361238e-05 -6.925762317137233135e-06 3.694404887769806578e+00 1.485526388740112891e+00 1.343214624855561423e+00 1.635121155371017432e+00 0.000000000000000000e+00
6.821832490226549695e+00 1.817435247853842917e+00 -2.204994205028628133e-05 -1.000000000000000000e+00 -5.402799635455307121e-05 -1.229651563562819520e-05 5.698248298975173043e+00 1.545754152996922093e+00 1.403892714531483232e+00 1.706144850405545421e+00 0.000000000000000000e+00
6.827521286182038907e+00 1.815920932796593723e+00 -3.110872726210184638e-05 -1.000000000000000000e+00 0.000000000000000000e+00 0.000000000000000000e+00 0.000000000000000000e+00 1.584920388843056305e+00 0.000000000000000000e+00 0.000000000000000000e+00 1.000000000000000000e+00
6.833214826082717686e+00 1.814407879489987385e+00 -2.841907945813697980e-05 -1.000000000000000000e+00 0.000000000000000000e+00 0.000000000000000000e+00 0.000000000000000000e+00 1.639051015745992768e+00 0.000000000000000000e+00 0.000000000000000000e+00 1.000000000000000000e+00
6.838913113884609984e+00 1.812896086882713975e+00 -2.255266740677637664e-05 -1.000000000000000000e+00 0.000000000000000000e+00 0.000000000000000000e+00 0.000000000000000000e+00 1.607080005520187260e+00 0.000000000000000000e+00 0.000000000000000000e+00 1.000000000000000000e+00
6.844616153547039339e+00 1.811385553924339531e+00 -2.263929271732956016e-05 -1.000000000000000000e+00 0.000000000000000000e+00 0.000000000000000000e+00 0.000000000000000000e+00 1.616809304154684268e+00 0.000000000000000000e+00 0.000000000000000000e+00 1.000000000000000000e+00
6.850323949032630644e+00 1.809876279565305390e+00 -2.317668787684483322e-05 -1.000000000000000000e+00 -3.724329263541964230e-05 -8.224844917411368113e-06 3.761006465025005241e+00 1.563656475174629579e+00 1.416583372008169306e+00 1.720469390196966319e+00 0.000000000000000000e+00
6.856036504307313706e+00 1.808368262756926637e+00 -2.954966133959230283e-05 -1.000000000000000000e+00 0.000000000000000000e+00 0.000000000000000000e+00 0.000000000000000000e+00 1.603948517104430760e+00 0.000000000000000000e+00 0.000000000000000000e+00 1.000000000000000000e+00
6.861753823340325908e+00 1.806861502451392543e+00 -1.006879233452924100e-05 -1.000000000000000000e+00 -1.803644595364733980e-05 -1.521923987615209846e-06 1.575555485545336865e+00 1.547114941234553509e+00 1.470847625457419872e+00 1.703345414209598507e+00 0.000000000000000000e+00
6.867475910104213099e+00 1.805355997601766127e+00 -1.005169081119097169e-05 -1.000000000000000000e+00 -1.756762744210961069e-05 -1.387686049809713491e-06 1.530391621376580247e+00 1.581877014260331782e+00 1.430457044991568560e+00 1.741034639463253209e+00 0.000000000000000000e+00
6.873202768574835808e+00 1.803851747161981711e+00 -9.457008489921491407e-06 -1.000000000000000000e+00 -1.663309182709547939e-05 -1.008287039247632031e-06 1.415621502906574847e+00 1.561634624020466156e+00 1.411804724131698441e+00 1.719795252932855290e+00 0.000000000000000000e+00
6.878934402731368358e+00 1.802348750086846252e+00 -1.001341822357541262e-05 -1.000000000000000000e+00 -1.684130043014833589e-05 -1.942793505543103871e-06 1.706525552013644642e+00 1.589212210703269568e+00 1.435949552200218804e+00 1.750329853615216980e+00 0.000000000000000000e+00
6.884670816556305084e+00 1.800847005332036233e+00 -9.697023897887977086e-06 -1.000000000000000000e+00 -1.620203240891376038e-05 -1.927643327756984153e-06 1.703724003708245505e+00 1.563639354774540191e+00 1.410453558210479574e+00 1.725767423032600334e+00 0.000000000000000000e+00
6.890412014035459443e+00 1.799346511854099884e+00 -9.644555674817616224e-06 -1.000000000000000000e+00 -1.595470694577512323e-05 -1.919546617199423760e-06 1.692650524878729357e+00 1.557697488475905390e+00 1.406075881387872428e+00 1.718646370749081109e+00 0.000000000000000000e+00
6.896157999157970231e+00 1.797847268610453630e+00 -8.947943969880223149e-06 -1.000000000000000000e+00 -1.570845138136812746e-05 -1.252281285615884052e-06 1.474258661339590049e+00 1.544170151750496878e+00 1.391708856106618875e+00 1.706635016760295054e+00 0.000000000000000000e+00
6.901908775916301586e+00 1.796349274559382980e+00 -8.121372849662461028e-06 -1.000000000000000000e+00 -1.515726819780562941e-05 -2.619625188055604934e-07 1.189541641369643798e+00 1.539103713638049431e+00 1.386399633293773359e+00 1.702033920571407011e+00 0.000000000000000000e+00
6.907664348306248314e+00 1.794852528660041413e+00 -6.927329561432295674e-06 -1.000000000000000000e+00 -1.387512360035259059e-05 1.322846113454738265e-06 8.133892140732967846e-01 1.529246013351953870e+00 1.377137055254511022e+00 1.691431250069399539e+00 0.000000000000000000e+00
6.913424720326936779e+00 1.793357029872449937e+00 -5.228261307851513668e-06 -1.000000000000000000e+00 -1.273122151660429182e-05 3.615143516328765893e-06 4.250415634218711602e-01 1.517661961950488969e+00 1.365466513788727854e+00 1.679860503660148385e+00 0.000000000000000000e+00
6.919189895980827565e+00 1.791862777157495312e+00 -2.950075977457115652e-06 -1.000000000000000000e+00 -1.138834411816662328e-05 6.442607348729672217e-06 1.231561507639327147e-01 1.502359240193248402e+00 1.351321327844653419e+00 1.663044712130194336e+00 0.000000000000000000e+00
6.924959879273719920e+00 1.790369769476931161e+00 -1.053251165557616747e-06 -1.000000000000000000e+00 -1.017132121032129230e-05 8.440400652341934433e-06 1.385066134388068804e-02 1.521230679134877084e+00 1.369456617462066150e+00 1.682984122202598076e+00 0.000000000000000000e+00
6.930734674214753532e+00 1.788878005793375303e+00 1.909577575806172470e-06 1.000000000000000000e+00 -7.537893813406350262e-06 1.092567416170295183e-05 4.302484011320473201e-02 1.478338391258003259e+00 1.327299675105442889e+00 1.638442747764236929e+00 0.000000000000000000e+00
6.936514284816411191e+00 1.787387485070310644e+00 2.802774869735640786e-06 1.000000000000000000e+00 -6.374571206537162751e-06 1.186282513663389476e-05 1.161978879661518249e-01 1.472288647976284448e+00 1.321648595137796978e+00 1.631685055181142152e+00 0.000000000000000000e+00
6.942298715094520567e+00 1.785898206272082511e+00 3.120090122061371720e-06 1.000000000000000000e+00 -6.218524103412763948e-06 1.222841386660060290e-05 1.411427522498343023e-01 1.457041957131505638e+00 1.305433787504699295e+00 1.616714610450912026e+00 0.000000000000000000e+00
6.948087969068260428e+00 1.784410168363900873e+00 2.892915801821381727e-06 1.000000000000000000e+00 -6.857462331077615146e-06 1.214455202195939956e-05 1.003718383254437185e-01 1.432986560430054679e+00 1.278272409356090433e+00 1.593998240417522805e+00 0.000000000000000000e+00
6.953882050760158862e+00 1.782923370311836564e+00 1.073906328495304508e-06 1.000000000000000000e+00 -8.338837794748256394e-06 1.106779543389679528e-05 1.192078228842774479e-02 1.425372352210008575e+00 1.270518439414662470e+00 1.585667998774327403e+00 0.000000000000000000e+00
6.959680964196100383e+00 1.781437811082822398e+00 -8.762882318583154880e-07 -1.000000000000000000e+00 -9.394347505174633470e-06 9.416415504880110092e-06 9.326745796741420236e-03 1.406994974553606781e+00 1.249722779064024403e+00 1.569407593658128874e+00 0.000000000000000000e+00
6.965484713405325046e+00 1.779953489644652054e+00 -2.661032620098790909e-06 -1.000000000000000000e+00 -1.057263761145256162e-05 7.044839893541115623e-06 9.934193943657021464e-02 1.410327141919529570e+00 1.249632717646583124e+00 1.576275427144299357e+00 0.000000000000000000e+00
6.971293302420433768e+00 1.778470404965979412e+00 -3.977815917135968573e-06 -1.000000000000000000e+00 -1.190162745687340211e-05 5.032258423295625227e-06 2.483816824515940880e-01 1.420454030132775047e+00 1.259472208757896450e+00 1.586793963183817713e+00 0.000000000000000000e+00
6.977106735277391003e+00 1.776988556016316556e+00 -5.061020760938251873e-06 -1.000000000000000000e+00 -1.296231101915053705e-05 4.179287889772179331e-06 3.365712181326330210e-01 1.396797152077549731e+00 1.234521155872043918e+00 1.563927395602087378e+00 0.000000000000000000e+00
6.982925016015525621e+00 1.775507941766035547e+00 -6.712643425984471862e-06 -1.000000000000000000e+00 -1.464330095100207672e-05 3.148961123409816932e-06 5.016621935407385990e-01 1.385306507728047309e+00 1.223530623822807861e+00 1.551375434543339260e+00 0.000000000000000000e+00
6.988748148677535355e+00 1.774028561186365982e+00 -8.609552476000408792e-06 -1.000000000000000000e+00 -1.693478491049015059e-05 2.165181054646647956e-06 7.144660449314699235e-01 1.364655555801072451e+00 1.198732194735649070e+00 1.533149045278158873e+00 0.000000000000000000e+00
6.994576137309488573e+00 1.772550413249394330e+00 -1.005229306956708140e-05 -1.000000000000000000e+00 -1.872359966528996874e-05 1.299175342502425118e-06 9.152918158434317775e-01 1.336840220428038073e+00 1.171677446358985186e+00 1.507914144944255685e+00 0.000000000000000000e+00
7.000408985960828723e+00 1.771073496928063928e+00 -1.037044906947663123e-05 -1.000000000000000000e+00 -1.836300219180791971e-05 3.308311529631660365e-07 1.099913684082082455e+00 1.342018402318990944e+00 1.176730647871327085e+00 1.512827878475746290e+00 0.000000000000000000e+00
7.006246698684376106e+00 1.769597811196173431e+00 -7.674856494619920476e-06 -1.000000000000000000e+00 -1.501210590690740422e-05 1.989557210285349280e-06 7.471982073805065738e-01 1.275957792854085060e+00 1.116492638880803190e+00 1.443748582142379444e+00 0.000000000000000000e+00
7.012089279536330544e+00 1.768123355028376364e+00 -6.177436418266869697e-06 -1.000000000000000000e+00 -1.326095783254356232e-05 2.654608008931723747e-06 5.900163818755714829e-01 1.270346053473180969e+00 1.111279346954358038e+00 1.438181615706935368e+00 0.000000000000000000e+00
7.017936732576273151e+00 1.766650127400181791e+00 -4.213147339854839454e-06 -1.000000000000000000e+00 -1.128498660232055099e-05 4.052379638423872636e-06 3.235381839578934660e-01 1.226785673930724130e+00 1.071938018653475710e+00 1.390818788792894223e+00 0.000000000000000000e+00
7.023789061867172556e+00 1.765178127287950538e+00 -2.949690278882956456e-06 -1.000000000000000000e+00 -1.014098297425189600e-05 5.046971651270321137e-06 1.781660683584505023e-01 1.199066783166568673e+00 1.042033044689359755e+00 1.362994063768283359e+00 0.000000000000000000e+00
7.029646271475383124e+00 1.763707353668898525e+00 -2.533914732358782056e-06 -1.000000000000000000e+00 -1.001689337625509104e-05 5.295119753914886534e-06 1.382583539702579856e-01 1.196552726707081904e+00 1.039334452068005898e+00 1.359746295524499660e+00 0.000000000000000000e+00
7.035508365470652059e+00 1.762237805521092104e+00 -1.642564778215594959e-06 -1.000000000000000000e+00 -9.531453991144366389e-06 6.270836034404475399e-06 5.890960575904102825e-02 1.141827841062199589e+00 9.836608043211362284e-01 1.301492903395632617e+00 0.000000000000000000e+00
7.041375347926120298e+00 1.760769481823449834e+00 -1.475687929141764363e-06 -1.000000000000000000e+00 -9.930250731949923445e-06 6.766132263981009990e-06 4.483183592084571956e-02 1.114291363666183754e+00 9.503470454550718705e-01 1.276835966412940060e+00 0.000000000000000000e+00
7.047247222918324283e+00 1.759302381555740702e+00 -1.602307428806776164e-06 -1.000000000000000000e+00 -1.021626881770202068e-05 7.140398927450175446e-06 4.717145835527958297e-02 1.098616352435646037e+00 9.338655431598483769e-01 1.260789313678578605e+00 0.000000000000000000e+00
7.053123994527200402e+00 1.757836503698584130e+00 -2.136975422252228655e-06 -1.000000000000000000e+00 -1.039097999499817007e-05 7.222517552792176577e-06 7.225353609459261861e-02 1.114070061891789143e+00 9.474091222101586052e-01 1.278626509313995907e+00 0.000000000000000000e+00
7.059005666836087656e+00 1.756371847233449524e+00 -1.209310219081102049e-06 -1.000000000000000000e+00 -9.316603942524470081e-06 9.030754133426199405e-06 2.039207458224723268e-02 1.090088799875534642e+00 9.226468051349274724e-01 1.254065029196781644e+00 0.000000000000000000e+00
7.064892243931729432e+00 1.754908411142653613e+00 1.175711660597306218e-06 1.000000000000000000e+00 -7.485571958241411255e-06 1.233493127289304228e-05 1.738072486723751808e-02 1.038074966946742395e+00 8.759662730600820124e-01 1.204370977540444532e+00 0.000000000000000000e+00
7.070783729904277948e+00 1.753446194409361780e+00 4.900100011992851401e-06 1.000000000000000000e+00 -4.518469051339243987e-06 1.641443038081032127e-05 2.878974874893458491e-01 9.456173216764033329e-01 7.916439485643531615e-01 1.116571437924405608e+00 0.000000000000000000e+00
7.076680128847296025e+00 1.751985196017586288e+00 6.333885072353199707e-06 1.000000000000000000e+00 -3.157268351208724484e-06 1.731714846540425380e-05 4.829363282085807896e-01 9.227928699031880955e-01 7.736146704460924450e-01 1.089339824849613336e+00 0.000000000000000000e+00
7.082581444857760644e+00 1.750525414952186498e+00 6.276711151823350628e-06 1.000000000000000000e+00 -2.892459899262244953e-06 1.712184620330819390e-05 5.115051422350376242e-01 9.074016042542206728e-01 7.570089237254713499e-01 1.075109752841417299e+00 0.000000000000000000e+00
7.088487682036063831e+00 1.749066850198867318e+00 5.087815582816912245e-06 1.000000000000000000e+00 -3.665777812950266885e-06 1.590118676288414183e-05 3.823133181743116893e-01 8.880031886014605469e-01 7.411152908317971688e-01 1.049113583651425596e+00 0.000000000000000000e+00
7.094398844486017985e+00 1.747609500744178535e+00 2.671589627143984728e-06 1.000000000000000000e+00 -5.958213769432434302e-06 1.265789159954905617e-05 1.190687570259285621e-01 9.020221177719792705e-01 7.538393014068264231e-01 1.064377121709353835e+00 0.000000000000000000e+00
7.100314936314857661e+00 1.746153365575515037e+00 -3.546515032394565470e-07 -1.000000000000000000e+00 -9.423802907261216434e-06 8.902910956160323285e-06 2.232286882602352307e-03 9.452499266877644191e-01 7.907013529598370116e-01 1.115767042781731444e+00 0.000000000000000000e+00
7.106235961633242226e+00 1.744698443681114597e+00 -3.907123864202208361e-06 -1.000000000000000000e+00 -1.301847524744435566e-05 5.788829136040583233e-06 1.822991236969500051e-01 9.645739867689020475e-01 8.082489226611813127e-01 1.137410171826490846e+00 0.000000000000000000e+00
7.112161924555259418e+00 1.743244734050058975e+00 -5.028889279925632529e-06 -1.000000000000000000e+00 -1.346065331917690823e-05 4.380391969156233116e-06 3.467660745307341585e-01 9.232271196814135772e-01 7.717214696615997127e-01 1.089728573871238337e+00 0.000000000000000000e+00
7.118092829198427118e+00 1.741792235672271039e+00 -4.864477989223351005e-06 -1.000000000000000000e+00 -1.362139218115399742e-05 4.143751536691059868e-06 3.697722280221285018e-01 8.927413923798968032e-01 7.441463511052863744e-01 1.053172470906507785e+00 0.000000000000000000e+00
7.124028679683696907e+00 1.740340947538516092e+00 -4.071973424944071039e-06 -1.000000000000000000e+00 -1.822809203314688676e-05 5.713096741911228219e-06 2.533329893773696995e-01 8.737396652361577587e-01 7.256072820440175875e-01 1.026371326061291223e+00 0.000000000000000000e+00
7.129969480135457616e+00 1.738890868640399878e+00 -3.318193720066389950e-06 -1.000000000000000000e+00 -2.557467943349575520e-05 6.073558723572358001e-06 1.591961129322641000e-01 9.061866809733568617e-01 7.598242981915351857e-01 1.063456827102228219e+00 0.000000000000000000e+00
7.135915234681537100e+00 1.737441997970369245e+00 -1.433018271777249057e-06 -1.000000000000000000e+00 -2.542909462796076435e-05 8.352357506101205695e-06 2.140577033506474436e-02 8.967425235420702911e-01 7.508010484870132339e-01 1.051540390027937866e+00 0.000000000000000000e+00
7.141865947453204910e+00 1.735994334521709703e+00 2.726828637231557525e-06 1.000000000000000000e+00 -7.862210377896940692e-06 1.107153715952335499e-05 6.167942451220653766e-02 8.502427837801056487e-01 7.005808411383813716e-01 1.003146131863032586e+00 0.000000000000000000e+00
7.147821622585176726e+00 1.734547877288545648e+00 4.380064599133426127e-06 1.000000000000000000e+00 -5.564001338992651453e-06 1.263916117187828159e-05 2.610718885696883262e-01 8.451963411853770092e-01 6.925585880862055177e-01 1.000040712568641244e+00 0.000000000000000000e+00
7.153782264215615250e+00 1.733102625265839913e+00 5.251901620560192027e-06 1.000000000000000000e+00 -3.852055040296078141e-06 1.394906246771938032e-05 4.365933472452212527e-01 8.503483285996040753e-01 7.000578393568313018e-01 1.003106531092632370e+00 0.000000000000000000e+00
7.159747876486134643e+00 1.731658577449392222e+00 6.518139069961919054e-06 1.000000000000000000e+00 -2.252544441853731061e-06 1.577544571812353278e-05 6.378249383936775985e-01 8.155846912434018270e-01 6.665711588526358478e-01 9.671495592946519615e-01 0.000000000000000000e+00
7.165718463541802308e+00 1.730215732835839626e+00 6.709448795834870143e-06 1.000000000000000000e+00 -2.452355045279097247e-06 1.669895980304349567e-05 5.985606242440297819e-01 8.294732646174209911e-01 6.824298329240482408e-01 9.789419648230573978e-01 0.000000000000000000e+00
7.171694029531142434e+00 1.728774090422655174e+00 6.252498257295983581e-06 1.000000000000000000e+00 -3.442294514115187440e-06 1.725491486759639462e-05 4.441376443184168465e-01 8.376280725801203975e-01 6.873028180147443544e-01 9.898148064431746551e-01 0.000000000000000000e+00
7.177674578606138667e+00 1.727333649208146804e+00 4.597548156821578137e-06 1.000000000000000000e+00 -5.231030882673751586e-06 1.615404774038979843e-05 1.759745675393844522e-01 8.608921867119996296e-01 7.106913416753526391e-01 1.015023928152011479e+00 0.000000000000000000e+00
7.183660114922237661e+00 1.725894408191456675e+00 5.880961367374627945e-08 1.000000000000000000e+00 -1.216164108542082250e-05 1.279394937142760687e-05 2.846250498578228871e-05 8.851803317158671858e-01 7.369011727273185874e-01 1.039967667831144027e+00 0.000000000000000000e+00
7.189650642638349964e+00 1.724456366372562499e+00 -3.771496963303736603e-06 -1.000000000000000000e+00 -1.500890807944859857e-05 7.841634948034317278e-06 1.486300422763804363e-01 8.823101265209715161e-01 7.320605537582229871e-01 1.042158041262352564e+00 0.000000000000000000e+00
7.195646165916856241e+00 1.723019522752273547e+00 -9.806792568747491331e-06 -1.000000000000000000e+00 -1.516359328303433390e-05 3.517026716224598714e-06 5.291271716892396171e-01 8.890932449739198384e-01 7.326109213552954857e-01 1.049369553555648649e+00 0.000000000000000000e+00
7.201646688923606376e+00 1.721583876332232421e+00 -1.201075738237190849e-05 -1.000000000000000000e+00 0.000000000000000000e+00 0.000000000000000000e+00 0.000000000000000000e+00 9.184203526466693246e-01 0.000000000000000000e+00 0.000000000000000000e+00 1.000000000000000000e+00
7.207652215827925701e+00 1.720149426114913060e+00 -1.383018027508460745e-05 -1.000000000000000000e+00 -2.031277841525732595e-05 -1.928946246857007302e-06 1.515139204896122749e+00 9.461794513511350146e-01 8.190266868408279111e-01 1.129596679768721357e+00 0.000000000000000000e+00
7.213662750802614987e+00 1.718716171103621404e+00 -1.276097660594257745e-05 -1.000000000000000000e+00 -3.721310329193348930e-05 -1.643572611010981453e-06 1.448597381855009303e+00 9.435638529424478227e-01 8.107581546834611297e-01 1.130076612805674507e+00 0.000000000000000000e+00
7.219678298023954888e+00 1.717284110302493172e+00 -4.285316034067991299e-05 -1.000000000000000000e+00 -3.344486818233020757e-04 -1.161962771915838919e-06 1.451749987994638502e+00 9.525779400036824551e-01 7.963555231606723739e-01 1.136535692800477726e+00 0.000000000000000000e+00
7.225698861671710382e+00 1.715853242716494531e+00 -1.657953045516886986e-05 -1.000000000000000000e+00 0.000000000000000000e+00 0.000000000000000000e+00 0.000000000000000000e+00 9.238466459379242046e-01 0.000000000000000000e+00 0.000000000000000000e+00 1.000000000000000000e+00
7.231724445929129885e+00 1.714423567351419875e+00 -1.541647044388772965e-05 -1.000000000000000000e+00 0.000000000000000000e+00 0.000000000000000000e+00 0.000000000000000000e+00 8.944941181416030673e-01 0.000000000000000000e+00 0.000000000000000000e+00 1.000000000000000000e+00
7.237755054982951464e+00 1.712995083213891823e+00 -2.069188171244866381e-05 -1.000000000000000000e+00 0.000000000000000000e+00 0.000000000000000000e+00 0.000000000000000000e+00 9.101773956826031409e-01 0.000000000000000000e+00 0.000000000000000000e+00 1.000000000000000000e+00
7.243790693023404614e+00 1.711567789311361887e+00 -7.399835210991844391e-05 -1.000000000000000000e+00 0.000000000000000000e+00 0.000000000000000000e+00 0.000000000000000000e+00 9.156768042156202547e-01 0.000000000000000000e+00 0.000000000000000000e+00 1.000000000000000000e+00
7.249831364244212040e+00 1.710141684652107807e+00 -2.385806866953810417e-04 -1.000000000000000000e+00 0.000000000000000000e+00 0.000000000000000000e+00 0.000000000000000000e+00 9.452106708200970209e-01 0.000000000000000000e+00 0.000000000000000000e+00 1.000000000000000000e+00
7.255877072842594977e+00 1.708716768245233997e+00 -2.611895366659339537e-03 -1.000000000000000000e+00 0.000000000000000000e+00 0.000000000000000000e+00 0.000000000000000000e+00 9.869582590953521750e-01 0.000000000000000000e+00 0.000000000000000000e+00 1.000000000000000000e+00
7.261927823019274086e+00 1.707293039100669763e+00 -3.420714364304829405e-03 -1.000000000000000000e+00 0.000000000000000000e+00 0.000000000000000000e+00 0.000000000000000000e+00 1.179448612548723574e+00 0.000000000000000000e+00 0.000000000000000000e+00 1.000000000000000000e+00
7.267983618978473004e+00 1.705870496229170197e+00 -7.799500990180925977e-03 -1.000000000000000000e+00 0.000000000000000000e+00 0.000000000000000000e+00 0.000000000000000000e+00 1.327517818122601501e+00 0.000000000000000000e+00 0.000000000000000000e+00 1.000000000000000000e+00
7.274044464927921894e+00 1.704449138642313732e+00 -2.105592529311814311e-03 -1.000000000000000000e+00 -3.508299890328736830e-03 -6.535629696289052722e-04 7.048612588329802975e+00 1.138099568243250870e+00 8.964813811323608661e-01 1.345612419756011757e+00 0.000000000000000000e+00
7.280110365078859225e+00 1.703028965352503699e+00 -1.553874851592138180e-03 -1.000000000000000000e+00 0.000000000000000000e+00 0.000000000000000000e+00 0.000000000000000000e+00 1.080119400949000497e+00 0.000000000000000000e+00 0.000000000000000000e+00 1.000000000000000000e+00
7.286181323646034436e+00 1.701609975372965211e+00 -1.413650817042840088e-03 -1.000000000000000000e+00 0.000000000000000000e+00 0.000000000000000000e+00 0.000000000000000000e+00 1.000375769553480509e+00 0.000000000000000000e+00 0.000000000000000000e+00 1.000000000000000000e+00
7.292257344847713263e+00 1.700192167717745617e+00 -3.949882076600829973e-05 -1.000000000000000000e+00 0.000000000000000000e+00 0.000000000000000000e+00 0.000000000000000000e+00 8.811359158871197028e-01 0.000000000000000000e+00 0.000000000000000000e+00 1.000000000000000000e+00
7.298338432905678630e+00 1.698775541401714717e+00 -1.526154793699737171e-05 -1.000000000000000000e+00 0.000000000000000000e+00 0.000000000000000000e+00 0.000000000000000000e+00 8.164781378055981920e-01 0.000000000000000000e+00 0.000000000000000000e+00 1.000000000000000000e+00
7.304424592045234199e+00 1.697360095440562322e+00 -2.484938183016186799e-05 -1.000000000000000000e+00 0.000000000000000000e+00 0.000000000000000000e+00 0.000000000000000000e+00 8.253732719606199364e-01 0.000000000000000000e+00 0.000000000000000000e+00 1.000000000000000000e+00
7.310515826495206149e+00 1.695945828850798032e+00 -8.290661524359959212e-05 -1.000000000000000000e+00 0.000000000000000000e+00 0.000000000000000000e+00 0.000000000000000000e+00 7.863098438350391017e-01 0.000000000000000000e+00 0.000000000000000000e+00 1.000000000000000000e+00
7.316612140487947613e+00 1.694532740649751679e+00 1.032033386340289145e-06 1.000000000000000000e+00 -1.233097410505632913e-05 1.165021646242131129e-05 1.705478231252754995e-02 7.301373561265701584e-01 5.560677928112888191e-01 9.096232131852686198e-01 0.000000000000000000e+00
7.322713538259342236e+00 1.693120829855571774e+00 9.419925142403805327e-07 1.000000000000000000e+00 -1.212484454387113257e-05 1.010309255130153067e-05 1.870214859385299633e-02 7.078200980843650791e-01 5.306278604787223463e-01 8.959143916238256899e-01 0.000000000000000000e+00
7.328820024048804171e+00 1.691710095487224841e+00 -5.484579076432625344e-05 -1.000000000000000000e+00 0.000000000000000000e+00 0.000000000000000000e+00 0.000000000000000000e+00 6.443057859429414114e-01 0.000000000000000000e+00 0.000000000000000000e+00 1.000000000000000000e+00
7.334931602099284298e+00 1.690300536564494527e+00 -2.657714173411860242e-05 -1.000000000000000000e+00 0.000000000000000000e+00 0.000000000000000000e+00 0.000000000000000000e+00 6.701776732982160922e-01 0.000000000000000000e+00 0.000000000000000000e+00 1.000000000000000000e+00
7.341048276657271110e+00 1.688892152107981603e+00 -1.115788004134475962e-05 -1.000000000000000000e+00 0.000000000000000000e+00 0.000000000000000000e+00 0.000000000000000000e+00 6.117925747664176850e-01 0.000000000000000000e+00 0.000000000000000000e+00 1.000000000000000000e+00
7.347170051972794269e+00 1.687484941139102412e+00 -7.010925320078739004e-04 -1.000000000000000000e+00 0.000000000000000000e+00 0.000000000000000000e+00 0.000000000000000000e+00 7.944326748963747020e-01 0.000000000000000000e+00 0.000000000000000000e+00 1.000000000000000000e+00
7.353296932299427269e+00 1.686078902680089531e+00 -2.281761077226187109e-02 -1.000000000000000000e+00 0.000000000000000000e+00 0.000000000000000000e+00 0.000000000000000000e+00 1.120107535715338054e+00 0.000000000000000000e+00 0.000000000000000000e+00 1.000000000000000000e+00
7.359428921894291875e+00 1.684674035753989330e+00 -4.821534705023679777e-03 -1.000000000000000000e+00 0.000000000000000000e+00 0.000000000000000000e+00 0.000000000000000000e+00 7.724612907045494969e-01 0.000000000000000000e+00 0.000000000000000000e+00 1.000000000000000000e+00
7.365566025018059015e+00 1.683270339384662417e+00 -2.912840753594274639e-05 -1.000000000000000000e+00 -7.790309033641325221e-05 -6.163203537384315939e-06 2.608541153332097906e+00 6.075266250862670914e-01 4.269455261674353630e-01 8.404452476856010268e-01 0.000000000000000000e+00
7.371708245934952330e+00 1.681867812596783196e+00 -2.731876620080024991e-05 -1.000000000000000000e+00 0.000000000000000000e+00 0.000000000000000000e+00 0.000000000000000000e+00 6.508951480379245869e-01 0.000000000000000000e+00 0.000000000000000000e+00 1.000000000000000000e+00
7.377855588912752616e+00 1.680466454415837863e+00 -3.282555694812395162e-04 -1.000000000000000000e+00 0.000000000000000000e+00 0.000000000000000000e+00 0.000000000000000000e+00 7.091182919581592303e-01 0.000000000000000000e+00 0.000000000000000000e+00 1.000000000000000000e+00
7.384008058222798709e+00 1.679066263868125519e+00 -3.964633160533406189e-04 -1.000000000000000000e+00 0.000000000000000000e+00 0.000000000000000000e+00 0.000000000000000000e+00 6.550420994198703495e-01 0.000000000000000000e+00 0.000000000000000000e+00 1.000000000000000000e+00
7.390165658139991045e+00 1.677667239980756175e+00 -2.465708395631483786e-04 -1.000000000000000000e+00 0.000000000000000000e+00 0.000000000000000000e+00 0.000000000000000000e+00 7.137782419067597584e-01 0.000000000000000000e+00 0.000000000000000000e+00 1.000000000000000000e+00
7.396328392942796093e+00 1.676269381781650081e+00 -1.170425792285035215e-04 -1.000000000000000000e+00 0.000000000000000000e+00 0.000000000000000000e+00 0.000000000000000000e+00 6.900521961703340867e-01 0.000000000000000000e+00 0.000000000000000000e+00 1.000000000000000000e+00
7.402496266913247247e+00 1.674872688299538392e+00 -1.966763191511839218e-03 -1.000000000000000000e+00 0.000000000000000000e+00 0.000000000000000000e+00 0.000000000000000000e+00 5.861495271335137591e-01 0.000000000000000000e+00 0.000000000000000000e+00 1.000000000000000000e+00
7.408669284336948380e+00 1.673477158563960288e+00 -3.563245693793795404e-05 -1.000000000000000000e+00 0.000000000000000000e+00 0.000000000000000000e+00 0.000000000000000000e+00 5.651868857583355332e-01 0.000000000000000000e+00 0.000000000000000000e+00 1.000000000000000000e+00
7.414847449503079169e+00 1.672082791605264962e+00 -2.194310445798571129e-05 -1.000000000000000000e+00 0.000000000000000000e+00 0.000000000000000000e+00 0.000000000000000000e+00 3.531499553682704851e-01 0.000000000000000000e+00 0.000000000000000000e+00 1.000000000000000000e+00
7.421030766704393322e+00 1.670689586454608300e+00 -1.681145373651446472e-05 -1.000000000000000000e+00 0.000000000000000000e+00 0.000000000000000000e+00 0.000000000000000000e+00 4.408162694734580889e-01 0.000000000000000000e+00 0.000000000000000000e+00 1.000000000000000000e+00
7.427219240237226572e+00 1.669297542143953983e+00 -1.428799089409835031e-05 -1.000000000000000000e+00 0.000000000000000000e+00 0.000000000000000000e+00 0.000000000000000000e+00 2.797931228639398138e-01 0.000000000000000000e+00 0.000000000000000000e+00 1.000000000000000000e+00
7.433412874401496673e+00 1.667906657706072160e+00 4.861234456761848311e-06 1.000000000000000000e+00 0.000000000000000000e+00 0.000000000000000000e+00 0.000000000000000000e+00 2.207551295853627817e-05 0.000000000000000000e+00 0.000000000000000000e+00 1.000000000000000000e+00
7.439611673500706956e+00 1.666516932174539223e+00 5.243910049262715126e-06 1.000000000000000000e+00 0.000000000000000000e+00 0.000000000000000000e+00 0.000000000000000000e+00 2.325421886053134659e-05 0.000000000000000000e+00 0.000000000000000000e+00 1.000000000000000000e+00
7.445815641841948995e+00 1.665128364583736253e+00 5.116092379824340526e-06 1.000000000000000000e+00 0.000000000000000000e+00 0.000000000000000000e+00 0.000000000000000000e+00 1.657172449414666910e-08 0.000000000000000000e+00 0.000000000000000000e+00 1.000000000000000000e+00
7.452024783735907043e+00 1.663740953968849468e+00 4.808828049176994329e-06 1.000000000000000000e+00 0.000000000000000000e+00 0.000000000000000000e+00 0.000000000000000000e+00 3.287080531721905388e-05 0.000000000000000000e+00 0.000000000000000000e+00 1.000000000000000000e+00
7.458239103496859812e+00 1.662354699365868660e+00 -4.353464797806461768e-06 -1.000000000000000000e+00 0.000000000000000000e+00 0.000000000000000000e+00 0.000000000000000000e+00 8.710754374175014346e-07 0.000000000000000000e+00 0.000000000000000000e+00 1.000000000000000000e+00
7.464458605442683137e+00 1.660969599811586539e+00 8.780283465010061138e-06 1.000000000000000000e+00 0.000000000000000000e+00 0.000000000000000000e+00 0.000000000000000000e+00 1.058749744694851354e-07 0.000000000000000000e+00 0.000000000000000000e+00 1.000000000000000000e+00
7.470683293894854415e+00 1.659585654343599170e+00 1.076165696941667742e-05 1.000000000000000000e+00 0.000000000000000000e+00 1.982971644345957773e-05 3.402374516350619160e-01 2.261122031000214940e-04 0.000000000000000000e+00 8.745653867071237486e-02 0.000000000000000000e+00
7.476913173178454386e+00 1.658202862000304201e+00 1.143939562601489266e-05 1.000000000000000000e+00 0.000000000000000000e+00 0.000000000000000000e+00 0.000000000000000000e+00 1.851898375781678092e-13 0.000000000000000000e+00 0.000000000000000000e+00 1.000000000000000000e+00
7.483148247622170679e+00 1.656821221820899526e+00 1.185633255079921625e-05 1.000000000000000000e+00 0.000000000000000000e+00 0.000000000000000000e+00 0.000000000000000000e+00 3.978847634659682712e-13 0.000000000000000000e+00 0.000000000000000000e+00 1.000000000000000000e+00
7.489388521558299594e+00 1.655440732845385288e+00 1.135130595736861219e-05 1.000000000000000000e+00 0.000000000000000000e+00 0.000000000000000000e+00 0.000000000000000000e+00 1.254683450757905391e-08 0.000000000000000000e+00 0.000000000000000000e+00 1.000000000000000000e+00
7.495633999322752317e+00 1.654061394114560324e+00 1.142512328108370735e-05 1.000000000000000000e+00 0.000000000000000000e+00 0.000000000000000000e+00 0.000000000000000000e+00 9.649281666967117254e-11 0.000000000000000000e+00 0.000000000000000000e+00 1.000000000000000000e+00
7.501884685255054031e+00 1.652683204670022832e+00 1.210706380433173799e-05 1.000000000000000000e+00 0.000000000000000000e+00 0.000000000000000000e+00 0.000000000000000000e+00 1.765149031751644893e-08 0.000000000000000000e+00 0.000000000000000000e+00 1.000000000000000000e+00
7.508140583698349246e+00 1.651306163554170148e+00 1.120751750308536178e-05 1.000000000000000000e+00 0.000000000000000000e+00 0.000000000000000000e+00 0.000000000000000000e+00 1.785516621572026943e-12 0.000000000000000000e+00 0.000000000000000000e+00 1.000000000000000000e+00
7.514401698999403578e+00 1.649930269810196748e+00 3.949205269894165012e-06 1.000000000000000000e+00 0.000000000000000000e+00 0.000000000000000000e+00 0.000000000000000000e+00 8.303532671631841503e-06 0.000000000000000000e+00 0.000000000000000000e+00 1.000000000000000000e+00
7.520668035508609073e+00 1.648555522482095359e+00 -4.045261987909323440e-03 -1.000000000000000000e+00 0.000000000000000000e+00 0.000000000000000000e+00 0.000000000000000000e+00 4.639712563588911654e-02 0.000000000000000000e+00 0.000000000000000000e+00 1.000000000000000000e+00
7.526939597579984209e+00 1.647181920614653627e+00 -9.433213498658266343e-04 -1.000000000000000000e+00 0.000000000000000000e+00 0.000000000000000000e+00 0.000000000000000000e+00 6.544499267979444003e-10 0.000000000000000000e+00 0.000000000000000000e+00 1.000000000000000000e+00
7.533216389571179228e+00 1.645809463253457006e+00 -3.021625795821582250e-03 -1.000000000000000000e+00 0.000000000000000000e+00 0.000000000000000000e+00 0.000000000000000000e+00 1.423136194753169608e-06 0.000000000000000000e+00 0.000000000000000000e+00 1.000000000000000000e+00
7.539498415843477019e+00 1.644438149444884756e+00 -3.723860034165379571e-03 -1.000000000000000000e+00 0.000000000000000000e+00 0.000000000000000000e+00 0.000000000000000000e+00 7.781730215655898678e-06 0.000000000000000000e+00 0.000000000000000000e+00 1.000000000000000000e+00
7.545785680761798453e+00 1.643067978236111282e+00 -3.766634743745831890e-03 -1.000000000000000000e+00 0.000000000000000000e+00 0.000000000000000000e+00 0.000000000000000000e+00 6.094305825407130295e-07 0.000000000000000000e+00 0.000000000000000000e+00 1.000000000000000000e+00
7.552078188694705041e+00 1.641698948675104575e+00 -3.370414539005784846e-03 -1.000000000000000000e+00 0.000000000000000000e+00 0.000000000000000000e+00 0.000000000000000000e+00 2.535443081566786383e-07 0.000000000000000000e+00 0.000000000000000000e+00 1.000000000000000000e+00
7.558375944014398939e+00 1.640331059810627101e+00 -3.539731454027174318e-03 -1.000000000000000000e+00 0.000000000000000000e+00 0.000000000000000000e+00 0.000000000000000000e+00 1.094407719154524857e-06 0.000000000000000000e+00 0.000000000000000000e+00 1.000000000000000000e+00
7.564678951096730941e+00 1.638964310692231585e+00 -6.046098409399684043e-03 -1.000000000000000000e+00 0.000000000000000000e+00 0.000000000000000000e+00 0.000000000000000000e+00 6.220727592918086344e-08 0.000000000000000000e+00 0.000000000000000000e+00 1.000000000000000000e+00
7.570987214321198699e+00 1.637598700370265004e+00 -6.550335460487988030e-03 -1.000000000000000000e+00 0.000000000000000000e+00 0.000000000000000000e+00 0.000000000000000000e+00 3.263686677504970173e-14 0.000000000000000000e+00 0.000000000000000000e+00 1.000000000000000000e+00
7.577300738070952946e+00 1.636234227895864146e+00 -2.673144914822135620e-02 -1.000000000000000000e+00 0.000000000000000000e+00 0.000000000000000000e+00 0.000000000000000000e+00 1.772954726599642039e-01 0.000000000000000000e+00 0.000000000000000000e+00 1.000000000000000000e+00
7.583619526732800153e+00 1.634870892320956948e+00 -1.026710708579601894e+00 -1.000000000000000000e+00 0.000000000000000000e+00 0.000000000000000000e+00 0.000000000000000000e+00 1.066306594815717013e+01 0.000000000000000000e+00 0.000000000000000000e+00 1.000000000000000000e+00
7.589943584697204315e+00 1.633508692698261822e+00 -3.533319952035037237e-01 -1.000000000000000000e+00 0.000000000000000000e+00 0.000000000000000000e+00 0.000000000000000000e+00 3.955317668668709263e+00 0.000000000000000000e+00 0.000000000000000000e+00 1.000000000000000000e+00
7.596272916358290495e+00 1.632147628081284996e+00 -1.352107869265625761e-01 -1.000000000000000000e+00 4.257248401141875416e-01 0.000000000000000000e+00 3.644287015941890928e+01 1.247444212203395519e+00 5.132474442122033906e+02 0.000000000000000000e+00 0.000000000000000000e+00
7.602607526113848380e+00 1.630787697524322288e+00 -1.358784171192073675e-01 -1.000000000000000000e+00 0.000000000000000000e+00 0.000000000000000000e+00 0.000000000000000000e+00 1.684334087027922200e+00 0.000000000000000000e+00 0.000000000000000000e+00 1.000000000000000000e+00
7.608947418365335835e+00 1.629428900082457776e+00 -1.620759904835310239e-01 -1.000000000000000000e+00 0.000000000000000000e+00 0.000000000000000000e+00 0.000000000000000000e+00 1.988464726018516204e+00 0.000000000000000000e+00 0.000000000000000000e+00 1.000000000000000000e+00
7.615292597517878903e+00 1.628071234811562906e+00 -2.645337957028814913e-02 -1.000000000000000000e+00 0.000000000000000000e+00 0.000000000000000000e+00 0.000000000000000000e+00 8.983041686571103801e-01 0.000000000000000000e+00 0.000000000000000000e+00 1.000000000000000000e+00
7.621643067980279795e+00 1.626714700768294497e+00 -3.595137729824430806e-01 -1.000000000000000000e+00 0.000000000000000000e+00 0.000000000000000000e+00 0.000000000000000000e+00 3.657965566656229406e+00 0.000000000000000000e+00 0.000000000000000000e+00 1.000000000000000000e+00
7.627998834165015118e+00 1.625359297010096737e+00 -1.059836349802949496e+00 -1.000000000000000000e+00 -2.065572644040289951e-01 0.000000000000000000e+00 3.558258575646309509e+02 6.416499409785247465e+00 5.184164994097852741e+02 0.000000000000000000e+00 0.000000000000000000e+00
7.634359900488242090e+00 1.624005022595198744e+00 -1.709048353665004072e+00 -1.000000000000000000e+00 -2.055350098690791327e-01 0.000000000000000000e+00 5.659378467145972991e+02 9.463646406030484570e+00 5.214636464060305343e+02 0.000000000000000000e+00 0.000000000000000000e+00
7.640726271369800315e+00 1.622651876582614117e+00 -2.573194175331662503e+00 -1.000000000000000000e+00 -8.465054451591691453e-01 0.000000000000000000e+00 7.859431964563394786e+02 1.275211356970191012e+01 5.247521135697019190e+02 0.000000000000000000e+00 0.000000000000000000e+00
7.647097951233216229e+00 1.621299858032140939e+00 -9.677817355507932007e+01 -1.000000000000000000e+00 0.000000000000000000e+00 -8.586648010669634346e+01 5.051437569556472590e+04 6.927475616241763419e+02 0.000000000000000000e+00 9.442410552263615955e+02 0.000000000000000000e+00
7.653474944505703093e+00 1.619948966004359558e+00 -9.767994100086342257e+01 -1.000000000000000000e+00 0.000000000000000000e+00 -9.052689837193472044e+01 5.350068898648488539e+04 7.428974332156099081e+02 0.000000000000000000e+00 7.860118657251213108e+02 0.000000000000000000e+00
7.659857255618167216e+00 1.618599199560634805e+00 -9.809048109255269310e+01 -1.000000000000000000e+00 0.000000000000000000e+00 -9.783932022016216479e+01 5.231482041357480193e+04 7.265197313737471632e+02 0.000000000000000000e+00 9.032403876625430712e+02 0.000000000000000000e+00
7.666244889005210617e+00 1.617250557763112662e+00 -9.841273129254857110e+01 -1.000000000000000000e+00 0.000000000000000000e+00 -9.773491057899131818e+01 5.566833552928773133e+04 7.824863453704112999e+02 0.000000000000000000e+00 9.494932560114541502e+02 0.000000000000000000e+00
7.672637849105131913e+00 1.615903039674720043e+00 -2.731526850080953750e+00 -1.000000000000000000e+00 0.000000000000000000e+00 0.000000000000000000e+00 0.000000000000000000e+00 2.912899876330551407e+01 0.000000000000000000e+00 0.000000000000000000e+00 1.000000000000000000e+00
7.679036140359931650e+00 1.614556644359165460e+00 -1.893020053097367594e-01 -1.000000000000000000e+00 0.000000000000000000e+00 0.000000000000000000e+00 0.000000000000000000e+00 3.016404587785365798e+00 0.000000000000000000e+00 0.000000000000000000e+00 1.000000000000000000e+00
7.685439767215314077e+00 1.613211370880937023e+00 -9.526888413580962833e+01 -1.000000000000000000e+00 0.000000000000000000e+00 -3.248561786000649931e+00 4.424376614808974409e+04 6.436203730238364642e+02 0.000000000000000000e+00 7.099236913304659993e+02 0.000000000000000000e+00
7.691848734120691589e+00 1.611867218305303329e+00 -9.923601275167774816e+01 -1.000000000000000000e+00 0.000000000000000000e+00 -9.550323394397183563e+01 6.384250235932628857e+04 9.181548537352007315e+02 0.000000000000000000e+00 9.271763614291407976e+02 0.000000000000000000e+00
7.698263045529186499e+00 1.610524185698310351e+00 -3.635858179429917847e+00 -1.000000000000000000e+00 0.000000000000000000e+00 0.000000000000000000e+00 0.000000000000000000e+00 3.726666566259313385e+01 0.000000000000000000e+00 0.000000000000000000e+00 1.000000000000000000e+00
7.704682705897634598e+00 1.609182272126782998e+00 -9.912334947866848722e+01 -1.000000000000000000e+00 0.000000000000000000e+00 -9.912241720453971539e+01 4.163752521556396823e+04 6.074424182353341166e+02 0.000000000000000000e+00 9.943023635864929020e+02 0.000000000000000000e+00
7.711107719686588702e+00 1.607841476658323998e+00 -9.935599800086978917e+01 -1.000000000000000000e+00 0.000000000000000000e+00 -9.904284037019866105e+01 5.616376541457440908e+04 8.364539045483167001e+02 0.000000000000000000e+00 9.214500053040784451e+02 0.000000000000000000e+00
7.717538091360320429e+00 1.606501798361312572e+00 -9.935557208805700213e+01 -1.000000000000000000e+00 0.000000000000000000e+00 -9.926899716282929376e+01 5.169154021795457083e+04 7.799153660533180528e+02 0.000000000000000000e+00 8.885806857797224438e+02 0.000000000000000000e+00
7.723973825386825531e+00 1.605163236304904206e+00 -9.932473163843187081e+01 -1.000000000000000000e+00 0.000000000000000000e+00 -9.891221245983821575e+01 4.671720060448556615e+04 6.982934431935285602e+02 0.000000000000000000e+00 7.484166959519815236e+02 0.000000000000000000e+00
7.730414926237823892e+00 1.603825789559029547e+00 -9.922160791913373146e+01 -1.000000000000000000e+00 0.000000000000000000e+00 -9.259869986853134094e+01 3.731581401694258238e+04 5.709486960767339951e+02 0.000000000000000000e+00 1.002698700457624909e+03 0.000000000000000000e+00
7.736861398388765743e+00 1.602489457194395728e+00 -9.927551129125731677e+01 -1.000000000000000000e+00 0.000000000000000000e+00 -6.205955081042645816e+00 3.767188597399876016e+04 5.707546661872457889e+02 0.000000000000000000e+00 8.408682054864016209e+02 0.000000000000000000e+00
7.743313246318833443e+00 1.601154238282482378e+00 -9.936330779750572617e+01 -1.000000000000000000e+00 0.000000000000000000e+00 -9.786565681962558472e+01 3.814671602039249410e+04 5.909917270370432334e+02 0.000000000000000000e+00 1.034816881656623764e+03 0.000000000000000000e+00
7.749770474510944140e+00 1.599820131895543396e+00 -9.920147213878580317e+01 -1.000000000000000000e+00 -6.317160001343268050e+00 0.000000000000000000e+00 4.072867689648085798e+04 6.246693403864417178e+02 8.806693403864417178e+02 0.000000000000000000e+00 0.000000000000000000e+00
7.756233087451753327e+00 1.598487137106606282e+00 -9.936147583795805360e+01 -1.000000000000000000e+00 0.000000000000000000e+00 9.738523248591711479e+01 4.102678426713954104e+04 6.438063580521047697e+02 0.000000000000000000e+00 7.724080341472837290e+02 0.000000000000000000e+00
7.762701089631657503e+00 1.597155252989470364e+00 -9.916569613372088554e+01 -1.000000000000000000e+00 0.000000000000000000e+00 -9.682494006337120140e+01 4.468194136004491156e+04 6.940952897161013198e+02 0.000000000000000000e+00 7.912109086404884692e+02 0.000000000000000000e+00
7.769174485544799502e+00 1.595824478618706577e+00 -9.933906714811539018e+01 -1.000000000000000000e+00 0.000000000000000000e+00 -9.793266634489883415e+01 5.832534700665707351e+04 9.262230462095825487e+02 0.000000000000000000e+00 9.489949705705241740e+02 0.000000000000000000e+00
7.775653279689067610e+00 1.594494813069657235e+00 -9.935087797974820489e+01 -1.000000000000000000e+00 0.000000000000000000e+00 -9.835917554895853243e+01 4.538268874432529265e+04 7.310548156933747350e+02 0.000000000000000000e+00 9.764425520047291229e+02 0.000000000000000000e+00
7.782137476566102663e+00 1.593166255418435151e+00 -9.934574822753148737e+01 -1.000000000000000000e+00 0.000000000000000000e+00 8.073051200528138338e+01 4.933339120227727835e+04 7.944322848808318440e+02 0.000000000000000000e+00 8.325517331569978978e+02 0.000000000000000000e+00
7.788627080681298942e+00 1.591838804741922297e+00 -9.877710410980061795e+01 -1.000000000000000000e+00 0.000000000000000000e+00 -9.838864128540740239e+01 4.645693383504254598e+04 7.583921526350076192e+02 0.000000000000000000e+00 8.892847679998765216e+02 0.000000000000000000e+00
7.795122096543806833e+00 1.590512460117771143e+00 -9.887033373105688838e+01 -1.000000000000000000e+00 0.000000000000000000e+00 -9.800121467917405482e+01 1.332248956665418154e+04 2.194266474420354314e+02 0.000000000000000000e+00 3.143195780131786137e+02 0.000000000000000000e+00
7.801622528666539047e+00 1.589187220624400876e+00 -1.043893053850709407e+00 -1.000000000000000000e+00 0.000000000000000000e+00 0.000000000000000000e+00 0.000000000000000000e+00 1.154511520945994185e+01 0.000000000000000000e+00 0.000000000000000000e+00 1.000000000000000000e+00
7.808128381566169729e+00 1.587863085341000069e+00 -9.921623268144156782e+01 -1.000000000000000000e+00 0.000000000000000000e+00 -9.640524732642336403e+01 5.363241900982005973e+03 9.090911540694636983e+01 0.000000000000000000e+00 9.473365094384372469e+02 0.000000000000000000e+00
7.814639659763139790e+00 1.586540053347523793e+00 0.000000000000000000e+00 1.000000000000000000e+00 0.000000000000000000e+00 0.000000000000000000e+00 0.000000000000000000e+00 0.000000000000000000e+00 0.000000000000000000e+00 0.000000000000000000e+00 1.000000000000000000e+00
7.821156367781661345e+00 1.585218123724693617e+00 0.000000000000000000e+00 1.000000000000000000e+00 0.000000000000000000e+00 0.000000000000000000e+00 0.000000000000000000e+00 0.000000000000000000e+00 0.000000000000000000e+00 0.000000000000000000e+00 1.000000000000000000e+00
7.827678510149716828e+00 1.583897295553998275e+00 0.000000000000000000e+00 1.000000000000000000e+00 0.000000000000000000e+00 0.000000000000000000e+00 0.000000000000000000e+00 0.000000000000000000e+00 0.000000000000000000e+00 0.000000000000000000e+00 1.000000000000000000e+00
7.834206091399066985e+00 1.582577567917689887e+00 0.000000000000000000e+00 1.000000000000000000e+00 0.000000000000000000e+00 0.000000000000000000e+00 0.000000000000000000e+00 0.000000000000000000e+00 0.000000000000000000e+00 0.000000000000000000e+00 1.000000000000000000e+00
7.840739116065250869e+00 1.581258939898786631e+00 0.000000000000000000e+00 1.000000000000000000e+00 0.000000000000000000e+00 0.000000000000000000e+00 0.000000000000000000e+00 0.000000000000000000e+00 0.000000000000000000e+00 0.000000000000000000e+00 1.000000000000000000e+00
7.847277588687588512e+00 1.579941410581070071e+00 -3.859125200357618052e-02 -1.000000000000000000e+00 0.000000000000000000e+00 -9.768101286979698206e-03 3.932423934870690374e+01 1.169431403089034927e+00 0.000000000000000000e+00 8.961447785055238455e+02 0.000000000000000000e+00
7.853821513809187138e+00 1.578624979049085830e+00 -6.087805606128077196e-02 -1.000000000000000000e+00 0.000000000000000000e+00 0.000000000000000000e+00 0.000000000000000000e+00 1.592523835057961357e+00 0.000000000000000000e+00 0.000000000000000000e+00 1.000000000000000000e+00
7.860370895976941163e+00 1.577309644388141585e+00 0.000000000000000000e+00 1.000000000000000000e+00 0.000000000000000000e+00 0.000000000000000000e+00 0.000000000000000000e+00 0.000000000000000000e+00 0.000000000000000000e+00 0.000000000000000000e+00 1.000000000000000000e+00
7.866925739741537527e+00 1.575995405684307737e+00 0.000000000000000000e+00 1.000000000000000000e+00 0.000000000000000000e+00 0.000000000000000000e+00 0.000000000000000000e+00 0.000000000000000000e+00 0.000000000000000000e+00 0.000000000000000000e+00 1.000000000000000000e+00
7.873486049657457464e+00 1.574682262024415857e+00 0.000000000000000000e+00 1.000000000000000000e+00 0.000000000000000000e+00 0.000000000000000000e+00 0.000000000000000000e+00 0.000000000000000000e+00 0.000000000000000000e+00 0.000000000000000000e+00 1.000000000000000000e+00
7.880051830282980951e+00 1.573370212496058462e+00 0.000000000000000000e+00 1.000000000000000000e+00 0.000000000000000000e+00 0.000000000000000000e+00 0.000000000000000000e+00 0.000000000000000000e+00 0.000000000000000000e+00 0.000000000000000000e+00 1.000000000000000000e+00
7.886623086180188480e+00 1.572059256187587906e+00 0.000000000000000000e+00 1.000000000000000000e+00 0.000000000000000000e+00 0.000000000000000000e+00 0.000000000000000000e+00 0.000000000000000000e+00 0.000000000000000000e+00 0.000000000000000000e+00 1.000000000000000000e+00
7.893199821914964609e+00 1.570749392188117488e+00 0.000000000000000000e+00 1.000000000000000000e+00 0.000000000000000000e+00 0.000000000000000000e+00 0.000000000000000000e+00 0.000000000000000000e+00 0.000000000000000000e+00 0.000000000000000000e+00 1.000000000000000000e+00
7.899782042057002407e+00 1.569440619587517682e+00 0.000000000000000000e+00 1.000000000000000000e+00 0.000000000000000000e+00 0.000000000000000000e+00 0.000000000000000000e+00 0.000000000000000000e+00 0.000000000000000000e+00 0.000000000000000000e+00 1.000000000000000000e+00
7.906369751179806116e+00 1.568132937476418354e+00 0.000000000000000000e+00 1.000000000000000000e+00 0.000000000000000000e+00 0.000000000000000000e+00 0.000000000000000000e+00 0.000000000000000000e+00 0.000000000000000000e+00 0.000000000000000000e+00 1.000000000000000000e+00
7.912962953860692039e+00 1.566826344946206540e+00 0.000000000000000000e+00 1.000000000000000000e+00 0.000000000000000000e+00 0.000000000000000000e+00 0.000000000000000000e+00 0.000000000000000000e+00 0.000000000000000000e+00 0.000000000000000000e+00 1.000000000000000000e+00
7.919561654680794760e+00 1.565520841089027337e+00 0.000000000000000000e+00 1.000000000000000000e+00 0.000000000000000000e+00 0.000000000000000000e+00 0.000000000000000000e+00 0.000000000000000000e+00 0.000000000000000000e+00 0.000000000000000000e+00 1.000000000000000000e+00
7.926165858225068916e+00 1.564216424997781019e+00 0.000000000000000000e+00 1.000000000000000000e+00 0.000000000000000000e+00 0.000000000000000000e+00 0.000000000000000000e+00 0.000000000000000000e+00 0.000000000000000000e+00 0.000000000000000000e+00 1.000000000000000000e+00
7.932775569082291867e+00 1.562913095766124583e+00 0.000000000000000000e+00 1.000000000000000000e+00 0.000000000000000000e+00 0.000000000000000000e+00 0.000000000000000000e+00 0.000000000000000000e+00 0.000000000000000000e+00 0.000000000000000000e+00 1.000000000000000000e+00
7.939390791845069018e+00 1.561610852488469980e+00 0.000000000000000000e+00 1.000000000000000000e+00 0.000000000000000000e+00 0.000000000000000000e+00 0.000000000000000000e+00 0.000000000000000000e+00 0.000000000000000000e+00 0.000000000000000000e+00 1.000000000000000000e+00
7.946011531109834714e+00 1.560309694259983226e+00 0.000000000000000000e+00 1.000000000000000000e+00 0.000000000000000000e+00 0.000000000000000000e+00 0.000000000000000000e+00 0.000000000000000000e+00 0.000000000000000000e+00 0.000000000000000000e+00 1.000000000000000000e+00
7.952637791476856677e+00 1.559009620176584621e+00 0.000000000000000000e+00 1.000000000000000000e+00 0.000000000000000000e+00 0.000000000000000000e+00 0.000000000000000000e+00 0.000000000000000000e+00 0.000000000000000000e+00 0.000000000000000000e+00 1.000000000000000000e+00
7.959269577550237784e+00 1.557710629334948083e+00 0.000000000000000000e+00 1.000000000000000000e+00 0.000000000000000000e+00 0.000000000000000000e+00 0.000000000000000000e+00 0.000000000000000000e+00 0.000000000000000000e+00 0.000000000000000000e+00 1.000000000000000000e+00
7.965906893937922284e+00 1.556412720832499597e+00 0.000000000000000000e+00 1.000000000000000000e+00 0.000000000000000000e+00 0.000000000000000000e+00 0.000000000000000000e+00 0.000000000000000000e+00 0.000000000000000000e+00 0.000000000000000000e+00 1.000000000000000000e+00
7.972549745251694908e+00 1.555115893767417656e+00 0.000000000000000000e+00 1.000000000000000000e+00 0.000000000000000000e+00 0.000000000000000000e+00 0.000000000000000000e+00 0.000000000000000000e+00 0.000000000000000000e+00 0.000000000000000000e+00 1.000000000000000000e+00
7.979198136107187977e+00 1.553820147238631932e+00 0.000000000000000000e+00 1.000000000000000000e+00 0.000000000000000000e+00 0.000000000000000000e+00 0.000000000000000000e+00 0.000000000000000000e+00 0.000000000000000000e+00 0.000000000000000000e+00 1.000000000000000000e+00
7.985852071123881402e+00 1.552525480345822828e+00 0.000000000000000000e+00 1.000000000000000000e+00 0.000000000000000000e+00 0.000000000000000000e+00 0.000000000000000000e+00 0.000000000000000000e+00 0.000000000000000000e+00 0.000000000000000000e+00 1.000000000000000000e+00
7.992511554925108008e+00 1.551231892189421036e+00 0.000000000000000000e+00 1.000000000000000000e+00 0.000000000000000000e+00 0.000000000000000000e+00 0.000000000000000000e+00 0.000000000000000000e+00 0.000000000000000000e+00 0.000000000000000000e+00 1.000000000000000000e+00
7.999176592138056208e+00 1.549939381870606869e+00 0.000000000000000000e+00 1.000000000000000000e+00 0.000000000000000000e+00 0.000000000000000000e+00 0.000000000000000000e+00 0.000000000000000000e+00 0.000000000000000000e+00 0.000000000000000000e+00 1.000000000000000000e+00
